R is about to run

R version 4.4.1 (2024-06-14) -- "Race for Your Life"
Copyright (C) 2024 The R Foundation for Statistical Computing
Platform: x86_64-conda-linux-gnu

R is free software and comes with ABSOLUTELY NO WARRANTY.
You are welcome to redistribute it under certain conditions.
Type 'license()' or 'licence()' for distribution details.

R is a collaborative project with many contributors.
Type 'contributors()' for more information and
'citation()' on how to cite R or R packages in publications.

Type 'demo()' for some demos, 'help()' for on-line help, or
'help.start()' for an HTML browser interface to help.
Type 'q()' to quit R.

> 
> 
> growth_matrix <- matrix(c(0.1, 0.0, 0.0, 0.0,
+ 0.5, 0.4, 0.0, 0.0,
+ 0.0, 0.4, 0.7, 0.0,
+ 0.0, 0.0, 0.25, 0.4),
+ nrow=4, ncol=4, byrow=T)
> 
> reproduction_matrix <- matrix(c(0.0, 0.0, 0.0, 2.6,
+ 0.0, 0.0, 0.0, 0.0,
+ 0.0, 0.0, 0.0, 0.0,
+ 0.0, 0.0, 0.0, 0.0),
+ nrow=4, ncol=4, byrow=T)
> 
> clutch_distribution <- c(0.06,0.08,0.13,0.15,0.16,0.18,0.15,0.06,0.03)
> 
> #=========================================================================================
> rm(list=ls())
> graphics.off()
> source("Demographic.R")
> source("kl2621_HPC_2024_main.R")
[1] 0 0 0 0 3
[1] 3 3 2 2 2
[1] 1 1
 [1] 7 4 4 3 3 3 3 3 2 1 1 1 1 1 1 1 1 1 1 1 1
> 
> 
> ###4 initial conditions
> 
> ############################################################
> 
> 
> 
> #VVVVVVVVVVVV-------------COMMENT ME OUT WHEN RUNNING THE THING
> #iter <- 5
> #VVVVVVVVVVV--------------UNCOMMENT ME OUT
> iter <- as.numeric(Sys.getenv("PBS_ARRAY_INDEX"))
> set.seed(iter)
> 
> 
> if (iter <= 25) {
+ initial_state <- state_initialise_adult(4,100) #100 adults
+ } else if (iter >25 && iter <= 50) {
+ initial_state <- state_initialise_adult(4,10) #10 adults
+ } else if (iter >50 && iter <= 75) {
+ initial_state <- state_initialise_spread(4,100) #100 spread
+ } else {
+ initial_state <- state_initialise_spread(4,10) #10 spread
+ }
> 
> reslist <- list()
> 
> ####100 cluster runs
> ###################################################
> ####150 runs of stochastic_simulation per cluster run
> for (i in 1:150) {
+     #################################
+     ###120 steps of stochastic_simulation per simulation
+     stochasticresult <- stochastic_simulation(initial_state,growth_matrix,reproduction_matrix,clutch_distribution,120)
+     reslist[[i]] <- stochasticresult
+     #################################
+ }
> ###################################################
> 
> print(reslist)
[[1]]
  [1]  10  11  17  10   8  13  15  14  16  20  27  25  25  19  25  28  26  36
 [19]  33  25  29  26  31  28  22  17  14  15  14  11   9   8  15  26  29  23
 [37]  21  23  17  18  23  15  21  18  23  29  35  30  31  32  46  46  49  53
 [55]  58  61  57  55  53  34  29  35  41  48  36  43  52  84  82  77  78 101
 [73] 100  95 111 115 117 136 131 163 144 142 154 130 167 153 174 188 188 211
 [91] 233 256 255 249 230 236 259 232 244 257 264 282 265 290 267 290 305 319
[109] 314 323 358 374 374 397 421 468 474 430 487 498 555

[[2]]
  [1] 10  7  5  6  4  4  2  2  1  1  1  0  0  0  0  0  0  0  0  0  0  0  0  0  0
 [26]  0  0  0  0  0  0  0  0  0  0  0  0  0  0  0  0  0  0  0  0  0  0  0  0  0
 [51]  0  0  0  0  0  0  0  0  0  0  0  0  0  0  0  0  0  0  0  0  0  0  0  0  0
 [76]  0  0  0  0  0  0  0  0  0  0  0  0  0  0  0  0  0  0  0  0  0  0  0  0  0
[101]  0  0  0  0  0  0  0  0  0  0  0  0  0  0  0  0  0  0  0  0  0

[[3]]
  [1]  10  11  12  10  12  11   8   5   5   3   3   3   3   2   2   2   7   6
 [19]   4   3   3   7   9   9   5   4   4   8   7   5   5   5   5   5   5   4
 [37]   9  24  16  12  11  13  14  13  17  14  22  23  19  21  32  35  37  34
 [55]  47  64  62  54  59  61  60  74  68  74  68  60  63  85  78  74  90  78
 [73]  87  90  93 105 100  97 101 108 110  93  93 118 109 131 127 125 135 128
 [91] 129 151 154 174 189 201 224 225 218 229 218 260 257 274 242 251 221 232
[109] 257 269 297 266 234 239 253 296 291 329 336 351 350

[[4]]
  [1]   10   16    7    7   20   14   11    9    7    9    8   14   11    8    8
 [16]    6   11    9    9    9   14   14   18   13   17   21   19   22   21   23
 [31]   21   20   18   29   32   39   47   57   58   49   59   68   71   67   88
 [46]   76   73   82  100  102  117  124  109   99  114  127  145  137  144  156
 [61]  181  222  224  245  230  223  264  242  270  319  338  370  357  385  397
 [76]  444  451  447  505  541  553  554  522  563  565  591  644  688  675  696
 [91]  722  733  762  747  757  775  865  858  885  939  894 1011 1007 1086 1075
[106] 1108 1202 1212 1206 1214 1262 1291 1380 1417 1441 1500 1584 1547 1641 1754
[121] 1812

[[5]]
  [1]   10   14   13   11   16   13   11   17   12   15   18   14   17   15   20
 [16]   23   21   20   17   21   21   27   27   29   33   30   31   23   27   39
 [31]   40   42   34   29   37   41   59   47   48   69   75   68   67   64   63
 [46]   79   80   99  115   91   88  100  121  120  112  123  134  152  163  158
 [61]  178  182  205  195  179  241  260  243  254  221  235  224  229  263  299
 [76]  306  337  390  377  368  414  399  431  441  480  482  527  547  546  584
 [91]  563  637  628  674  654  645  628  727  769  850  943  931  984 1032 1030
[106] 1147 1111 1162 1195 1342 1364 1408 1447 1481 1493 1610 1735 1738 1840 1954
[121] 2031

[[6]]
  [1]   10   14   13   12    7    7    5   13   18   14    9    9    9    7    7
 [16]   14   19   16   12    9   15   10   16   15   14   21   31   17   14   14
 [31]   44   58   47   33   40   37   64   69   70   71   77   91   88  103  108
 [46]  123  109  104  113  138  163  161  158  160  159  169  252  228  232  266
 [61]  272  261  291  310  299  323  316  355  389  400  424  456  499  501  525
 [76]  587  575  611  643  685  659  716  705  706  767  846  872  893  894  899
 [91] 1010 1064 1076 1108 1235 1292 1336 1280 1321 1376 1417 1426 1541 1596 1666
[106] 1637 1722 1781 1866 1924 1986 2087 2130 2178 2390 2473 2535 2636 2650 2747
[121] 2810

[[7]]
  [1] 10  8  6  6  4  4  8  8  6  4  3  3  3  3  3  3  3  2  7  4  4  3  7  6  5
 [26]  2  2  8  3  3  3  9  5  4 10  8 13 11  8 12  8  6 11 15 17 11 10  6  4  4
 [51] 10 16 18 12 11  9 13 20 15 12  9 19 16 13 14 19 17 16 16 12  9 12  8  7  7
 [76] 18 16 18 12 15 10 20 13 10  9  8  6 16 19 13 16 11  8  7  5  4  8  7 12  8
[101]  6  6 17 16 21 14 11 11 18 12  8 16 16 20 17 12 10  9 16 18 12

[[8]]
  [1]   10   10   10   13   12   18   15   15   10   10   16   18   22   17   14
 [16]   18   27   34   31   28   25   37   42   35   38   29   34   67   73   58
 [31]   64   65   67   62   78  103   91   72   77   86   79   70   74   80   68
 [46]   82   84   86   97   85   94   98  107  126  124  108  119  137  117  119
 [61]  145  155  140  139  133  156  180  168  201  219  211  254  247  253  256
 [76]  242  275  278  321  314  303  332  367  329  348  336  382  426  397  403
 [91]  430  414  480  510  523  569  571  567  597  597  648  668  697  755  726
[106]  787  787  933  941  928 1022 1088 1085 1136 1222 1274 1311 1362 1472 1571
[121] 1652

[[9]]
  [1] 10  7  7  6  3  3  3  3  8  7  6  6  4  4  8  6 12 12 11  7  4  7  5  3  2
 [26]  2  1  6  2  0  0  0  0  0  0  0  0  0  0  0  0  0  0  0  0  0  0  0  0  0
 [51]  0  0  0  0  0  0  0  0  0  0  0  0  0  0  0  0  0  0  0  0  0  0  0  0  0
 [76]  0  0  0  0  0  0  0  0  0  0  0  0  0  0  0  0  0  0  0  0  0  0  0  0  0
[101]  0  0  0  0  0  0  0  0  0  0  0  0  0  0  0  0  0  0  0  0  0

[[10]]
  [1]  10   9  11   9   5   5  10   4   7   6   3   3   3   3   5  19  15  12
 [19]   9  12  15  18  26  18  14  13  19  29  26  26  22  22  26  20  24  27
 [37]  22  27  33  29  30  28  25  34  20  26  27  25  23  17  20  16  22  22
 [55]  17  35  28  30  43  46  29  28  30  44  39  50  58  43  67  48  61  47
 [73]  54  43  47  41  56  64  58  47  66  70  87  83  84  83  97  99  94  99
 [91]  96 135 129 139 147 172 164 195 218 242 216 206 202 237 242 270 248 256
[109] 283 297 297 304 337 357 375 420 393 391 442 466 458

[[11]]
  [1] 10  6  5  4  4  6  9  4  4  4  3  3  1  1  1  2  2  1  1  1  1  1  0  0  0
 [26]  0  0  0  0  0  0  0  0  0  0  0  0  0  0  0  0  0  0  0  0  0  0  0  0  0
 [51]  0  0  0  0  0  0  0  0  0  0  0  0  0  0  0  0  0  0  0  0  0  0  0  0  0
 [76]  0  0  0  0  0  0  0  0  0  0  0  0  0  0  0  0  0  0  0  0  0  0  0  0  0
[101]  0  0  0  0  0  0  0  0  0  0  0  0  0  0  0  0  0  0  0  0  0

[[12]]
  [1]  10  23  22  20  16  12   9   8   6   3   7   4   4   5   2   2   2   1
 [19]   1   1   1   1   7   3   3   3   8  11   9   8   5  17  14  16  17  12
 [37]  10  16  13  12  20  28  23  18  14  16  17  15  13  16  10   8   8  11
 [55]   8   9  21  24  21  25  27  18  33  28  35  28  26  33  39  48  55  61
 [73]  57  54  45  68  75  65  62  64  66  63  78  72  68  73  73  89 104 104
 [91] 110 100 109 120 152 153 145 124 157 145 174 165 165 206 220 222 245 250
[109] 294 278 311 306 307 319 358 357 314 320 321 303 356

[[13]]
  [1]  10  16  27  25  16  15  19  23  31  31  22  22  23  18  20  21  18  21
 [19]  27  20  16  13  18  19  13  13  16  17  14  12   9   9  26  33  22  22
 [37]  19  20  23  38  41  28  22  35  48  34  31  40  40  42  50  62  53  57
 [55]  75  67  68  58  81  72  68  66  60  78  83  83  72  65  75  95  70  85
 [73]  85  94 118 113 116 140 148 125 152 161 184 176 165 160 177 207 215 214
 [91] 185 200 241 247 240 230 269 253 289 293 300 294 297 327 333 353 411 370
[109] 372 340 395 424 459 459 504 479 504 513 552 588 629

[[14]]
  [1] 10  3  3  3 10  9  7  5  4  2  1  1  0  0  0  0  0  0  0  0  0  0  0  0  0
 [26]  0  0  0  0  0  0  0  0  0  0  0  0  0  0  0  0  0  0  0  0  0  0  0  0  0
 [51]  0  0  0  0  0  0  0  0  0  0  0  0  0  0  0  0  0  0  0  0  0  0  0  0  0
 [76]  0  0  0  0  0  0  0  0  0  0  0  0  0  0  0  0  0  0  0  0  0  0  0  0  0
[101]  0  0  0  0  0  0  0  0  0  0  0  0  0  0  0  0  0  0  0  0  0

[[15]]
  [1]  10  21  21  16  16  24  21  18  23  21  30  23  19  23  19  23  17  16
 [19]  22  30  33  25  20  23  18  26  39  34  38  33  27  35  42  47  39  40
 [37]  43  49  50  54  41  34  38  45  36  38  39  35  54  51  53  44  48  67
 [55]  62  68  59  65  54  40  46  34  37  55  50  43  40  53  50  58  53  64
 [73]  72  60  57  61  66  79  84  56  57  63  73  72  70  79  99  94 109 103
 [91]  99 117 120 101 108 120  97 145 157 148 135 173 178 205 202 221 235 241
[109] 237 226 246 279 278 287 291 313 347 371 363 401 380

[[16]]
  [1]  10  10  11  16  13  25  20  22  23  17  21  31  27  21  21  21  32  24
 [19]  24  24  27  24  25  36  24  28  27  25  35  34  33  33  25  26  29  26
 [37]  26  33  32  45  42  42  46  41  51  41  53  67  75  80  76  80  97  96
 [55] 102  95 107 101  81  87  98 137 149 156 146 139 134 135 154 146 154 194
 [73] 201 203 211 227 197 225 253 270 260 240 248 279 307 322 321 292 311 316
 [91] 363 380 382 398 433 453 464 479 482 500 527 548 560 565 582 596 634 664
[109] 659 640 693 697 712 771 761 748 733 795 818 839 870

[[17]]
  [1]  10  10   7  10   6   5   5   5   8  12   7   5   4   4  13   8   7  12
 [19]  14  21  31  21  17  17  28  37  28  26  21  23  19  18  21  19  34  37
 [37]  28  31  27  37  33  36  33  36  34  30  32  30  47  49  53  40  38  49
 [55]  40  52  32  28  50  52  56  71  54  60  79  82  86  74  75 111 140 153
 [73] 140 117 125 161 176 175 156 141 156 190 157 145 180 194 213 215 239 237
 [91] 213 223 248 292 268 272 291 307 330 353 336 322 390 389 445 431 504 540
[109] 521 526 568 577 568 584 612 715 706 742 792 780 851

[[18]]
  [1]  10   8   8  12   7  11  22  17  16  15  15  16  10  15  15  14  19  22
 [19]  26  27  31  50  36  33  28  25  45  36  51  44  61  58  52  42  45  50
 [37]  44  62  55  53  54  72  76  79  84  86  97  82  70  68  74  98  91  83
 [55]  82 106 124 136 121 126 133 125 141 137 130 150 151 176 144 149 156 164
 [73] 171 191 197 180 182 156 180 211 221 221 230 225 216 236 237 252 248 251
 [91] 290 322 325 338 319 331 321 330 327 326 358 391 358 385 393 408 410 397
[109] 371 437 444 489 549 536 574 528 572 642 605 657 664

[[19]]
  [1] 10 11  8  5  4  3  3  2  2  1  1  2  2  1  1  1  1  1  1  1  1  1  1  4  1
 [26]  1  1  1  1  1  1  0  0  0  0  0  0  0  0  0  0  0  0  0  0  0  0  0  0  0
 [51]  0  0  0  0  0  0  0  0  0  0  0  0  0  0  0  0  0  0  0  0  0  0  0  0  0
 [76]  0  0  0  0  0  0  0  0  0  0  0  0  0  0  0  0  0  0  0  0  0  0  0  0  0
[101]  0  0  0  0  0  0  0  0  0  0  0  0  0  0  0  0  0  0  0  0  0

[[20]]
  [1]   10    9    6   19   15   10    7    5    5    4    9   17   10   14    7
 [16]    7   13   10   14   14   20   26   17   20   19   14   13   13   19   24
 [31]   30   30   35   21   20   25   26   26   34   41   44   42   37   50   47
 [46]   45   68   63   69   80   94   98  108   99   98   86  109  112  110  112
 [61]  126  159  182  176  168  163  179  204  222  230  210  233  244  253  319
 [76]  334  357  373  381  382  412  405  401  410  374  402  441  451  427  511
 [91]  476  479  551  564  569  598  614  674  683  710  743  806  833  850  853
[106]  908  939 1004 1114 1164 1116 1209 1264 1360 1410 1469 1522 1542 1504 1637
[121] 1709

[[21]]
  [1] 10 10 10 11  7  6  4  4  3  7  3  2  1  1  1  4 11  6  5  5  5  4  2  9 14
 [26]  4  3  3  9  7 10  7  6  4  3  2  2  2  7  7  4  4  3  3  3  3  2  4  0  0
 [51]  0  0  0  0  0  0  0  0  0  0  0  0  0  0  0  0  0  0  0  0  0  0  0  0  0
 [76]  0  0  0  0  0  0  0  0  0  0  0  0  0  0  0  0  0  0  0  0  0  0  0  0  0
[101]  0  0  0  0  0  0  0  0  0  0  0  0  0  0  0  0  0  0  0  0  0

[[22]]
  [1]   10    8    5    4    3    7    4    3    3    3    3    3    3    2   10
 [16]   12    9    9   16   22   18   17   24   25   24   31   22   31   42   44
 [31]   52   50   45   51   39   45   46   64   56   53   49   46   46   71   76
 [46]   77   69   76   76   86   75   75   83   89  103   95  115  122  116  136
 [61]  121  135  155  162  148  155  170  203  203  201  205  200  226  234  253
 [76]  262  226  236  248  283  279  293  309  292  322  376  377  376  407  481
 [91]  502  509  522  578  546  545  579  581  629  635  668  697  710  731  748
[106]  800  789  784  771  799  785  826  831  879  939 1033 1070 1050 1099 1094
[121] 1124

[[23]]
  [1]   10    9   17   12    8   13   18   17   13   11   19   21   18   22   17
 [16]   13   20   22   23   20   17   26   37   40   41   51   42   39   42   50
 [31]   57   73   55   58   62   51   59   54   65   79   70   76   88   99   93
 [46]   91   83   82  102  114  103  100   96   94  117  111  134  140  144  146
 [61]  121  140  176  185  184  220  204  217  234  279  255  257  297  290  271
 [76]  243  265  290  295  270  313  308  345  343  353  399  400  445  457  463
 [91]  523  540  553  591  636  588  623  663  678  705  694  744  756  820  802
[106]  882  906  946  953  894  984 1123 1179 1254 1288 1316 1337 1370 1447 1430
[121] 1575

[[24]]
  [1]  10  10   6   7   7   5   5   5   1   1   9   7   7   4   4   4   3   3
 [19]   5   4   4   3  10  10   7   6   5   3   3   9  11   9  15  12  15   9
 [37]  11   7   5   6   8  19  11   9  14  17  24  23  32  34  31  25  39  29
 [55]  26  31  33  30  42  41  42  41  34  35  49  64  70  61  62  55  50  51
 [73]  62  49  62  63  69  72  95  72  90 102  92  96 138 129 141 145 151 156
 [91] 164 163 175 180 172 196 201 193 199 235 229 202 257 281 292 296 284 314
[109] 314 392 390 384 417 444 465 459 493 502 546 544 565

[[25]]
  [1]  10  16  11  10  12  13  15  14  13  28  25  19  27  26  31  27  26  21
 [19]  24  21  30  21  16  36  34  30  32  29  28  32  28  43  36  38  27  28
 [37]  27  36  37  56  51  45  50  46  47  53  52  49  45  71  74  82  66  63
 [55]  63  98  96  94 102  83  80 104 117 130 140 150 163 145 132 123 125 167
 [73] 151 144 126 127 136 138 179 221 214 205 180 212 235 207 259 267 247 277
 [91] 281 275 318 329 308 331 348 375 418 411 423 444 456 487 453 478 501 521
[109] 573 591 572 593 620 629 659 688 753 726 769 791 873

[[26]]
  [1]   10   14   12    9    8   20   20   24   27   35   24   20   15   13   15
 [16]   19   23   30   31   21   23   26   23   18   20   18   20   17   14   10
 [31]   19   11    8    8   13   11   13   29   22   25   31   39   41   46   44
 [46]   52   42   43   61   79   80   80   93   74   96   97  100   86  105  112
 [61]  123  104   98  121  161  164  166  147  160  171  201  191  212  208  205
 [76]  217  224  247  280  306  324  316  337  333  364  371  385  393  407  373
 [91]  424  428  515  487  499  491  538  525  512  570  507  537  575  640  632
[106]  675  650  702  653  715  734  828  831  822  796  788  837  955  938  963
[121] 1045

[[27]]
  [1]  10  14   8  19  16  15  18  23  23  19  21  28  22  24  24  19  34  33
 [19]  27  23  23  34  36  38  35  38  33  42  48  45  42  51  35  36  45  44
 [37]  49  42  37  60  48  58  45  49  46  49  55  60  53  43  51  84  82  63
 [55]  70  79 102  86  74  79  77  70 104 101  89  90  84  84  83  85  97 114
 [73] 101 100 114 119 110 105 123 154 162 140 166 169 170 194 204 202 187 200
 [91] 259 229 246 250 239 248 260 293 281 305 283 258 243 276 314 309 323 313
[109] 328 345 333 350 385 437 488 497 451 473 465 495 524

[[28]]
  [1] 10 11 11 14 10  7  6 11  8  5 11 12 10 14 13 13  9 14  8  5  5  8  9  6 10
 [26]  6  5  5  2  2  3  2  2  1  1  1  1  1  6  3  3  3  2  2  5  3  8  5  5  5
 [51]  5 13 15 12 18 10 15 14 12 10 10 14 19 17 23 18 21 25 27 25 35 35 40 35 26
 [76] 29 40 44 40 38 41 53 58 56 50 44 44 43 44 34 35 37 35 27 30 42 34 50 40 36
[101] 40 36 38 46 42 51 45 47 41 55 59 61 80 68 62 81 93 83 71 63 57

[[29]]
  [1]  10   6  10   7   8   7  10  12   6   4   3   2   1   1   6   8   6   4
 [19]   3   3  21  14  11   9   6  11   7   6   6   7   6   6  10  15  15  11
 [37]   9   9  24  25  30  24  17  20  18  37  45  35  36  37  52  56  54  57
 [55]  53  59  67  69  63  59  51  67  63  61  63  88  92  82  86 117 122 148
 [73] 137 155 149 147 147 132 133 140 146 151 169 183 174 177 185 216 225 217
 [91] 197 192 213 221 250 233 253 283 267 286 306 343 355 370 407 440 432 412
[109] 454 475 501 489 532 534 608 627 633 673 643 675 680

[[30]]
  [1]   10   10   13   20    8    6    6    6    4    9   15   11   10   10   13
 [16]   11   16   11   11    9   18   22   25   21   23   26   36   36   26   41
 [31]   42   45   57   54   43   61   59   64   52   58   64   80   76   67   74
 [46]   68  104   87   97  111  117  132  123  146  156  160  151  153  163  174
 [61]  177  191  173  207  192  203  208  218  253  251  251  303  347  357  355
 [76]  351  319  328  387  449  469  479  507  508  522  601  622  626  620  665
 [91]  667  699  776  840  834  851  862  942  984 1059 1069 1090 1185 1225 1268
[106] 1333 1324 1444 1544 1541 1550 1569 1688 1675 1788 1859 1938 2073 2174 2208
[121] 2303

[[31]]
  [1] 10 16 18 18 16 17 15 16 23 13 11 13 16 13 18 20 15 16 17 12 11  7  6  6  4
 [26]  2  2  1  1  1  0  0  0  0  0  0  0  0  0  0  0  0  0  0  0  0  0  0  0  0
 [51]  0  0  0  0  0  0  0  0  0  0  0  0  0  0  0  0  0  0  0  0  0  0  0  0  0
 [76]  0  0  0  0  0  0  0  0  0  0  0  0  0  0  0  0  0  0  0  0  0  0  0  0  0
[101]  0  0  0  0  0  0  0  0  0  0  0  0  0  0  0  0  0  0  0  0  0

[[32]]
  [1] 10 10  7  4  9  7  9  9  7  6  6  5  4  9  7 10  7 11  3  2  2  2  2  2  2
 [26]  1  9  7  5  3  3  2  2  2  2  7  5  9  6  4  3  2  5  3  2  1  1  1  1  1
 [51]  1  1  1  1  1  1  1  1  1  1  4  2  0  0  0  0  0  0  0  0  0  0  0  0  0
 [76]  0  0  0  0  0  0  0  0  0  0  0  0  0  0  0  0  0  0  0  0  0  0  0  0  0
[101]  0  0  0  0  0  0  0  0  0  0  0  0  0  0  0  0  0  0  0  0  0

[[33]]
  [1] 10  9 18  9  4  7  4  4  9  7  9  5  4  3  3  2  7  2  6  3  6  5  5  4  4
 [26]  4  4  4 10 15 16 13 12 16 12 14 10  7  6  6  6  5 10  8  7  6  5  3  6 12
 [51] 12  6  5  5  9  8  6  9  4  3  3  8  9  6 13 11  9  6  6  8 15 13 18 18 15
 [76] 21 17  9  6  4  7  5 11 16 18 14 12 19 14 22 21 23 19 17 16 20 31 35 29 29
[101] 25 43 50 56 54 58 56 74 56 59 66 74 77 69 88 90 90 92 87 81 98

[[34]]
  [1]  10  11   7   5   5  10   5   5   6   3   2   2   2   2   2   6   4   8
 [19]   5   5   5   5  10   7   7  11   9   7   7  16  14   9   8   9  22  21
 [37]  13  16  29  30  31  20  25  20  24  33  31  27  35  23  24  26  44  39
 [55]  41  44  38  27  32  27  29  26  23  40  31  38  30  33  28  31  41  32
 [73]  41  47  46  46  58  58  74  69  75  71  77  80  88  78  79  90 104  92
 [91]  86  80  81  98  99  86  86  78  79  89 110  84  71  80 105 109 113 114
[109]  92  98 114 119 130 164 153 127 123 172 153 159 190

[[35]]
  [1] 10 10  9  9  7 10  6  7  6  6  4  3 11  8  6  5  4  3  2  2  2  1  1  1  1
 [26]  1  1  1  1  1  6  4  2  1  1  1  1  1  1  3  1  0  0  0  0  0  0  0  0  0
 [51]  0  0  0  0  0  0  0  0  0  0  0  0  0  0  0  0  0  0  0  0  0  0  0  0  0
 [76]  0  0  0  0  0  0  0  0  0  0  0  0  0  0  0  0  0  0  0  0  0  0  0  0  0
[101]  0  0  0  0  0  0  0  0  0  0  0  0  0  0  0  0  0  0  0  0  0

[[36]]
  [1]   10   18   10    8   13   19   22   13   11   19   27   34   23   26   21
 [16]   19   48   46   41   35   29   34   42   40   36   55   61   42   52   73
 [31]   69   52   57   61   47   52   56   67   44   50   60   67   73   62   57
 [46]   57   60   84   83  101  120  108  111  123  113  146  151  146  137  150
 [61]  133  158  165  171  159  159  165  193  218  212  191  193  212  247  255
 [76]  264  263  248  278  271  273  287  333  332  380  378  386  403  381  398
 [91]  464  460  410  490  533  584  574  548  578  622  655  618  683  738  757
[106]  774  786  834  873  893  936  952  988  996 1050 1144 1154 1255 1247 1219
[121] 1330

[[37]]
  [1]  10  12   9  13  20  18  16  11  14  10   7  19  23  12   9   9   8  15
 [19]  18  27  23  28  28  28  41  36  49  49  52  67  55  70  60  63  63  66
 [37]  72  75  62  61  78  75  73  70  74  75  67  55  67  65  53  64  81  64
 [55]  64  72  65  60  54  47  62  52  77  90  80  79  88 107 105 126 118 119
 [73] 111 104 121 134 147 176 169 201 182 183 222 211 222 210 225 245 259 256
 [91] 295 297 324 397 414 398 407 393 401 430 406 450 499 538 578 580 544 614
[109] 596 665 658 676 749 798 752 781 802 892 982 982 965

[[38]]
  [1]   10   23   16   12   11   13   20   28   31   36   35   35   29   51   50
 [16]   40   40   43   45   56   47   56   53   64   57   51   58   60   77   75
 [31]   74   59   63   80   91   72   59   59   60   75   68   76   87   76   85
 [46]   81  103  103   96  104  142  146  121  131  156  187  186  155  147  173
 [61]  196  200  196  193  205  222  290  288  250  262  278  258  295  321  297
 [76]  295  334  387  378  369  402  433  469  473  517  531  536  549  573  588
 [91]  600  609  645  688  769  778  801  838  882  882  919  985  972 1084 1078
[106] 1154 1219 1299 1391 1467 1447 1416 1525 1559 1707 1814 1878 1969 2105 2115
[121] 2152

[[39]]
  [1]  10   6   5   4   4   8  12  10   7   7  13  29  13   9  10  15  12  11
 [19]  11   9   7   8   8  18  15  14  20  17  15  10  13  26  21  18  16  11
 [37]  30  26  24  33  31  34  33  34  43  38  47  61  63  55  66  60  56  62
 [55]  55  69  67  72  62  85  71  96  78  81  84  86  93 102  99 105 117 119
 [73] 113 175 145 155 130 137 155 166 166 173 165 179 163 162 168 174 177 189
 [91] 199 199 205 202 220 227 226 270 310 314 306 289 337 370 372 395 412 419
[109] 437 460 475 498 506 496 535 569 616 665 707 704 745

[[40]]
  [1]   10   21   26   24   16   21   28   26   34   40   38   36   29   40   40
 [16]   49   56   51   52   71   77   63   53   74   75   73   56   57   66   76
 [31]   89   92   77  102  107  109   90  102  109  131   97  119  131  114  124
 [46]  122  129  147  152  150  159  162  195  223  224  228  215  277  268  265
 [61]  266  285  280  281  349  381  368  350  378  413  381  404  418  431  456
 [76]  470  481  542  596  620  575  592  609  669  677  760  767  850  884  894
 [91]  905  910  950 1053 1075 1113 1174 1164 1145 1167 1271 1267 1291 1333 1459
[106] 1528 1585 1615 1722 1749 1810 1872 1969 2152 2300 2331 2403 2592 2651 2812
[121] 2931

[[41]]
  [1] 10  8 10  8  6  5  4  4 14  9 13 16 11 10  7  5  3  2  1  0  0  0  0  0  0
 [26]  0  0  0  0  0  0  0  0  0  0  0  0  0  0  0  0  0  0  0  0  0  0  0  0  0
 [51]  0  0  0  0  0  0  0  0  0  0  0  0  0  0  0  0  0  0  0  0  0  0  0  0  0
 [76]  0  0  0  0  0  0  0  0  0  0  0  0  0  0  0  0  0  0  0  0  0  0  0  0  0
[101]  0  0  0  0  0  0  0  0  0  0  0  0  0  0  0  0  0  0  0  0  0

[[42]]
  [1]   10   15    7    9   15   10   16   18   22   17   12   34   29   28   30
 [16]   32   42   33   36   55   43   41   60   43   32   43   51   53   53   44
 [31]   43   60   64   60   73   87   96   86   99  112  113  170  149  158  153
 [46]  151  182  199  165  154  205  191  198  201  208  221  228  223  251  299
 [61]  292  272  279  354  388  400  390  449  477  429  459  454  512  551  576
 [76]  549  574  573  633  686  652  767  837  846  851  864  931 1018  997 1018
 [91] 1028 1037 1135 1228 1231 1226 1293 1277 1414 1401 1459 1513 1561 1640 1646
[106] 1678 1738 1869 1970 2066 2101 2227 2228 2302 2464 2516 2797 2939 3099 3101
[121] 3197

[[43]]
  [1]  10  12   9  13  14  12  21  22  15  13  12  18  20  22  16  12   9   7
 [19]  12  10  14  16  11   9   8  14  12  10  20  16  11   8   6   8  11  15
 [37]  11  12  10   9   9  15  26  36  21  16  20  26  28  25  22  35  27  31
 [55]  28  24  28  46  37  45  51  47  39  43  56  64  57  63  67  69  87  71
 [73]  82 111  99  98  82  89  81  89  96  97 100 121 124 144 161 139 143 138
 [91] 162 199 167 191 163 168 218 216 211 245 252 261 265 248 277 289 297 309
[109] 321 347 326 344 320 345 358 345 365 361 340 377 413

[[44]]
  [1]  10  11   5   5  10  18  13  14  15  15  16  14  12   9   6  17  21  13
 [19]  12  12  14  19  21  27  24  24  31  29  25  25  27  30  30  25  40  47
 [37]  48  36  41  40  50  56  49  48  46  40  41  38  42  42  46  39  42  56
 [55]  54  45  39  40  54  76  82  67  75  62  75  63  72  83  64  59  69  63
 [73]  80  86  74  85  81  99  95 100 108 118 138 122 115 121 145 155 153 148
 [91] 155 169 159 178 191 204 222 218 199 202 205 227 253 297 328 288 301 301
[109] 323 357 403 402 405 422 479 504 499 532 603 615 642

[[45]]
  [1]   10   12   14   11   10   12   16   15   20   23   16   26   25   21   15
 [16]   24   31   32   30   36   31   37   44   62   45   42   50   56   59   57
 [31]   60   56   67   72   80   71   68   59   60   83   89  105  113  108  122
 [46]  128  130  153  173  151  176  195  188  193  206  218  247  226  222  189
 [61]  214  242  224  257  295  283  253  243  275  301  341  359  359  347  368
 [76]  373  410  425  458  488  467  532  520  568  511  526  526  521  546  610
 [91]  596  573  585  622  668  660  627  669  730  745  812  836  876  954  961
[106]  976 1023 1060 1160 1170 1253 1309 1312 1379 1510 1631 1640 1582 1617 1713
[121] 1777

[[46]]
  [1]   10   16   16   25   24   25   34   24   26   24   51   44   34   31   37
 [16]   27   32   31   40   33   33   27   26   25   20   24   22   32   36   52
 [31]   53   43   53   58   63   62   62   59   65   72   81   73   78   90   84
 [46]   89   92  105  111  119   88   99  142  155  163  165  185  170  185  188
 [61]  179  193  203  204  208  215  221  227  228  232  238  280  276  263  255
 [76]  243  274  280  320  297  314  375  385  374  419  433  505  443  507  528
 [91]  531  543  583  597  569  657  688  744  742  721  730  770  802  881  922
[106]  934  939  907  896  991 1029 1130 1102 1168 1188 1172 1339 1333 1293 1410
[121] 1449

[[47]]
  [1]   10   14    9    9   14   14   15   12   19   16   27   27   29   27   35
 [16]   23   16   27   51   42   49   49   42   43   62   61   76   78   76   68
 [31]   67   85   63   76   85   66   81   70   68   77   92   91   86   85   78
 [46]   94  114  134  132  105  101  130  121  139  120  123  100  110  114  141
 [61]  122  140  143  132  150  146  153  155  169  188  175  169  215  244  234
 [76]  227  237  219  219  265  291  306  286  307  323  317  365  368  378  448
 [91]  450  444  498  516  515  515  574  608  579  659  675  685  699  736  758
[106]  769  782  846  905  955 1013  980 1063 1135 1190 1217 1226 1285 1316 1398
[121] 1430

[[48]]
  [1]  10  11  10   7   8  15  21  17  15  14  20  16  18  15  21  20  17  26
 [19]  34  31  21  29  24  21  35  32  39  30  37  26  36  44  38  28  27  26
 [37]  48  39  51  58  47  42  66  65  66  56  51  57  56  53  58  55  55  73
 [55]  89  68  64  61  99  84  90  87 103 107 105 114 118 128 127 120 123 150
 [73] 139 138 157 182 182 179 185 168 195 203 214 223 239 246 266 248 246 247
 [91] 259 274 297 323 323 303 295 304 373 369 376 391 398 453 455 446 519 516
[109] 574 624 605 604 623 658 699 772 762 822 812 858 900

[[49]]
  [1]  10  10  10  11   9   7   7   8   6   6  14   9   7   9  11   8  13  22
 [19]  13   9   6   5  21  12   9  14  18  18  21  22  16  25  17  18  12  18
 [37]  19  17  19  15  15  17  13  13  16  18  12  19  13  12  15  20  19  16
 [55]  23  15  16  24  25  16  14  21  15  18  10  10  19  17  14  20  16  13
 [73]  10  21  25  24  22  19  37  36  37  42  43  47  39  51  54  60  69  85
 [91]  67  63  54  60  76  72  72  74  96  97 122 102 112 109 102 112 151 182
[109] 172 175 170 174 196 192 190 190 205 194 228 206 243

[[50]]
  [1]  10   6   5   4   8   8   5   9  11   8  10   8   9   7   7   7   6   7
 [19]  12  20  21  14  12  14  22  16  12  26  21  18  14  14  11  19  19  21
 [37]  21  21  17  29  34  29  35  31  28  23  18  17  26  38  54  55  44  41
 [55]  51  41  36  47  51  70  67  82  66  71  68  77  71  84  86  84  74  71
 [73]  72  76  73  70 106 124 121 115 113 123 118 105 120 112  95 112 115 135
 [91] 157 134 156 162 204 202 188 196 208 225 237 210 231 216 221 226 234 278
[109] 297 271 251 293 285 298 339 326 375 369 409 388 441

[[51]]
  [1]  10  12  10  10  10  13  13   8   7   9  13  12   9   8   9   5   5   4
 [19]   3   3   3   5   3   7   5   4   3   5  10   6   5   5   5   5  13  16
 [37]  11  16   9   9   8  14  18  17  15  21  24  23  27  22  25  47  40  29
 [55]  46  48  36  30  36  58  54  53  46  49  65  71  74  67  63  59  59  63
 [73]  76  95 118 115 105 103 110 135 131 147 163 165 187 180 189 203 228 222
 [91] 260 240 225 236 254 218 274 296 277 281 277 289 306 322 327 355 392 411
[109] 398 415 408 419 467 484 516 489 465 520 573 597 623

[[52]]
  [1]  10   6  16   7   5  10  13  15  16  12  16  10   8   6   5   7   6  11
 [19]  22  23  32  27  28  42  27  28  21  30  23  34  36  41  39  42  52  47
 [37]  48  47  49  58  58  55  52  56  56  57  70  59  72  53  52  60  70  70
 [55]  70  64  79 100  84  81  89  87  96 104  95 107 131 146 145 152 163 155
 [73] 166 168 156 159 161 165 159 163 171 158 170 186 190 188 203 219 247 253
 [91] 271 280 291 321 309 335 296 328 326 340 336 343 337 375 416 500 487 469
[109] 435 497 515 499 524 587 574 575 596 629 699 658 635

[[53]]
  [1]   10   15   12    8    8    7   10   11    8    8    8   26   32   32   32
 [16]   30   28   35   35   35   51   42   56   44   42   42   46   47   58   53
 [31]   48   56   50   61   78   65   75   81   76   82   84  108  104  107  117
 [46]  141  136  161  147  138  128  148  156  161  151  156  166  162  173  177
 [61]  173  177  165  154  182  179  174  170  160  185  218  209  200  216  228
 [76]  254  275  276  262  271  299  300  297  323  340  374  432  453  423  444
 [91]  438  461  525  542  509  578  590  609  638  697  707  699  792  836  901
[106]  943  950  960 1033 1027 1040 1117 1161 1209 1216 1253 1304 1347 1425 1669
[121] 1652

[[54]]
  [1] 10 11 10 13  9 13 18 18 22 15 13 24 24 22 24 26 21 12  9 12 10 15 10  7  5
 [26]  4  3  3  3  3  2  2  6  5  5  4 10  8 10  7  6  6 11 21 16 13 12 13 11  9
 [51] 14 16 11  8 16 12 13 22 16 13 18 16 19 17  9 10 18 14 13 13 22 15 21 21 20
 [76] 22 23 19 19 24 16 18 14 22 20 27 19 28 18 16 21 29 25 19 22 19 27 21 24 25
[101] 19 21 19 37 34 32 35 30 24 29 33 28 28 31 45 37 41 36 37 47 69

[[55]]
  [1]  10   8  29  24  25  17  19  13  23  22  15  17  20  15  23  26  18  15
 [19]  18  10  13   9   9  16  12  21  16  15  12  11  16  14  12  12  22  26
 [37]  23  14  17  19  13  10  26  38  33  26  28  26  25  25  32  41  45  43
 [55]  31  43  51  52  46  46  78  70  80  80  99  93  89  92  97 123 147 140
 [73] 156 157 157 180 184 188 184 196 191 212 197 230 251 252 239 250 276 277
 [91] 281 276 271 280 290 306 267 270 306 280 282 302 346 324 339 383 401 429
[109] 441 401 414 419 477 456 474 498 535 562 589 628 646

[[56]]
  [1] 10  9  5  5  8  8  7  7  6  8 11  9  8  7  6  5  3  6  5  5  4  2  2  2  2
 [26]  6  5  3  3  3  7  2  1  1  1  1  0  0  0  0  0  0  0  0  0  0  0  0  0  0
 [51]  0  0  0  0  0  0  0  0  0  0  0  0  0  0  0  0  0  0  0  0  0  0  0  0  0
 [76]  0  0  0  0  0  0  0  0  0  0  0  0  0  0  0  0  0  0  0  0  0  0  0  0  0
[101]  0  0  0  0  0  0  0  0  0  0  0  0  0  0  0  0  0  0  0  0  0

[[57]]
  [1]  10  12  17  12  10  17  23  26  21  22  24  17  13  22  23  23  23  21
 [19]  17  30  19  34  51  49  38  35  33  34  39  43  33  21  28  27  22  13
 [37]  11  21  21  17  14  11  18  14  11  17  18  13  10  12  25  25  19  25
 [55]  26  36  37  42  43  39  44  52  61  49  57  62  50  53  43  33  42  36
 [73]  47  46  38  34  40  41  35  32  35  28  24  36  46  59  69  53  49  47
 [91]  65  68  83  70  83  88  96 104 108 112 115 126 114 143 141 159 176 168
[109] 174 184 195 215 227 220 224 249 240 258 253 292 290

[[58]]
  [1]  10   7   6   6   8   6   5   8   5   5   5   5  11  12  13   7   8   5
 [19]   4   3   7   4   3   3  11  18  11   7  13  18  14  11  13  10  15  11
 [37]  25  17  18  20  14  21  16  26  23  32  23  20  33  37  36  35  34  34
 [55]  55  55  51  57  66  76  66  57  50  47  57  66  55  68  52  48  49  56
 [73]  38  42  34  38  47  63  64  63  63  63  68  78  80  70  82  74  61  70
 [91]  71  78  98 112 120 116 110 102 119 112 120 122 142 149 158 168 170 165
[109] 180 199 202 190 193 200 209 232 275 269 276 307 291

[[59]]
  [1]   10   10   10   12   10   13   10   10   13   12   20   20   22   24   29
 [16]   40   48   54   53   41   41   40   46   43   32   43   52   57   54   46
 [31]   57   55   58   60   89  102   80   75   82   95  101  120   98   95  101
 [46]  125  127  119  124  145  127  132  131  140  140  170  188  177  187  211
 [61]  205  201  204  234  256  318  303  298  290  292  335  367  417  370  384
 [76]  412  401  415  433  440  431  503  533  475  486  536  540  574  600  654
 [91]  694  703  719  783  856  854  858  859  922  927  993 1031 1067 1081 1188
[106] 1201 1178 1259 1334 1285 1365 1428 1568 1565 1635 1734 1808 1819 1946 2064
[121] 2061

[[60]]
  [1]  10   8  14  10   7  11  21  14  15  11  21  18  15  13  13  19  14  16
 [19]  18  14  11  16  20  19  14  13  14  22  25  25  18  14  11  15  16  25
 [37]  20  16  11  11  15  18  22  21  28  32  25  31  40  34  31  35  37  43
 [55]  51  44  44  33  31  29  44  42  46  46  56  53  55  49  46  39  65  72
 [73]  74  81  82  81  93 103  98  79  98  86  96  96  95 100 117 121 136 125
 [91] 114 114  95 109 132 139 136 143 152 165 182 180 171 168 188 224 197 220
[109] 238 247 272 261 255 265 265 294 305 301 294 310 313

[[61]]
  [1]   10   22   18   18   18   28   23   27   21   16   16   24   33   38   43
 [16]   40   48   73   71   72   68   66   82   80   80   68   66   67   74   96
 [31]  104  100  101   98  121  118  125  113  126  118  121  124  142  160  183
 [46]  180  193  194  174  196  202  246  231  232  209  226  243  266  283  289
 [61]  283  281  350  339  353  374  396  396  470  449  459  484  492  500  513
 [76]  502  568  554  604  583  647  691  751  806  806  855  947  964 1003 1058
 [91] 1052 1104 1137 1119 1141 1152 1265 1373 1407 1502 1560 1640 1685 1767 1912
[106] 1977 1985 2011 2055 2085 2305 2411 2453 2490 2605 2793 2877 2862 3033 3063
[121] 3193

[[62]]
  [1] 10  8 12 10  7  5  9 11  9  8  6  3  2  8  4  4  3  7  7  3  2  2  1  0  0
 [26]  0  0  0  0  0  0  0  0  0  0  0  0  0  0  0  0  0  0  0  0  0  0  0  0  0
 [51]  0  0  0  0  0  0  0  0  0  0  0  0  0  0  0  0  0  0  0  0  0  0  0  0  0
 [76]  0  0  0  0  0  0  0  0  0  0  0  0  0  0  0  0  0  0  0  0  0  0  0  0  0
[101]  0  0  0  0  0  0  0  0  0  0  0  0  0  0  0  0  0  0  0  0  0

[[63]]
  [1]   10    8    7   13   13   10   20   18   13   24   28   24   19   21   16
 [16]   18   24   23   27   27   38   36   51   44   46   38   40   66   71   66
 [31]   47   47   57   66   70   70   50   60   63   62   79   83   89   98   81
 [46]   74   71   80  106   90  103  100  111  135  121  116  147  146  160  150
 [61]  183  182  177  165  199  215  216  210  210  225  261  266  275  322  326
 [76]  345  389  408  417  476  495  460  508  555  596  579  602  610  702  717
 [91]  724  752  747  837  838  834  899  907  985  954 1033 1021 1063 1136 1144
[106] 1164 1264 1295 1365 1430 1500 1502 1550 1704 1853 1861 1956 2059 2035 2128
[121] 2222

[[64]]
  [1]   10   12   10   13   14   12   13   10    8    7   22   15   18   17   12
 [16]   29   43   36   30   25   47   62   64   53   55   59   52   61   63   64
 [31]   71   89  109  100   88   89  107  108  137  130  132  127  156  160  169
 [46]  177  201  196  218  240  236  255  254  266  261  267  262  257  296  294
 [61]  322  323  339  362  361  360  386  353  400  390  423  499  536  579  560
 [76]  591  606  666  668  675  724  797  748  799  799  825  840  894  930  947
 [91]  965  995 1059 1097 1066 1116 1136 1225 1256 1242 1326 1351 1372 1411 1490
[106] 1555 1598 1551 1642 1742 1822 1916 1998 2072 2140 2283 2336 2387 2486 2718
[121] 2674

[[65]]
  [1]  10  18  15  22  17  12   9  11   8   8  11  10   9  10  14  16  13  27
 [19]  20  14  12  26  28  28  22  20  17  13  31  22  20  20  17  19  20  16
 [37]  13   8  14  18  22  21  33  32  26  20  17  20  21  12  13   9  14  20
 [55]  15  18  12  20  47  45  31  32  33  34  55  60  56  46  62  71  70  69
 [73]  65  81  83  89 107  98  87 112 142 149 129 122 150 143 135 167 137 143
 [91] 161 166 150 175 185 179 153 166 178 223 230 224 237 263 266 249 273 311
[109] 276 354 356 339 331 346 347 362 404 393 405 420 456

[[66]]
  [1]   10   19   22   16   11   10   12    8    7    9   18   15   16   14   25
 [16]   31   34   27   24   21   28   55   46   43   36   36   34   32   26   38
 [31]   42   47   58   69   66   57   63   71   91  121  112  103  109  137  157
 [46]  146  127  123  141  164  171  147  160  157  179  189  214  214  218  202
 [61]  226  252  264  246  245  277  278  281  279  314  333  352  374  348  371
 [76]  420  410  439  431  508  534  530  521  573  629  694  680  736  768  877
 [91]  895  894  899 1006 1077 1049 1098 1195 1191 1265 1329 1395 1356 1342 1458
[106] 1651 1671 1799 1763 1841 1893 1968 1950 2137 2296 2302 2413 2435 2491 2666
[121] 2751

[[67]]
  [1]   10   12   13   21   20   21   33   27   24   19   25   29   39   27   26
 [16]   17   19   31   52   55   45   41   39   58   45   54   47   40   36   36
 [31]   37   35   33   43   33   35   34   56   72   65   71   69   71   86   77
 [46]   75   86  102   99   92   97  124  131  124  128  120  126  116  136  133
 [61]  160  142  140  157  163  170  165  193  183  195  198  181  189  177  194
 [76]  208  198  235  215  204  236  248  274  281  287  303  303  350  322  344
 [91]  376  402  405  409  453  482  496  510  469  528  555  574  643  637  625
[106]  604  622  687  704  718  785  787  846  901  914  959  919  952 1005 1061
[121] 1169

[[68]]
  [1] 10 15 17 15 11 13  8 10 15 17 11 10 15 15  9 18  8  6  5  4  7 11  6  4  3
 [26]  2  2  2  1  1  1  7  9  6  3  2  2  1  6  2  1  1  1  1  1  4  3  1  1  1
 [51]  1  1  0  0  0  0  0  0  0  0  0  0  0  0  0  0  0  0  0  0  0  0  0  0  0
 [76]  0  0  0  0  0  0  0  0  0  0  0  0  0  0  0  0  0  0  0  0  0  0  0  0  0
[101]  0  0  0  0  0  0  0  0  0  0  0  0  0  0  0  0  0  0  0  0  0

[[69]]
  [1]  10  11   7   4   2  10  11  10  16  11   7  10  13  13  10   9  14  19
 [19]  13  11  13  15  11  12   9   6  10   9   7   8   6  16  10  10  13  10
 [37]  15  17  11  20  15  13  22  31  32  26  34  41  38  58  52  60  53  61
 [55]  58  54  51  56  53  71  59  58  52  49  75  73  74  52  62  69  65  70
 [73]  89  67  78  74  78 103 112 106 100 112 104 124 148 154 162 179 169 201
 [91] 181 181 192 224 227 253 237 210 223 216 259 262 256 240 269 307 342 295
[109] 297 311 351 369 397 425 482 478 555 537 502 542 586

[[70]]
  [1] 10 20 14 14 10  7  5  4  4  4  4  3  3  3  2  0  0  0  0  0  0  0  0  0  0
 [26]  0  0  0  0  0  0  0  0  0  0  0  0  0  0  0  0  0  0  0  0  0  0  0  0  0
 [51]  0  0  0  0  0  0  0  0  0  0  0  0  0  0  0  0  0  0  0  0  0  0  0  0  0
 [76]  0  0  0  0  0  0  0  0  0  0  0  0  0  0  0  0  0  0  0  0  0  0  0  0  0
[101]  0  0  0  0  0  0  0  0  0  0  0  0  0  0  0  0  0  0  0  0  0

[[71]]
  [1] 10 18 10  7  7  9  5  5  3  3  3  3 11  8  8  9 10  9  7  4  4  8 14  7  6
 [26]  4  5  4 10 12  7 11 10 13 10 10  7  6 10  6  3  3  3  2  7  5  5  5  5  7
 [51]  5 12 16 14 16 14 13 17 32 38 45 43 44 40 34 29 36 65 62 61 51 52 66 63 61
 [76] 61 48 49 44 43 44 38 37 32 42 55 46 53 57 45 56 49 42 45 37 47 52 46 55 38
[101] 45 39 40 43 37 38 42 60 51 44 42 36 57 45 58 70 50 47 48 55 81

[[72]]
  [1]  10   9  13  14   9   7  11  13  12  10   8   7   5   8   9  15  11  10
 [19]   9   9  18  14  11  13  14  15  16  15  28  18  15  17  12  17  14  21
 [37]  24  27  30  31  60  63  67  52  70  58  49  63  88  84  74  71  59  53
 [55]  53  80  91  87  81  70 100 102 106 115 112 112 116 115 130 138 131 146
 [73] 134 133 132 140 157 150 173 163 179 217 198 166 177 187 219 192 210 246
 [91] 255 263 259 290 328 305 351 332 332 392 433 424 377 349 361 413 412 400
[109] 407 454 425 415 460 453 417 461 489 491 512 525 527

[[73]]
  [1]   10   13   12   14    9   13   26   18   20   27   31   28   30   32   35
 [16]   55   49   51   70   73   54   75   67   50   71   69   69   83  107  106
 [31]   95  110  125  161  166  160  154  186  168  175  164  192  223  222  187
 [46]  246  249  251  273  308  307  309  348  359  358  375  409  436  413  436
 [61]  396  404  438  431  443  441  504  547  633  608  645  713  674  714  738
 [76]  772  783  854  869  836  851  964  964 1078 1114 1226 1180 1222 1312 1439
 [91] 1478 1575 1609 1632 1664 1713 1811 1763 1889 2002 2129 2204 2318 2388 2598
[106] 2653 2837 2934 3145 3356 3355 3556 3805 3891 4121 4380 4621 4816 4769 5078
[121] 5375

[[74]]
  [1]   10    8    7   11   14   23   26   22   18   22   19   16   13   14   31
 [16]   21   17   16   15   34   22   37   34   32   40   51   49   48   41   47
 [31]   46   44   57   47   52   56   54   59   59   68   80  109   91   91   86
 [46]   94   96   87  119  137  127  144  142  141  145  149  167  168  161  185
 [61]  171  179  183  169  189  235  255  270  235  247  270  266  267  259  243
 [76]  282  289  312  337  340  303  315  324  335  385  407  422  476  508  515
 [91]  546  538  609  661  668  721  797  819  804  832  902  924  960  931  984
[106] 1080 1130 1102 1144 1257 1247 1286 1382 1407 1434 1506 1550 1642 1675 1755
[121] 1886

[[75]]
  [1] 10 11 13 12  9  7  8  6  8 12  8  6 11  8  7  7 10  6  5  5  7 11  7  6  5
 [26] 10 12 21 25 17 15 11 12 10  8 10  7  6  4  2  2  2  7  4  2  2  2  2 10  6
 [51]  6  8  7  5  3  3  9  6  4  4  4  6  7  3  3  5  8  6  5  6  7  8 13  7 11
 [76] 12  8 11  8  9  8 14  6 10  6  5  4  5  4  4  1  1  1  1  1  4  7 13 15 17
[101] 19 17 19 19 15 21 16 17 17 13 12 24 15 23 18 19 17 25 32 24 24

[[76]]
  [1]  10  18  17  12  11  23  20  15  11  13  10  10   8   5   5   4  11  17
 [19]  13   9   7   7   7   6   6   4   7  10   8   6   5  12  13  11   8  12
 [37]  14  10   7  14  12  14  16  10  16  17  17  14  26  22  16  15  12  22
 [55]  19  15  19  16  15  17  16  18  20  14  20  17  19  21  22  23  17  20
 [73]  17  22  22  19  19  27  33  33  36  40  41  33  51  52  49  47  38  43
 [91]  49  57  50  38  43  47  42  40  43  43  36  41  44  43  48  49  51  51
[109]  49  55  45  54  75  76  66  79  88 103 112  98 103

[[77]]
  [1]  10   9  13  13  16  18  18  29  22  17  19  20  24  18  30  24  36  35
 [19]  51  50  45  40  35  35  40  41  30  31  45  40  44  51  55  48  46  40
 [37]  52  52  55  46  56  57  53  41  56  57  57  58  62  64  67  73  71  88
 [55]  69  76  82  88  93  86  95 103  85  82  98 115 117 107  98 110  95 129
 [73] 143 123 123 117 100 122 155 152 168 157 142 178 205 210 188 194 205 249
 [91] 227 245 273 273 297 300 311 321 360 384 401 412 404 439 459 457 473 532
[109] 578 555 603 592 672 685 645 717 715 734 737 751 752

[[78]]
  [1]  10  11   4   3   8   6   6  11   7  11   7   6   3   9   8  15  13  19
 [19]  17  11  11  15  21  17  16  17  14  15  21  17  18  16  19  30  35  27
 [37]  35  34  30  28  25  25  36  47  45  34  33  33  43  37  37  37  37  42
 [55]  42  41  46  45  46  51  57  45  38  54  61  54  46  44  43  33  46  52
 [73]  47  62  73  59  59  60  78  62  60  62  63  60  72  71  72  71  97 104
 [91]  95  89  95 136 157 129 128 118 122 123 134 168 172 148 139 154 159 222
[109] 255 225 227 227 255 265 243 217 244 280 319 288 282

[[79]]
  [1]  10  10   4   3   3   3   8   9   8   5   5   8   7  11  13  14  12  10
 [19]   9  29  24  24  20  24  29  33  34  25  22  39  34  35  31  26  33  27
 [37]  26  21  18  22  27  32  32  41  38  29  28  29  37  35  38  30  49  60
 [55]  57  48  61  73  75  83  69  98  86  88  89  99  87 109 118 142 150 145
 [73] 153 128 123 129 160 160 141 147 152 158 168 162 195 221 208 209 188 200
 [91] 187 219 226 194 206 197 225 238 237 235 239 226 248 257 296 300 302 293
[109] 327 335 353 427 394 406 377 395 403 450 447 482 487

[[80]]
  [1]  10  15   9   8   6   6   9  16  25  18  22  27  23  18  23  22  27  23
 [19]  26  24  20  42  37  32  23  36  36  36  29  29  16  17  15  26  21  25
 [37]  26  27  17  23  22  28  27  25  20  21  18  32  33  35  29  32  26  18
 [55]  21  28  40  33  39  48  45  37  39  45  47  40  40  32  50  53  53  51
 [73]  43  43  51  44  46  68  69  79  59  67  67  62  59  63  62  56  74  51
 [91]  71  62  75  80  73  67  81  96  91 108 103 111 122 114 110 123 104  93
[109]  97 125 169 162 178 164 193 190 215 233 233 217 253

[[81]]
  [1] 10  4  3  2  2  1  0  0  0  0  0  0  0  0  0  0  0  0  0  0  0  0  0  0  0
 [26]  0  0  0  0  0  0  0  0  0  0  0  0  0  0  0  0  0  0  0  0  0  0  0  0  0
 [51]  0  0  0  0  0  0  0  0  0  0  0  0  0  0  0  0  0  0  0  0  0  0  0  0  0
 [76]  0  0  0  0  0  0  0  0  0  0  0  0  0  0  0  0  0  0  0  0  0  0  0  0  0
[101]  0  0  0  0  0  0  0  0  0  0  0  0  0  0  0  0  0  0  0  0  0

[[82]]
  [1]   10   15   14   11   14   17   12   12   16   13   12   15   14   15   24
 [16]   30   28   22   47   47   58   63   61   47   58   54   68   76   87   84
 [31]   67   72   73   99   96  114  106  105  109  125  134  142  162  149  139
 [46]  157  150  146  166  169  171  153  148  157  173  155  178  190  172  176
 [61]  186  210  238  232  201  192  209  224  218  243  237  252  251  294  288
 [76]  279  290  317  327  345  357  331  359  360  438  432  416  391  375  447
 [91]  466  473  486  502  556  557  577  600  659  663  595  601  668  714  730
[106]  812  805  766  869  871  912  972 1045 1053 1084 1057 1089 1198 1249 1346
[121] 1421

[[83]]
  [1]  10  11   9  12  11  13   9  17  27  34  37  30  23  25  22  20  21  17
 [19]  14  18  35  33  24  22  26  27  28  22  36  44  43  41  44  33  34  28
 [37]  41  50  54  66  66  87  93  79  78 103 126 104 102  80  71 108 105  99
 [55]  96 118 102 105 121 120 137 142 149 140 134 154 164 150 152 188 204 184
 [73] 181 210 211 211 224 212 253 259 262 249 243 256 272 304 304 284 285 340
 [91] 373 367 350 367 398 403 402 408 444 457 489 528 557 522 553 552 527 601
[109] 573 566 597 619 624 624 656 707 704 730 710 708 775

[[84]]
  [1]   10   14   16   13   12   18   20   25   31   24   25   23   14   15   13
 [16]   20   31   28   23   22   23   30   33   22   34   35   36   37   41   45
 [31]   36   32   51   44   72   68   81   73   73   74   73   92   98   93   95
 [46]  102  112  142  136  130  101  114  137  138  142  158  180  170  169  162
 [61]  184  227  233  233  234  244  282  261  285  316  275  279  284  312  341
 [76]  328  353  346  344  385  406  440  442  481  526  509  504  573  639  686
 [91]  759  721  772  803  782  835  864  884  881  950  986 1035 1066 1082 1167
[106] 1167 1208 1255 1327 1322 1424 1442 1483 1564 1538 1656 1747 1778 1991 1955
[121] 2053

[[85]]
  [1]  10  10  13  18  20  17  11  11   8  17  16  12  13  12  16  23  20  18
 [19]  16  30  34  41  40  48  38  43  51  43  44  41  44  51  45  49  53  45
 [37]  47  48  57  41  61  61  66  65  55  66  80  81  70  61  54  69  74  68
 [55]  70  71  82  82  81  77  80  66  77  63  86  90  77  70  68  59  50  58
 [73]  55  61  50  38  46  67  81  70  84  86  89  85  75  65  64  75  79  68
 [91]  71  63  70  73  76  64  63  76  61  70  74  88  96  95 109 113  88  84
[109]  97 113 148 110 126 128 149 170 195 204 201 198 188

[[86]]
  [1]  10  14  13  14  11  15  15  21  23  25  20  15  15  19  19  15  16  15
 [19]  14  18  26  29  20  31  24  24  18  26  27  31  32  23  33  28  35  28
 [37]  30  24  26  31  36  33  24  23  27  35  35  37  52  41  32  34  47  34
 [55]  31  40  41  40  43  51  53  60  64  57  66  60  57  43  56  56  50  50
 [73]  52  58  45  43  55  73  67  79  67  65  82  65  68  86  77  70  75  72
 [91] 121 118 125 113 142 136 134 132 121 135 131 115 134 136 137 154 158 150
[109] 152 145 175 195 193 202 219 217 239 237 260 278 283

[[87]]
  [1]   10   23   16   12   10   14   15   13   10    9   12   16   13   17   23
 [16]   17   29   15   13   19   17   27   27   34   36   36   54   53   43   41
 [31]   48   63   54   60   56   51   65   55   56   48   67   68   65   58   62
 [46]   74   88   92   96  110  100   89   98   89  105  105  118  152  133  118
 [61]  118  132  160  152  148  141  172  174  181  190  201  179  212  212  224
 [76]  222  228  211  245  267  291  313  334  342  379  390  418  408  396  454
 [91]  468  478  500  476  520  515  528  569  657  693  716  685  708  689  706
[106]  789  785  829  908  909  898 1001 1083 1129 1164 1231 1237 1317 1379 1355
[121] 1497

[[88]]
  [1] 10 12  8  8  8  7 11  8 13 20 13 16 16 10  9  7  8  6 11  7  6 14  9 10  9
 [26]  8  7  6  7  9  3  7 10 14  6  5  5  3  3  3  9 15 20 13  9  9 15 16 13  9
 [51] 13 13 12 10 12 11 16 16 11 21 17 20 16 11 25 13 19 15 20 12 11 19 19 17 16
 [76] 17 12 13 14 11 14 17 10 19 23 30 19 20 11 27 22 22 28 22 20 18 15 18 18 16
[101] 19 17 21 18 19 31 21 16 11 10  7 10 10 17 27 21 20 19 20 14 15

[[89]]
  [1]   10   15   22   14   12   23   17   29   25   25   31   27   40   39   53
 [16]   59   54   49   42   43   61  111   99   99   80   71  105  111  101   88
 [31]   98   97  117  142  136  155  159  170  175  172  166  186  173  184  194
 [46]  189  186  211  222  252  247  277  278  276  291  314  351  381  373  388
 [61]  332  405  414  400  431  465  477  473  495  534  544  585  573  568  581
 [76]  651  642  647  700  767  737  733  734  807  880  926  965  942  941  980
 [91] 1010 1087 1088 1148 1229 1301 1302 1321 1439 1458 1562 1688 1692 1754 1739
[106] 1786 1879 2017 2153 2291 2377 2395 2419 2458 2668 2709 2823 2911 3148 3281
[121] 3311

[[90]]
  [1]  10   7  11  16  15  13  11   7  12  10   8  19  23  15  16  13  15  12
 [19]   8   9   9  18  19  14  12   9  11  15  28  17  18  25  22  22  22  15
 [37]  29  24  25  32  28  25  20  19  28  42  31  31  26  27  21  31  38  31
 [55]  38  53  47  53  46  39  48  40  46  32  36  55  63  79  67  71  67 108
 [73]  81  70  61  59 103 128 122  96 111 113 108 113 108 117 145 145 121 121
 [91] 121 132 155 145 135 137 140 173 153 169 198 200 196 198 214 234 232 275
[109] 283 307 338 367 336 334 323 381 389 372 391 395 435

[[91]]
  [1]   10   17   14    7    7    6    6    7    5    9   20   15   12   11   15
 [16]   17   17   17   12   16   21   18   16   18   29   25   21   20   32   39
 [31]   28   20   28   23   13   14   17   19   18   29   37   39   40   32   41
 [46]   36   36   29   30   26   44   53   39   46   46   51   43   67   65   83
 [61]   82   89   87  110  117  114  117  118  111  122  168  154  157  176  195
 [76]  226  222  220  216  255  237  257  271  285  288  338  332  310  327  314
 [91]  287  343  362  391  368  390  397  376  415  393  379  448  459  530  562
[106]  593  599  579  614  643  700  737  783  822  878  901  927  949  964 1049
[121] 1050

[[92]]
  [1]  10  13  20  19  20  28  35  34  28  27  29  42  49  51  44  43  34  37
 [19]  55  52  63  58  57  55  69  78  79  71  67  76  94 100  84  89  90  81
 [37]  67  73  87  87  74  69  79 100  92  88  83  74  82  78  78 102 105  84
 [55]  80 102 114 103 100  97 106 121 128 115 102 117 117 136 153 171 140 138
 [73] 129 140 141 169 154 137 171 178 183 167 185 197 187 197 220 194 198 238
 [91] 215 234 257 272 281 278 304 294 317 362 375 379 389 427 431 431 432 499
[109] 472 500 475 537 594 595 577 536 616 644 666 668 688

[[93]]
  [1]  10  11   6   7  11  11  14  10   9  13  15  14  28  18  11   7  11  17
 [19]  17  12  11  18  11  22  17  20  15  18  19  21  21  22  17  15  14  11
 [37]  15   8   8  14  14  15  18  20  14  19  24  22  18  35  56  51  49  47
 [55]  35  41  48  64  61  36  35  41  50  73  65  65  77 103  87  95 104  83
 [73]  97 120 115 133 128 145 140 132 157 187 177 171 171 175 182 204 240 264
 [91] 234 239 220 251 284 274 281 310 339 361 358 370 391 394 429 525 484 496
[109] 531 623 623 610 645 636 696 754 750 762 808 822 839

[[94]]
  [1]  10   7  14  15  22  15  15  22  28  26  27  23  39  53  33  27  27  33
 [19]  24  37  30  34  27  42  48  41  37  46  54  52  61  49  57  57  60  67
 [37]  54  50  54  44  49  71  60  59  51  49  50  77  74  82  80  71  69  62
 [55]  73  92  77  79  81  79  96 133 118 120 128 143 125 133 128 150 161 150
 [73] 153 175 182 171 145 135 166 185 172 170 224 194 190 196 227 238 230 233
 [91] 258 255 267 245 248 315 318 306 272 303 356 406 435 440 471 448 466 473
[109] 480 525 532 493 494 529 542 559 627 679 711 668 735

[[95]]
  [1]  10  21  22  20  12  12  13  19  22  25  22  20  20  17  13  11  24  17
 [19]  19  18  16  22  19  29  28  26  33  37  25  22  25  37  46  33  32  38
 [37]  44  44  34  30  38  39  33  37  41  45  33  33  29  30  63  58  64  62
 [55]  66  65  78  75  76  74  71  83  73  68  87  87 103  84  92 106 104 110
 [73] 124 127 116 117 152 157 138 153 160 175 180 194 198 199 207 205 218 228
 [91] 245 242 236 262 266 328 339 324 325 319 327 397 394 386 404 414 460 445
[109] 455 457 425 479 488 498 473 495 536 570 627 710 714

[[96]]
  [1]   10    6    5   17   24   12   13   15   21   37   42   41   38   41   42
 [16]   42   54   58   56   67   59   76   60   59   61   49   54   63   78   66
 [31]   86   84   76   69   79   84   89   82   75   80   93   82   76   76   63
 [46]   78  100  102   98   97  112  129  121  169  153  154  153  140  160  157
 [61]  133  144  153  154  155  184  185  192  201  226  246  218  254  242  234
 [76]  241  247  274  265  273  256  269  336  344  335  352  361  370  431  435
 [91]  459  485  506  532  576  597  613  632  670  684  748  784  742  794  863
[106]  862  930 1007 1002 1051 1026 1119 1240 1222 1288 1410 1429 1467 1486 1566
[121] 1565

[[97]]
  [1]  10  10   8  11   9  21  27  14  13  13  22  36  36  28  21  34  27  31
 [19]  44  34  37  44  46  45  42  46  55  47  49  57  56  50  55  60  55  58
 [37]  61  65  62  61  76  76  59  61  55  65  68  59  60  67  65  74  80  87
 [55]  86 104  96 102  91 105 124 135 137 127 122 120 137 124 156 143 131 145
 [73] 150 187 177 146 167 174 196 200 184 199 211 241 250 263 243 233 255 270
 [91] 274 279 284 317 326 323 346 376 397 391 414 410 474 462 521 526 504 528
[109] 564 584 562 612 710 720 745 765 809 812 818 846 929

[[98]]
  [1]  10  16   8   7   6  11  23  21  12  11  15  16  15  19  22  26  17  16
 [19]  14  23  25  26  21  19  25  33  29  26  26  20  19  29  17  23  18  21
 [37]  17  15  18  24  33  36  31  22  21  19  26  24  26  32  19  21  14  12
 [55]  15  13  13  17  21  17  24  25  33  25  41  46  41  36  27  25  34  40
 [73]  39  30  36  45  57  42  41  40  46  50  36  38  38  39  40  36  29  31
 [91]  35  38  44  41  41  42  42  53  61  63  78  76  77  82 113 113 125 138
[109] 140 137 128 144 152 199 207 186 175 182 199 187 211

[[99]]
  [1]  10  11   7   5   4   3   2   2   2   1   1   1   1   8   8   4   3   2
 [19]   2   8   4   4   4   4   4   5   4   9  13  12   9   9  13  17  21  15
 [37]  23  23  13  17  17  14  23  22  25  25  26  18  16  10  24  26  25  31
 [55]  34  32  34  38  51  32  43  41  50  43  39  39  46  54  54  59  59  58
 [73]  50  45  53  76  63  57  59  68  80 113 103  90  81  85 102  93  79  77
 [91]  95 115 118 119 113  99 104 120 132 162 136 132 124 144 152 164 198 202
[109] 199 198 209 182 201 227 241 269 251 274 270 271 294

[[100]]
  [1]   10   14   20   12   10   26   22   13   11    8   18   22   25   25   25
 [16]   23   16   15   15   19   14   12   14   10   20   32   22   16   28   22
 [31]   21   26   45   55   56   42   37   53   50   38   46   64   53   66   75
 [46]   65   56   94   90   75   90  109  114  104  116  140  141  142  128  125
 [61]  114  140  142  157  172  188  214  174  180  182  185  196  199  248  265
 [76]  268  264  268  301  296  317  322  331  321  364  359  363  389  396  462
 [91]  466  538  564  566  538  533  592  669  639  680  691  698  756  742  776
[106]  761  790  810  909  937 1010 1008 1018 1084 1141 1215 1239 1267 1351 1365
[121] 1447

[[101]]
  [1] 10 15  9  6  4  3  3  2  1  0  0  0  0  0  0  0  0  0  0  0  0  0  0  0  0
 [26]  0  0  0  0  0  0  0  0  0  0  0  0  0  0  0  0  0  0  0  0  0  0  0  0  0
 [51]  0  0  0  0  0  0  0  0  0  0  0  0  0  0  0  0  0  0  0  0  0  0  0  0  0
 [76]  0  0  0  0  0  0  0  0  0  0  0  0  0  0  0  0  0  0  0  0  0  0  0  0  0
[101]  0  0  0  0  0  0  0  0  0  0  0  0  0  0  0  0  0  0  0  0  0

[[102]]
  [1]   10   15   16   17   20   21   23   35   34   26   25   43   42   41   37
 [16]   37   40   43   47   46   42   50   43   54   58   63   68   74   80   88
 [31]   96  102  100  112   96  114   99   93  104  125  177  168  184  211  221
 [46]  265  260  273  279  272  300  345  328  309  336  356  424  442  470  432
 [61]  449  484  506  526  525  552  614  649  619  644  722  802  811  745  821
 [76]  910  979  950  967  980 1091 1119 1252 1223 1230 1273 1319 1374 1430 1380
 [91] 1505 1489 1470 1635 1738 1699 1812 1859 1938 2047 2157 2116 2200 2287 2367
[106] 2447 2450 2625 2736 2814 2878 3048 3213 3329 3501 3664 3706 3767 4008 4143
[121] 4330

[[103]]
  [1]   10   13   20   17   11   19   24   22   22   30   22   27   23   21   20
 [16]   30   34   34   28   38   28   54   42   43   39   52   53   52   59   60
 [31]   62   55   60   71   86   85  104   91  113  122  118  105  106  115  127
 [46]  137  128  127  146  174  151  149  156  161  151  174  179  201  228  245
 [61]  259  250  254  266  277  311  301  292  348  428  375  424  481  507  476
 [76]  509  552  673  632  675  671  724  797  803  835  890  918  985 1005 1057
 [91] 1088 1129 1139 1191 1218 1271 1277 1323 1330 1414 1516 1570 1641 1804 1805
[106] 1803 1900 1972 2163 2161 2184 2318 2402 2491 2602 2644 2744 2813 2938 3071
[121] 3149

[[104]]
  [1]   10   10   13   13   11   10   14   19   17   15   27   23   20   18   24
 [16]   38   38   29   26   20   20   27   38   35   39   37   43   32   35   47
 [31]   68   59   42   40   38   53   55   76   61   64   57   81   90   88   88
 [46]   88   91   91  107   93  134  131  149  137  136  131  161  171  212  230
 [61]  226  291  322  325  310  340  348  344  369  401  383  384  383  413  431
 [76]  458  473  535  554  564  594  599  666  751  825  826  869  879  936  939
 [91]  998 1059 1158 1122 1191 1129 1210 1211 1349 1490 1501 1643 1644 1603 1759
[106] 1841 1813 1933 2070 2156 2252 2407 2386 2458 2548 2627 2774 2953 3161 3190
[121] 3298

[[105]]
  [1]  10  12   9   9   8  14  14  11   8  12  21  20  14  15  15  19  13  20
 [19]  24  19  22  30  19  24  16  26  27  30  28  23  21  24  38  31  23  34
 [37]  29  40  32  29  39  52  40  40  36  51  51  30  51  43  39  38  41  57
 [55]  59  53  48  47  46  48  49  55  45  41  44  38  47  45  48  56  43  42
 [73]  52  61  60  52  55  55  61  61  56  55  61  58  68  69  93  78  88  71
 [91]  78  77  84  66  77  96 105  88  90 107 111 107 130 160 161 173 146 148
[109] 154 180 201 208 172 158 184 230 219 210 244 224 263

[[106]]
  [1] 10 18 13 12 15 11 11 17 14  9  6 11 14 10  8  6  4  3  9 10  6  8  3  2  2
 [26]  2  6  4  2  2  1  1  9  5  4  3  3  7  5  3  3  2  2  1  4  3  1  0  0  0
 [51]  0  0  0  0  0  0  0  0  0  0  0  0  0  0  0  0  0  0  0  0  0  0  0  0  0
 [76]  0  0  0  0  0  0  0  0  0  0  0  0  0  0  0  0  0  0  0  0  0  0  0  0  0
[101]  0  0  0  0  0  0  0  0  0  0  0  0  0  0  0  0  0  0  0  0  0

[[107]]
  [1] 10 11 14  9  6  6  4  1  1  1  0  0  0  0  0  0  0  0  0  0  0  0  0  0  0
 [26]  0  0  0  0  0  0  0  0  0  0  0  0  0  0  0  0  0  0  0  0  0  0  0  0  0
 [51]  0  0  0  0  0  0  0  0  0  0  0  0  0  0  0  0  0  0  0  0  0  0  0  0  0
 [76]  0  0  0  0  0  0  0  0  0  0  0  0  0  0  0  0  0  0  0  0  0  0  0  0  0
[101]  0  0  0  0  0  0  0  0  0  0  0  0  0  0  0  0  0  0  0  0  0

[[108]]
  [1]  10  14  10   8   7   7   9   8   7   6   8   5   5   4   8  11   8   4
 [19]   4  11  16  16  30  36  39  32  39  33  35  32  52  56  58  37  30  30
 [37]  44  51  45  50  50  35  37  27  32  31  45  41  28  33  32  33  41  45
 [55]  48  77  67  66  61  65  60  64  68  81  81  83  62  58  80  72  69  75
 [73]  70  68  94  93 127 122 129 129 140 112 112 132 129 158 150 149 176 177
 [91] 164 170 198 184 181 197 198 223 233 221 196 226 217 225 263 279 276 277
[109] 281 309 297 313 311 306 305 313 306 359 359 349 409

[[109]]
  [1]  10   8   6   4   4   4   9   7   4   3   5   3   6   5   5   4   4   4
 [19]   7  12  26  18  20  21  16  13   9  11  22  36  30  31  28  27  50  68
 [37]  57  42  59  45  40  46  47  49  44  60  47  53  62  74  67  74  66  61
 [55]  76  65  65  81 100  98  99 104 103 109 114 129 140 131 118 119 138 135
 [73] 131 143 136 128 121 176 194 166 167 175 153 160 179 178 184 172 207 217
 [91] 222 238 259 244 243 299 327 330 321 364 375 376 418 438 499 481 497 531
[109] 575 540 563 628 651 694 688 677 673 741 787 763 758

[[110]]
  [1] 10 15 11  7  7  4  4  1  1  1  1  4  4  1  0  0  0  0  0  0  0  0  0  0  0
 [26]  0  0  0  0  0  0  0  0  0  0  0  0  0  0  0  0  0  0  0  0  0  0  0  0  0
 [51]  0  0  0  0  0  0  0  0  0  0  0  0  0  0  0  0  0  0  0  0  0  0  0  0  0
 [76]  0  0  0  0  0  0  0  0  0  0  0  0  0  0  0  0  0  0  0  0  0  0  0  0  0
[101]  0  0  0  0  0  0  0  0  0  0  0  0  0  0  0  0  0  0  0  0  0

[[111]]
  [1]  10  10   8   9   6   5   4   3   3   2   1   8   5   4   4   2   2   2
 [19]   2   8   6   9   6  12   8  14  24  16  11  17  18  25  27  25  29  19
 [37]  15  12  23  17  17  18  17  32  32  25  21  20  44  55  61  58  71  93
 [55]  86  67  83  83  98 115 114 116 102 122 113 123 113 132 126 129 137 141
 [73] 139 136 143 149 153 120 156 186 171 169 165 175 188 181 192 206 206 193
 [91] 193 276 243 265 269 272 300 357 342 353 366 367 399 434 454 467 543 551
[109] 538 546 602 630 631 671 642 689 785 795 814 873 903

[[112]]
  [1]   10   18   19   13   18   15   13   24   25   29   35   51   50   43   36
 [16]   50   50   47   38   47   48   41   59   58   74   72   75   68   76   74
 [31]   69   67   87   88   83   90   95   97   86  103  112  108  118  128  120
 [46]  113  122  118  145  144  127  128  149  121  158  162  168  183  195  182
 [61]  203  181  155  182  209  224  263  247  239  238  230  226  250  283  280
 [76]  293  288  269  309  319  375  388  359  372  402  450  435  485  488  550
 [91]  547  545  587  615  637  638  697  734  742  758  852  898  933  922  960
[106]  991 1034 1144 1184 1211 1250 1299 1336 1283 1337 1325 1427 1526 1523 1644
[121] 1687

[[113]]
  [1] 10 13 14 12 13 13  8 10  5  7 10  7  6  6 11  9  6 10  8  8  8  7 12 22 16
 [26] 13 12  8  8 11 13  9 16 14  9  7  6 10  8  8  6  5  5  5  3  8  2  2  1  0
 [51]  0  0  0  0  0  0  0  0  0  0  0  0  0  0  0  0  0  0  0  0  0  0  0  0  0
 [76]  0  0  0  0  0  0  0  0  0  0  0  0  0  0  0  0  0  0  0  0  0  0  0  0  0
[101]  0  0  0  0  0  0  0  0  0  0  0  0  0  0  0  0  0  0  0  0  0

[[114]]
  [1]   10   12    7   10   15   14   12    9    9    5    5    9    7   13   18
 [16]   18   18   13   12   14   21   22   20   22   23   22   17   16   21   24
 [31]   22   26   38   44   50   55   40   56   53   51   50   58   58   69   52
 [46]   63   72   63   71   78   71   79   71   69   77   79   82  107  127  111
 [61]  103  112  121  153  119  113  136  157  177  168  178  195  194  195  222
 [76]  236  242  239  263  281  310  284  302  307  315  306  302  277  312  377
 [91]  354  368  376  382  399  421  426  426  474  490  500  541  579  597  576
[106]  656  667  683  755  850  832  876  852  890  877  890  900  980  976 1044
[121] 1074

[[115]]
  [1]  10  15  25  19  12  18  20  21  24  25  21  20  22  34  41  35  29  30
 [19]  32  35  35  32  37  33  47  43  40  36  28  39  35  36  42  56  57  48
 [37]  48  54  56  65  77  82  71  67  67  72  89  64  56  63  77  81  78  79
 [55]  65  74  67  79  83  87  99  82  89 101  92  97 118 103 130 131 132 134
 [73] 129 127 124 134 196 192 213 198 212 223 217 208 226 296 326 337 313 318
 [91] 321 354 331 362 307 366 313 327 334 303 328 359 385 420 393 431 389 411
[109] 436 553 564 607 600 595 641 696 693 669 747 753 729

[[116]]
  [1]   10   15   20   15   28   21   16   26   35   41   46   40   64   53   51
 [16]   52   43   52   66   64   56   45   42   64   64   61   54   58   67   80
 [31]   77   65   78   85   95   94   84   87   92   96  101  107  120  137  140
 [46]  148  120  142  163  163  164  172  185  224  185  189  211  205  222  236
 [61]  250  220  252  221  242  259  264  291  301  344  351  394  386  411  383
 [76]  471  465  455  488  478  493  481  524  551  576  654  684  629  704  736
 [91]  776  772  819  877  881  955 1087 1088 1158 1089 1137 1175 1173 1278 1377
[106] 1453 1486 1573 1591 1610 1712 1649 1760 1791 1887 1990 2065 2148 2196 2345
[121] 2538

[[117]]
  [1]  10  18  10   6  11  13  12  13  16  17  14  16  18  25  17  13  10  14
 [19]  16  17  15  13  13  24  37  35  34  35  39  38  45  37  55  49  47  56
 [37]  55  46  60  57  39  37  51  46  52  55  53  48  52  51  55  75  93  84
 [55]  83  82  79  90  84  90  73  93 104  84  86 102 123 123 119 119 121 108
 [73] 119 145 138 149 166 160 185 162 174 177 182 187 183 162 174 188 178 204
 [91] 183 175 186 190 210 198 187 211 260 250 261 273 245 234 230 237 260 299
[109] 283 281 317 298 327 357 381 361 428 366 394 382 389

[[118]]
  [1]  10  15  14  19  16  21  28  25  26  16  10  16  13  18  15  14  10  10
 [19]  13  23  27  32  33  27  35  38  39  49  49  72  58  60  62  49  44  45
 [37]  57  54  39  46  38  37  30  28  32  31  24  25  35  31  35  37  29  23
 [55]  28  42  49  38  36  35  39  52  57  65  65  65  62  53  53  68  78  82
 [73]  87  90  97  84  96 105 128 108 111 108 127 136 158 141 143 132 135 128
 [91] 142 166 170 150 153 175 173 183 221 207 223 235 197 218 199 211 247 246
[109] 245 238 265 254 302 297 283 324 356 349 344 335 370

[[119]]
  [1]   10   12   15   16   15   16   12   14   12   13   14   12   10   20   18
 [16]   18   19   31   29   40   40   36   31   32   51   53   84   70   70   72
 [31]   79   80  115  121  103  103  104  106  112  113  126  150  149  155  141
 [46]  146  128  152  170  172  161  169  162  170  211  242  269  267  288  261
 [61]  258  271  329  338  346  324  337  383  389  391  408  445  502  481  473
 [76]  496  494  494  565  654  637  666  707  689  811  783  752  833  836  818
 [91]  849  900  970  976 1014 1043 1098 1099 1143 1300 1403 1356 1408 1459 1534
[106] 1535 1681 1758 1896 1904 1978 2068 2214 2224 2410 2460 2597 2710 2671 2759
[121] 2849

[[120]]
  [1]   10   20   30   31   29   19   27   26   26   31   27   23   24   33   25
 [16]   29   36   39   31   27   38   41   34   33   26   40   44   35   27   25
 [31]   45   51   66   70   68   66   63   74   85   88   79   75   98  115  117
 [46]  101  104  111  101  136  182  157  142  143  141  151  198  173  178  209
 [61]  203  183  194  258  282  327  297  314  311  312  340  356  346  412  451
 [76]  444  481  484  459  496  549  561  573  624  655  597  606  655  726  754
 [91]  744  744  801  843  882  927  996  952 1056 1150 1189 1272 1253 1321 1385
[106] 1473 1615 1579 1761 1806 1785 1863 1952 2134 2076 2127 2206 2348 2554 2604
[121] 2668

[[121]]
  [1]   10   19   22   31   26   25   33   35   40   33   39   40   33   39   47
 [16]   45   64   64   63   82   60   81   80   80  118  102  132  126  143  140
 [31]  149  155  167  170  188  191  214  204  225  239  242  232  299  312  278
 [46]  306  321  369  356  375  365  356  371  367  376  443  459  456  508  508
 [61]  513  538  590  568  579  636  661  729  690  663  704  699  764  821  878
 [76]  876  947  925  976 1012 1114 1174 1191 1197 1209 1321 1451 1426 1555 1604
 [91] 1586 1651 1709 1813 1930 1943 2067 2134 2279 2307 2398 2510 2460 2466 2662
[106] 2750 2906 2966 3045 3212 3347 3565 3641 3689 3964 4195 4359 4481 4625 4906
[121] 5186

[[122]]
  [1] 10 16 17 11  7  7  7  5 13 10 13 16 12 16 23 21 22 24 19 28 28 23 37 27 22
 [26] 16 19 15 19  9  6  6 12 11  9  7  6 11  5  2  2  1  1  1  1  1  6  3  3  2
 [51]  2  1  1  1  1  1  9  8  3  3  3  4  3  8  6  5  4  4  4 12 16 12 10  9  7
 [76] 12 14  8 13  8 12  9  9  6  6 15 14  9 10 11  7  6  5 10  7  6 12  4  3  3
[101]  3  3  3  3  3  6 10 13 10 14 19 16 15 13 17 16 27 24 17 16 18

[[123]]
  [1]   10    7    7    7    9    6    6    5   15    8   12   20   13   15   11
 [16]   10    8   22   30   27   25   25   23   34   32   40   31   27   41   44
 [31]   52   51   68   63   74   73   71   87  103  109  126  132  120  110  126
 [46]  145  171  196  197  186  211  265  298  258  256  284  285  343  319  374
 [61]  362  369  383  427  457  477  459  495  529  576  607  586  637  609  673
 [76]  692  661  708  784  758  760  774  821  860  904  893  989 1061 1080 1149
 [91] 1202 1301 1280 1315 1388 1537 1537 1597 1580 1686 1765 1836 1916 1884 2030
[106] 2166 2314 2367 2557 2633 2624 2803 2884 3093 3053 3085 3315 3561 3792 3891
[121] 3864

[[124]]
  [1]  10   5   3   1   1   1   8  10   7   6   4   6   9   8   7   7   5   4
 [19]   3   3   9  11  12  13  17  18  16  17  37  23  24  27  27  25  27  23
 [37]  23  41  44  40  39  41  31  27  21  27  31  37  47  42  41  33  47  48
 [55]  60  65  60  65  65  79  88  90 101 112 122 108 122 153 148 170 167 181
 [73] 162 146 136 170 174 191 198 199 186 210 223 214 221 242 217 274 260 271
 [91] 269 301 310 309 303 301 292 324 313 336 338 384 390 432 443 435 476 487
[109] 482 506 510 599 580 612 650 646 615 627 736 754 816

[[125]]
  [1]  10  12   9   7   9   9  13  10  10  11  21  17  19  32  26  20  18  16
 [19]  24  19  18  15  14  22  21  32  26  23  36  38  29  29  41  36  36  33
 [37]  41  45  36  36  35  40  40  55  44  38  57  57  42  36  48  54  77  92
 [55]  87  67  69  77  81  80  91  91  83  89  87  75  71  72  71  81  97 106
 [73] 107 114 127 117 123 112 120 161 150 145 122 161 198 165 163 166 172 170
 [91] 179 202 212 250 245 231 275 252 246 254 282 288 296 297 310 343 367 373
[109] 387 398 366 387 374 397 441 461 509 507 560 552 566

[[126]]
  [1]  10   9  12   8  13  10  10   8   9   9   9  16  15  18  14  10   8  11
 [19]  23  27  19  19  22  18  20  16  32  20  24  16  16  24  23  26  23  24
 [37]  25  24  17  13  11  17  18  19  18  12  12  10  10   8  12  19  23  22
 [55]  39  31  35  37  52  71  70  59  67  64  81  70  75  89  86  80  94 106
 [73] 101  95  79 109 114 109 123  99 117  99 116  98 113 124 120 112 129 136
 [91] 152 135 160 169 164 153 148 154 192 175 176 175 176 172 182 195 232 236
[109] 245 237 222 253 267 285 290 292 338 368 328 371 377

[[127]]
  [1]  10  11   6   5   9   7   5   5   4   4   3  11  10   7   7   7  12  10
 [19]  18  13  17  25  17  15  12  10  17  14  20  12  15  12  16  12  11   7
 [37]   5  11   7  10  11  12  11   8   7   6   9   7   4   3   2   2   2   7
 [55]  12   8   6  10  15  12  11   9   9  11  15  11  20  31  26  23  20  17
 [73]  23  25  17  19  26  33  35  33  23  18  35  28  45  41  41  58  48  33
 [91]  40  42  52  48  52  46  58  70  56  56  52  59  71  71  67  68  93  94
[109]  98 130 109  90 104 132 149 139 150 179 177 207 189

[[128]]
  [1]   10   10   14   16   16   16   17   26   21   19   24   32   25   18   24
 [16]   36   30   32   39   37   41   34   30   48   48   52   48   43   59   70
 [31]   53   50   53   46   56   50   51   72   62   64   73   65   71   80   80
 [46]   76   94   73   88   87  145  135  111  138  141  167  168  172  171  173
 [61]  186  223  230  247  219  250  242  268  302  313  321  345  344  358  370
 [76]  355  358  401  415  442  473  470  483  516  546  554  577  636  630  659
 [91]  658  740  766  817  817  865  862  954  963  967 1021 1115 1234 1274 1312
[106] 1402 1473 1564 1667 1611 1636 1770 1820 1915 2036 2046 2156 2188 2149 2196
[121] 2379

[[129]]
  [1]   10    9    9    8    7   11   18   19   15   15   24   34   40   49   41
 [16]   39   48   34   47   46   45   46   53   46   58   62   66   67   64   60
 [31]   60   51   52   51   56   67   78   91   78   89   86   85   78   86   84
 [46]   83   86   71   85   82   88   97  108  109   87  107  115  123  117  149
 [61]  147  147  186  178  163  158  154  166  187  174  193  176  196  235  255
 [76]  231  256  283  316  292  285  315  391  405  385  403  410  467  495  482
 [91]  511  522  541  541  562  619  616  639  634  682  694  726  745  805  857
[106]  894  921  975  962  977 1051 1045 1087 1164 1150 1247 1231 1358 1282 1355
[121] 1386

[[130]]
  [1]   10   17   12   14   19   20   23   19   17   23   48   56   60   58   64
 [16]   69   69   58   90   77   73   86   80   72   75   81   81   74   94   97
 [31]   98   83  105   99  103  104  115  128  144  155  137  184  168  160  181
 [46]  203  226  207  250  247  225  242  266  266  264  244  291  307  353  360
 [61]  359  354  374  410  406  409  436  451  506  525  502  490  518  534  546
 [76]  567  615  620  583  589  576  671  689  698  714  799  833  838  843  909
 [91]  986  985  913  969 1025 1013  975 1064 1132 1201 1195 1367 1394 1440 1524
[106] 1525 1586 1604 1671 1782 1854 1905 1935 1983 2012 2077 2184 2296 2393 2490
[121] 2548

[[131]]
  [1]   10   10    9   21   17   25   13   11    9    9   16   12   16   21   19
 [16]   25   27   17   18   18   13   16   19   16   16   24   27   24   25   20
 [31]   23   31   30   31   28   21   19   32   32   25   18   21   21   28   30
 [46]   25   38   40   57   63   49   58   56   67   50   49   61   67   47   51
 [61]   60   81   93   98  102  104  112  113  136  156  156  185  176  182  207
 [76]  221  237  225  222  238  256  283  278  297  326  284  276  294  320  335
 [91]  355  361  339  360  404  490  513  507  555  563  602  603  604  641  719
[106]  734  724  794  865  890  857  890  901  939  931 1031 1071 1144 1154 1145
[121] 1187

[[132]]
  [1]   10   12    8   10   13   15   12   15   17   13   12   16   11   13   14
 [16]   11   18   12   16   16   26   30   30   37   35   36   44   45   54   47
 [31]   69   65   52   76   73   66   87   96  100   95   76   83  110  128  115
 [46]  121  101  131  160  151  135  123  180  180  155  158  158  162  192  208
 [61]  213  235  275  254  279  281  288  284  298  347  370  352  376  389  407
 [76]  454  473  490  474  524  525  566  606  557  567  592  694  682  700  751
 [91]  747  770  842  856  893  950  956 1018 1089 1127 1161 1235 1289 1330 1362
[106] 1421 1452 1483 1601 1699 1791 1751 1731 1812 1953 2011 2027 2095 2226 2243
[121] 2306

[[133]]
  [1]   10   11   12   10   13   13   23   20   20   17   24   23   26   27   22
 [16]   24   25   39   30   32   26   23   43   44   41   39   43   39   44   55
 [31]   52   41   40   37   43   47   47   42   46   49   62   46   52   58   55
 [46]   60   63   63   64   54   63   63   56   81   94   69   69   57   78   82
 [61]   98  119  113  123  107  105   95  109  111  153  153  147  173  191  182
 [76]  207  233  221  233  260  244  261  278  336  370  386  385  415  406  466
 [91]  511  536  555  564  616  612  638  672  726  766  753  768  751  758  805
[106]  792  839  860  867  890  947  977  976 1044 1070 1137 1129 1242 1330 1348
[121] 1307

[[134]]
  [1]   10   14    9   12    8    7    7    6    5    3    8    7    5    8   17
 [16]   25   20   25   25   24   34   37   29   32   33   36   34   34   36   39
 [31]   28   28   24   35   38   38   51   53   58   47   46   76   72   87   87
 [46]   84   84   76   83   82   77   76   96  115  119  118  117  107  110  107
 [61]  143  130  116  133  135  135  153  167  173  203  194  214  189  223  229
 [76]  208  230  236  268  275  245  283  285  307  298  321  289  311  315  349
 [91]  402  438  433  496  422  495  505  498  508  583  576  581  592  623  667
[106]  729  743  789  823  819  804  857  910  873  965  988  978  977 1004  983
[121] 1091

[[135]]
  [1]   10   17   17   16   12   15   19   17   33   30   28   26   22   39   35
 [16]   33   41   44   37   38   31   34   40   37   48   53   52   53   55   52
 [31]   48   51   44   46   47   55   76   61   68   81   71   77   74   85   74
 [46]   77   82   87   84   98   90   93  102  114  136  120  117  137  167  155
 [61]  147  154  150  178  163  178  188  208  225  234  236  255  221  235  251
 [76]  269  294  297  350  315  349  340  355  374  427  429  429  469  490  507
 [91]  547  583  633  643  682  726  738  751  795  891  934  888  898 1007 1032
[106] 1093 1103 1215 1204 1127 1155 1310 1338 1462 1470 1532 1645 1656 1724 1864
[121] 1853

[[136]]
  [1]  10   8  12   9   9   7  10  16  16  20  16  19  14  12  24  28  29  20
 [19]  21  18  31  30  36  37  39  45  51  49  44  44  42  30  38  36  30  40
 [37]  45  44  33  41  47  58  55  55  60  74  58  70  70  86  93  94 118 113
 [55]  96  95 103 121  96  85 105 131 132 119 128 137 131 164 145 155 169 154
 [73] 158 148 152 201 192 196 174 199 220 223 224 238 275 272 303 327 369 408
 [91] 402 423 399 373 382 418 448 444 433 429 472 474 514 515 529 552 560 612
[109] 620 581 560 655 767 779 792 788 831 874 884 930 914

[[137]]
  [1] 10 13 15 24 22 20 14 16 10 10 20 19 19 16 15 19 14 14 11 15 22 20 17 16 17
 [26] 14 13 17 12 14  6  5  5  4  3  3  3  2  2  1  1  0  0  0  0  0  0  0  0  0
 [51]  0  0  0  0  0  0  0  0  0  0  0  0  0  0  0  0  0  0  0  0  0  0  0  0  0
 [76]  0  0  0  0  0  0  0  0  0  0  0  0  0  0  0  0  0  0  0  0  0  0  0  0  0
[101]  0  0  0  0  0  0  0  0  0  0  0  0  0  0  0  0  0  0  0  0  0

[[138]]
  [1] 10  7  6  7 15 12  7  4  3  3  9  5  3  2  2  5  4  3  3 10  7 11  7 14 18
 [26] 21 23 16 10  9  7  7 14 14 10  9  8  4  4  3 11 10  7  3  3  2  1  1  5  4
 [51]  3  3  2  2  2  2  2  6 12 16 10  6  4  4  3  0  0  0  0  0  0  0  0  0  0
 [76]  0  0  0  0  0  0  0  0  0  0  0  0  0  0  0  0  0  0  0  0  0  0  0  0  0
[101]  0  0  0  0  0  0  0  0  0  0  0  0  0  0  0  0  0  0  0  0  0

[[139]]
  [1] 10 17 13  8 10  8 15  8  5  5 12 10 10  6  6 12  7  6 12 11  9  8  7 10  5
 [26]  9 10 12  6 11  9  6 10  8  7  6  9  7  6  5  5  5  7  4  3  2  2  2  1  6
 [51]  5  5  4  3  3 10  3  3  3  3  2  2  2  1  1  1  1  1  3  1  1  1  8  3  5
 [76]  3  2  2  1  0  0  0  0  0  0  0  0  0  0  0  0  0  0  0  0  0  0  0  0  0
[101]  0  0  0  0  0  0  0  0  0  0  0  0  0  0  0  0  0  0  0  0  0

[[140]]
  [1]  10  22  14  24  20  17  15  11   8  12  11  15  13  10  15  13  16  17
 [19]  15  31  20  15  13  10   9   9  22  22  28  21  15  24  21  18  13  10
 [37]  29  26  25  16  13  17  16  22  19  16  24  15  15  20  23  21  17  14
 [55]  21  24  36  32  31  32  37  39  39  41  50  75  73  59  57  52  56  57
 [73]  61  74  81  66  73  73  78  86  98 102 108 119 108 135 126 116 105 119
 [91] 150 176 174 159 182 155 163 186 225 193 196 198 214 229 217 246 224 279
[109] 273 300 305 346 370 353 355 360 395 424 439 466 545

[[141]]
  [1]  10  12  13  26  20  18  20  20  27  43  40  43  58  56  70  60  58  50
 [19]  48  53  48  55  57  48  43  47  43  52  57  70  82  62  58  73  76  57
 [37]  71  81  88  78  78  90  98  84  88  93  87 105  99  87  75  88  86 100
 [55]  98 104 100 117 146 117 116 137 170 146 178 137 169 173 152 155 161 178
 [73] 200 188 174 175 150 180 179 181 175 207 197 217 203 232 229 243 231 266
 [91] 269 273 262 280 281 287 302 286 307 321 330 354 365 366 360 351 415 396
[109] 436 480 515 512 545 628 635 630 653 668 730 771 803

[[142]]
  [1]  10   9   7  10   8  14   9  18  12  21  17  14  25  19  18  15  18  11
 [19]  15  19  15  18  12   9  20  14  11  18  15  12  15  23  42  39  25  28
 [37]  32  48  55  48  51  39  47  40  40  49  52  54  68  44  44  40  44  56
 [55]  56  48  55  43  59  73  73  91  90  90  96  94  78  79  74  76  85  82
 [73]  66  61  67  70  69  75  85  77  79  83  69  80  65  99 114 115 111 103
 [91] 103 125 128 120 132 130 157 149 181 137 142 142 137 194 186 210 191 184
[109] 205 209 188 213 211 206 234 202 206 231 213 248 279

[[143]]
  [1]  10  17  16   9  16  10  16  18  12  15  17  18  18  17  19  13   9  17
 [19]   9  15  20  13  13  17  10  17  13  12   8  11   7   5   4   6   4   4
 [37]  12  13  11  11  11  13  10   8  13  14  14  10  15  13  14  20  21  26
 [55]  17  29  32  34  36  46  38  49  51  71  45  53  69  96  94  93 101 114
 [73] 119 121 121 153 181 153 136 136 170 175 162 167 179 189 212 216 208 202
 [91] 218 201 205 214 218 226 241 229 222 224 237 248 277 287 317 363 347 323
[109] 329 368 404 408 456 488 523 555 564 538 621 714 701

[[144]]
  [1]   10    5   12   19   25   22   19   19   30   40   39   30   27   19   29
 [16]   25   26   32   44   40   44   35   36   42   44   59   71   65   72   59
 [31]   79   86   86   83   84  110  132  140  127  130  105  157  137  141  138
 [46]  141  165  149  136  142  172  197  222  213  243  238  264  262  242  277
 [61]  285  284  284  291  307  338  342  383  365  416  406  424  478  522  521
 [76]  573  567  614  666  658  738  779  787  783  833  895  942  932  938 1009
 [91]  996 1008 1079 1103 1191 1298 1318 1376 1495 1593 1559 1597 1666 1761 1896
[106] 1873 1932 1982 2033 2175 2336 2408 2428 2389 2491 2722 2799 2999 3146 3193
[121] 3255

[[145]]
  [1]  10  15  13   9   8   4  10   7   8   5   3   5   4   3   3  10  12   6
 [19]   6   5   4   9  19  17  13  12  16  17  13  10   7   7   6  10   8  16
 [37]  20  18  15  21  40  33  26  26  24  27  41  27  22  28  29  38  28  36
 [55]  33  31  29  35  44  47  45  37  43  53  54  41  51  44  54  54  68  82
 [73]  68  61  77  91  99 115 106 133 138 158 168 182 194 189 195 189 196 235
 [91] 232 224 247 258 248 260 289 302 308 283 298 356 346 348 353 341 344 404
[109] 460 458 432 504 524 566 545 595 530 563 561 639 654

[[146]]
  [1] 10 11 13 15 10 19 13  8  7  2  5  4  3  2  5  4  2  7  3  3  2  2  2  1  1
 [26]  1  1  6  3  1  1  1  1  3  2  4  2  1  1  1  1  1  1  1  1  0  0  0  0  0
 [51]  0  0  0  0  0  0  0  0  0  0  0  0  0  0  0  0  0  0  0  0  0  0  0  0  0
 [76]  0  0  0  0  0  0  0  0  0  0  0  0  0  0  0  0  0  0  0  0  0  0  0  0  0
[101]  0  0  0  0  0  0  0  0  0  0  0  0  0  0  0  0  0  0  0  0  0

[[147]]
  [1]   10   13    9    7    6   18   21   32   31   28   37   32   37   33   48
 [16]   51   34   32   31   41   44   56   42   41   35   43   45   47   46   49
 [31]   58   66   77   67   60   45   72   70   67   71   61   62   71   66   89
 [46]   87  104   99  105  101  110  132  134  129  119  113  139  158  157  182
 [61]  142  139  160  178  203  213  192  227  253  269  304  314  333  313  366
 [76]  398  421  425  434  432  444  501  556  557  564  580  650  631  728  671
 [91]  701  690  712  789  819  825  932  885  970 1017 1054 1119 1148 1177 1115
[106] 1193 1266 1367 1362 1444 1482 1518 1568 1627 1722 1786 1852 1913 2096 2168
[121] 2155

[[148]]
  [1]  10   7  14   8  13   8  11  16  10  13  11   8   8   6  10   7   7  11
 [19]   7  11  10  10   6  13   7   6   8   5   5   9   4   3   3  10   5   4
 [37]   3   3   8   6   5  11  16  13  11  21  18  21  19  12  11  20  24  30
 [55]  36  33  30  28  42  50  34  43  41  43  40  41  29  41  25  27  40  39
 [73]  41  39  59  62  75  64  58  80  70  66  70  90 105  92 129 134 144 161
 [91] 133 150 170 202 197 200 217 200 219 219 240 249 219 221 241 263 254 269
[109] 270 301 324 267 271 284 311 355 405 398 372 415 466

[[149]]
  [1]  10  11   9   8   9   8   6  10  12  16  11  10  15  13  22  19  25  26
 [19]  18  20  29  29  19  11  19  21  12  15  17  14  14  20  32  35  24  20
 [37]  33  32  45  48  44  40  40  46  46  30  38  38  32  51  38  36  36  31
 [55]  37  67  64  78  86  77  78  71  97 109 109 119 132 127 130 135 137 126
 [73] 114 150 128 122 123 118 119 119 132 141 143 144 166 176 166 202 237 252
 [91] 258 257 275 315 342 311 297 323 355 350 377 336 365 430 430 469 504 491
[109] 502 502 559 613 661 593 582 642 719 786 775 768 821

[[150]]
  [1]  10   8   8  12   8   7   6   9  12   5   4   4  10  10   9   9  19  14
 [19]  16  16  22  23  18  13  16  14  10  12  18  14  12  14  17   9   9   8
 [37]  11   5  10  13  10  12  17   9  15  19  16  17  14  19  31  21  15  13
 [55]  15  19  19  18  14  11   8   8  19  16  18  15  25  25  19  26  25  32
 [73]  39  37  40  41  44  33  39  44  65  65  55  52  60  69  75  80  81  83
 [91]  81  92  86 105 106  95  92 119 108 136 154 133 123 124 125 155 154 141
[109] 134 179 193 201 205 219 211 225 213 218 255 269 277

> save(reslist, file=paste("output",iter,".rda",sep=""))
> 
> 
> ###############################################################
> 
> 
> # Clear the workspace and turn off graphics.
> #  Load all the functions you need by sourcing the provided demographic.R file
> #  Read in the job number from the cluster. To do this, your code should include a new
> # variable iter and should start with the line:
> # iter <- as.numeric(Sys.getenv(PBS_ARRAY_INDEX))
> #  Control the random number seeds so that each parallel simulation takes place with a
> # different seed. Your function should therefore set the random number seed as iter so that
> # each parallel simulation has a unique random seed.
> #  In each parallel run, select the initial condition to be used. Ensure that 25 of the parallel
> # simulations are allocated to each of the initial conditions.
> #  Create a variable which is the filename to store your results. The end of the filename
> # should be the number iter to ensure that simulation files do not overwrite one another on
> # the cluster.
> #  Initialise a list which will contain the results of your 150 simulations.
> #  Call the stochastic_simulation function to do the appropriate simulation 150 times,
> # appending the output to the results list, and then save the results list.
> 
> #four initial conditions (25 cluster runs per)
> #each cluster run runs simulation 150 times
> #1) large population of 100 adults
> #2) small population of 10 adults
> #3) 100 individuals spread
> #4) small population of 10 individuals
> 
R has finished running

============================================

        Job resource usage summary 

                 Memory (GB)    NCPUs
 Requested  :         1             1
 Used       :         0 (peak)   0.83 (ave)

============================================
