R is about to run

R version 4.4.1 (2024-06-14) -- "Race for Your Life"
Copyright (C) 2024 The R Foundation for Statistical Computing
Platform: x86_64-conda-linux-gnu

R is free software and comes with ABSOLUTELY NO WARRANTY.
You are welcome to redistribute it under certain conditions.
Type 'license()' or 'licence()' for distribution details.

R is a collaborative project with many contributors.
Type 'contributors()' for more information and
'citation()' on how to cite R or R packages in publications.

Type 'demo()' for some demos, 'help()' for on-line help, or
'help.start()' for an HTML browser interface to help.
Type 'q()' to quit R.

> 
> 
> growth_matrix <- matrix(c(0.1, 0.0, 0.0, 0.0,
+ 0.5, 0.4, 0.0, 0.0,
+ 0.0, 0.4, 0.7, 0.0,
+ 0.0, 0.0, 0.25, 0.4),
+ nrow=4, ncol=4, byrow=T)
> 
> reproduction_matrix <- matrix(c(0.0, 0.0, 0.0, 2.6,
+ 0.0, 0.0, 0.0, 0.0,
+ 0.0, 0.0, 0.0, 0.0,
+ 0.0, 0.0, 0.0, 0.0),
+ nrow=4, ncol=4, byrow=T)
> 
> clutch_distribution <- c(0.06,0.08,0.13,0.15,0.16,0.18,0.15,0.06,0.03)
> 
> #=========================================================================================
> rm(list=ls())
> graphics.off()
> source("Demographic.R")
> source("kl2621_HPC_2024_main.R")
[1] 0 0 0 0 3
[1] 3 3 2 2 2
[1] 1 1
 [1] 7 4 4 4 3 3 3 2 2 2 2 2 2 2 1 1 1 1 1 1 1
> 
> 
> ###4 initial conditions
> 
> ############################################################
> 
> 
> 
> #VVVVVVVVVVVV-------------COMMENT ME OUT WHEN RUNNING THE THING
> #iter <- 5
> #VVVVVVVVVVV--------------UNCOMMENT ME OUT
> iter <- as.numeric(Sys.getenv("PBS_ARRAY_INDEX"))
> set.seed(iter)
> 
> 
> if (iter <= 25) {
+ initial_state <- state_initialise_adult(4,100) #100 adults
+ } else if (iter >25 && iter <= 50) {
+ initial_state <- state_initialise_adult(4,10) #10 adults
+ } else if (iter >50 && iter <= 75) {
+ initial_state <- state_initialise_spread(4,100) #100 spread
+ } else {
+ initial_state <- state_initialise_spread(4,10) #10 spread
+ }
> 
> reslist <- list()
> 
> ####100 cluster runs
> ###################################################
> ####150 runs of stochastic_simulation per cluster run
> for (i in 1:150) {
+     #################################
+     ###120 steps of stochastic_simulation per simulation
+     stochasticresult <- stochastic_simulation(initial_state,growth_matrix,reproduction_matrix,clutch_distribution,120)
+     reslist[[i]] <- stochasticresult
+     #################################
+ }
> ###################################################
> 
> print(reslist)
[[1]]
  [1]   10   35   27   27   23   22   35   43   26   28   22   23   16   25   34
 [16]   46   38   33   46   50   50   46   61   58   55   58   75   68   96   82
 [31]   76   75   84   65   60   53   61   59   55   47   38   48   51   59   70
 [46]   76   79   72   68   87   77   83   82   93   77   84   79   94  112  126
 [61]  118  102  130  140  134  150  168  166  170  184  203  238  242  253  273
 [76]  312  334  377  375  354  330  343  341  394  459  459  475  441  461  487
 [91]  482  502  540  551  638  627  619  714  712  767  795  829  882  923  899
[106]  994 1045 1069 1070 1113 1093 1153 1284 1356 1501 1432 1417 1492 1539 1736
[121] 1829

[[2]]
  [1]   10   27   24   17   13   13   24   38   32   37   51   50   41   40   42
 [16]   40   46   44   40   46   44   42   34   44   47   50   44   48   60   46
 [31]   43   49   48   53   43   65   77   80   82   78   92  110  116   98  117
 [46]  118  114  116   96  119  133  126  134  161  167  181  171  183  164  188
 [61]  218  273  247  244  251  249  249  253  250  276  304  305  313  301  325
 [76]  312  302  376  361  400  384  408  358  400  464  514  518  513  472  521
 [91]  557  555  634  638  653  681  682  733  784  836  823  849  870  908 1013
[106]  976 1024 1023 1099 1140 1106 1165 1245 1322 1357 1385 1485 1458 1536 1712
[121] 1802

[[3]]
  [1]   10   39   33   20   17   18   29   19   17   15   19   23   30   28   30
 [16]   40   30   49   47   54   55   55   55   49   61   53   73   62   65   61
 [31]   69   80   87   88   78   86   92  115  110  107  119  117  119  121  144
 [46]  153  152  160  153  172  194  183  174  178  169  176  171  195  205  204
 [61]  224  244  243  257  257  258  284  336  350  337  301  340  350  361  341
 [76]  349  376  373  378  383  386  419  369  434  469  481  468  457  576  619
 [91]  658  704  762  678  749  798  824  865  897  906  957 1030 1030 1111 1124
[106] 1193 1220 1378 1454 1441 1415 1383 1623 1591 1639 1708 1654 1761 1818 1849
[121] 2021

[[4]]
  [1]   10   32   34   25   24   32   38   37   32   27   24   30   31   27   38
 [16]   30   44   39   43   31   25   33   39   30   41   31   34   45   31   42
 [31]   40   42   64   50   46   52   65   69   70   72   82   83   88   84   91
 [46]  109  132  130  114  125  144  149  175  154  164  169  189  181  171  171
 [61]  171  178  205  202  205  214  190  212  229  215  206  207  235  260  256
 [76]  276  275  282  314  312  323  352  335  336  383  376  407  441  461  489
 [91]  544  564  547  564  611  610  650  655  653  717  725  792  839  803  808
[106]  837  954  984 1004 1050 1068 1080 1181 1247 1338 1352 1376 1487 1531 1602
[121] 1740

[[5]]
  [1]   10   33   28   36   26   23   21   29   35   39   43   46   37   34   62
 [16]   56   54   55   58   83   71  102   99   93   82   71   84  105  133  112
 [31]  106   98  117  125  110  123  141  124  116  136  129  127  162  147  147
 [46]  157  160  169  205  186  178  193  226  231  216  236  260  261  272  278
 [61]  294  281  285  308  329  337  314  329  359  366  395  429  426  484  482
 [76]  500  445  470  472  481  518  559  599  562  590  602  624  721  762  822
 [91]  789  815  802  894  946  904  965 1015 1030 1073 1067 1112 1248 1251 1258
[106] 1315 1417 1477 1498 1579 1604 1677 1684 1847 1946 1973 2095 2172 2277 2374
[121] 2499

[[6]]
  [1]   10   36   32   38   31   29   34   28   30   33   39   24   20   25   23
 [16]   32   26   21   34   30   34   37   38   34   32   23   32   45   46   36
 [31]   31   40   56   47   67   75   70   77   72   70   81   81   88   83   84
 [46]  117  119  117  110  107  117  132  142  152  137  147  171  159  164  204
 [61]  215  194  184  253  232  239  249  264  298  294  344  360  341  368  383
 [76]  378  373  424  423  420  456  459  469  495  512  531  548  595  575  562
 [91]  629  640  722  764  750  805  829  820  895  941  960  965 1163 1151 1205
[106] 1215 1215 1299 1353 1446 1433 1447 1477 1600 1604 1686 1794 1775 1780 1994
[121] 2080

[[7]]
  [1]   10   20   17   12   12   16   32   34   33   30   36   49   65   51   46
 [16]   56   58   87   95  109   96   82  105  125   99  106  113  107  111  128
 [31]  114  151  159  147  170  159  170  172  176  149  172  216  194  201  213
 [46]  228  224  203  239  234  255  229  248  282  259  290  302  320  343  327
 [61]  320  379  447  432  414  447  490  574  588  594  586  544  587  658  685
 [76]  651  669  708  754  844  853  938  969  954 1058 1116 1117 1096 1200 1266
 [91] 1333 1369 1406 1402 1565 1652 1714 1811 1966 2092 2194 2176 2291 2332 2343
[106] 2531 2620 2798 2782 2876 2887 3131 3226 3357 3480 3664 3774 4029 4158 4374
[121] 4661

[[8]]
  [1]   10   41   29   27   22   27   22   17   21   30   34   53   50   50   57
 [16]   47   44   52   56   51   44   66   70   60   62   68   66   58   80   83
 [31]   85   82   76   81   92  116  103   87   98  108  109  126  124  123  123
 [46]  153  136  171  143  179  191  186  180  195  185  163  178  199  196  208
 [61]  192  205  182  223  215  228  236  256  281  300  298  332  353  360  354
 [76]  369  401  436  448  457  448  423  463  503  545  568  554  619  643  668
 [91]  700  670  717  774  824  748  860  923  985 1013 1027 1015 1114 1306 1314
[106] 1471 1450 1526 1496 1665 1638 1718 1819 1874 2004 2083 2089 2315 2390 2498
[121] 2613

[[9]]
  [1]  10  12  11   9   7  10   8   7   5  11   8   6   6   6   5   9   8   6
 [19]   9  13   8   8  11   7  11   9   5   4   4   9  17  13  11  11  13  23
 [37]  34  30  30  27  28  30  34  22  18  22  23  24  34  42  33  31  31  32
 [55]  37  50  39  35  29  45  60  53  43  53  64  53  45  50  45  49  61  65
 [73]  70  68  55  64  69  73  91 104  99 110 109  99  86 109 107 112 110 126
 [91] 119 115 122 149 141 134 165 139 150 153 168 167 165 164 166 166 190 193
[109] 194 214 213 245 236 242 259 271 284 278 258 281 309

[[10]]
  [1]   10   42   35   29   27   23   40   45   34   27   28   35   54   45   52
 [16]   44   52   60   62   53   49   56   72   65   64   66   80   84   76   80
 [31]   91  107  101  111  122  115  107  119  116  117  121  142  111  155  173
 [46]  166  145  144  135  136  156  179  159  155  168  157  169  185  206  213
 [61]  216  233  223  239  225  230  285  266  312  294  303  303  285  302  317
 [76]  318  320  314  332  346  360  367  357  362  351  408  448  510  537  491
 [91]  545  492  539  634  659  591  570  628  653  644  736  754  840  814  914
[106]  961 1012  913  982 1081 1120 1075 1134 1183 1224 1259 1298 1378 1429 1418
[121] 1527

[[11]]
  [1]   10   58   35   34   27   38   46   35   39   47   34   42   48   65   73
 [16]   64   52   66   66   59   68   86   69   68   76   97   98   86   79   79
 [31]   77   82  108  113  100  107  120  112  128  136  158  169  175  173  145
 [46]  161  197  215  202  221  201  221  225  222  229  271  264  266  280  256
 [61]  263  324  358  340  346  356  372  407  423  480  510  493  495  566  639
 [76]  653  694  678  751  774  806  849  891  922  997 1077 1119 1175 1271 1269
 [91] 1347 1383 1461 1504 1534 1672 1762 1756 1842 1959 1998 2038 2151 2303 2310
[106] 2330 2400 2629 2926 3105 3108 3186 3304 3484 3573 3733 3915 4179 4178 4271
[121] 4474

[[12]]
  [1]   10   36   28   29   32   25   31   40   36   43   45   42   51   56   50
 [16]   47   47   53   47   42   55   46   58   66   72   55   75   70   54   60
 [31]   68   73   81   85  120  151  141  130  151  137  159  162  173  182  195
 [46]  193  186  192  230  249  227  222  220  256  272  293  295  296  297  293
 [61]  295  318  312  315  324  351  400  393  400  453  451  460  499  503  527
 [76]  518  522  540  611  648  665  696  687  720  749  862  823  860  893  898
 [91]  951  933  956  986 1046 1047 1120 1122 1166 1193 1278 1342 1330 1452 1516
[106] 1486 1632 1669 1756 1972 1904 1963 1960 2186 2250 2378 2495 2609 2732 2783
[121] 3009

[[13]]
  [1]  10  39  28  22  25  21  41  32  34  40  50  48  41  36  51  55  58  46
 [19]  44  53  61  67  51  46  57  60  60  48  47  44  51  60  69  69  71  73
 [37]  80  73  62  57  55  53  61  58  64  62  78  99 103  78  92 106 103  83
 [55]  81  76  84  83  87  94  98  96  94 108 105 117 118 131 129 124 136 115
 [73] 130 140 161 163 143 162 165 164 157 162 195 167 152 186 179 183 196 197
 [91] 176 195 207 213 209 197 220 249 249 255 246 266 300 304 296 322 351 361
[109] 428 425 388 463 509 492 482 523 531 579 564 597 576

[[14]]
  [1]   10   49   34   26   25   33   30   27   40   49   46   46   44   47   46
 [16]   49   50   50   74   67   67   81   82  102   85   97   79   70   87   86
 [31]   96   93   88   93   98   85  102   97   91   91  113  128  124  126  159
 [46]  139  150  138  138  126  125  164  204  203  183  170  186  203  244  207
 [61]  228  229  216  277  259  264  272  329  315  275  296  331  316  368  346
 [76]  365  365  392  380  416  440  512  484  468  535  562  609  633  641  655
 [91]  658  683  689  630  646  766  765  788  812  828  847  937  927  886  956
[106] 1113 1150 1193 1127 1181 1342 1285 1378 1447 1488 1463 1518 1583 1675 1705
[121] 1777

[[15]]
  [1]  10  27  23  27  23  20  29  20  15  18  21  15  11  11  16  18  21  17
 [19]  18  15  18  21  18  18  15  10   9   8   6   5   5   9   7   6  10  13
 [37]  13  22  16  13   9   9  22  27  32  27  31  29  33  33  36  37  56  41
 [55]  41  39  67  70  52  44  42  54  63  75  69  76  60  70  76 113 119  99
 [73]  98  86 128 138 127 140 164 165 175 163 177 201 182 181 199 209 252 269
 [91] 304 290 318 308 348 356 344 360 376 423 431 421 505 555 553 561 642 630
[109] 593 599 660 713 739 738 780 882 915 912 942 989 980

[[16]]
  [1]   10   37   35   27   22   18   24   40   31   26   31   27   39   32   29
 [16]   40   39   52   48   39   49   41   46   44   64   58   57   63   64   60
 [31]   70   51   71   95  104  115  140  117  141  125  133  141  149  135  158
 [46]  155  174  153  149  163  171  202  228  248  235  208  211  253  279  257
 [61]  237  254  321  348  352  325  289  376  383  405  364  364  414  443  452
 [76]  474  518  572  647  688  667  628  623  667  681  740  752  749  832  812
 [91]  816  842  855  869  917  944 1006  983 1101 1212 1219 1300 1348 1332 1379
[106] 1401 1486 1496 1575 1586 1699 1789 1891 1972 2028 2166 2303 2341 2347 2445
[121] 2594

[[17]]
  [1] 10 29 30 17 10  8  5 10 11  9  8 14 21 14 13 18 27 31 26 24 22 21 14 13 21
 [26] 14 14  9  8 16 14 13 10  8 14 12 17 11  8 15 13 18 17 15 16 14 10 13 10  8
 [51]  8  7  6  5  4  3  2  6  3  3  3  2  2  1  1  1  1  1  0  0  0  0  0  0  0
 [76]  0  0  0  0  0  0  0  0  0  0  0  0  0  0  0  0  0  0  0  0  0  0  0  0  0
[101]  0  0  0  0  0  0  0  0  0  0  0  0  0  0  0  0  0  0  0  0  0

[[18]]
  [1]   10   23   17   27   25   23   23   30   31   31   38   42   42   43   42
 [16]   52   54   51   60   44   36   29   32   35   37   30   25   31   30   32
 [31]   36   50   44   45   63   53   48   55   54   60   63   87   85   67   68
 [46]   77   92  100   87  101  101  119  126  117  141  138  144  129  133  141
 [61]  151  165  143  151  164  170  190  213  199  234  231  247  229  246  245
 [76]  257  261  260  275  304  274  311  331  352  329  331  319  372  451  406
 [91]  421  453  476  506  511  568  576  587  608  593  619  626  695  751  751
[106]  809  824  802  914  952  986 1113 1074 1136 1218 1275 1305 1355 1469 1449
[121] 1502

[[19]]
  [1]   10   37   32   25   18   16   24   37   38   35   29   33   27   40   39
 [16]   27   36   30   35   29   23   38   46   39   50   46   51   47   44   49
 [31]   42   47   63   91   85   73   67  103  100   80   92   99  113   89   95
 [46]  119  105   94  112  124  158  165  161  143  124  145  179  213  198  225
 [61]  209  211  236  271  290  304  332  323  333  365  345  393  383  477  464
 [76]  467  471  504  517  567  608  620  662  694  693  759  803  837  933  926
 [91]  974 1150 1143 1134 1242 1293 1284 1440 1528 1604 1613 1677 1763 1818 1867
[106] 1902 1994 2073 2116 2273 2364 2396 2505 2518 2666 2798 2910 3042 3237 3293
[121] 3570

[[20]]
  [1]  10  28  21  19  15  14  13  11  19  21  16  11  13  17  12  15  12  12
 [19]  12  20  15  17  15  27  20  16  22  20  16  24  23  17  15  13  17  26
 [37]  29  22  17  20  31  31  33  31  41  38  28  23  33  55  49  40  49  44
 [55]  59  54  58  70  76  80  86 104 101 106 115 122 132 136 146 150 157 189
 [73] 222 197 190 198 210 209 234 221 253 272 272 290 255 284 313 362 338 304
 [91] 342 353 401 415 441 424 465 486 515 455 441 464 557 553 549 556 544 548
[109] 623 630 681 658 690 712 751 740 709 775 859 931 891

[[21]]
  [1]   10   32   24   17   15   19   18   22   18   20   15   23   25   21   25
 [16]   19   16   14   27   33   38   40   45   51   58   52   69   54   54   51
 [31]   71   98   88   77   77   80   80  101   94   89   99   87  117  101   93
 [46]  108  126  133  122  133  125  138  127  131  115  140  123  135  159  175
 [61]  159  158  164  185  186  160  174  171  181  187  190  208  170  203  209
 [76]  225  262  258  258  259  311  307  361  321  324  366  412  405  461  482
 [91]  450  468  493  526  531  532  536  541  594  624  617  649  705  687  783
[106]  795  773  781  765  830  866  906  968 1063 1069 1066 1168 1220 1266 1292
[121] 1342

[[22]]
  [1]   10   11   14   12    9    8   12   17   21   20   18   16   18   17   18
 [16]   28   22   15   16   17   21   25   29   26   30   35   27   45   54   46
 [31]   44   52   55   64   65   63   53   56   58   62   62   68   54   52   78
 [46]   85   96   79   88   86   98  108  101   99   82   99  105  135  168  136
 [61]  125  127  137  140  135  147  160  196  212  203  210  221  230  246  245
 [76]  252  267  316  320  338  365  355  331  357  373  442  426  483  498  507
 [91]  555  552  578  599  630  660  670  688  721  811  855  905  855  873  891
[106]  888  945  939  963 1054 1107 1113 1188 1230 1200 1205 1258 1463 1428 1512
[121] 1575

[[23]]
  [1]   10   23   28   19   15   15   26   28   31   33   42   31   32   37   29
 [16]   34   32   37   34   38   41   31   38   40   50   34   40   45   42   50
 [31]   81   87   73   74   65   73   81   71   75   63   81   87  109   93  105
 [46]   94   92  115  110  134  136  121  154  150  141  144  182  185  207  226
 [61]  245  254  293  271  278  265  296  352  314  333  352  336  314  345  391
 [76]  408  405  420  428  410  460  487  517  503  516  598  647  687  682  685
 [91]  687  715  738  779  786  825  851  848  907  958 1051 1081 1158 1197 1258
[106] 1355 1415 1400 1510 1494 1528 1656 1723 1716 1847 1953 2006 2142 2084 2154
[121] 2197

[[24]]
  [1]   10   32   27   14   13   10    9   17   17   13   17   29   20   15   13
 [16]   14   14   30   36   41   40   31   32   38   38   37   28   40   40   34
 [31]   43   35   39   53   59   65   65   66   58   65   52   46   45   56   61
 [46]   53   64   65   88   86   81   68   62   96   81   83   96   94  119   99
 [61]   96  103  109  131  146  171  178  168  164  141  158  173  173  185  191
 [76]  201  212  217  246  245  258  248  239  257  267  308  276  262  278  268
 [91]  282  347  345  330  329  376  416  430  444  485  526  544  625  612  587
[106]  652  660  672  725  699  784  816  847  846  905  859  924  965 1029 1065
[121] 1109

[[25]]
  [1]   10   30   26   24   22   27   39   31   51   36   60   61   54   57   50
 [16]   63   63   43   53   54   48   45   44   53   60   58   76   52   48   53
 [31]   47   51   51   61   62   63   65   67   74   97   95  110   85   86   99
 [46]  114  119  121  128  133  128  132  139  137  176  155  151  170  158  184
 [61]  202  230  237  256  271  258  270  292  313  300  300  281  298  306  325
 [76]  365  398  404  466  496  488  497  523  543  568  602  611  689  725  745
 [91]  751  766  844  875  882  849  904  952 1011 1043 1108 1071 1118 1168 1216
[106] 1167 1176 1275 1339 1394 1373 1460 1523 1644 1674 1653 1756 1808 1867 1916
[121] 2029

[[26]]
  [1]   10   45   28   21   18   18   25   27   25   23   26   24   27   21   23
 [16]   27   40   37   42   41   46   53   73   56   71   70   78   78   95  105
 [31]   95   84   97   95  123  115  113  113  103  111  140  132  140  153  144
 [46]  144  161  183  226  216  209  200  212  202  244  275  281  300  321  339
 [61]  342  341  315  352  390  427  412  449  454  517  525  492  510  522  571
 [76]  588  619  644  679  691  705  763  787  767  830  867  892  921  932  973
 [91] 1021 1062 1090 1129 1190 1179 1180 1225 1307 1312 1458 1487 1440 1496 1614
[106] 1641 1679 1783 1878 1931 2060 2200 2242 2324 2406 2470 2557 2671 2931 3049
[121] 3148

[[27]]
  [1]   10   32   36   35   31   24   25   23   28   41   33   31   44   55   55
 [16]   49   59   48   52   41   43   57   69   79   82   91   86   89  100   92
 [31]   88   88   80   85   97  104  105  119  110  136  128  144  137  150  141
 [46]  141  131  150  163  180  214  229  209  238  251  260  284  337  335  321
 [61]  322  323  370  435  433  422  420  452  460  496  487  482  558  586  649
 [76]  654  627  656  699  710  705  732  805  819  798  851  999 1009 1057 1087
 [91] 1122 1146 1186 1253 1321 1341 1441 1398 1524 1521 1655 1604 1788 1812 1935
[106] 2032 2105 2275 2370 2399 2449 2656 2900 3003 3021 3031 3068 3272 3456 3589
[121] 3681

[[28]]
  [1]  10  17  24  16  12  13  17  21  14  15  10  11  22  13   9  13  11  15
 [19]  10  12  17  20  18  12  17  11  19  13  14  13   9   5   4   4   5  10
 [37]  18  21  17  15  21  29  35  25  29  18  16  13  18  25  20  17  23  18
 [55]  30  30  22  18  21  25  19  25  26  19  29  32  40  33  32  24  31  43
 [73]  32  26  21  20  16  20  29  37  32  30  41  43  64  64  61  57  50  66
 [91]  71  97  88  93  93  75  99  89  97  96  91  93  91  86  86  89 123 118
[109] 130 133 121 127 145 129 155 129 116 110 121 140 163

[[29]]
  [1]   10   47   48   50   37   36   44   47   48   65   69   65   62   50   53
 [16]   61   63   62   66   50   48   54   40   41   37   37   55   43   53   51
 [31]   60   52   70   71   87   77   73   73   85   80   99  107  106  135  101
 [46]   97   96  133  143  149  136  162  152  153  178  205  174  173  186  200
 [61]  173  183  211  230  185  180  209  231  268  254  260  244  263  266  242
 [76]  263  304  304  307  312  346  365  367  362  362  424  414  430  453  458
 [91]  487  496  496  526  538  537  559  597  599  572  612  674  699  755  727
[106]  789  767  808  812  823  881  878 1012 1124 1171 1258 1324 1325 1400 1498
[121] 1539

[[30]]
  [1]   10   30   26   26   30   39   26   29   17   18   14   17   41   53   36
 [16]   33   39   38   42   58   50   43   40   45   71   63   54   57   54   74
 [31]   89   96  103  107  120  141  126  147  144  143  128  170  167  175  178
 [46]  187  190  214  218  251  244  250  278  276  270  311  335  323  282  279
 [61]  356  354  379  364  376  382  426  387  431  402  442  508  492  473  466
 [76]  469  555  550  546  556  610  610  619  645  686  707  768  809  855  881
 [91]  847  871  982  989 1095 1119 1143 1206 1279 1307 1333 1337 1452 1575 1613
[106] 1678 1785 1875 1831 1961 2064 2146 2288 2247 2382 2439 2597 2714 2809 2834
[121] 3044

[[31]]
  [1]   10   18   26   15   11    9   13   17   26   28   32   38   54   47   40
 [16]   51   77   77   74   93   73  104  114   96  107  115  136  116  104   97
 [31]  119  125  180  157  148  165  167  145  147  139  190  174  165  171  181
 [46]  180  217  238  245  251  237  247  268  313  274  305  270  284  244  280
 [61]  316  345  330  341  395  384  398  392  427  487  466  505  505  509  554
 [76]  626  682  728  708  700  759  790  860  892  928  986 1037 1115 1160 1098
 [91] 1139 1205 1212 1285 1313 1361 1481 1531 1637 1727 1814 1879 1831 1923 2084
[106] 2128 2157 2267 2367 2473 2648 2818 2905 3044 3126 3253 3374 3636 3715 3864
[121] 4075

[[32]]
  [1]   10   37   25   30   25   43   42   49   63   60   56   49   52   73   62
 [16]   78   76   74   65   68   84   88   94  102   89  119  122  120  112  140
 [31]  180  184  185  184  179  186  221  221  221  236  286  294  319  279  296
 [46]  294  331  342  353  356  356  394  383  469  450  480  455  464  445  475
 [61]  557  556  535  559  592  630  631  693  701  715  758  766  811  789  793
 [76]  871  914  932  948 1047 1067 1064 1147 1206 1241 1299 1428 1469 1508 1531
 [91] 1584 1619 1767 1860 1940 1932 2081 2214 2336 2341 2379 2533 2545 2648 2846
[106] 2935 3081 3149 3195 3335 3611 3627 3849 4077 4161 4299 4480 4505 4667 5007
[121] 5222

[[33]]
  [1]   10   44   35   29   23   31   23   29   37   50   56   62   59   49   58
 [16]   59   47   46   42   54   66   60   65   68   79   72   83   78   82   88
 [31]  110  104  108  101  119   91  121  117  133  135  118  138  122  108  142
 [46]  137  130  136  152  151  166  183  177  198  187  220  213  252  255  240
 [61]  227  227  273  239  268  280  301  310  329  348  320  349  360  346  360
 [76]  378  442  427  462  438  452  504  529  538  547  629  629  645  687  732
 [91]  732  808  813  859  911  943 1025 1063  937  995 1001 1121 1156 1239 1287
[106] 1351 1356 1398 1459 1608 1605 1696 1709 1768 1821 2004 2093 2176 2202 2251
[121] 2464

[[34]]
  [1]   10   29   28   20   19   16   20   25   36   49   36   28   33   42   50
 [16]   41   37   46   45   51   53   49   58   63   61   58   63   72   73   88
 [31]   70   67   64   67   96   83   85   85   86  104  111  137  143  132  154
 [46]  153  175  166  186  198  221  244  260  238  281  264  306  335  343  336
 [61]  339  339  323  342  390  429  422  415  429  451  471  489  479  496  479
 [76]  495  516  548  557  579  641  641  632  698  657  629  655  735  807  786
 [91]  751  804  886  903  982  971  974 1012 1055 1082 1107 1126 1211 1276 1261
[106] 1351 1389 1552 1533 1607 1682 1789 1936 2073 2145 2115 2127 2243 2374 2396
[121] 2454

[[35]]
  [1]   10   24   35   25   18   20   29   33   26   24   29   34   39   27   38
 [16]   26   34   37   34   44   37   48   54   49   60   81   77   78   85   80
 [31]   85   93   73   71   72  101   91  106  108   96   97  108  126  116  129
 [46]  109  132  156  187  183  193  189  214  215  211  239  255  262  229  246
 [61]  258  256  284  268  295  270  284  320  346  373  377  384  397  425  452
 [76]  467  479  530  552  572  568  597  624  592  623  699  729  726  765  814
 [91]  873  886  957 1008 1005 1078 1195 1221 1304 1317 1329 1419 1518 1541 1580
[106] 1597 1630 1703 1786 1978 2093 2112 2137 2307 2359 2515 2573 2644 2749 2930
[121] 3092

[[36]]
  [1] 10 30 25 18 16 18 10  9 16 18 18 17 15 12  7  7 12  8  7  9  4  5  2  1  1
 [26]  1  1  1  2  6  5  5  4  3  2  2  2  2  2  1  7  5  2  1  1  1  1  1  1  1
 [51]  0  0  0  0  0  0  0  0  0  0  0  0  0  0  0  0  0  0  0  0  0  0  0  0  0
 [76]  0  0  0  0  0  0  0  0  0  0  0  0  0  0  0  0  0  0  0  0  0  0  0  0  0
[101]  0  0  0  0  0  0  0  0  0  0  0  0  0  0  0  0  0  0  0  0  0

[[37]]
  [1] 10 25 17 11  8  7  7  6  5  6  6  4  3  3  7  8 10  6  6  9 11 10  7  6 15
 [26] 10  9  8 12  9  6  8  6  5  4  3  7  5  5  3  2  1  1  1  1  1  1  1  1  0
 [51]  0  0  0  0  0  0  0  0  0  0  0  0  0  0  0  0  0  0  0  0  0  0  0  0  0
 [76]  0  0  0  0  0  0  0  0  0  0  0  0  0  0  0  0  0  0  0  0  0  0  0  0  0
[101]  0  0  0  0  0  0  0  0  0  0  0  0  0  0  0  0  0  0  0  0  0

[[38]]
  [1]   10   25   46   34   26   21   24   23   30   21   18   15   12   25   20
 [16]   31   40   39   38   43   40   40   43   41   36   49   70   62   63   53
 [31]   54   54   69   61   89   77   88   94   86  102  108   93   94  104   94
 [46]   90   94   88  105  121  119  119  119  145  128  133  169  152  132  190
 [61]  180  164  196  183  202  186  168  176  234  261  260  258  271  310  366
 [76]  361  333  321  327  334  369  383  432  396  413  450  491  539  555  615
 [91]  591  608  568  587  620  616  670  661  662  666  759  786  828  784  809
[106]  844  842  907  969  999 1004 1078 1102 1175 1189 1248 1243 1268 1304 1422
[121] 1445

[[39]]
  [1]   10   33   30   20   18   15   35   36   40   32   34   34   46   47   58
 [16]   58   47   47   47   54   65   63   84   98  106  107   91   93  114  158
 [31]  139  142  152  139  143  153  148  162  152  145  166  128  147  163  203
 [46]  210  211  208  227  219  220  267  296  279  281  287  337  336  385  416
 [61]  391  395  411  408  469  468  419  417  472  491  571  613  618  647  662
 [76]  678  740  848  838  853  888  899 1045 1009  966 1027 1022 1148 1140 1211
 [91] 1245 1279 1351 1452 1424 1421 1466 1631 1637 1684 1748 1821 1763 1774 1787
[106] 1985 2057 2146 2349 2444 2439 2578 2529 2685 2810 2968 3029 3133 3190 3278
[121] 3495

[[40]]
  [1]   10   38   38   31   25   27   26   36   42   38   41   48   61   67   91
 [16]   78   76   64   68   75   85   85   73   60   63   70   62   76  104   99
 [31]   95   87   99  117  121  136  128  147  136  153  177  177  196  180  192
 [46]  177  197  223  237  272  228  227  212  278  274  273  275  275  285  371
 [61]  340  358  371  382  414  418  443  465  462  477  507  461  463  475  494
 [76]  566  574  566  578  614  662  609  631  691  744  819  808  859  833  887
 [91]  890  934 1027 1122 1098 1121 1201 1284 1320 1366 1419 1562 1509 1538 1661
[106] 1674 1770 1795 1917 2023 2017 2238 2265 2385 2542 2572 2706 2746 2829 2855
[121] 3025

[[41]]
  [1]  10  49  30  23  19  23  25  20  19  20  33  24  29  32  28  29  17  21
 [19]  18  35  37  31  36  31  25  26  25  23  35  42  36  27  27  32  35  40
 [37]  37  45  45  39  43  48  53  45  52  47  56  63  64  51  52  54  56  75
 [55]  75  64  77  81  70  74  67  76  74  62  75  68 103  90  90  98 111  98
 [73] 113 100  97 128 141 122 152 148 172 214 200 186 182 183 197 233 233 277
 [91] 252 267 243 268 288 317 282 313 336 346 347 364 377 392 435 497 495 498
[109] 530 551 570 603 618 642 628 618 650 745 761 709 746

[[42]]
  [1]  10  24  22  17  15  16  23  12  24  30  25  26  20  17  21  25  22  17
 [19]  15  15  18  13  11  10   7   7   6   6   9  13   9   7  10  10   8   8
 [37]  13  13  19  19  14  12   8   8  12   9   8  11   9   6  16  20  14  24
 [55]  36  40  36  36  40  53  63  50  73  64  62  63  57  59  68  62  58  59
 [73]  71  73  68  65  57  70  75  81  93 114 129 133 119 119 120 129 119  99
 [91]  87 119 123 134 108 121 130 135 161 146 165 196 207 203 238 240 250 274
[109] 280 250 264 322 349 334 349 360 390 385 414 396 397

[[43]]
  [1]   10   56   55   31   27   21   28   22   20   30   55   41   46   50   56
 [16]   53   53   74   80   87   75   90   88   80  106  115  132   99  108   96
 [31]   89   78   82  108   93  114  114  112  104  111  132  133  137  155  140
 [46]  177  169  171  169  171  223  225  210  207  232  225  267  270  263  249
 [61]  274  284  290  299  329  331  359  335  340  361  406  433  420  410  465
 [76]  485  506  518  536  589  614  616  589  575  634  629  690  680  675  652
 [91]  660  729  775  778  789  852  835  886  978  977 1018 1110 1094 1184 1184
[106] 1321 1285 1343 1394 1381 1458 1548 1552 1694 1648 1811 1793 1861 2013 2085
[121] 2034

[[44]]
  [1]   10   28   23   19   17   17   19   30   27   27   20   21   14   32   29
 [16]   24   35   45   46   46   43   42   64   60   59   64   80   89   88   73
 [31]   91   96  120  113   96  108  129  137  125  118  124  122  124  128  131
 [46]  137  146  128  135  148  147  164  182  189  206  223  222  234  252  244
 [61]  231  242  275  283  316  279  273  282  319  370  379  360  380  402  446
 [76]  443  504  514  580  603  588  565  564  585  580  683  711  768  801  828
 [91]  798  849  858  847  935 1016  978  975  970 1063 1109 1217 1143 1112 1215
[106] 1251 1222 1270 1382 1333 1468 1458 1457 1574 1612 1668 1793 1784 1948 2111
[121] 2190

[[45]]
  [1]   10   32   26   18   16   13   17   29   19   17   17   32   38   49   54
 [16]   46   40   38   28   26   38   56   37   32   31   42   43   46   49   57
 [31]   46   47   51   87   89   96   88   70  104  109  125  115  109  128  102
 [46]  114  132  132  123  117  132  122  136  140  145  156  169  161  156  176
 [61]  178  162  157  135  166  183  192  192  208  205  217  245  270  250  262
 [76]  282  277  300  309  346  368  344  351  383  375  390  405  402  375  385
 [91]  429  479  531  563  547  540  565  623  611  570  655  700  722  735  695
[106]  706  731  806  867  788  775  881  910  970 1003 1034 1083 1109 1149 1143
[121] 1244

[[46]]
  [1] 10 29 24 20 21 26 17 15 17 16  9  8  8 19 13 16 10  7  6  6  6  4  4  4  9
 [26]  4  4  2  1  1  1  1  1  1  1  1  0  0  0  0  0  0  0  0  0  0  0  0  0  0
 [51]  0  0  0  0  0  0  0  0  0  0  0  0  0  0  0  0  0  0  0  0  0  0  0  0  0
 [76]  0  0  0  0  0  0  0  0  0  0  0  0  0  0  0  0  0  0  0  0  0  0  0  0  0
[101]  0  0  0  0  0  0  0  0  0  0  0  0  0  0  0  0  0  0  0  0  0

[[47]]
  [1] 10 30 25 19 16 13 17 22 38 21 23 20 20 24 29 25 18 17 23 23 16 29 19 17 16
 [26] 20 29 24 28 25 26 17 16 22 20 13 23 27 18 16 15 39 34 32 29 26 32 25 28 30
 [51] 22 27 42 42 30 28 42 61 54 50 45 46 53 53 53 51 45 48 50 43 40 41 33 35 32
 [76] 26 35 46 44 48 45 46 38 27 35 20 26 30 38 39 34 39 39 29 32 42 41 38 43 50
[101] 39 31 31 46 52 57 56 48 45 57 50 70 68 51 47 41 43 60 49 49 51

[[48]]
  [1]  10  39  38  35  30  45  59  49  43  45  48  59  69  67  61  61  50  50
 [19]  67  61  63  73  73  73  56  53  46  62  65  64  59  68  66  74  63  83
 [37]  83  71  83  90  73  60  71  73  76  95  79  78  96  80  93  83  90  81
 [55]  80  93 104  92  85  93 101  92 108  85  86  84  80 106 102  96  92  84
 [73]  88  95 101 110  87 118 137 121 103 100  96 113 128 137 124 118 126 129
 [91] 152 161 182 177 155 172 164 162 212 197 185 183 184 183 170 219 237 222
[109] 207 231 261 270 269 328 330 340 367 392 414 420 433

[[49]]
  [1]  10  29  16  19  23  23  23  17  26  30  42  26  28  33  25  24  30  22
 [19]  38  27  30  24  17  28  23  29  26  34  26  35  41  42  46  37  34  41
 [37]  49  53  52  59  86  68  59  50  56  56  59  75  79  67  80  68  77  83
 [55]  76  92  90 111  88  83  99 101 120 112 106 135 139 115 123 100 137 140
 [73] 124  96 105 142 125 124 134 143 139 164 190 177 170 200 190 199 199 225
 [91] 228 263 296 271 284 289 292 330 356 359 402 426 419 415 505 556 545 578
[109] 594 594 578 564 620 695 707 698 684 794 833 863 946

[[50]]
  [1]   10   37   30   25   25   21   25   24   28   18   22   24   31   27   26
 [16]   25   31   40   29   39   34   45   43   43   49   53   66   55   67   59
 [31]   68   64   76   80  109  116  112  116  101  113  122  127  142  138  136
 [46]  155  148  170  200  172  154  172  189  230  205  183  187  199  202  185
 [61]  205  248  254  250  255  288  335  355  336  337  373  411  420  410  438
 [76]  439  488  490  487  508  525  546  559  589  606  663  666  734  753  770
 [91]  796  754  807  867  850  951  966 1037 1043 1116 1167 1248 1307 1338 1371
[106] 1451 1548 1583 1717 1653 1707 1832 1883 1998 2012 2142 2208 2393 2433 2521
[121] 2634

[[51]]
  [1]   10   30   31   27   27   44   43   34   40   62   50   52   53   88   57
 [16]   69   71   91   73   99   89  110  108  127  115  119  110  118  160  155
 [31]  171  162  162  189  202  191  201  190  210  210  219  214  190  217  268
 [46]  251  242  308  285  260  295  329  356  352  369  397  368  372  398  393
 [61]  440  477  492  499  505  518  556  595  606  668  659  707  716  802  803
 [76]  865  904  933  984 1041 1018 1007 1033 1198 1256 1256 1301 1334 1290 1419
 [91] 1505 1548 1520 1681 1776 1891 1965 2016 2113 2214 2299 2389 2426 2540 2704
[106] 2931 2921 2949 3145 3404 3655 3859 3975 4025 4225 4492 4632 4782 4747 4961
[121] 5204

[[52]]
  [1]   10   22   22   22   15   15   21   24   27   20   20   24   17   16   23
 [16]   20   21   18   24   34   26   26   26   31   29   23   33   41   32   35
 [31]   26   36   43   65   59   53   56   60   79   74   83   82   97   81   96
 [46]   99  107  127  128  138  140  157  149  136  121  151  139  189  171  160
 [61]  179  190  170  154  181  216  261  221  218  224  217  250  249  263  240
 [76]  271  325  329  373  346  366  422  401  463  473  460  448  471  467  512
 [91]  563  615  645  637  668  678  693  764  839  821  783  803  812  912  924
[106]  950 1040 1033 1095 1204 1245 1192 1188 1246 1390 1498 1587 1668 1695 1729
[121] 1795

[[53]]
  [1]  10  26  32  23  20  19  26  26  27  21  20  26  45  40  48  56  50  56
 [19]  54  53  45  47  39  36  48  65  74  58  71  67  69  79  66  72  88  92
 [37]  85  90  90  97 101 109 110 102 105 120 132 112  93  94 119 146 125 136
 [55] 149 146 126 122 136 140 129 116 105 146 141 121 118 133 123 126 150 148
 [73] 152 164 162 147 188 193 206 197 188 192 189 213 210 219 227 220 266 269
 [91] 275 253 263 263 275 309 351 342 318 343 374 353 403 444 465 477 521 534
[109] 538 538 563 589 605 620 573 631 709 688 733 823 883

[[54]]
  [1]   10   29   22   16   16   19   28   26   29   29   28   31   35   46   32
 [16]   19   26   27   30   36   28   31   39   46   45   45   40   57   48   58
 [31]   71   69   58   61   82   72   85   83   84   76   89  103   88  102   86
 [46]  101   97  100  122  135  126  123  125  147  168  156  160  144  169  197
 [61]  183  220  205  200  201  196  224  264  263  254  273  306  305  280  338
 [76]  336  404  416  381  371  394  443  467  470  442  476  537  564  625  611
 [91]  648  668  742  773  778  788  841  875  894  906  953  985  914  985 1020
[106] 1088 1060 1095 1177 1226 1202 1320 1290 1369 1556 1492 1496 1619 1699 1644
[121] 1755

[[55]]
  [1]   10   40   37   36   29   22   16   12   17   30   34   32   34   45   47
 [16]   58   60   54   53   55   56   68   81   73   79   77   85   83   92  100
 [31]  111  111  157  138  133  129  132  140  147  167  171  176  189  199  198
 [46]  201  210  244  260  245  269  243  250  257  281  273  268  278  286  295
 [61]  286  296  298  318  310  318  327  346  398  380  432  425  441  422  410
 [76]  458  491  528  505  495  512  589  591  632  617  658  651  603  613  622
 [91]  674  686  716  763  780  788  814  836  865  975  962  973 1058 1116 1202
[106] 1211 1242 1339 1436 1456 1504 1532 1579 1597 1652 1732 1824 1769 1932 2069
[121] 2139

[[56]]
  [1]   10   33   18   18   12   11   14   19   40   44   38   41   32   46   45
 [16]   64   63   68   64   69   87   76   73   70   50   41   61   81   58   55
 [31]   60   63   56   76   56   58   53   72   64   77   97   95  102   95   92
 [46]   89   87  120  131  137  137  132  129  167  175  186  204  200  194  207
 [61]  216  216  260  232  269  282  310  333  329  342  344  359  399  390  427
 [76]  413  460  481  535  559  552  573  598  668  667  745  756  721  769  809
 [91]  864  824  856  902  981 1009 1038 1068 1180 1235 1222 1234 1229 1258 1307
[106] 1352 1411 1545 1584 1626 1635 1769 1913 2022 2072 2147 2172 2281 2435 2620
[121] 2698

[[57]]
  [1]   10   24   15   10   11    9   11   17   15   12    9    5    5   10   24
 [16]   28   21   14   24   24   22   30   21   15   33   25   20   19   29   32
 [31]   44   43   35   30   42   40   66   70   67   59   75   79   72   77   69
 [46]   67   66   72   69   52   53   75   84   74   88   84   72   74   86   79
 [61]   85   75   81   95   90   91  101  100  102   85  114  133  125  136  105
 [76]  118  146  158  164  187  195  187  217  247  269  260  302  324  299  296
 [91]  285  363  364  403  434  420  432  485  461  474  508  519  548  595  645
[106]  676  633  685  735  783  797  872  894  910  968 1032 1080 1116 1083 1162
[121] 1215

[[58]]
  [1]  10  31  24  15  14  19  13  18  14  10  15  14  19  20  14  22  20  22
 [19]  23  17  25  24  23  23  27  33  47  34  27  27  38  41  33  41  63  45
 [37]  59  50  50  40  66  70  56  43  54  65  62  61  50  57  66  72  68  76
 [55]  63  68  77  56  82  74  65  64  64  69  65  86  79  78  79  94  90  88
 [73]  99  96  95 118 120 127 150 128 117 120 115 124 127 154 141 138 155 128
 [91] 137 163 170 178 159 128 145 157 144 167 183 187 184 206 236 222 247 251
[109] 266 275 290 334 316 314 320 309 354 371 374 397 389

[[59]]
  [1]  10  23  26  19  21  19  28  24  23  16  28  20  16  20  22  19  24  36
 [19]  33  32  29  21  17  22  40  40  42  36  34  38  44  56  67  48  59  53
 [37]  44  46  45  55  75  82  75  74  69  76  77  90  76  72  92  72  80  79
 [55]  90 100  85  80  72  78  81 102 101  93  76  96  86  87 102  97 125  95
 [73] 108  91 105 114 109 144 136 133 136 128 135 143 123 145 200 193 187 165
 [91] 186 180 155 204 180 248 254 284 263 272 275 293 327 349 341 332 335 342
[109] 346 360 377 402 398 432 413 472 485 516 530 581 617

[[60]]
  [1]   10   29   19   16   14   18   28   27   30   28   28   33   31   33   26
 [16]   24   38   28   36   35   41   56   40   38   30   35   54   53   63   63
 [31]   48   64   85   76   91  118  117   91   93   97  116  127  138  137  127
 [46]  122  133  154  174  149  152  159  157  148  168  145  163  166  159  176
 [61]  220  213  233  227  228  208  230  284  291  326  337  306  290  309  338
 [76]  370  352  370  386  415  396  405  429  470  479  508  528  548  539  570
 [91]  585  627  658  654  673  681  722  772  832  903  912  873  941 1062 1099
[106] 1110 1118 1190 1234 1264 1254 1338 1454 1532 1625 1690 1797 1980 1935 1975
[121] 2023

[[61]]
  [1]  10  34  38  37  27  35  29  40  32  36  29  48  40  38  35  53  42  41
 [19]  30  41  38  40  50  49  43  46  58  57  40  45  60  59  58  74  57  56
 [37]  57  55  73  59  71  68  65  79  70  72  73  66  66  54  57  56  54  74
 [55]  70  70  69  70  74 102 114  99 113  97  97 106 102 105 125 116 115 114
 [73]  89 117 109 120 134 129 152 134 120 122 131 156 171 196 197 178 197 220
 [91] 216 235 287 277 327 308 311 316 357 378 329 349 364 392 401 449 467 461
[109] 482 492 520 561 567 577 669 754 750 756 748 826 822

[[62]]
  [1]   10   23   37   34   25   21   28   26   32   26   34   43   38   31   33
 [16]   35   36   53   44   49   61   52   55   54   42   54   58   61   57   71
 [31]   93   77   87   81   90  116   94   89   94  101  109  130  137  145  142
 [46]  141  137  170  155  177  175  170  159  180  166  174  173  165  189  175
 [61]  202  238  262  286  286  257  289  274  305  325  326  361  351  370  383
 [76]  393  443  448  446  473  489  539  555  539  582  608  689  670  717  693
 [91]  723  759  770  853  939  943  950  991 1025 1065 1099 1173 1105 1164 1274
[106] 1398 1466 1494 1495 1533 1655 1761 1895 1909 1988 2035 2093 2135 2392 2514
[121] 2603

[[63]]
  [1]   10   32   29   20   23   27   29   31   34   30   39   52   44   44   59
 [16]   64   70   72   77   74   59   57   58   81   93  101  106  109   96  102
 [31]   91   87  107  114  115  112  131  166  166  191  204  231  278  250  238
 [46]  259  277  327  324  356  342  384  354  370  417  404  398  403  431  447
 [61]  449  455  454  470  539  513  565  601  625  639  663  694  759  782  792
 [76]  773  806  879  923 1014 1051 1068 1100 1162 1184 1200 1216 1336 1379 1401
 [91] 1458 1523 1605 1657 1782 1846 1864 1866 1956 1992 2174 2267 2265 2422 2451
[106] 2596 2712 2775 2874 3033 3214 3293 3459 3477 3672 3883 4096 4252 4449 4571
[121] 4729

[[64]]
  [1]   10   37   42   42   36   35   38   48   66   55   54   66   65   54   70
 [16]   66   62   45   50   44   54   63   64   74   68   80   69   93   87   93
 [31]  115  100  100   90   99  110  135  157  145  141  143  158  170  171  157
 [46]  167  183  179  195  196  214  221  208  208  208  233  254  234  258  279
 [61]  321  336  331  361  345  345  372  373  388  421  462  498  516  576  582
 [76]  610  617  646  649  686  739  675  723  797  838  872  919  974  946  938
 [91] 1036 1087 1123 1220 1295 1288 1313 1435 1517 1540 1652 1718 1850 1833 1892
[106] 1990 2132 2176 2278 2440 2461 2605 2716 2953 2994 3242 3319 3352 3447 3644
[121] 3836

[[65]]
  [1]  10  27  28  28  23  20  18  40  42  36  29  22  24  23  30  24  34  28
 [19]  26  23  20  30  28  33  27  28  30  37  34  42  26  33  32  25  41  45
 [37]  40  31  28  31  40  40  34  27  18  21  34  34  42  43  37  44  43  45
 [55]  43  37  38  44  47  38  36  52  37  39  40  55  52  48  39  54  44  46
 [73]  56  47  56  54  48  47  43  43  38  36  29  39  38  48  51  37  52  47
 [91]  36  47  38  37  44  43  48  49  47  50  52  55  52  51  47  42  56  61
[109]  59  68  54  52  63  67  61  81  72  91  86 110 124

[[66]]
  [1]   10   41   35   37   28   25   19   28   34   26   25   25   38   41   52
 [16]   47   50   41   44   87   86   76   78   87   75   92   90   98   97  104
 [31]  101   97  112  142  137  119   97   91   99   99  107  117  118  102   95
 [46]  111  106  117  120  105  110  143  146  174  154  143  146  162  194  177
 [61]  173  164  147  128  155  199  212  184  178  204  199  194  209  256  260
 [76]  234  251  233  274  299  358  379  340  358  418  505  510  508  491  506
 [91]  606  618  650  677  644  757  710  765  749  751  808  811  883  924 1021
[106] 1023 1063 1099 1168 1123 1239 1234 1269 1299 1421 1492 1513 1589 1723 1705
[121] 1761

[[67]]
  [1]  10  29  32  24  16  13  13  24  16  14  17  14  31  28  33  23  31  27
 [19]  25  22  19  22  31  27  21  17  28  27  26  33  38  26  35  35  44  56
 [37]  60  55  48  61  50  90  85  88  83  99  85  72  73  74  93  95  80  81
 [55]  76  72  81  73  65  69  68  71  93 109  96  89 104 117  99 117 121 110
 [73] 137 130 142 128 128 141 159 186 196 191 195 229 236 289 262 245 259 238
 [91] 269 302 292 269 312 308 345 335 385 395 427 423 458 457 482 472 484 488
[109] 543 528 561 584 585 614 684 633 685 688 754 850 874

[[68]]
  [1]   10   33   32   24   19   24   28   23   17   28   56   53   42   39   39
 [16]   51   59   76   63   72   99  100  103  102  123  133  126  119  136  143
 [31]  154  173  180  163  136  154  178  209  211  199  210  216  209  207  208
 [46]  201  195  187  219  227  228  214  213  238  234  241  236  251  301  320
 [61]  316  303  304  352  329  355  382  396  384  366  393  401  437  509  542
 [76]  614  631  615  677  735  706  747  760  781  822  882  942 1024 1005 1003
 [91] 1137 1055 1115 1079 1153 1312 1269 1334 1459 1477 1577 1553 1650 1710 1687
[106] 1751 1832 1938 1976 2007 2061 2147 2177 2344 2415 2446 2525 2558 2687 2868
[121] 3013

[[69]]
  [1]   10   45   29   29   20   27   22   20   35   41   33   31   34   24   24
 [16]   30   31   49   40   36   36   47   43   41   43   47   53   38   50   36
 [31]   48   49   38   48   54   65   60   59   69   79   84   83   75   92   88
 [46]   76  104  113   90  110  111  105  118  134  133  157  144  128  141  152
 [61]  166  187  176  182  166  155  173  192  216  211  231  222  203  226  251
 [76]  301  287  290  287  319  319  336  364  395  420  397  431  496  497  499
 [91]  507  503  526  561  610  614  638  621  677  719  765  772  791  832  808
[106]  823  875  891  879  960 1013 1156 1194 1158 1127 1271 1334 1352 1448 1538
[121] 1632

[[70]]
  [1]   10   24   30   22   25   28   41   54   54   54   59   49   51   51   51
 [16]   49   55   45   52   75   64   65   69   58   56   52   54   66   59   51
 [31]   45   37   76   59   59   63   83   71   79   85   84  105   99   98   84
 [46]   79  103  131  115  121  122  136  130  152  152  163  180  189  192  187
 [61]  221  206  214  201  216  227  240  266  270  238  255  283  299  310  301
 [76]  320  296  301  339  362  409  368  386  417  441  433  473  510  517  524
 [91]  577  597  582  597  623  686  781  743  749  728  778  804  872  920  916
[106]  989 1023 1092 1146 1143 1244 1324 1336 1411 1439 1534 1608 1675 1783 1764
[121] 1780

[[71]]
  [1]  10  35  27  21  20  20  23  23  24  23  18  15  16  18  22  19  13  12
 [19]  11  14  15  19  15  18  12   6  12   7   6  10   9  12   8   7  13  11
 [37]   6   9   7   4   4   2   2   2   1   1   1   1   1   1   7   1   1   1
 [55]   1   1   1   1   1   1   3   4   2   2   2   2   2   7  13   8  12  14
 [73]  12  26  16  17  17  19  25  18  14  16  22  18  13  12  10  17  22  19
 [91]  19  30  30  30  37  32  26  32  32  25  34  32  27  34  56  50  45  39
[109]  54  67  68  71  66  56  82  80 106 119 115 120 121

[[72]]
  [1]   10   41   39   29   24   28   34   37   36   42   31   30   31   52   74
 [16]   53   47   44   42   47   40   32   35   46   43   34   35   39   41   38
 [31]   41   45   50   60   44   58   57   53   58   74   66   60   75   73   64
 [46]   63   70   74   78   93   77   93  104  101  123  126  140  125  123  155
 [61]  168  187  188  193  196  208  236  256  235  260  281  261  309  316  339
 [76]  338  357  402  391  358  345  378  463  466  471  495  465  452  509  548
 [91]  539  536  586  652  633  636  655  684  694  687  718  809  806  791  768
[106]  811  977  939  917  979 1065 1046 1072 1140 1207 1264 1281 1346 1368 1437
[121] 1496

[[73]]
  [1]  10  26  37  30  21  17  16  28  28  19  19  20  18  25  26  19  27  29
 [19]  22  19  16  19  22  16  16  12   8   4   7   5   5  12  19  27  27  32
 [37]  19  25  40  32  25  25  27  27  25  31  40  44  56  48  51  57  63  53
 [55]  57  42  45  34  28  36  53  68  56  51  61  63  60  76  75  78  88  88
 [73]  72  79  67  72  86 102  88 100 114 117 126 131 125 126 131 128 138 141
 [91] 191 176 205 196 181 191 194 232 235 239 251 267 270 240 311 285 292 333
[109] 340 366 342 374 395 428 451 474 498 483 523 558 546

[[74]]
  [1] 10 19 20 13  9  7 18 17 10  8 14 13 19 10 13  7  6  6 12  8 12  4  4  4  8
 [26]  5  9 10  9  8  8  7 10  9 14 12 10 10 17 19 21 20 20 21 27 19 20 12 10 12
 [51] 13 19 14 11 15 10 15 13 11  7 13  8  7  5  8 11  9  8 11 14 11 17 13 10 20
 [76] 26 23 23 24 19 21 38 30 25 33 35 25 23 19 16 26 31 20 17 16 21 30 32 34 36
[101] 28 33 41 56 56 70 66 60 60 59 51 59 56 47 48 67 81 70 73 67 93

[[75]]
  [1]  10  42  36  21  18  18  16  21  35  31  26  21  26  34  36  31  25  28
 [19]  25  23  25  21  20  19  32  24  27  24  18  28  28  35  29  32  25  38
 [37]  39  59  44  42  53  57  59  53  57  46  59  57  77  62  71  59  61  61
 [55]  64  63  60  68  66  79  79  73  88  90  97  91  92  96 112 116 136 143
 [73] 160 160 160 183 195 186 197 222 229 220 238 255 253 276 283 311 340 323
 [91] 308 289 313 326 336 333 354 318 368 398 400 412 414 447 472 449 424 475
[109] 507 553 594 607 652 674 665 721 730 748 770 837 889

[[76]]
  [1]   10   50   36   42   31   35   42   41   36   55   54   73   67   64   77
 [16]   91   98   92  113  107  112  138  109  125  122  138  142  150  167  180
 [31]  215  229  258  240  251  231  297  289  290  343  366  413  407  369  417
 [46]  481  492  485  534  561  579  602  636  680  669  650  737  800  824  810
 [61]  777  776  811  876  914  889  930 1000 1005 1081 1120 1097 1215 1279 1385
 [76] 1453 1470 1568 1700 1680 1681 1814 1858 2001 2065 2130 2165 2277 2375 2481
 [91] 2551 2603 2641 2715 2907 3051 3212 3321 3369 3490 3515 3618 3815 3927 4086
[106] 4272 4458 4466 4673 4902 5110 5257 5673 5805 5998 6333 6605 6966 7313 7505
[121] 7618

[[77]]
  [1]   10   45   32   30   16   32   32   46   46   57   59   55   46   52   60
 [16]   70   69   51   65   58   43   62   54   65   47   36   41   45   42   36
 [31]   42   45   43   46   44   54   58   57   61   56   88   88  103   82   83
 [46]  100  122  124  114  120  123  119  130  149  146  151  139  126  126  159
 [61]  175  172  166  157  155  188  229  203  208  190  227  234  251  282  271
 [76]  305  293  335  356  388  365  405  434  453  464  496  494  509  509  563
 [91]  618  655  673  644  695  738  791  769  786  823  859  876  933 1009 1051
[106] 1020 1080 1088 1107 1158 1136 1191 1213 1304 1381 1432 1437 1439 1502 1482
[121] 1599

[[78]]
  [1]   10   24   25   22   16   15   33   29   31   30   43   36   37   43   31
 [16]   26   39   41   37   49   48   45   40   36   47   33   41   49   41   65
 [31]   54   50   54   61   46   53   64   63   75   74   91  107  107   85   81
 [46]   85   87   84  124  112  123  133  140  119  127  157  150  153  156  156
 [61]  145  173  185  170  182  155  188  198  180  194  210  226  244  248  267
 [76]  249  263  281  309  359  341  329  344  360  391  408  387  401  417  412
 [91]  437  455  509  461  464  470  446  482  547  591  588  628  657  652  661
[106]  734  741  769  828  924  954  955  904 1012 1068 1108 1157 1239 1221 1256
[121] 1402

[[79]]
  [1] 10 48 40 24 22 17 15 18 11 18 19 14 10  7 14  9 12 10  7  6  4  3  2  2  8
 [26]  7  5  3  3  2  2 10  6  6  5  8  6 11 14  8 11 11 12 14 12  9 10  7  9  9
 [51] 16 25 22 13 14 20 11 18 12 14 14 12 19 32 20 22 18 15 12  8  7 17 16 13 12
 [76] 30 22 17 14 14 25 20 17 27 35 26 40 37 34 40 38 43 39 48 39 35 33 39 40 47
[101] 68 47 52 48 46 48 47 48 40 45 47 47 52 52 65 43 52 46 58 67 57

[[80]]
  [1]   10   28   38   31   23   22   28   32   41   45   49   58   41   57   61
 [16]   72   66   57   72   87   78   81   83   96   80   85   85  111  116  143
 [31]  149  142  154  157  156  164  148  129  146  149  162  202  191  164  173
 [46]  188  230  233  257  304  306  330  374  344  371  384  424  476  482  509
 [61]  506  506  549  623  644  669  690  713  692  731  771  753  759  804  827
 [76]  841  846  824  829  931  981 1037 1093 1030 1123 1167 1172 1244 1343 1436
 [91] 1428 1418 1592 1710 1726 1883 1835 2019 2019 2144 2245 2322 2325 2360 2466
[106] 2705 2768 2911 3012 3140 3229 3354 3551 3678 3812 3879 4076 4104 4376 4645
[121] 4803

[[81]]
  [1]   10   24   35   22   26   21   21   19   25   22   33   29   30   25   35
 [16]   42   39   40   30   39   40   33   28   26   33   44   47   42   42   47
 [31]   46   54   67   76   84   77   71   84  106  104   91   94   98   84   92
 [46]  117  130  125  122  120  146  170  202  223  199  196  187  197  246  261
 [61]  231  215  260  273  280  300  305  348  353  358  340  312  350  344  392
 [76]  442  412  381  358  426  481  465  448  448  458  476  543  488  491  511
 [91]  523  533  601  625  688  708  771  801  797  823  868  973  998  999 1017
[106] 1079 1111 1097 1120 1196 1191 1197 1236 1394 1429 1534 1551 1695 1698 1747
[121] 1728

[[82]]
  [1]   10   33   25   21   20   18   18   18   26   27   16   20   26   30   35
 [16]   35   35   27   47   49   47   37   46   55   55   56   55   44   56   59
 [31]   65   76   66   70   76   74   91   91  104  102   92   83   87   87  117
 [46]  118  135  116  109  100  122  132  107  132  132  118  127  106  128  107
 [61]  112  116  129  132  143  159  128  146  161  167  185  180  177  172  203
 [76]  215  205  187  227  239  255  258  300  290  290  325  280  273  317  320
 [91]  292  322  368  432  464  468  434  474  524  575  560  607  618  622  601
[106]  704  706  718  751  785  796  902  922  970  982 1065 1054 1154 1210 1175
[121] 1210

[[83]]
  [1]   10   27   19   18   17   12   10   21   24   24   17   14   13   13   26
 [16]   30   21   23   21   37   38   40   42   44   39   41   39   49   60   67
 [31]   71   55   61   64   69   55   63   53   69   78   74   85   83  101  106
 [46]  100  111  108  118  109  107  112  146  131  149  141  160  171  182  180
 [61]  172  172  176  212  189  191  213  240  225  254  253  268  264  297  272
 [76]  308  319  310  305  319  349  402  420  428  429  441  485  476  486  468
 [91]  514  490  541  512  571  559  566  621  706  718  758  741  765  819  817
[106]  856  891  955  973 1021 1047 1118 1163 1234 1277 1273 1330 1501 1525 1567
[121] 1678

[[84]]
  [1]   10   35   16   21   24   25   29   23   29   38   31   39   32   54   59
 [16]   62   67   60   51   59   71   77   84   77   89   98   93  102  116  110
 [31]  125  128  129  134  125  139  161  152  180  207  196  171  189  191  206
 [46]  200  186  202  221  236  256  254  318  336  303  330  381  398  412  408
 [61]  448  483  440  468  450  536  540  566  599  571  590  606  632  649  711
 [76]  703  738  756  834  891  922  928  964  987  986 1087 1172 1235 1261 1266
 [91] 1363 1447 1521 1589 1614 1640 1730 1822 1878 1982 2084 2087 2179 2264 2407
[106] 2508 2665 2798 2827 2940 3134 3260 3425 3479 3613 3752 3984 4182 4276 4325
[121] 4482

[[85]]
  [1]  10  44  25  25  18  29  29  22  19  17  22  20  16  16  12  13  10   7
 [19]  12  12   7   7  10  19  10   7   7  12   8  10   9  10   5   3  10  11
 [37]  15  16  11   8  20  17  24  21  16  19  14   9   8  15  16  12  23  23
 [55]  17  30  27  18  15  12  16  29  29  22  32  38  37  31  28  34  24  19
 [73]  45  27  30  25  36  29  49  35  34  41  40  52  58  63  68  76  73  67
 [91]  63  73  84  96  89  80 103 100  99 100 102 106 102 113 117 103 121 154
[109] 156 159 136 157 163 191 194 211 212 209 226 230 243

[[86]]
  [1]   10   38   34   36   28   31   54   45   45   46   55   60   64   69   88
 [16]   72   82   70   92   97   87   97   98   90  101  105  130  129  134  127
 [31]  178  153  149  165  174  205  211  233  232  235  220  275  283  284  293
 [46]  298  298  341  349  312  382  390  362  411  436  434  428  444  433  444
 [61]  538  554  528  568  608  610  680  704  767  692  726  758  801  814  872
 [76]  944  891  957 1004 1063 1103 1156 1104 1201 1236 1312 1466 1544 1613 1585
 [91] 1649 1727 1846 1888 1917 1994 1953 2122 2189 2242 2291 2411 2440 2503 2519
[106] 2642 2783 2981 3161 3158 3285 3389 3481 3722 3855 3899 4035 4212 4389 4474
[121] 4621

[[87]]
  [1]   10   50   44   34   27   24   42   56   57   53   50   41   65   53   44
 [16]   47   40   47   51   54   48   63   73   69   77   80   91   72  105  104
 [31]  128  132  129  133  153  163  179  162  158  141  147  179  159  204  212
 [46]  205  184  223  210  216  256  253  240  227  253  296  342  343  313  326
 [61]  348  359  355  388  454  436  496  489  488  525  522  517  551  575  601
 [76]  637  627  635  630  665  666  728  705  737  825  844  858  922  947  908
 [91]  941  957 1023 1078 1151 1108 1159 1236 1243 1359 1427 1498 1606 1659 1775
[106] 1786 1912 2005 2044 2121 2242 2353 2456 2515 2566 2685 2792 2916 3071 3140
[121] 3259

[[88]]
  [1]   10   34   33   25   22   20   26   32   38   41   41   40   46   47   34
 [16]   42   46   59   72   88   82   82   69   64   69   54   52   51   45   54
 [31]   54   69   75   63   85   86   99  110  103   85   86   87   89   82   87
 [46]   93  104   97   95   85  102  131  115  123  104  101   94  140  146  146
 [61]  156  183  166  184  164  173  195  192  209  219  235  233  220  236  271
 [76]  283  296  285  300  279  310  352  367  357  326  421  447  461  470  478
 [91]  472  503  528  590  598  648  670  655  658  728  755  746  870  874  891
[106]  884  991 1064 1043 1026 1053 1151 1168 1289 1318 1308 1341 1321 1376 1428
[121] 1497

[[89]]
  [1]   10   38   40   36   24   18   23   34   26   19   16   21   30   30   34
 [16]   29   37   39   41   47   56   49   45   40   31   35   47   49   47   51
 [31]   45   52   57   54   45   48   66   64   51   50   74   71   61   68   85
 [46]  100  111  111  105  124  125  112  117  138  158  156  134  135  162  163
 [61]  159  204  205  190  193  205  224  214  220  226  249  238  250  258  302
 [76]  301  299  307  306  344  391  441  485  468  480  490  512  524  567  594
 [91]  600  663  697  730  775  818  872  865  926  952 1024 1126 1159 1132 1188
[106] 1225 1180 1240 1370 1406 1449 1507 1602 1655 1634 1708 1735 1746 1856 1954
[121] 1979

[[90]]
  [1] 10 22 12  7  6  9  6  4  4  3  3  2  1  1  1  1  0  0  0  0  0  0  0  0  0
 [26]  0  0  0  0  0  0  0  0  0  0  0  0  0  0  0  0  0  0  0  0  0  0  0  0  0
 [51]  0  0  0  0  0  0  0  0  0  0  0  0  0  0  0  0  0  0  0  0  0  0  0  0  0
 [76]  0  0  0  0  0  0  0  0  0  0  0  0  0  0  0  0  0  0  0  0  0  0  0  0  0
[101]  0  0  0  0  0  0  0  0  0  0  0  0  0  0  0  0  0  0  0  0  0

[[91]]
  [1]   10   17   22   19   13   17   17   17   12   21   24   23   27   35   42
 [16]   37   30   30   28   27   33   31   27   41   35   37   47   51   65   48
 [31]   40   42   39   36   43   53   49   46   47   67   54   77   73   50   50
 [46]   65   77   95   95   88  101  109  101  102  107  127  102  107  114  124
 [61]  139  133  169  171  145  176  179  186  226  248  213  214  219  257  251
 [76]  285  274  298  327  327  322  357  361  382  357  399  413  416  458  449
 [91]  410  457  500  517  536  542  576  607  656  628  707  770  806  800  770
[106]  846  893  914  949  958 1037 1164 1228 1282 1274 1322 1385 1471 1502 1603
[121] 1727

[[92]]
  [1]   10   23   28   30   32   34   33   53   49   48   41   52   54   55   43
 [16]   52   68   60   73   68   72   97   86   90   89   83   76   77   83  107
 [31]   99   94   92   78   81  101  108  131  133  139  119  108  105  126  164
 [46]  192  150  144  161  139  161  155  186  180  173  160  158  183  180  168
 [61]  163  186  210  194  192  223  237  254  216  228  253  261  271  274  267
 [76]  238  280  301  335  344  334  305  327  322  368  379  320  343  349  386
 [91]  425  418  475  475  453  454  516  638  601  564  578  609  635  678  683
[106]  771  790  820  929  938  946  964 1053 1079 1094 1142 1235 1344 1448 1454
[121] 1520

[[93]]
  [1]   10   24   14   13   16   18   18   22   28   36   28   22   18   37   38
 [16]   29   27   25   24   29   25   26   41   39   32   38   57   61   44   45
 [31]   40   43   59   60   73   69   70   70   67   66   67   74   74   76   69
 [46]   99   85   86  108  111   94   84  108  117  113   97  123  135  150  182
 [61]  172  163  195  230  244  237  225  244  244  262  273  282  288  289  286
 [76]  309  336  338  364  370  390  408  407  363  394  368  396  429  459  528
 [91]  466  509  535  557  588  632  697  684  670  707  790  802  789  858  880
[106]  957  924  937  984 1034 1001 1087 1187 1279 1224 1249 1265 1451 1500 1450
[121] 1466

[[94]]
  [1]   10   17   26   19   14   13   16   49   43   42   36   34   29   46   45
 [16]   46   51   41   38   39   42   40   31   38   37   41   70   57   59   74
 [31]   82   74   78   78   75   70   96   91   95   96   77   96  106   92   87
 [46]  101  133  127  113  116  108  103  100  104  111  132  115  124  145  136
 [61]  134  166  162  173  197  211  219  208  245  233  270  289  315  356  349
 [76]  359  334  371  367  417  390  402  446  528  510  492  509  515  474  486
 [91]  483  607  591  591  543  571  604  646  686  727  769  792  811  806  873
[106]  940  968  933 1056 1060 1132 1166 1163 1236 1333 1373 1489 1535 1539 1589
[121] 1669

[[95]]
  [1] 10 20 18 16 19 19 21 16 23 21 18 20 15 14 14 19 17 17 12  8  7  7  9  7  6
 [26]  5  4  2  1  1  1  1  0  0  0  0  0  0  0  0  0  0  0  0  0  0  0  0  0  0
 [51]  0  0  0  0  0  0  0  0  0  0  0  0  0  0  0  0  0  0  0  0  0  0  0  0  0
 [76]  0  0  0  0  0  0  0  0  0  0  0  0  0  0  0  0  0  0  0  0  0  0  0  0  0
[101]  0  0  0  0  0  0  0  0  0  0  0  0  0  0  0  0  0  0  0  0  0

[[96]]
  [1]  10  24  24  23  26  25  25  17  15  26  20  22  15  13  15  16  17  15
 [19]  17  17  20  42  34  34  34  43  61  52  53  61  49  52  52  54  47  44
 [37]  50  49  53  68  61  60  60  72  67  70  75  75  71  79  73  80  92  87
 [55]  89  82 105 105 117  97  82  90  91  86  95  95  85 105 105  98 101 108
 [73] 141 154 157 146 135 140 164 153 166 184 171 181 193 199 199 226 223 212
 [91] 214 226 220 248 268 279 277 270 308 329 346 372 352 359 394 417 468 499
[109] 491 520 556 562 655 661 703 680 689 741 723 725 756

[[97]]
  [1]   10   37   39   31   22   28   25   38   25   23   19   22   24   36   29
 [16]   31   42   34   32   33   55   43   41   49   54   59   49   65   52   57
 [31]   71   64   67   51   57   68   91  116   98  100  100   91   96   95  116
 [46]  131  132  144  138  128  141  176  189  180  165  175  189  222  203  204
 [61]  191  198  185  221  221  241  296  294  343  333  308  341  303  359  365
 [76]  373  405  416  447  467  523  535  542  557  574  622  651  711  687  786
 [91]  784  834  873  882  874  922  949  989 1100 1186 1253 1209 1301 1351 1391
[106] 1439 1498 1510 1677 1790 1809 1958 2005 1956 1982 2147 2248 2271 2371 2390
[121] 2542

[[98]]
  [1]   10   30   31   33   26   24   35   34   47   40   32   47   52   43   37
 [16]   33   44   42   42   51   45   39   40   47   60   56   61   50   48   69
 [31]  104   96   89   62   70   90  112  123  117  102  120  106  128  154  162
 [46]  164  155  184  199  222  199  186  197  225  248  225  234  249  290  286
 [61]  312  318  381  382  383  383  438  447  484  442  435  441  495  525  509
 [76]  531  515  532  579  603  600  633  670  683  689  663  706  721  779  821
 [91]  860  889  962  944  973 1018  992 1020 1094 1181 1174 1214 1216 1293 1391
[106] 1426 1484 1602 1613 1651 1790 1830 1925 1996 2129 2245 2315 2359 2395 2388
[121] 2510

[[99]]
  [1]   10   33   25   25   21   30   18   25   22   28   29   25   29   28   33
 [16]   34   43   31   43   50   41   49   61   55   51   43   47   79   65   59
 [31]   77   63   69   75   84   87   69   88   99  102   77   90   99   90  116
 [46]  101   99  106  121  145  144  134  106  116  128  129  171  188  170  173
 [61]  188  183  197  201  233  253  258  256  247  279  249  275  322  361  359
 [76]  360  366  391  431  435  463  485  503  490  519  536  509  561  541  568
 [91]  596  576  604  654  714  765  751  718  759  858  836  872  944  989  977
[106]  901  964 1028 1088 1172 1186 1141 1237 1234 1205 1334 1398 1465 1541 1575
[121] 1601

[[100]]
  [1]   10   39   50   41   37   37   41   45   43   52   46   46   61   77   74
 [16]   70   70   80   64   63   69   67   77   85  109  125  141  134  129  126
 [31]  148  153  158  157  164  143  125  146  165  162  180  173  187  175  207
 [46]  199  209  226  240  273  265  275  285  307  341  356  362  359  397  395
 [61]  422  449  439  457  427  462  431  459  490  501  536  522  519  514  577
 [76]  591  596  627  613  650  732  812  887  897  928  994 1004 1020 1021 1097
 [91] 1081 1109 1131 1179 1295 1250 1342 1377 1395 1392 1486 1533 1513 1551 1573
[106] 1647 1810 1880 1896 1910 1977 2176 2298 2252 2339 2410 2459 2548 2542 2759
[121] 2823

[[101]]
  [1]   10   37   34   35   29   39   34   33   31   21   35   47   45   49   40
 [16]   44   45   41   37   43   45   36   26   27   33   52   55   61   52   44
 [31]   50   69   79   76   69   60   76   78   79   81   77   87   80   85  114
 [46]  103   99  114  123  121  133  116  116  116  134  146  143  133  144  156
 [61]  130  119  172  196  192  194  177  211  221  199  227  247  272  308  331
 [76]  316  326  319  365  331  318  348  356  450  428  410  443  501  525  522
 [91]  510  506  547  533  594  612  695  772  747  778  765  793  797  905  957
[106] 1000 1040 1019 1059 1142 1230 1314 1358 1405 1525 1514 1570 1547 1629 1732
[121] 1784

[[102]]
  [1] 10 44 37 35 30 23 30 34 29 30 24 21 23 20 18 21 23 20 24 23 18 14 15 18 22
 [26] 25 18 20 19 15 17 14 10 13 11 13 14 18 15 11 10 17 11 10 24 12 12 10  9  5
 [51]  5  8  5  6  4  4 10  4  3 11  7  6  5  6  9  4  3  8  4  1  1  0  0  0  0
 [76]  0  0  0  0  0  0  0  0  0  0  0  0  0  0  0  0  0  0  0  0  0  0  0  0  0
[101]  0  0  0  0  0  0  0  0  0  0  0  0  0  0  0  0  0  0  0  0  0

[[103]]
  [1]   10   30   33   25   29   30   35   27   33   33   52   37   41   38   46
 [16]   47   53   52   51   45   48   49   50   57   50   53   49   49   54   56
 [31]   58   81   79   83   89   94   99  116  125  119  111  116  115  148  155
 [46]  142  157  143  165  156  140  129  159  170  157  162  196  196  216  222
 [61]  265  233  239  275  282  332  358  358  364  382  364  391  423  471  501
 [76]  532  536  565  568  556  547  554  648  644  694  742  753  752  781  805
 [91]  858  830  862  921  989 1008 1062 1163 1174 1212 1239 1249 1304 1403 1464
[106] 1480 1548 1622 1646 1704 1686 1776 1866 1834 1863 2048 2172 2209 2238 2435
[121] 2633

[[104]]
  [1]   10   19   19   27   21   15   10   12   18   19   30   20   19   27   33
 [16]   49   38   31   22   36   44   37   39   43   47   48   45   37   38   41
 [31]   54   46   41   51   50   76   94   84   76   85   69   74   76   71   74
 [46]   75   70   70   53   54   65   78   90   89   94  107  127  139  159  144
 [61]  141  167  180  169  177  161  204  197  199  205  230  214  229  263  239
 [76]  303  299  300  282  282  291  348  371  385  366  384  420  475  445  440
 [91]  463  479  538  592  575  572  568  588  581  641  711  679  709  805  801
[106]  811  841  820  902  920  950  981 1059 1012 1082 1109 1154 1148 1189 1349
[121] 1344

[[105]]
  [1]   10   29   26   25   20   19   16   17   13   15   17   22   13   19   14
 [16]   16   21   35   45   36   31   32   40   66   61   66   60   57   54   61
 [31]   73   76   74   88   83   79   93   99   91  114  125  134  127  125  129
 [46]  147  149  167  150  160  166  173  180  183  181  185  185  216  257  255
 [61]  283  270  266  265  277  266  268  278  303  311  337  380  385  328  309
 [76]  375  410  377  391  452  426  482  520  536  562  514  556  594  594  590
 [91]  641  645  692  715  711  721  799  886  938  901  913  963  969 1044 1054
[106] 1097 1164 1223 1265 1291 1347 1388 1413 1442 1537 1581 1604 1773 1840 1920
[121] 1897

[[106]]
  [1]  10  35  20  16  13  22  21  16  14  19  17  11  17  19  13  17  16  16
 [19]  18  15  20  21  19  22  26  25  23  19  24  34  44  45  45  43  44  46
 [37]  36  34  36  39  38  44  47  40  49  53  38  34  44  40  38  47  41  43
 [55]  36  35  37  82  69  66  85  69  68  66  58  70  66  66  74  70  83  98
 [73]  98  95 118 132 128 145 142 151 149 163 168 168 166 158 201 229 230 247
 [91] 252 239 247 256 276 301 276 283 321 325 385 405 396 405 448 458 500 561
[109] 503 515 538 516 494 524 574 573 609 641 674 697 794

[[107]]
  [1]   10   33   19   13   11   11   23   28   21   12   17   16   12   12   10
 [16]   24   30   33   26   25   52   44   36   30   36   37   51   55   49   63
 [31]   64   64   74   61   56   57   88   86   79   84   87   97   92   98   95
 [46]   74   95   99  106   96   94  107  131  116  109  128  136  130  153  154
 [61]  152  133  175  169  155  181  197  220  233  245  280  283  268  284  313
 [76]  332  314  330  325  350  361  368  404  418  434  458  467  514  525  487
 [91]  476  522  596  622  608  602  636  663  717  779  782  820  853  843  892
[106]  987  996 1025 1063 1132 1215 1193 1279 1336 1398 1464 1531 1579 1636 1784
[121] 1715

[[108]]
  [1]   10   45   24   19   14   13   20   34   38   33   30   37   42   53   71
 [16]   66   48   45   67   63   79  109  125  122  140  121  142  121  126  154
 [31]  139  167  162  153  162  177  181  157  160  183  214  218  213  198  212
 [46]  298  301  299  287  333  369  337  396  397  394  394  435  436  476  463
 [61]  453  531  580  571  605  592  628  608  647  686  740  734  786  830  820
 [76]  851  934  988 1084 1074 1128 1171 1158 1214 1267 1320 1407 1463 1492 1539
 [91] 1626 1628 1775 1827 1927 1947 2062 2194 2262 2338 2400 2556 2611 2787 2892
[106] 3002 3122 3305 3525 3663 3892 4071 4336 4234 4340 4696 4877 5061 5331 5426
[121] 5632

[[109]]
  [1]   10   28   27   17   16   20   25   18   23   27   21   22   32   23   30
 [16]   40   49   38   51   66   52   76   78   80   81  102  103  112  111  122
 [31]  112  141  161  137  123  123  145  174  180  198  193  213  230  267  251
 [46]  253  294  287  293  292  336  361  378  374  390  391  421  430  450  496
 [61]  532  518  549  526  610  626  656  706  717  785  820  931  928  931  945
 [76] 1019 1054 1063 1260 1272 1266 1324 1413 1485 1465 1548 1699 1798 1817 1779
 [91] 1873 1844 1930 2085 2195 2302 2396 2390 2488 2576 2682 2782 2892 3041 3253
[106] 3442 3531 3530 3753 3998 4227 4321 4487 4716 4864 4938 5129 5294 5557 5821
[121] 5981

[[110]]
  [1] 10 25 20 12  9  8 13 15 22 15 20 26 19 29 27 34 21 19 27 35 30 20 21 19 22
 [26] 25 20 16 19 29 30 30 40 33 38 42 39 33 44 51 47 40 33 28 32 45 42 41 42 44
 [51] 46 35 40 37 32 24 35 51 49 40 39 36 29 35 31 26 45 51 37 32 41 55 41 36 43
 [76] 38 43 44 31 38 36 39 32 34 41 48 40 44 50 48 41 53 38 41 46 46 49 56 58 57
[101] 46 65 67 57 54 57 57 75 89 82 71 63 62 73 77 71 64 60 65 58 67

[[111]]
  [1]   10   38   31   34   27   22   20   31   32   33   32   27   30   52   55
 [16]   73   71   79   77   67   79  102  109   99   85   91   91  122  121  120
 [31]  108   98   93  108  104  139  155  136  116  141  134  134  137  149  140
 [46]  174  197  174  161  165  193  206  203  197  221  247  276  299  268  305
 [61]  321  317  316  351  359  376  404  426  421  464  484  534  556  564  636
 [76]  648  709  682  730  772  877  823  830  905  987 1017 1018 1048 1053 1128
 [91] 1275 1253 1239 1349 1388 1468 1501 1530 1580 1663 1729 1919 1881 2005 2014
[106] 2150 2183 2264 2424 2486 2605 2654 2770 2797 2983 3153 3280 3442 3491 3694
[121] 3868

[[112]]
  [1]   10   10   14   16   14   21   18   24   24   32   27   37   37   33   40
 [16]   32   30   28   35   29   26   24   25   27   31   22   28   26   30   40
 [31]   49   61   54   52   54   52   66   55   63   80  107   94  105   99   94
 [46]  109  141  122  149  150  158  198  196  209  190  183  203  231  224  237
 [61]  245  285  256  287  304  308  326  330  372  406  392  397  442  514  475
 [76]  472  505  550  542  572  558  598  604  723  753  765  801  792  808  828
 [91]  850  888  907  918  958 1092 1059 1047 1073 1087 1159 1234 1237 1278 1318
[106] 1388 1439 1520 1658 1727 1753 1827 1914 1960 2033 2169 2306 2373 2486 2538
[121] 2622

[[113]]
  [1]   10   15   13   24   15   16   18   29   23   21   28   23   29   31   38
 [16]   47   43   44   58   62   52   50   44   61   53   51   52   63   86   74
 [31]   87   88   68   95   89  105   99  114  103  128  119  112  126  126  115
 [46]  122  137  139  138  144  136  165  195  164  192  205  216  216  204  196
 [61]  219  231  216  229  234  232  259  238  276  297  270  296  322  319  338
 [76]  359  358  401  413  385  455  490  481  521  512  540  531  556  634  629
 [91]  639  654  679  665  694  758  744  786  864  925  949  956 1066 1145 1166
[106] 1227 1347 1363 1320 1472 1485 1535 1717 1668 1752 1852 1933 2024 2198 2310
[121] 2319

[[114]]
  [1]   10   20   16   21   13   10   11    7   18   18   21   13   15   16   22
 [16]   21   17   20   31   24   28   32   38   45   36   31   30   30   38   42
 [31]   48   36   36   38   46   52   64   53   58   76   79  102  121  107   99
 [46]   85  100   97  104  128  123  176  182  169  152  192  196  248  251  250
 [61]  282  254  256  259  264  250  261  304  265  264  302  296  318  383  334
 [76]  380  366  392  424  436  432  500  510  509  518  588  637  648  711  692
 [91]  707  734  750  777  811  812  868  890  915  956 1019 1014 1094 1176 1152
[106] 1126 1168 1253 1303 1309 1386 1476 1500 1585 1588 1722 1821 1896 1996 1999
[121] 1996

[[115]]
  [1]  10  21  18  12  11   9  17  17  22  28  21  21  21  27  43  34  30  31
 [19]  26  28  30  39  30  29  37  43  36  38  48  42  45  50  43  58  76  69
 [37]  61  61  68  58  65  91  88  73  77  96  74  83  92  83  90 108 119 134
 [55] 104  95 109 110 104  87  85 111 121 119 120  97 102  91  96 124 117 107
 [73] 118 145 142 121 135 150 164 184 155 168 175 192 225 231 207 235 273 263
 [91] 290 265 268 302 333 346 340 376 416 410 467 454 466 463 475 541 537 531
[109] 519 553 617 603 626 647 655 673 728 778 755 823 837

[[116]]
  [1]   10   16   35   36   34   28   31   23   31   36   29   22   25   32   45
 [16]   49   55   61   51   53   43   54   80   79   70   59   69   88   79   80
 [31]   74   78   86  108   98  101  111  112  130  114  111  121  122  122  136
 [46]  196  172  189  187  209  226  261  265  261  292  345  311  318  296  332
 [61]  315  325  346  376  368  354  347  346  381  429  442  501  484  526  534
 [76]  584  585  609  612  608  659  657  674  686  742  813  788  799  817  823
 [91]  941  951 1011  991 1022 1031 1089 1057 1086 1142 1173 1134 1121 1192 1200
[106] 1282 1296 1344 1395 1373 1425 1617 1686 1772 1794 1903 1934 2098 2043 2145
[121] 2302

[[117]]
  [1]   10   47   42   33   34   44   43   36   36   44   47   59   79   80   69
 [16]   74   82   75   97  113  124  106  106  130  111  130  119  135  145  167
 [31]  151  139  132  126  164  171  167  166  181  176  205  227  260  256  272
 [46]  293  325  389  377  367  404  408  412  435  491  474  498  553  585  611
 [61]  622  646  690  744  746  720  775  764  793  854  834  862  912  992  983
 [76]  986 1101 1149 1206 1204 1232 1359 1439 1496 1441 1507 1579 1713 1765 1874
 [91] 1941 1950 1983 2140 2254 2451 2527 2626 2725 2753 2941 3042 3041 3241 3386
[106] 3538 3536 3780 3835 3986 4203 4370 4454 4592 4892 4867 5042 5147 5386 5705
[121] 5864

[[118]]
  [1]   10   43   45   39   29   33   37   31   29   24   32   22   16   26   33
 [16]   33   32   35   43   31   40   47   65   58   52   61   63   63   67   86
 [31]   99   97  105   99  120  119  124  121  130  145  140  143  172  208  204
 [46]  195  217  231  261  262  313  311  299  287  297  339  349  339  364  338
 [61]  322  363  391  452  500  494  499  497  557  565  581  565  605  671  681
 [76]  707  708  689  749  809  826  865  893  900  921  961 1012 1064 1058 1234
 [91] 1257 1350 1308 1370 1410 1518 1581 1580 1652 1700 1732 1755 1848 2009 1972
[106] 2053 2152 2201 2341 2416 2434 2531 2650 2779 2926 3029 3146 3215 3333 3351
[121] 3421

[[119]]
  [1]   10   27   41   31   29   27   28   24   22   22   30   43   41   31   48
 [16]   44   36   44   60   66   56   53   71   77   98   92  100   91  103  102
 [31]  152  152  180  180  173  189  176  182  172  184  163  157  186  186  195
 [46]  201  209  253  258  268  289  285  287  283  307  370  383  393  436  396
 [61]  440  421  490  484  540  550  565  630  688  677  650  725  733  768  805
 [76]  851  865  886  947  987 1024 1037 1049 1129 1253 1223 1327 1348 1361 1433
 [91] 1514 1515 1521 1599 1687 1749 1777 1883 1876 1950 2007 2081 2129 2336 2353
[106] 2561 2602 2696 2712 2806 2876 3057 3184 3242 3367 3388 3568 3799 3913 4035
[121] 4156

[[120]]
  [1]  10  16  17  19  15  17  15  12  11  12  13  16  12  17  18  23  22  21
 [19]  26  46  43  33  38  53  39  31  33  52  52  40  33  37  35  39  39  30
 [37]  35  44  35  32  26  31  31  51  43  62  53  56  60  56  57  67  52  67
 [55]  60  50  45  53  48  44  50  63  48  49  52  60  51  48  68  66  71  87
 [73]  96  84  83  84 108  96 104 119 110 131 123 154 147 143 143 153 161 150
 [91] 138 136 132 144 143 145 171 173 166 194 225 202 203 205 202 201 231 221
[109] 243 268 245 267 291 287 309 280 293 319 361 388 390

[[121]]
  [1]  10  18  21  14  14  13  28  26  23  21  25  33  34  38  51  40  56  47
 [19]  47  60  50  46  50  49  48  55  48  47  56  61  57  53  58  52  51  57
 [37]  60  72  61  66  71  57  61  43  49  65  62  61  48  62  64  66  58  72
 [55]  69  62  61  66  68  67  72  65  63  58 100  95 101  86  73 110 113  95
 [73] 105 118 129 137 127 155 158 164 146 167 183 198 176 207 193 197 239 258
 [91] 239 237 264 280 299 278 318 322 332 341 387 423 434 428 437 452 479 493
[109] 526 534 541 556 591 585 676 660 727 790 822 844 866

[[122]]
  [1]   10   29   24   18   14   12   20   18   28   34   41   38   42   43   50
 [16]   53   54   61   61   63   79   78   87   91   87  104   95   96   89  107
 [31]  110  131  108  123  128  131  149  153  170  187  227  208  240  206  221
 [46]  199  264  259  238  260  275  283  285  288  336  328  318  338  335  391
 [61]  459  462  457  467  442  491  495  486  533  530  580  585  611  623  669
 [76]  654  726  714  767  763  799  836  853  890  937  961 1001  999 1062 1172
 [91] 1157 1249 1305 1344 1349 1420 1415 1544 1539 1560 1628 1733 1763 1781 1941
[106] 2053 2037 2116 2198 2315 2383 2487 2541 2742 2726 2755 2940 3053 3153 3265
[121] 3450

[[123]]
  [1]   10   48   40   36   28   29   40   41   31   23   22   36   43   39   31
 [16]   21   20   32   40   35   27   27   27   36   38   37   46   40   30   29
 [31]   46   37   52   44   55   78   65   58   65   55   56   57   71   64   75
 [46]   60   79   84   92  108  117   92   99   96  102  117  141  141  161  178
 [61]  204  214  207  201  214  228  213  282  256  253  243  270  275  314  341
 [76]  329  338  335  397  379  434  469  482  524  527  569  578  685  650  665
 [91]  705  758  762  837  909  886  933  985 1009 1049  993 1060 1097 1219 1235
[106] 1282 1265 1345 1416 1391 1502 1561 1629 1680 1824 1873 1929 2087 2238 2205
[121] 2283

[[124]]
  [1]  10  26  15  11  11  14  17  13  16  13  19  20  15  11  10  13  22  28
 [19]  18  16  27  17  20  28  28  38  28  28  17  20  25  35  32  27  22  34
 [37]  27  27  31  39  29  39  40  50  59  57  52  72  70  66  82  73  83  66
 [55]  88  84  72  59  62  49  71  68  93 101  79  74  69  75  85  77  85  75
 [73]  82 108 102 115 119 130 113 118 111 107 104 112 116 122 136 141 164 153
 [91] 161 185 182 214 205 203 218 225 221 250 275 305 366 360 333 363 405 398
[109] 459 458 472 496 519 526 505 546 588 653 647 687 743

[[125]]
  [1] 10 23 23 20 17 21 17 18 14 14 15 10  8  6  5  4  3  3  5  2  2  4  9  4  4
 [26]  4  3  2  2  2  2  1  0  0  0  0  0  0  0  0  0  0  0  0  0  0  0  0  0  0
 [51]  0  0  0  0  0  0  0  0  0  0  0  0  0  0  0  0  0  0  0  0  0  0  0  0  0
 [76]  0  0  0  0  0  0  0  0  0  0  0  0  0  0  0  0  0  0  0  0  0  0  0  0  0
[101]  0  0  0  0  0  0  0  0  0  0  0  0  0  0  0  0  0  0  0  0  0

[[126]]
  [1]  10  27  31  19  23  13  18  24  26  18  15  13   9  12  12   9   6  11
 [19]   7   6   4  12   7   3   3   7   5   3   3   3   5   1   7  11   5   5
 [37]   5   5   4   7   6   8  10   5   5   7   6   6  11  14  10  10  15  18
 [55]  18  13  16  10   9  13  18  26  18  11   9  15  17  14  13  15  23  26
 [73]  27  29  35  24  22  23  36  27  30  39  49  50  53  47  53  50  52  66
 [91]  72  51  48  58  61  72  73  73  72  70  69  56  57  60  79  82  82  79
[109]  68  79 117 102 112 100 117 101 123 154 155 131 143

[[127]]
  [1]  10  23  18  14  11   8   6   4  10   8   8   5   4   4   4   4  12  13
 [19]  19  16  14  26  23  15  20  16  12  10  12  18  17  13  21  26  25  22
 [37]  17  17  11  13  11  14  12  10   8  15  17  21  17  14  13  17  27  34
 [55]  24  23  17  13  16  20  18  16  12  14  23  15  16  17  19  14  12  13
 [73]  24  16  23  15  13  24  26  32  25  24  29  29  37  29  24  34  38  53
 [91]  45  43  54  53  44  37  35  35  33  47  49  41  34  28  22  32  48  67
[109]  58  51  47  58  44  66  68  63  68  82  97 106 103

[[128]]
  [1]   10   36   26   20   25   19   26   30   27   24   22   17   24   30   31
 [16]   28   21   32   43   34   30   30   28   31   40   35   42   32   31   39
 [31]   33   32   28   37   27   30   42   40   37   57   59   46   66   59   71
 [46]   77   57   59   50   43   65   78   68   66   60   54   59   59   68   69
 [61]   77   88   96   97   91  106  119  125  138  160  175  181  191  189  188
 [76]  183  193  200  216  245  263  247  228  224  239  281  312  325  329  318
 [91]  309  331  344  371  365  423  434  435  477  458  491  534  542  549  554
[106]  623  655  673  716  751  780  766  777  856  842  921  948  989  977 1059
[121] 1098

[[129]]
  [1]  10  24  20  13  12  12  18  28  34  27  23  23  33  37  37  41  37  44
 [19]  46  45  52  53  53  47  72  61  64  62  69  61  61  51  50  54  51  59
 [37]  66  70  72  82  97  84  92  75  80  87  93 107  96  95 131 125 124 135
 [55] 119 147 138 139 145 156 127 129 124 139 136 130 158 167 161 166 159 143
 [73] 144 161 180 215 216 214 246 219 267 271 251 264 281 323 315 287 286 289
 [91] 315 377 375 368 379 413 422 448 476 483 508 489 481 522 560 552 616 649
[109] 641 707 756 749 754 764 748 813 823 903 939 954 979

[[130]]
  [1]   10   13   16   17   12   12   12   15   11    9   25   31   38   22   19
 [16]   24   33   26   38   37   46   41   46   50   60   62   54   67   79  109
 [31]  106  124  115  115  122  164  140  129  134  149  147  155  160  139  136
 [46]  159  148  143  148  127  145  193  153  136  143  161  216  225  215  222
 [61]  215  273  317  313  316  341  387  366  384  410  408  396  466  501  562
 [76]  614  613  581  570  753  747  749  789  834  880  885  925  989  987 1041
 [91] 1078 1184 1258 1239 1315 1311 1398 1483 1565 1618 1655 1733 1738 1796 1798
[106] 1908 1956 1997 2019 2178 2310 2401 2617 2726 2718 2800 2866 2954 3141 3324
[121] 3389

[[131]]
  [1]   10   35   23   19   15   11   17   24   25   29   28   22   25   37   34
 [16]   46   52   61   54   51   58   68   67   56   54   71   64   69   75   80
 [31]   85   88  100  101   96  110  102  124  128  118  124  145  136  151  149
 [46]  140  136  168  176  158  153  146  165  155  147  158  189  192  226  248
 [61]  208  202  223  275  259  256  256  299  311  307  304  328  355  383  393
 [76]  408  475  519  507  529  564  590  601  636  686  708  757  788  811  913
 [91]  958 1010 1044 1082 1126 1134 1166 1164 1254 1309 1382 1507 1516 1564 1679
[106] 1715 1649 1825 1947 1941 2061 2184 2275 2264 2342 2445 2500 2685 2836 2928
[121] 2954

[[132]]
  [1]   10   32   34   23   12   10    8   14   27   21   22   29   29   35   30
 [16]   36   35   38   55   64   68   66   71   66   72   84   76   74   84   82
 [31]   97   83   75  101  109  103  112  104  136  167  156  151  141  150  173
 [46]  180  183  169  168  190  227  254  240  255  254  257  279  305  304  291
 [61]  300  326  332  366  401  390  425  404  397  464  486  530  471  508  531
 [76]  565  604  581  625  637  676  704  774  821  883  945  967  932  995 1037
 [91] 1150 1139 1218 1280 1232 1299 1385 1404 1435 1487 1630 1617 1672 1712 1806
[106] 1876 1965 2008 2068 2167 2273 2300 2450 2473 2626 2661 2821 2829 2918 3018
[121] 3204

[[133]]
  [1]  10  37  31  37  31  29  36  33  28  26  32  30  29  24  28  22  22  30
 [19]  26  25  25  23  33  41  33  27  30  30  36  41  48  48  56  56  79  66
 [37]  79  64  71  77  88  89  86  94  90  88  86  80  70  81  81  72  78  81
 [55]  91  90 112 131 114 125 140 152 141 126 113 124 157 151 154 141 134 116
 [73] 140 153 166 143 140 157 196 201 194 201 205 190 211 208 199 196 237 247
 [91] 248 309 330 334 306 311 305 344 398 391 392 391 411 424 405 444 471 504
[109] 480 471 457 479 510 516 535 542 590 595 611 672 712

[[134]]
  [1]   10   28   31   27   21   24   20   23   31   32   42   34   32   39   61
 [16]   73   72   68   71   65   65   59   57   64   61   69   74   74   64   54
 [31]   54   67   93   64   86   84   81  110   99  110  104  100  115  122  107
 [46]   98  122  132  151  134  158  189  182  183  190  211  204  240  249  243
 [61]  248  260  245  235  276  263  253  262  279  313  323  292  341  355  365
 [76]  390  395  370  411  410  429  440  494  497  505  498  532  575  613  591
 [91]  623  652  716  764  792  806  892  918 1003 1031 1037 1068 1108 1135 1221
[106] 1218 1268 1385 1435 1451 1555 1643 1708 1754 1770 1865 1915 1996 2110 2120
[121] 2247

[[135]]
  [1]  10  23  19  16  18  13  12  12  17  33  23  29  26  17  16  14  20  17
 [19]  16  13  13  16  19  24  28  34  29  21  21  27  31  29  21  37  29  49
 [37]  37  28  28  44  47  34  37  48  57  53  44  53  49  80  88  78  68  71
 [55]  93 101  81  71  72  81  93  91 109 113 119 133 133 124 135 167 164 180
 [73] 174 152 162 186 217 218 198 207 198 179 203 218 216 231 236 236 252 281
 [91] 285 307 295 312 315 320 350 406 396 429 486 515 487 548 563 532 590 618
[109] 645 663 729 696 702 755 778 773 861 905 928 966 998

[[136]]
  [1] 10 21 12  8  8  8 14  8 11  8 16  8  8  8 11 19 12 10  9 14 15 14 14 11 10
 [26]  8 13 12  9  7 10  9  7 11 15 15 16 14 10 11  9 12 26 22 22 20 18 13 22 27
 [51] 24 13  8  6  6  4  4  6 10 10  7  9 13 18 14 14 12 14 13 11 11  8  7 19 21
 [76] 18 14 11 14 34 23 21 21 26 32 33 45 46 36 40 56 61 59 47 58 54 59 62 75 70
[101] 65 75 68 48 53 45 60 60 62 49 53 62 59 66 63 61 61 84 81 92 89

[[137]]
  [1]   10   26   32   22   19   22   31   29   26   26   32   22   31   38   34
 [16]   33   29   39   52   40   38   51   71   68   74   65   67   84   79   83
 [31]   80  101  104  119  128  128  107   89  131  124  138  141  164  176  161
 [46]  157  165  189  204  241  223  254  252  243  270  312  370  365  330  341
 [61]  356  354  389  374  355  409  419  426  423  467  445  487  497  537  571
 [76]  580  647  657  684  770  792  831  847  872  919  985 1075 1095 1133 1200
 [91] 1259 1226 1269 1296 1354 1436 1486 1544 1575 1707 1721 1757 1801 1863 1920
[106] 2068 2078 2131 2188 2312 2457 2371 2462 2604 2618 2752 2876 3055 3247 3301
[121] 3419

[[138]]
  [1]  10  28  21  17  13  10   9   9   6  11   5   5   3   3   3   7   6   5
 [19]   5   5   7   5   5   4  11  10  18  25  17  17  13  21  29  45  44  34
 [37]  38  44  38  36  47  42  41  50  51  61  60  60  54  77  83  85  86  76
 [55] 107  80  99  96  91 100 123 138 134 114 155 160 189 183 156 152 138 177
 [73] 190 204 167 180 180 209 200 236 217 238 247 279 310 323 316 300 292 309
 [91] 364 380 387 374 336 331 371 383 416 452 417 454 459 466 478 514 553 534
[109] 615 625 610 642 682 731 748 804 850 926 897 931 986

[[139]]
  [1]   10   22   19   14   12   12   12   11   20   17   12   11   17   25   30
 [16]   22   13   13   18   21   23   36   27   25   33   48   51   50   49   36
 [31]   32   45   56   60   67   78   76   86   86   73   72   76   79   92   96
 [46]  129  146  134  119  123  150  135  139  135  127  132  163  205  181  183
 [61]  190  205  213  223  246  283  255  245  251  239  279  315  349  342  370
 [76]  368  372  409  402  423  430  454  463  485  489  525  555  599  639  583
 [91]  636  635  622  658  781  750  714  726  768  835  882  948  950  964 1024
[106] 1019 1178 1228 1234 1353 1394 1434 1501 1484 1586 1707 1767 1861 1964 1934
[121] 1977

[[140]]
  [1]   10   25   23   14   11   17   28   29   27   24   25   30   34   26   25
 [16]   25   32   26   37   38   29   26   34   39   42   37   56   60   52   57
 [31]   73   75   72   75   81   88   89   68   58   82   82   96   97  125  125
 [46]  133  107  113  142  123  124  128  144  181  195  213  211  203  219  262
 [61]  290  262  246  237  231  314  321  342  342  380  387  406  420  433  487
 [76]  512  500  479  462  497  558  675  699  682  692  696  736  828  812  817
 [91]  816  861  908  908  953 1005 1028 1033 1046 1090 1244 1303 1317 1220 1268
[106] 1401 1587 1646 1658 1700 1706 1810 1883 1937 2150 2152 2077 2209 2409 2367
[121] 2491

[[141]]
  [1]  10  30  25  20  17  16  19  16  11  12   9   9  17  16  13   8   8   8
 [19]  16  17  14  11  18  19  20  20  17  15  13  22  23  26  20  21  13  21
 [37]  19  16  17  15  19  20  13  15  20  25  29  23  18  28  24  39  31  32
 [55]  34  47  44  37  32  34  25  27  41  39  55  41  53  62  66  62  64  85
 [73]  75  66  74 106 113 111 121 109 118 152 154 146 149 141 189 210 228 214
 [91] 228 213 209 188 230 221 270 274 291 261 276 318 349 392 378 397 402 454
[109] 461 461 482 512 559 557 588 654 698 764 759 797 792

[[142]]
  [1]  10  15  21  22  19  16  22  17  16  21  31  28  38  35  37  31  34  39
 [19]  26  23  26  29  37  43  36  30  40  50  39  48  49  40  59  65  83  82
 [37]  87  79  74  67  86  98  94  86  81  99 103  94  92  92  95  80  88 120
 [55] 108 111 108 109 112 110 118 152 154 172 154 148 171 204 193 194 176 222
 [73] 260 258 262 284 244 245 267 307 277 308 286 295 289 280 290 280 315 313
 [91] 304 322 376 375 402 357 401 398 445 411 398 389 434 434 414 481 491 473
[109] 509 539 530 530 558 546 525 605 676 705 734 831 850

[[143]]
  [1]  10  26  37  21  15  19  18  15  17  15  16  20  18  19  21  23  23  15
 [19]  18  12   9  19  22  24  25  23  20  19  16  14  22  22  15  19  11  11
 [37]  10  13  14  13  10  10  15  11   8  13  13  10  27  25  33  30  28  33
 [55]  27  33  24  32  49  39  33  29  24  33  28  41  34  26  45  55  49  49
 [73]  52  65  67  72  55  58  61  67  65  68  67  64  69  71  80  73  64  69
 [91]  78  82  64  75  69  86  84  98  83  92  99 137 138 128 117 153 138 174
[109] 171 184 170 204 213 224 223 233 274 280 273 252 257

[[144]]
  [1]  10  33  20  15  10  16  14  17  14   9   8  13   9  11  10  17  21  30
 [19]  35  35  26  25  22  29  36  39  38  48  49  49  37  30  31  37  26  34
 [37]  30  37  40  52  41  39  42  44  43  32  33  32  48  61  60  49  60  56
 [55]  60  70  69  54  50  53  45  55  50  49  55  63  65  78  81  70  71  97
 [73] 141 133 124 123 121 118 114 117 155 132 127 152 152 133 141 171 174 146
 [91] 160 172 191 180 217 196 207 238 247 260 254 244 248 258 287 318 305 317
[109] 350 374 453 464 488 474 506 486 541 556 581 591 603

[[145]]
  [1]   10   36   36   25   19   16   14   26   33   32   44   29   23   33   60
 [16]   47   51   48   47   67   74   71   55   68   77   85  101  128  134  120
 [31]  130  124  129  130  175  160  170  173  207  227  256  224  231  262  289
 [46]  292  308  376  363  388  350  395  423  411  434  454  441  458  463  505
 [61]  548  597  596  631  650  635  668  711  724  793  781  829  859  909  958
 [76]  953  967  939 1037 1106 1133 1172 1189 1232 1291 1281 1367 1447 1434 1491
 [91] 1548 1549 1611 1751 1853 1917 1966 2101 2223 2317 2269 2323 2449 2629 2622
[106] 2727 3039 3076 3095 3279 3373 3452 3644 3802 3951 3933 4092 4379 4514 4778
[121] 4931

[[146]]
  [1]   10   35   33   24   24   31   42   44   44   44   47   47   56   50   44
 [16]   51   48   53   62   54   66   63   58   62   69   74   67   59   58   73
 [31]   73   93   85   76   87   82   87   85   90   89   96   97   84   84   99
 [46]  139  122  139  133  133  152  172  173  170  180  164  153  152  164  167
 [61]  175  187  212  199  194  212  258  262  296  308  345  361  338  349  331
 [76]  394  377  417  453  453  500  458  485  513  548  577  579  596  631  684
 [91]  722  778  869  865  851  866  946 1067 1154 1140 1134 1193 1196 1237 1306
[106] 1290 1334 1394 1501 1605 1658 1648 1730 1860 1927 1965 2074 2245 2238 2460
[121] 2373

[[147]]
  [1]  10  15  18  14  12  10  13  11  16  17  14  11  19  13   9   7   7  13
 [19]   9  12  14   8   8  13  10   7   8   6   6  11   7   6   6  15  16  24
 [37]  16  19  19  23  19  16  13  14  18  21  20  20  15  15  20  18  13   9
 [55]  11   8   8  11   8  11  10  10   8  26  19  13  22  21  21  32  34  39
 [73]  35  38  50  58  56  52  46  57  56  52  43  45  52  48  44  43  58  46
 [91]  48  43  57  48  49  58  51  50  54  61  41  70  69  52  66  75  78  81
[109]  81  65  60  85 109 125  96  87 106 112 116 117 152

[[148]]
  [1]  10  36  23  20  19  17  13  21  16  11  11  15   9   9  13  14  11   8
 [19]  15  11  18  18  19  14  13  25  27  28  33  32  32  34  36  45  41  54
 [37]  48  57  76  74  63  69  57  54  78  88  95  84  77 100  81  79  85  94
 [55]  93  86  78  77  97 102  96 115 125 113 102  94  94 106 100  92 101 113
 [73] 122 137 131 135 151 115 122 129 148 140 138 152 143 158 194 222 212 206
 [91] 222 256 270 244 290 347 328 307 329 343 332 344 374 385 410 441 442 523
[109] 489 502 494 476 549 518 566 544 574 598 606 685 686

[[149]]
  [1]   10   25   20   18   17   20   27   20   24   27   18   20   22   17   29
 [16]   22   24   19   41   49   37   32   20   23   33   19   17   19   23   31
 [31]   37   26   26   23   28   30   40   33   44   40   55   48   39   37   47
 [46]   62   76   69   61   45   52   77   72   65   75   80   90   99  125  130
 [61]  114  129  125  136  136  170  182  171  183  189  184  220  230  227  230
 [76]  219  225  281  268  323  354  341  359  343  376  384  412  435  395  415
 [91]  447  523  489  497  482  483  541  571  595  573  612  582  595  698  818
[106]  823  796  778  759  775  828  890  913  929  980 1035 1045 1126 1140 1148
[121] 1163

[[150]]
  [1]   10   10   22   13   11    9   13   17   21   15   12   17   18   29   47
 [16]   43   27   22   21   27   20   14   13   21   25   28   24   22   30   47
 [31]   46   47   55   39   51   80   69   68   76   70   68   67   58   73   77
 [46]   84   96   98   81   98   96   94  110  113  101  118  126  140  114  107
 [61]  150  170  140  152  143  189  206  199  183  191  201  216  227  246  256
 [76]  247  237  274  294  335  308  334  376  409  396  404  410  409  419  475
 [91]  501  562  546  585  621  646  601  619  732  753  732  751  810  836  848
[106]  867  946 1025 1032 1077 1194 1203 1271 1283 1367 1459 1551 1651 1725 1741
[121] 1788

> save(reslist, file=paste("output",iter,".rda",sep=""))
> 
> 
> ###############################################################
> 
> 
> # Clear the workspace and turn off graphics.
> #  Load all the functions you need by sourcing the provided demographic.R file
> #  Read in the job number from the cluster. To do this, your code should include a new
> # variable iter and should start with the line:
> # iter <- as.numeric(Sys.getenv(PBS_ARRAY_INDEX))
> #  Control the random number seeds so that each parallel simulation takes place with a
> # different seed. Your function should therefore set the random number seed as iter so that
> # each parallel simulation has a unique random seed.
> #  In each parallel run, select the initial condition to be used. Ensure that 25 of the parallel
> # simulations are allocated to each of the initial conditions.
> #  Create a variable which is the filename to store your results. The end of the filename
> # should be the number iter to ensure that simulation files do not overwrite one another on
> # the cluster.
> #  Initialise a list which will contain the results of your 150 simulations.
> #  Call the stochastic_simulation function to do the appropriate simulation 150 times,
> # appending the output to the results list, and then save the results list.
> 
> #four initial conditions (25 cluster runs per)
> #each cluster run runs simulation 150 times
> #1) large population of 100 adults
> #2) small population of 10 adults
> #3) 100 individuals spread
> #4) small population of 10 individuals
> 
R has finished running

============================================

        Job resource usage summary 

                 Memory (GB)    NCPUs
 Requested  :         1             1
 Used       :         0 (peak)   0.90 (ave)

============================================
