R is about to run

R version 4.4.1 (2024-06-14) -- "Race for Your Life"
Copyright (C) 2024 The R Foundation for Statistical Computing
Platform: x86_64-conda-linux-gnu

R is free software and comes with ABSOLUTELY NO WARRANTY.
You are welcome to redistribute it under certain conditions.
Type 'license()' or 'licence()' for distribution details.

R is a collaborative project with many contributors.
Type 'contributors()' for more information and
'citation()' on how to cite R or R packages in publications.

Type 'demo()' for some demos, 'help()' for on-line help, or
'help.start()' for an HTML browser interface to help.
Type 'q()' to quit R.

> 
> 
> growth_matrix <- matrix(c(0.1, 0.0, 0.0, 0.0,
+ 0.5, 0.4, 0.0, 0.0,
+ 0.0, 0.4, 0.7, 0.0,
+ 0.0, 0.0, 0.25, 0.4),
+ nrow=4, ncol=4, byrow=T)
> 
> reproduction_matrix <- matrix(c(0.0, 0.0, 0.0, 2.6,
+ 0.0, 0.0, 0.0, 0.0,
+ 0.0, 0.0, 0.0, 0.0,
+ 0.0, 0.0, 0.0, 0.0),
+ nrow=4, ncol=4, byrow=T)
> 
> clutch_distribution <- c(0.06,0.08,0.13,0.15,0.16,0.18,0.15,0.06,0.03)
> 
> #=========================================================================================
> rm(list=ls())
> graphics.off()
> source("Demographic.R")
> source("kl2621_HPC_2024_main.R")
[1] 0 0 0 0 3
[1] 3 3 2 2 2
[1] 2 2
 [1] 7 5 3 3 3 2 2 1 1 1 1 1 1 1 1 1 1 1 1 1 1
> 
> 
> ###4 initial conditions
> 
> ############################################################
> 
> 
> 
> #VVVVVVVVVVVV-------------COMMENT ME OUT WHEN RUNNING THE THING
> #iter <- 5
> #VVVVVVVVVVV--------------UNCOMMENT ME OUT
> iter <- as.numeric(Sys.getenv("PBS_ARRAY_INDEX"))
> set.seed(iter)
> 
> 
> if (iter <= 25) {
+ initial_state <- state_initialise_adult(4,100) #100 adults
+ } else if (iter >25 && iter <= 50) {
+ initial_state <- state_initialise_adult(4,10) #10 adults
+ } else if (iter >50 && iter <= 75) {
+ initial_state <- state_initialise_spread(4,100) #100 spread
+ } else {
+ initial_state <- state_initialise_spread(4,10) #10 spread
+ }
> 
> reslist <- list()
> 
> ####100 cluster runs
> ###################################################
> ####150 runs of stochastic_simulation per cluster run
> for (i in 1:150) {
+     #################################
+     ###120 steps of stochastic_simulation per simulation
+     stochasticresult <- stochastic_simulation(initial_state,growth_matrix,reproduction_matrix,clutch_distribution,120)
+     reslist[[i]] <- stochasticresult
+     #################################
+ }
> ###################################################
> 
> print(reslist)
[[1]]
  [1]  10  29  26  19  15  18  14  12  18  12  15  17  13  19  24  20  22  17
 [19]  19  22  18  21  16  29  37  32  25  30  34  38  50  42  45  51  53  55
 [37]  50  57  46  44  38  43  52  46  67  85  61  72  72  62  70  72  84  95
 [55]  78  78  97 101 104  84  80  89  83  82  84  80  97 104 106 111 111 156
 [73] 143 135 150 164 180 149 171 178 192 182 182 178 189 176 221 224 232 216
 [91] 246 261 264 330 302 326 347 395 363 373 430 430 458 398 425 481 531 520
[109] 499 511 508 568 617 599 659 698 755 749 814 819 831

[[2]]
  [1]  10  20  21  14  10   9   7   7  21  21  18  14  12  18  23  15  15  17
 [19]  14  20  16  15  17  16  21  16  13  10   7   8  13  15  10   8   6  10
 [37]   8   4   6  12  10  14   9   8  16  28  19  15  20  21  25  33  25  29
 [55]  30  34  37  61  46  44  56  59  57  56  48  56  65  39  46  51  41  52
 [73]  50  61  73  70  60  61  68  75  74  73  82 111 122 129 117 127 125 135
 [91] 131 128 147 131 125 135 116 133 126 136 125 125 138 163 153 162 189 215
[109] 208 227 207 222 251 258 276 299 267 301 311 355 405

[[3]]
  [1]   10   41   42   42   32   36   45   48   46   43   47   40   53   33   39
 [16]   44   34   35   43   48   55   56   49   54   57   51   91   91   90  103
 [31]   92  100  121  139  141  149  139  149  165  147  160  162  179  179  198
 [46]  197  192  193  222  232  234  255  269  261  258  313  347  364  378  395
 [61]  383  369  372  437  412  509  508  511  469  550  596  580  593  569  632
 [76]  666  666  642  714  737  758  752  830  885  885  881  950 1028 1003 1100
 [91] 1165 1214 1122 1265 1357 1432 1477 1573 1670 1768 1821 1964 2073 2090 2089
[106] 2145 2305 2411 2465 2624 2680 2788 2939 3109 3186 3280 3291 3461 3622 3729
[121] 3823

[[4]]
  [1]   10   32   35   19   17   17   20   32   33   39   37   34   29   40   33
 [16]   59   45   47   58   51   49   62   69   67   70   68   91   80  102   94
 [31]   74   74   70   78   81   99  109   95  112  100  127  127  144  162  168
 [46]  163  172  173  178  198  178  204  209  254  277  258  252  306  314  305
 [61]  313  333  404  432  462  443  438  439  483  507  568  519  517  585  614
 [76]  604  614  650  627  691  666  697  715  726  727  803  830  800  807  869
 [91]  964  994 1043 1109 1139 1168 1269 1337 1428 1354 1407 1582 1670 1704 1719
[106] 1818 1895 1960 2086 2157 2176 2425 2474 2600 2647 2704 2735 2977 3026 3128
[121] 3317

[[5]]
  [1]   10   31   26   27   20   29   23   16   22   26   18   13   10   17   22
 [16]   21   14   19   14   22   31   27   21   27   22   36   44   39   37   55
 [31]   58   70   69   75   60   76   92   93   85   99  117   95  100  107  130
 [46]  107  130  150  162  190  176  188  175  166  170  167  227  233  240  220
 [61]  232  241  256  274  279  300  296  287  306  320  392  402  403  484  483
 [76]  468  482  509  580  666  686  659  722  738  800  816  830  866  962 1049
 [91] 1101 1112 1157 1147 1260 1328 1295 1442 1457 1498 1629 1685 1700 1727 1792
[106] 1842 1990 2092 2187 2240 2250 2358 2579 2657 2795 2868 2941 3083 3231 3306
[121] 3496

[[6]]
  [1]   10   29   17   24   20   18   17   14   14   34   45   26   22   25   35
 [16]   40   47   43   49   44   60   50   55   52   72   90  101   86   95   80
 [31]   83   77   91   83   93   87   69   98  110  115  146  124  132  123  126
 [46]  154  152  162  161  153  169  193  229  212  212  236  255  285  315  327
 [61]  302  302  301  342  340  370  399  414  395  423  426  479  502  481  511
 [76]  519  546  522  549  604  694  666  666  698  684  712  720  746  779  795
 [91]  847  874  896  905  989 1061 1028 1069 1079 1128 1277 1321 1393 1458 1490
[106] 1485 1569 1612 1689 1732 1968 1928 2015 2158 2285 2346 2401 2546 2661 2725
[121] 2685

[[7]]
  [1]  10  33  24  15  13   9   9  21  13   9  11  16  14   7   5   3   8  14
 [19]  10   7   7  14  20  21  15  12   8   7   7  15  23  18  16  14  16  18
 [37]  27  15  12  10  21  25  36  23  23  17  26  22  25  22  22  31  21  17
 [55]  20  34  43  44  32  34  41  50  51  62  68  84  86  74  64  77  78  97
 [73]  92  86  78  73  70  76  72  76  98 110 119 141 145 164 160 205 195 202
 [91] 206 208 194 222 233 266 274 281 299 302 288 339 351 357 342 340 365 392
[109] 376 412 435 471 456 453 486 480 535 594 592 580 672

[[8]]
  [1]  10  31  12  16  20  15  15  15  13  15  18  16  13   9  12  18  14  21
 [19]  12  21  18  15  12  12  13  16  14   8  14  18  20  12  12  12  14  13
 [37]  10  10  18  19  17  17  12  17  35  33  28  28  28  36  35  40  38  47
 [55]  55  50  60  49  45  45  42  46  58  52  60  60  60  46  68  67  68  47
 [73]  61  53  65  88 101  95  83  76  63  59  76  82  78  72  89  91  99  97
 [91] 118 112 109 149 139 154 153 159 196 167 158 159 147 155 170 175 173 170
[109] 165 180 188 202 218 248 226 217 224 256 305 273 250

[[9]]
  [1]  10  21  17   9   7   6   5  11  12   9   6   3   3   8  10   6   3   3
 [19]   6   3   2   2   2   2   6  15  16  19  15  30  45  36  31  32  25  34
 [37]  44  49  46  42  41  37  55  53  66  61  64  76  83  97  85  89  88  85
 [55]  82  80  75  73  66  74  72  67  78  68  71  94  94  93 105  98 113 135
 [73] 161 154 143 159 156 136 129 137 133 137 140 123 147 133 128 127 120 139
 [91] 152 150 153 132 169 206 206 199 214 222 258 256 283 311 342 336 306 297
[109] 326 328 370 367 365 348 436 488 516 527 486 539 579

[[10]]
  [1]   10   43   42   41   45   52   53   42   53   58   60   81   64   80   81
 [16]   72   58   61   53   71   59   62   58   68   63   72   96   92  109  101
 [31]   98  111  151  115  111  112  131  147  161  155  164  160  159  213  210
 [46]  200  177  192  206  229  249  219  222  245  288  273  281  323  326  333
 [61]  326  342  354  389  386  397  392  433  424  462  432  452  496  497  501
 [76]  490  514  537  546  537  567  639  705  706  706  768  833  808  898  935
 [91]  978 1001 1014 1046 1130 1147 1192 1239 1325 1366 1430 1512 1525 1559 1627
[106] 1606 1653 1795 1915 1922 1995 2040 2174 2233 2316 2464 2471 2573 2699 2866
[121] 2987

[[11]]
  [1]   10   40   46   38   21   21   28   28   21   28   28   21   31   34   36
 [16]   40   39   54   55   59   48   57   62   68   67   64   76   64   57   62
 [31]   68   74   76   68   73   92   93  103   99  100  103   96  108  107  126
 [46]  118  136  136  161  155  154  149  160  160  169  190  177  187  206  217
 [61]  240  206  218  215  247  245  252  276  261  289  305  304  339  390  356
 [76]  378  413  441  431  431  447  453  475  428  474  568  592  620  586  664
 [91]  750  720  797  817  761  818  811  886  937  953  966 1017 1072 1120 1171
[106] 1258 1430 1416 1437 1491 1550 1702 1811 1868 1875 1953 2013 2148 2220 2373
[121] 2430

[[12]]
  [1]   10   39   49   51   38   34   33   59   69   70   60   71   72   72   76
 [16]   93  110  109  112  130  129  136  168  162  183  206  229  238  239  245
 [31]  248  248  245  262  248  245  268  249  276  302  294  300  310  324  334
 [46]  296  337  363  372  388  384  408  425  439  462  439  504  462  461  486
 [61]  558  578  602  631  612  620  609  690  755  794  778  809  870  896  953
 [76] 1048 1100 1094 1129 1142 1182 1231 1260 1366 1368 1415 1477 1507 1526 1684
 [91] 1600 1634 1733 1728 1868 1894 1929 2004 2192 2285 2301 2404 2488 2566 2538
[106] 2745 2873 2972 3080 3193 3351 3388 3471 3718 3830 3905 4113 4295 4440 4598
[121] 4826

[[13]]
  [1]   10   34   46   43   30   32   35   41   32   27   34   36   43   56   56
 [16]   55   61   70   61   65   58   44   53   75   78   70   63   62   66   62
 [31]   66   73   79   95   75   70   74   80  108  108  110  124  132  119  115
 [46]  129  144  132  128  143  169  191  181  155  193  234  243  244  215  237
 [61]  257  258  291  279  297  308  346  360  386  384  417  392  369  419  455
 [76]  443  437  434  442  476  502  490  527  551  582  563  670  690  741  745
 [91]  710  793  796  875  860  877  906  911  978 1000  988 1059 1175 1201 1224
[106] 1216 1211 1354 1428 1439 1471 1517 1549 1682 1732 1841 1787 1902 1962 2080
[121] 2166

[[14]]
  [1]   10   11    5   13   10   16   17   18   15   18   27   23   26   20   45
 [16]   33   34   43   38   36   33   37   32   32   33   44   32   37   49   46
 [31]   46   48   39   35   48   52   66   64   62   52   56   61   77   78   97
 [46]   98  108  108  115  132  137  142  148  136  141  140  171  153  163  155
 [61]  163  195  211  199  207  208  219  233  242  241  292  272  285  280  309
 [76]  313  333  336  349  372  357  322  338  384  399  367  392  395  428  447
 [91]  436  416  439  534  565  565  575  614  627  588  591  610  643  653  739
[106]  755  782  809  823  801  928  902  912  973  969 1063 1085 1148 1183 1254
[121] 1306

[[15]]
  [1]   10   52   45   46   39   35   34   46   48   62   73   69   68   77   87
 [16]   80   74   81  102  117  118  110   97  113  132  134  130  127  157  153
 [31]  161  151  157  165  159  213  193  197  201  227  227  212  216  231  261
 [46]  318  309  311  350  370  370  365  384  403  417  440  498  524  560  607
 [61]  578  582  572  668  741  796  793  781  814  819  873  875  867  884  982
 [76]  974 1086 1099 1101 1207 1250 1258 1277 1272 1337 1449 1404 1417 1527 1588
 [91] 1659 1601 1615 1718 1724 1815 1882 1926 1971 2068 2143 2247 2349 2492 2475
[106] 2539 2673 2673 2731 2816 2902 3027 3137 3272 3415 3407 3537 3668 3834 4048
[121] 4101

[[16]]
  [1]   10   21   24   22   19   22   24   30   32   25   34   41   34   32   39
 [16]   42   43   48   57   35   47   35   40   44   46   60   66   50   48   43
 [31]   42   46   43   58   48   73   66   68   66   64   68   73   98   91   95
 [46]  100   97  107  104  103   97  131  131  153  137  134  162  207  193  193
 [61]  209  215  235  273  285  252  271  261  284  266  245  259  279  314  339
 [76]  321  333  327  350  370  352  359  393  386  394  397  488  538  495  496
 [91]  557  550  554  591  602  678  612  663  669  659  670  669  713  807  829
[106]  900  869  797  837  887  974 1099 1089 1011 1032 1147 1160 1265 1349 1422
[121] 1445

[[17]]
  [1]   10   17   37   32   27   26   21   34   26   29   36   28   22   25   29
 [16]   30   28   29   30   31   48   52   56   62   52   60   72   90   90  102
 [31]  101  109   99  105  121  128  132  121  141  146  129  140  147  145  147
 [46]  121  136  159  179  157  175  205  210  189  181  205  205  212  206  202
 [61]  197  190  208  206  192  231  249  249  313  342  338  339  369  366  409
 [76]  439  499  541  502  498  476  524  515  532  569  542  561  603  673  648
 [91]  631  663  683  726  735  800  871  897  890  914  940 1022 1011 1102 1248
[106] 1261 1304 1307 1352 1450 1462 1507 1619 1678 1801 1868 1868 1931 2036 2061
[121] 2196

[[18]]
  [1]  10  31  18  12  10  20  18  27  34  34  32  29  40  39  46  38  38  34
 [19]  36  32  26  36  34  28  29  25  28  36  29  23  25  31  38  32  23  27
 [37]  35  34  37  54  57  42  39  60  74  65  72  66  54  51  63  62  58  66
 [55]  65  55  53  49  74 100  88  85  81  81 105 104 111  99  97 104 109 131
 [73] 140 138 149 155 176 178 179 171 192 183 180 203 231 224 251 268 237 283
 [91] 330 335 350 326 342 362 362 355 410 389 403 374 411 383 458 442 436 431
[109] 409 424 453 528 544 563 598 605 651 647 692 727 702

[[19]]
  [1] 10 15 22 19 12  8  6  5  5  4  7 13  7  7  9 14  9  8  8  7  8  6  5  4  5
 [26]  3  3  6  3  3  2  2  2  2  1  1  1  1  1  1  1  1  1  1  1  1  1  9  7  6
 [51]  6  4  9  9 14  7  6  5  5  4  5 10 18 18 10  7  6 13 19 21 19 20 18 15 18
 [76] 15 12 10 10  7  7  3  2  1  2  0  0  0  0  0  0  0  0  0  0  0  0  0  0  0
[101]  0  0  0  0  0  0  0  0  0  0  0  0  0  0  0  0  0  0  0  0  0

[[20]]
  [1]  10  25  25  18  17  13  12  11  15  18  11  19  13  12  16  21  22  17
 [19]  15  19  11  11  16  19  19  15  12   7  12  12  18  12  14  16  12  27
 [37]  26  18  13  17  10  14  17  23  18  18  22  29  26  26  22  23  23  31
 [55]  21  20  31  28  25  20  18  24  34  26  27  27  37  41  41  33  36  44
 [73]  55  47  47  60  71  67  72  75  72  58  64  80  78  70  69  80  77  92
 [91]  99 110 133 149 142 144 130 160 146 160 164 142 177 189 213 251 242 240
[109] 243 253 279 340 346 347 383 406 448 432 456 469 571

[[21]]
  [1]   10   42   22   19   14   16   17   25   22   30   27   23   22   19   30
 [16]   35   30   28   41   39   51   71   72   64   70   74   78   74   66   68
 [31]   76   61   68   73   78   72   73   95  116  105   80  109  101  114  140
 [46]  134  131  130  110  117  138  136  154  157  135  171  176  212  184  194
 [61]  220  216  265  236  236  243  268  264  271  289  276  297  327  355  319
 [76]  332  339  377  379  399  428  432  470  465  468  533  541  572  564  610
 [91]  648  657  731  771  787  810  850  894  934 1014 1022 1061 1138 1183 1257
[106] 1275 1248 1231 1337 1312 1356 1376 1431 1474 1568 1680 1726 1734 1756 1996
[121] 2009

[[22]]
  [1] 10 30 19 19 17 12  9  7 12  4  2  2  2  2  2  2  2  5  3  2  2  2  1  4  3
 [26]  2  1  1  0  0  0  0  0  0  0  0  0  0  0  0  0  0  0  0  0  0  0  0  0  0
 [51]  0  0  0  0  0  0  0  0  0  0  0  0  0  0  0  0  0  0  0  0  0  0  0  0  0
 [76]  0  0  0  0  0  0  0  0  0  0  0  0  0  0  0  0  0  0  0  0  0  0  0  0  0
[101]  0  0  0  0  0  0  0  0  0  0  0  0  0  0  0  0  0  0  0  0  0

[[23]]
  [1]   10   27   41   36   30   27   25   48   59   63   65   53   65   57   62
 [16]   67   74   89  119  112  115  124  112  125  129  144  154  174  170  197
 [31]  212  209  208  241  260  267  252  257  312  340  313  306  325  332  319
 [46]  347  372  369  402  380  449  414  420  489  503  500  566  580  613  621
 [61]  644  642  690  673  709  765  815  898  941  910  971 1028 1124 1153 1164
 [76] 1253 1272 1307 1346 1454 1516 1694 1665 1788 1746 1891 2053 2055 2129 2108
 [91] 2162 2277 2410 2533 2632 2705 2744 2786 3068 3130 3119 3256 3368 3628 3810
[106] 4060 4058 4169 4195 4350 4765 5015 5213 5465 5483 5797 6177 6327 6682 6946
[121] 7073

[[24]]
  [1]   10   32   35   39   26   27   21   17   19   21   29   19   15   14   23
 [16]   17   21   19   20   27   24   21   25   32   50   48   52   48   43   45
 [31]   50   58   51   68   59   48   46   63   71   80   85   78   77   82   92
 [46]   83   85  109  108  112  107  122  125  126  126  138  133  144  150  143
 [61]  135  153  170  200  182  227  247  256  295  271  298  294  303  367  350
 [76]  377  349  347  346  419  402  460  513  534  512  546  539  604  691  698
 [91]  691  699  700  744  756  810  812  816  818  801  864  981  972  988 1016
[106]  996 1054 1095 1073 1161 1148 1289 1271 1355 1454 1380 1610 1560 1659 1684
[121] 1715

[[25]]
  [1]   10   30   19   10    8    7    9   13   15   21   11   11   12   17   17
 [16]   23   29   34   28   33   49   59   48   40   39   49   62   56   83   80
 [31]   95  107   87   85   90  105  105  106  100  128  160  152  131  141  139
 [46]  125  115  137  142  152  165  149  149  170  149  170  188  202  185  189
 [61]  208  248  244  237  223  291  292  267  297  301  300  293  351  357  400
 [76]  424  434  460  513  483  527  512  541  598  639  633  662  712  751  795
 [91]  827  785  821  947  972 1005 1050 1161 1133 1114 1075 1144 1263 1410 1373
[106] 1493 1507 1588 1689 1752 1817 1893 1995 2014 2196 2333 2445 2579 2664 2695
[121] 2776

[[26]]
  [1]   10   36   39   26   27   31   33   35   25   20   23   17   16   15   29
 [16]   34   27   40   62   58   56   51   48   46   51   76   53   49   38   35
 [31]   41   55   54   47   48   40   51   73   72   79   72   78   96   70   79
 [46]   74   87   81   94  102   96  103  109  124  131  141  141  142  160  139
 [61]  126  137  181  172  178  187  188  201  218  238  184  211  204  221  224
 [76]  238  224  259  262  263  240  256  263  305  285  320  329  369  389  384
 [91]  396  409  438  447  455  456  485  539  566  549  565  662  706  723  734
[106]  772  758  852  800  822  805  919  960 1074 1116 1066 1183 1203 1296 1395
[121] 1408

[[27]]
  [1]   10   40   40   42   36   29   26   31   56   59   44   48   41   52   85
 [16]   79   71   68   83   92   64   65   53   71   66   74   81   95   85   81
 [31]   87   74   63   68   63   71   76   88   98   95  112   94  118  121  123
 [46]  122  146  139  145  156  170  176  183  193  220  236  220  228  236  244
 [61]  257  240  262  251  291  297  318  307  329  303  331  339  348  377  419
 [76]  373  350  387  400  415  411  425  489  507  517  577  625  603  658  657
 [91]  695  700  708  729  774  837  797  790  866  914  928  938  959  949  985
[106] 1013 1061 1124 1162 1184 1276 1352 1304 1361 1409 1585 1562 1689 1686 1725
[121] 1774

[[28]]
  [1]   10   52   43   42   41   49   59   70   58   66   58   52   52   63   51
 [16]   61   69   67   57   69  103   82   78   86  105  117  121  100   96  115
 [31]  107  114  106  120  145  140  133  134  170  162  197  196  206  204  232
 [46]  257  234  235  220  262  256  258  264  285  299  353  361  375  350  371
 [61]  351  434  426  431  474  492  481  464  479  495  536  613  593  577  621
 [76]  676  687  700  720  746  787  839  879  836  926  952 1007  975  996 1043
 [91] 1089 1114 1220 1223 1342 1374 1399 1454 1555 1594 1654 1728 1825 1906 2007
[106] 2020 2005 2106 2179 2176 2292 2324 2495 2552 2662 2698 2735 2815 3022 3268
[121] 3213

[[29]]
  [1]   10   22   11   12    9    8    8    7    8   11    8   18   15   11   14
 [16]   24   25   24   31   20   21   24   36   30   27   41   33   45   38   34
 [31]   36   26   39   46   61   65   76   71   69   86   81   76   74   81   94
 [46]  102  129  106  102  115  120  129  127  133  121  134  141  145  123  105
 [61]  105  159  177  171  178  185  211  194  221  229  244  257  270  273  365
 [76]  428  414  438  500  562  563  547  540  578  573  608  661  688  712  766
 [91]  737  798  872  928  892  899  973 1043 1139 1098 1137 1190 1286 1339 1333
[106] 1378 1466 1451 1709 1729 1751 1755 1766 1893 1948 1974 2171 2210 2308 2419
[121] 2432

[[30]]
  [1]   10   20   22   24   22   23   33   49   37   30   39   33   50   57   54
 [16]   49   46   40   42   55   46   48   88   81   72   76   78   89   88   86
 [31]   76   74   84   88   69   86   90   77   97   99  112  113   95   79  114
 [46]  115  126  117  126  115  139  157  153  141  132  138  137  156  169  184
 [61]  212  161  173  201  220  220  211  223  272  262  257  276  311  317  339
 [76]  325  327  347  381  386  386  377  378  391  386  433  468  523  527  509
 [91]  479  537  591  597  580  591  611  665  709  751  823  886  871  865  885
[106]  967 1006 1051 1084 1096 1125 1216 1236 1220 1233 1263 1372 1471 1517 1573
[121] 1640

[[31]]
  [1]   10   38   30   20   23   20   17   18   27   18   13   10   19   19   21
 [16]   15   13   20   19   18   22   26   33   22   23   33   44   57   53   61
 [31]   44   47   47   50   65   72   67   77   89   81   70   85  111   97  108
 [46]  107  109  139  166  175  160  171  166  194  193  208  231  240  277  235
 [61]  239  273  305  270  264  286  340  323  330  378  378  475  487  490  526
 [76]  534  589  651  638  647  724  724  709  743  777  786  826  890  898  896
 [91] 1032 1067 1088 1151 1315 1422 1382 1437 1517 1573 1642 1700 1769 1786 1842
[106] 1877 1925 2127 2191 2233 2349 2438 2563 2614 2785 2895 3035 3078 3216 3236
[121] 3406

[[32]]
  [1]   10   34   24   27   22   29   28   52   43   53   46   59   51   52   61
 [16]   56   76   89  114   88   96  111  122  116  114  150  169  162  157  155
 [31]  187  199  216  201  216  237  230  259  284  289  293  299  280  286  311
 [46]  298  364  330  334  346  355  376  421  404  425  470  499  476  495  438
 [61]  535  554  585  648  713  721  765  797  762  816  796  837  871  916 1001
 [76]  995  991  986 1075 1155 1241 1273 1258 1271 1349 1398 1498 1545 1638 1739
 [91] 1836 1948 2002 2105 2138 2211 2267 2337 2435 2547 2670 2722 2778 3023 3197
[106] 3250 3330 3419 3485 3649 3882 3898 4021 4202 4320 4438 4590 4900 5071 5237
[121] 5412

[[33]]
  [1]   10   28   21   28   25   22   25   32   26   35   31   36   25   28   30
 [16]   37   46   46   50   44   46   45   49   48   47   51   42   45   40   41
 [31]   60   57   55   58   52   58   54   40   59   83   66   73   67   71  102
 [46]   72   88   94  113  130  136  125  134  119  125  127  134  142  147  142
 [61]  171  171  168  175  165  179  171  160  166  182  184  217  206  223  224
 [76]  219  237  256  291  319  341  350  339  366  405  396  408  412  473  490
 [91]  543  560  517  570  548  591  673  696  686  737  757  805  846  895  901
[106]  889  995 1061 1207 1168 1168 1211 1277 1365 1410 1354 1453 1542 1541 1638
[121] 1616

[[34]]
  [1]  10  18  19  15  13  23  21  18  15  14  11   8   7  11  20  12  15  25
 [19]  17  18  13  19  27  27  26  21  28  28  46  36  27  34  34  33  37  27
 [37]  23  27  26  34  35  47  41  40  39  57  53  71  62  73  79  78  75  77
 [55]  82  88  89  99 105  88 103 130 122 120 151 143 130 116 125 141 155 136
 [73] 146 193 197 172 152 175 207 206 216 186 195 220 233 254 259 283 255 261
 [91] 273 307 339 343 334 364 404 398 439 448 452 395 408 428 452 434 436 443
[109] 519 501 551 525 598 614 652 685 660 703 728 799 870

[[35]]
  [1]   10   24   13   19   14   18   21   34   33   33   51   43   48   48   69
 [16]   86   85   77   93   95  104  100  143  132  131  144  124  156  160  164
 [31]  148  158  157  190  194  179  180  193  191  201  207  217  247  220  245
 [46]  260  318  279  276  251  293  328  337  355  365  369  363  420  401  379
 [61]  408  409  404  484  520  527  525  589  633  646  663  658  709  766  742
 [76]  811  796  867  903  931 1046 1028 1031 1072 1131 1194 1245 1297 1285 1279
 [91] 1394 1432 1388 1501 1558 1592 1680 1703 1722 1836 1928 1994 1982 2116 2229
[106] 2372 2428 2558 2813 2866 2889 2970 3085 3234 3563 3713 3839 3908 3944 4257
[121] 4436

[[36]]
  [1]   10   22   19   14   13   13   24   16   11   23   17   14   14   30   33
 [16]   37   34   23   30   37   35   38   30   31   32   30   47   52   46   44
 [31]   34   43   69   64   72   74   80   77   83  102   89   80   85  107  102
 [46]  106  108  118  110  120  104  122  131  122  106  104  131  133  141  148
 [61]  166  163  191  185  160  186  237  256  253  260  263  315  320  326  332
 [76]  345  332  368  415  441  439  415  412  436  420  481  530  509  548  580
 [91]  570  569  628  678  696  691  701  683  727  794  868  897  918  872  941
[106] 1069 1072 1159 1231 1244 1292 1307 1431 1357 1409 1454 1456 1547 1512 1608
[121] 1751

[[37]]
  [1]  10  31  36  29  21  25  20  20  34  31  33  29  26  34  38  47  38  44
 [19]  44  52  42  40  43  49  62  67  54  51  56  60  42  46  55  58  60  64
 [37]  70  47  57  63  57  52  51  51  48  51  42  42  36  50  50  37  54  55
 [55]  64  42  36  47  51  82  77  71  76  84  94 114 116 111 102 108 126 119
 [73] 111 115 122 119 120 125 139 115 131 132 128 115 142 156 142 168 188 187
 [91] 187 205 177 186 210 231 214 184 186 203 215 224 204 231 219 240 278 311
[109] 308 270 331 354 368 397 378 418 423 394 508 512 533

[[38]]
  [1]   10   36   33   22   22   19   23   17   41   44   32   38   34   39   36
 [16]   43   56   72   70   54   45   56   56   62   64   54   73   57   59   71
 [31]   78   79   86   88   76   89   84   71   83  110  102  114  109  130  128
 [46]  125  129  122  124  147  156  152  157  168  166  197  204  216  257  251
 [61]  242  254  253  293  303  288  302  309  342  345  333  353  353  373  356
 [76]  422  412  433  480  539  550  546  505  581  639  650  649  684  708  768
 [91]  871  847  887 1021 1039 1094 1104 1139 1194 1272 1260 1307 1309 1358 1377
[106] 1399 1536 1607 1671 1729 1922 1998 2132 2233 2232 2273 2438 2518 2654 2646
[121] 2748

[[39]]
  [1]   10   23   35   24   23   29   31   23   28   32   39   40   39   43   40
 [16]   42   48   45   39   50   48   49   40   49   43   46   55   63   68   54
 [31]   52   50   54   63   59   55   57   50   43   48   47   52   74   75  104
 [46]  111  110  105  128  138  165  163  167  165  193  234  265  248  270  288
 [61]  290  309  338  335  335  349  366  402  437  440  448  431  387  438  474
 [76]  458  504  489  534  543  549  542  564  609  647  687  703  743  740  777
 [91]  855  884  924  900  891  895  995 1054 1127 1160 1157 1303 1353 1362 1425
[106] 1471 1463 1485 1527 1604 1655 1752 1780 1889 1932 1979 2074 2068 2151 2176
[121] 2362

[[40]]
  [1]   10   50   42   35   29   39   39   57   53   59   48   63   65   68   61
 [16]   60   61   87  101  112  104  108  108  140  145  140  172  165  156  147
 [31]  171  166  180  181  159  152  166  179  201  189  201  215  232  216  230
 [46]  234  254  269  276  314  312  329  355  377  418  438  425  461  449  468
 [61]  489  517  493  568  635  600  647  634  689  707  756  782  764  778  802
 [76]  847  885  929  994  997 1000 1068 1106 1202 1212 1209 1321 1374 1386 1454
 [91] 1509 1540 1543 1638 1722 1794 1883 1939 2054 2129 2190 2262 2356 2448 2537
[106] 2634 2687 2801 2885 2959 3112 3213 3344 3597 3725 3745 3921 4078 4331 4419
[121] 4530

[[41]]
  [1]   10   31   16   22   23   25   27   30   34   31   40   37   59   56   45
 [16]   38   38   57   67   58   61   59   56   51   56   66   78   65   83   87
 [31]   78   78   78   83   64   86   87   94  116   96   99   92  107   93   89
 [46]   90  115  116  100  121  125  144  176  189  175  184  207  215  237  201
 [61]  216  233  238  213  235  289  279  282  328  332  337  330  386  403  408
 [76]  383  379  415  512  526  510  539  538  506  529  536  605  627  577  598
 [91]  625  617  630  625  668  684  739  767  767  849  826  903  871  909  953
[106] 1050 1058 1075 1155 1196 1219 1304 1363 1375 1418 1574 1699 1800 1919 1893
[121] 1882

[[42]]
  [1]   10   41   31   21   19   18   28   32   38   30   22   25   31   37   25
 [16]   26   20   15   20   22   33   21   26   36   27   34   39   46   41   40
 [31]   54   66   64   65   83   93   71   67   76   88   92   92   95  112  115
 [46]  122  136  150  169  165  171  193  222  222  224  241  248  249  271  288
 [61]  286  343  350  370  371  378  379  451  475  483  489  516  549  610  635
 [76]  642  645  703  741  821  809  821  793  824  937  920  954  952 1037 1106
 [91] 1160 1199 1229 1291 1296 1367 1496 1562 1605 1632 1624 1758 1836 1886 1945
[106] 2080 2107 2169 2299 2451 2451 2537 2620 2616 2768 2710 2979 3062 3394 3565
[121] 3534

[[43]]
  [1]   10   34   20   16   15   17   16   25   29   27   26   34   26   23   29
 [16]   38   36   50   41   38   49   47   54   52   48   54   40   34   66   70
 [31]   50   45   35   40   51   44   53   46   69   55   58   76   83   90   74
 [46]   66   68   61   66   59   69   70   68   81   85   81   80   86   77   84
 [61]   89   92  102  123  144  126  139  132  136  157  168  165  157  144  166
 [76]  198  182  196  181  210  198  236  278  259  254  241  239  254  288  330
 [91]  323  340  327  375  389  381  404  410  428  490  488  514  533  552  612
[106]  674  713  720  738  793  817  892  957  946  980  983 1060 1099 1094 1118
[121] 1189

[[44]]
  [1]   10   32   26   34   49   53   38   43   35   34   40   43   36   36   35
 [16]   33   38   35   40   54   51   50   41   30   39   48   48   37   36   38
 [31]   35   37   29   35   33   37   45   49   39   37   30   38   38   43   47
 [46]   50   56   53   66   56   67   71   76   80   90   83   88   91  106  126
 [61]  123  137  159  144  158  168  187  195  178  187  215  205  212  215  247
 [76]  248  238  256  272  267  239  255  307  302  304  316  372  383  390  384
 [91]  467  519  518  572  586  630  666  702  749  782  750  775  820  855  918
[106]  952 1005  992 1069 1105 1117 1146 1187 1212 1323 1420 1467 1515 1535 1649
[121] 1715

[[45]]
  [1]   10   40   31   22   16   21   32   47   40   48   50   55   48   50   73
 [16]   79   88   78   64   64   82   88  106  106   99   94  100  109  140  160
 [31]  151  139  163  187  196  197  250  238  248  254  268  295  291  305  288
 [46]  296  345  387  377  364  359  348  364  421  416  419  430  472  533  558
 [61]  559  561  570  627  637  671  704  663  681  668  704  780  844  936  972
 [76]  944  845  910  982 1084 1101 1108 1171 1234 1352 1327 1346 1367 1469 1490
 [91] 1503 1640 1639 1632 1833 1884 1941 1989 2090 2155 2195 2351 2421 2493 2574
[106] 2629 2739 2895 3160 3232 3279 3500 3518 3672 3689 3932 4072 4376 4491 4546
[121] 4764

[[46]]
  [1]   10   26   32   31   29   34   31   33   41   39   47   58   57   44   46
 [16]   39   56   57   55   62   53   66   59   66   80   92   80   69   78   55
 [31]   64   68   86   96   90   86   92   92   94   83   87   95   84   76   71
 [46]   80   82  115  109  111  114  104  129  138  141  142  127  124  130  145
 [61]  164  150  185  170  161  155  190  180  208  212  202  213  262  271  299
 [76]  301  351  348  356  399  401  401  409  480  479  502  514  558  594  626
 [91]  630  669  674  741  774  803  844  933  982 1030 1134 1166 1178 1250 1385
[106] 1356 1448 1481 1504 1547 1582 1748 1869 1910 1970 2061 2157 2174 2254 2329
[121] 2473

[[47]]
  [1]  10  30  29  33  32  40  29  27  28  38  33  38  38  31  23  36  43  49
 [19]  42  32  33  37  41  48  40  31  38  44  50  36  44  41  42  38  42  50
 [37]  57  46  55  52  64  63  69  75  81  72  67  68  81  98 101  86  90  99
 [55] 104  83  72  63  65  75  92  97  96  79  91 109  93  93 100  98 111 112
 [73] 101 107  98 116 107  97 104 109 112  94  86  96  88 115 113 109 125 124
 [91] 150 161 150 177 152 168 197 204 218 253 233 246 250 295 285 279 291 284
[109] 336 337 331 340 358 354 362 429 437 502 470 463 509

[[48]]
  [1] 10 31 25 22 16 18 16 16 13 12 10  7  6  6  5  9  6  6  7  2  2  2  1  1  1
 [26]  1  0  0  0  0  0  0  0  0  0  0  0  0  0  0  0  0  0  0  0  0  0  0  0  0
 [51]  0  0  0  0  0  0  0  0  0  0  0  0  0  0  0  0  0  0  0  0  0  0  0  0  0
 [76]  0  0  0  0  0  0  0  0  0  0  0  0  0  0  0  0  0  0  0  0  0  0  0  0  0
[101]  0  0  0  0  0  0  0  0  0  0  0  0  0  0  0  0  0  0  0  0  0

[[49]]
  [1]   10   34   25   20   18   21   18   17   21   32   34   41   38   28   21
 [16]   21   34   25   18   17   23   22   23   27   33   32   31   32   32   38
 [31]   49   43   36   44   42   46   56   71   80   60   55   82   89   67   73
 [46]   75   99  100  116  112   92  114  118  135  152  135  117  109  141  145
 [61]  143  161  172  191  212  211  238  247  264  281  305  296  334  339  362
 [76]  328  301  375  409  447  454  431  397  461  511  486  508  526  574  570
 [91]  572  637  671  658  699  757  748  807  839  823  887  854  884  996 1016
[106] 1044 1083 1193 1134 1264 1295 1398 1417 1479 1531 1570 1604 1667 1779 1933
[121] 2041

[[50]]
  [1]   10   29   21   18   16   22   29   22   29   31   30   39   50   41   29
 [16]   31   33   33   53   68   62   54   66   71   62   66   57   79   68   84
 [31]   87   97   92  111  116  135  118  114  128  105  126  137  128  121  132
 [46]  161  185  203  180  190  179  192  217  209  213  242  215  207  204  223
 [61]  221  238  279  275  292  332  300  337  375  385  360  422  386  412  406
 [76]  439  426  464  466  462  475  518  559  579  567  557  623  597  604  655
 [91]  629  643  655  687  729  762  786  797  851  837  933  941 1033 1015 1034
[106] 1124 1098 1187 1254 1288 1402 1456 1481 1581 1637 1636 1786 1864 1943 1997
[121] 2125

[[51]]
  [1]   10   27   22   28   20   31   28   30   26   18   16   29   35   45   46
 [16]   49   47   40   42   38   32   36   42   27   32   35   32   31   47   53
 [31]   56   50   50   61   52   42   69   73   87   86   89   90   83  112  133
 [46]  141  132  150  175  140  145  206  250  222  184  193  187  215  211  231
 [61]  233  279  338  313  318  346  374  350  372  400  408  484  493  536  502
 [76]  522  539  561  628  625  707  663  651  713  755  806  781  847  843  844
 [91]  902  978 1003 1097 1158 1214 1296 1325 1458 1472 1593 1665 1663 1640 1779
[106] 1865 2012 2049 2174 2177 2351 2363 2473 2577 2630 2721 2844 3128 3115 3148
[121] 3369

[[52]]
  [1]   10   16   21   23   32   24   18   22   28   22   22   30   23   24   23
 [16]   22   20   30   36   34   27   29   40   35   44   48   55   50   47   52
 [31]   53   60   57   55   61   60   70   74   74   72   83   91   84  106  101
 [46]  110  121  152  149  155  154  145  167  209  211  167  169  158  183  216
 [61]  215  229  246  273  319  326  317  309  345  346  375  378  368  345  384
 [76]  380  382  373  383  396  420  431  438  475  506  527  503  497  522  512
 [91]  586  643  626  613  625  640  663  700  730  813  853  830  881  912 1004
[106] 1045 1045 1046 1073 1051 1120 1204 1257 1333 1366 1425 1507 1627 1736 1708
[121] 1813

[[53]]
  [1]   10   47   57   49   47   39   35   45   50   47   54   53   61   72   71
 [16]   66   65   65   93  107  101  107   98  123  108  130  128  154  138  131
 [31]  123  140  145  181  195  172  165  161  181  203  194  205  199  195  267
 [46]  288  282  285  303  264  280  344  385  402  411  415  378  391  415  417
 [61]  425  437  474  494  512  488  493  505  576  638  614  664  684  709  713
 [76]  727  807  885  908  899  909  951  988 1044 1138 1103 1174 1267 1364 1292
 [91] 1335 1411 1458 1492 1603 1639 1726 1713 1858 1883 1894 1925 2025 2145 2339
[106] 2465 2495 2512 2734 2839 2842 2929 3034 3043 3244 3342 3571 3629 3676 3883
[121] 4052

[[54]]
  [1]   10   41   35   26   18   24   23   36   39   44   57   56   56   49   85
 [16]   62   68   61   50   60   56   80   70   62   62   67   69   64   74   83
 [31]   86  101  128  125  113  147  150  181  183  191  180  179  191  199  216
 [46]  210  228  216  236  251  246  283  295  326  324  304  374  403  470  485
 [61]  485  461  460  455  490  557  558  575  588  572  590  620  639  704  735
 [76]  845  799  845  879  915 1057 1046 1079 1068 1075 1172 1133 1130 1227 1251
 [91] 1258 1333 1425 1483 1543 1518 1594 1800 1900 1996 1978 1976 2087 2106 2118
[106] 2169 2330 2543 2636 2784 2808 2848 3000 3122 3335 3490 3670 3816 3837 4090
[121] 4157

[[55]]
  [1]  10  13  25  18  19  14  20  31  45  39  40  41  42  36  30  30  28  32
 [19]  35  36  41  35  42  50  58  44  41  50  50  49  50  50  53  44  47  52
 [37]  49  39  41  47  43  41  40  35  31  33  29  49  33  39  50  52  53  49
 [55]  41  55  55  63  57  62  69  64  70  94  85  71  57  86  94  86  88  92
 [73]  95 113 113 129 132 126 127 137 147 158 164 147 140 144 143 135 140 155
 [91] 160 188 170 158 171 168 210 210 253 235 254 256 259 260 259 263 300 313
[109] 298 325 314 350 385 399 476 489 507 527 541 588 583

[[56]]
  [1]   10   25   23   23   22   25   21   24   25   22   30   29   28   35   29
 [16]   19   20   29   29   35   32   33   39   35   32   43   43   35   31   29
 [31]   34   35   44   39   33   33   38   36   38   41   46   42   51   74   79
 [46]   75   71   90  106  108  108  129  125  133  129  142  136  126  167  176
 [61]  181  189  180  187  187  202  224  216  205  211  247  238  229  209  231
 [76]  257  271  319  317  325  275  297  316  291  355  369  372  372  422  415
 [91]  479  529  545  505  516  553  597  593  615  594  601  610  682  689  718
[106]  762  741  750  804  827  810  869  853  861  993  982 1042 1030 1136 1136
[121] 1212

[[57]]
  [1]   10   36   29   24   16   26   31   29   21   23   20   22   30   29   35
 [16]   33   35   30   39   34   48   45   44   39   39   64   72   61   72   60
 [31]   82   91  100  104   95  109  118  116  119  109  108  103  117  121  126
 [46]  121  132  136  142  142  165  142  161  182  199  197  204  209  209  212
 [61]  215  230  260  323  312  317  346  350  352  358  399  420  495  486  444
 [76]  473  495  504  501  539  575  627  611  616  684  714  696  763  820  782
 [91]  844  874  890  907  954 1018 1084 1136 1170 1223 1316 1317 1349 1430 1510
[106] 1551 1660 1685 1688 1823 1824 1878 1988 2108 2211 2380 2489 2523 2556 2636
[121] 2829

[[58]]
  [1]  10  35  30  20  17  19  17  10   9   9  10   9  13  10  12  13   7   7
 [19]  15  17  10  11   7  20  31  27  22  27  26  31  31  24  20  18  25  20
 [37]  22  35  33  40  33  37  37  31  29  31  32  33  34  34  33  41  27  28
 [55]  40  47  38  37  43  35  39  53  52  49  44  48  65  74  73  59  66  69
 [73]  90  79  94  97  88  93 100 126 113 116 116 135 154 189 159 183 184 186
 [91] 209 200 210 224 214 277 257 265 243 248 271 277 303 302 297 310 296 298
[109] 344 345 412 397 374 370 394 439 489 503 532 543 558

[[59]]
  [1]   10   31   26   21   14   20   27   26   33   20   18   26   21   17   20
 [16]   19   23   27   18   15   12   11   29   28   23   27   21   24   29   30
 [31]   32   39   37   42   41   43   40   55   46   48   54   65   64   97   69
 [46]   86   89  104  111  115  102  142  132  151  161  141  142  160  173  167
 [61]  200  197  202  184  196  225  259  250  259  242  212  258  283  287  243
 [76]  211  265  246  268  296  276  294  288  308  332  335  344  348  347  357
 [91]  369  393  420  454  498  480  491  507  545  571  584  571  591  627  666
[106]  750  705  817  881  857  878  910  931  982  982 1019 1059 1112 1156 1180
[121] 1160

[[60]]
  [1] 10 30 18 18 10  9  7  6  5  3  3  2  2  1  2  1  1  0  0  0  0  0  0  0  0
 [26]  0  0  0  0  0  0  0  0  0  0  0  0  0  0  0  0  0  0  0  0  0  0  0  0  0
 [51]  0  0  0  0  0  0  0  0  0  0  0  0  0  0  0  0  0  0  0  0  0  0  0  0  0
 [76]  0  0  0  0  0  0  0  0  0  0  0  0  0  0  0  0  0  0  0  0  0  0  0  0  0
[101]  0  0  0  0  0  0  0  0  0  0  0  0  0  0  0  0  0  0  0  0  0

[[61]]
  [1]   10   27   28   25   17   13   10   16   34   23   19   17   29   40   33
 [16]   31   42   34   41   46   61   60   62   77   92   98  109  104  100  122
 [31]  126  167  180  180  153  176  187  213  202  225  210  214  234  250  257
 [46]  230  264  318  345  342  369  346  313  321  379  359  343  357  348  344
 [61]  393  380  354  350  368  418  424  496  563  566  547  553  620  637  671
 [76]  727  751  752  786  769  843  811  876  980 1021 1048 1055 1086 1167 1146
 [91] 1244 1283 1299 1310 1314 1367 1355 1372 1395 1488 1515 1590 1625 1632 1677
[106] 1713 1804 1901 1974 2003 1988 2058 2291 2360 2382 2536 2640 2768 3003 3054
[121] 3251

[[62]]
  [1]  10  28  23  18  15  12   9   5   8   5  11  13  17  10   7   5  16  14
 [19]   9   9  19  40  29  31  25  29  38  34  29  23  21  23  28  34  53  49
 [37]  46  41  47  47  69  70  66  52  67  85  72  64  77  77  73  66  77  79
 [55]  81  72  75  98  80  76  71 102  78  80  72  75 118 119 130 121 118 135
 [73] 142 167 165 145 156 162 217 188 187 181 199 222 223 257 251 316 327 412
 [91] 405 367 422 385 390 428 430 443 419 457 479 483 514 533 545 618 638 606
[109] 666 682 717 720 697 718 759 753 806 848 925 990 986

[[63]]
  [1]   10   21   26   23   16   15   21   23   25   31   22   15   19   29   26
 [16]   23   39   36   38   39   38   45   38   32   41   45   48   52   58   51
 [31]   56   71   90   92   71   75   66   84  112   99  109  110  115  123  113
 [46]   96  126  151  150  169  173  161  147  165  161  133  141  151  152  182
 [61]  167  187  219  238  239  250  246  276  295  282  253  269  321  334  351
 [76]  331  331  374  401  411  389  462  488  513  524  541  612  658  670  679
 [91]  659  695  716  766  759  790  768  812  853  894 1059  987  940  985 1015
[106] 1103 1196 1256 1262 1301 1448 1518 1565 1650 1709 1817 1957 2068 2169 2213
[121] 2346

[[64]]
  [1]  10  21  17  13  10  13  10  13  15  14   9   7   5   5   7   3   3   3
 [19]   3   3   2   1   1   1   1   4   3   2   2   1   1   1   1   9   5   5
 [37]   3   4   2   5   3   3   2   2   2   1   1   7   5   5   5   2   1   7
 [55]   6   4   4   4   4  11  10  16  20  13  12  28  38  34  37  34  32  31
 [73]  30  41  47  43  30  34  28  30  27  29  36  57  48  41  48  39  44  50
 [91]  55  42  34  37  40  45  54  51  51  69  61  62  80  74  81  74  80  98
[109]  88  93 102 111 150 175 144 151 153 178 231 262 267

[[65]]
  [1]   10   28   25   21   17   13   11   24   30   22   27   33   30   52   51
 [16]   45   52   48   61   77   87   78   72   58   71   62   65   75   66   61
 [31]   64   76   97   93  104   92   94  136  162  163  151  170  143  176  212
 [46]  215  207  219  246  249  293  268  251  283  289  323  332  320  333  374
 [61]  370  373  389  436  430  395  411  435  428  429  477  476  502  523  506
 [76]  469  514  515  574  673  669  699  707  772  787  803  860  835  845  883
 [91]  980 1060 1087 1068 1104 1139 1160 1286 1312 1356 1352 1472 1507 1653 1645
[106] 1673 1715 1780 1882 2002 2080 2076 2120 2239 2426 2547 2599 2699 2715 2740
[121] 2984

[[66]]
  [1]   10   13    6    3    2    2    5    4    4    3    3   12   14   11   14
 [16]   23   16   18    8   11   16    7   12   17   23   18   15   27   14   17
 [31]   15   17   12   19   20   17   21   23   23   28   35   26   36   44   38
 [46]   49   49   40   47   36   45   64   57   77   68   66   72   96   95   88
 [61]   91  111  110  118  117  132  131  122  122  111  122  133  158  147  157
 [76]  187  219  216  225  250  255  266  309  318  327  338  326  375  379  386
 [91]  388  428  418  445  430  461  479  526  579  542  550  541  575  612  647
[106]  688  740  787  769  780  849  882  959  897  882  909  976 1054 1132 1131
[121] 1170

[[67]]
  [1]   10   26   36   27   22   28   28   36   39   31   43   46   40   38   51
 [16]   66   71   71   72   87   83   97  111  109  128  117  138  167  154  169
 [31]  163  164  159  162  175  206  217  244  242  246  295  286  282  285  294
 [46]  282  321  312  356  366  395  377  441  461  517  533  547  576  594  633
 [61]  660  713  716  742  742  803  870  832  943  952 1030 1047 1090 1144 1163
 [76] 1273 1387 1409 1419 1400 1496 1618 1738 1758 1753 1966 2089 2182 2334 2396
 [91] 2553 2587 2715 2831 3024 3219 3212 3401 3452 3646 3813 3988 4164 4178 4507
[106] 4556 4985 5169 5156 5524 5795 5956 6073 6238 6701 6815 7089 7514 7806 8005
[121] 8461

[[68]]
  [1]  10  22  18  21  21  20  21  35  23  21  21  15  25  37  50  36  27  23
 [19]  40  43  37  44  50  48  44  35  37  61  61  47  47  52  45  52  61  59
 [37]  61  69  67  79  77  72  66  77  69  91  88  99  88  77  89 103 105  95
 [55]  86  80 110  91 123 113 107 115  97 113 119 132 139 113 124 120 131 167
 [73] 183 205 187 213 207 165 186 194 167 198 210 193 189 212 252 243 234 237
 [91] 225 215 245 265 249 250 248 300 309 325 311 325 311 354 399 393 407 392
[109] 409 413 446 483 498 505 507 484 526 558 575 565 599

[[69]]
  [1]  10  28  18  14  12   9   7   8  17  14  13  14   7   6   4   4   8   6
 [19]  11   9  10  22  16   9   8   5   4   9   5   4   4   4   3   3   3   5
 [37]   4   8   7   6   5   8  15  18  12  18  20  15  15  15  19  23  16  20
 [55]  22  19  33  35  26  28  30  21  27  21  20  33  30  24  17  35  40  36
 [73]  29  29  36  31  55  63  49  53  51  65  62  75  80  75  87  87  81  90
 [91]  83  91  99  94 113 114 144 121 120 151 168 180 167 183 193 191 221 218
[109] 232 281 284 269 245 245 295 334 365 372 372 358 386

[[70]]
  [1]   10   36   43   32   30   22   30   20   23   23   30   26   27   26   29
 [16]   29   31   33   24   34   53   55   51   40   29   26   30   57   66   68
 [31]   89   80   68   66   65   71   84   83   74   82   95  111   96   95  103
 [46]  134  132  142  141  156  181  163  168  194  186  221  262  238  281  296
 [61]  315  319  340  341  340  341  324  347  366  375  398  431  424  434  423
 [76]  416  478  477  514  519  548  601  640  639  652  666  762  818  828  796
 [91]  825  876  871  919  875  947 1030  956  933  953  956 1024 1089 1116 1200
[106] 1167 1218 1276 1424 1481 1599 1600 1732 1739 1830 1851 1938 2072 2156 2245
[121] 2414

[[71]]
  [1]  10  23  15   9   7   5  10  12  15  10  14  10   9   7  12  19  18  23
 [19]  17  26  24  23  28  19  32  30  35  29  29  34  32  26  54  47  48  51
 [37]  43  32  34  28  30  34  24  26  30  24  27  43  46  36  53  36  35  31
 [55]  34  48  60  45  42  67  80  69  61  67  68  65  93  93  81 104  97 111
 [73] 127 143 126 120 119 120 140 136 132 148 160 170 169 198 181 195 235 243
 [91] 238 261 264 243 235 246 271 331 348 286 301 371 373 443 457 457 499 502
[109] 512 479 474 491 543 579 653 646 672 640 667 714 735

[[72]]
  [1]   10   35   40   29   24   16   20   34   51   41   33   39   35   61   48
 [16]   63   74   61   73   71   76   71   60   76   77   76   71   81   98  109
 [31]  110  113  112  101   97  109  142  120  131  130  116  132  163  146  153
 [46]  165  174  192  195  214  201  223  244  261  247  232  239  247  260  302
 [61]  318  344  346  346  327  313  350  354  366  406  452  443  447  464  468
 [76]  536  551  529  583  559  556  546  591  648  675  716  783  808  771  818
 [91]  861  876  893  886  963  964  983 1126 1170 1198 1230 1328 1385 1423 1548
[106] 1614 1596 1641 1698 1776 1847 1870 1917 1989 2023 2127 2179 2249 2403 2453
[121] 2591

[[73]]
  [1]   10   45   38   34   26   21   15   21   35   43   32   38   31   24   45
 [16]   41   45   39   40   58   72   92   84   96  101  131  123  118  112  110
 [31]  119  126  146  163  150  160  153  145  156  141  152  157  172  177  163
 [46]  165  192  186  189  213  234  223  213  219  224  252  244  244  241  283
 [61]  276  270  279  264  299  304  344  379  355  399  419  423  481  490  482
 [76]  480  504  561  587  585  565  587  590  596  605  627  723  768  756  722
 [91]  815  865  873  866  894  929  989 1081 1060 1206 1225 1254 1285 1339 1544
[106] 1551 1556 1647 1724 1839 1835 1881 1873 1995 2041 2177 2254 2371 2457 2555
[121] 2657

[[74]]
  [1]  10  31  21  12  11  17  14  13  18  10  12  24  15  17  16  10   9   9
 [19]  16  19  14  18   8  12  22  22  11  22  13  11  11  29  42  52  43  37
 [37]  39  44  39  41  26  22  33  35  47  36  32  44  37  42  37  56  56  60
 [55]  49  40  38  55  57  84  69  64  68  69  74  68  73  76  88  96  93  88
 [73]  85 111 115 118 129 125 122 118 129 158 164 155 161 143 155 178 196 210
 [91] 221 246 245 267 271 280 314 342 368 384 385 425 489 455 475 466 532 493
[109] 515 518 541 577 592 665 606 607 636 674 702 702 758

[[75]]
  [1]   10   45   50   35   30   34   30   37   41   56   64   44   53   47   64
 [16]   47   59   52   70   59   65   81  107   86  102  105  107  112  105  100
 [31]  110  119  124  125  146  151  155  175  184  174  173  175  193  191  212
 [46]  228  273  300  315  302  321  347  352  364  372  374  408  409  423  438
 [61]  504  527  554  577  603  637  648  715  796  772  797  772  823  889  906
 [76]  943 1035  995 1052 1126 1132 1219 1243 1265 1228 1247 1416 1450 1464 1549
 [91] 1611 1650 1771 1877 1944 1972 2081 2202 2284 2446 2469 2666 2837 2827 2812
[106] 2924 2998 3118 3159 3380 3447 3708 3732 3851 3917 4016 4179 4369 4562 4651
[121] 4898

[[76]]
  [1]  10  25  21  18  17  13  10  12   7  11  21  16  12  11  15  11  10  16
 [19]  25  18  20  23  28  39  45  38  28  33  29  29  56  76  73  62  49  42
 [37]  38  36  38  36  36  43  42  37  53  49  77  67  64  59  61  71  87  80
 [55]  83  70  81  85  89  98  84  78  89 121 105 103 103  92 125 140 169 155
 [73] 152 190 177 191 195 176 196 226 242 245 270 281 300 334 350 324 328 389
 [91] 366 380 417 434 394 419 418 415 463 476 485 507 539 518 552 538 563 535
[109] 531 555 611 556 629 671 680 704 761 785 752 795 823

[[77]]
  [1]   10   21   25   23   13   18   14   16   13   22   22   16   20   20   18
 [16]   21   15   13   27   27   24   23   19   17   27   22   21   35   40   33
 [31]   30   34   46   40   44   45   50   48   42   44   53   57   64   53   59
 [46]   61   69   69   74   67   58   62   59   78   92   98   83   83   93   93
 [61]  104  125  132  111  122  139  188  181  184  179  186  178  193  188  177
 [76]  181  166  204  215  233  259  228  236  273  277  308  295  251  303  315
 [91]  332  379  407  404  394  429  446  455  506  517  514  500  538  563  549
[106]  584  674  672  732  732  778  794  792  836  890  939  989  980  978  959
[121] 1073

[[78]]
  [1]   10   30   33   36   36   29   32   32   36   37   39   41   32   40   53
 [16]   41   41   66   66   60   47   47   52   53   57   51   67   56   66   70
 [31]   69   82   91   83   94  105  131  102   87   91  111  155  150  151  142
 [46]  135  152  164  201  246  242  240  244  249  281  289  328  350  360  358
 [61]  372  423  407  457  474  473  464  491  495  504  499  494  590  615  620
 [76]  587  638  659  734  725  798  796  809  805  894  920  952 1022 1104 1122
 [91] 1148 1162 1200 1281 1341 1412 1438 1486 1522 1638 1708 1733 1825 1889 1986
[106] 2140 2169 2161 2299 2368 2554 2657 2698 2747 2932 3011 3131 3219 3439 3455
[121] 3615

[[79]]
  [1]  10  31  27  22  15  11  17  13  13  10  15  14  10   9  13   9  12   9
 [19]   7  10  13  11   9  16  33  20  19  28  22  22  18  22  26  25  25  38
 [37]  45  48  46  55  46  60  53  48  49  63  68  76  58  54  88  89  79  77
 [55]  83 108 102  92  94  81  94  88  78  86 107  92 103  94  87  73  87  88
 [73] 125 118 110 110 101 118 134 151 145 136 133 147 163 139 160 156 153 151
 [91] 144 162 156 162 166 183 211 221 223 228 269 303 299 278 293 327 326 315
[109] 291 285 327 342 332 354 383 395 456 447 476 482 515

[[80]]
  [1]   10   33   40   28   24   23   20   24   39   25   26   35   36   36   45
 [16]   56   63   76   83   79  109   96   82   94   96  106  127   93   84   87
 [31]   77  105  100   98   80   80   78   64   64   80   78   61   81   67   68
 [46]   79   75   77   83   86   78   92  102   99   89   82   99  100  111  105
 [61]   95  129  135  122  105  132  167  145  126  138  166  176  157  149  151
 [76]  153  156  152  142  153  173  186  215  206  206  224  219  228  247  255
 [91]  256  240  285  320  363  360  392  383  379  409  460  444  479  594  594
[106]  600  626  603  651  698  713  761  755  748  752  796  821  841  831  966
[121] 1021

[[81]]
  [1]   10   15   21   16   12    9   25   28   17   16   20   22   20   21   26
 [16]   30   25   34   36   37   38   36   40   25   28   33   32   26   24   28
 [31]   43   40   52   64   59   70   88   80   78   83   87  108   94  110  119
 [46]  127  121  117  107  107  115  154  155  168  143  159  149  170  176  178
 [61]  180  182  186  204  193  236  235  222  212  249  257  261  266  274  285
 [76]  328  351  366  373  382  397  472  489  498  492  557  562  609  539  603
 [91]  652  713  697  674  722  771  810  805  866  869  973  961  972 1103 1187
[106] 1211 1337 1340 1332 1415 1438 1422 1594 1601 1633 1714 1786 1955 1955 2117
[121] 2068

[[82]]
  [1]  10  27  30  28  21  23  21  19  35  48  35  35  26  29  39  37  33  36
 [19]  40  36  41  36  30  26  30  25  22  20  21  26  14  16  18  16  14  28
 [37]  19  21  16  13  15  17  22  16  12  10  10  20  32  19  15  21  20  20
 [55]  15  18  22  28  27  25  31  32  27  30  34  23  24  25  22  32  26  27
 [73]  38  31  28  25  26  21  34  41  29  38  47  46  48  53  42  53  43  35
 [91]  43  50  48  49  38  32  40  64  57  73  65  57  70  61  66  59  54  62
[109]  74  80  88  87  87  97  93  82  92  93  89 102  92

[[83]]
  [1]   10   34   25   20   20   16   20   27   40   41   38   37   38   35   34
 [16]   46   43   42   34   39   47   43   55   39   41   63   81   75   66   74
 [31]   87   94   97  104   94  111   97  101   94  101  151  167  158  137  115
 [46]  130  182  184  195  204  207  188  209  284  270  297  291  315  317  324
 [61]  329  342  341  334  352  385  452  439  468  472  488  533  566  492  524
 [76]  572  584  568  624  690  714  654  673  795  823  836  869  896 1016 1074
 [91] 1085 1108 1147 1234 1266 1262 1302 1445 1470 1497 1558 1736 1690 1812 1885
[106] 2021 2155 2286 2299 2416 2548 2663 2740 2836 2995 3057 3270 3277 3336 3495
[121] 3804

[[84]]
  [1]  10  28  26  17  15  19  19  27  28  22  27  24  22  20  17  33  30  18
 [19]  16  26  24  25  23  24  26  26  26  23  25  21  44  49  49  46  48  51
 [37]  51  38  51  52  56  47  35  35  35  42  36  51  56  40  32  29  57  59
 [55]  53  44  50  56  60  56  48  41  44  54  56  48  64  58  58  70  77  64
 [73]  61  76  82  77  91  90  97  89 107 107 114 115 107 119 147 156 171 149
 [91] 161 177 175 206 218 224 272 238 229 252 281 298 349 377 406 376 360 355
[109] 396 415 405 456 461 476 473 501 498 567 643 666 657

[[85]]
  [1]   10   30   25   20   22   18   17   22   20   21   29   34   33   35   37
 [16]   32   34   39   40   48   41   42   51   55   46   37   46   49   46   62
 [31]   68   63   67   49   63   70   69   71   83   99   81   84   91   97   98
 [46]  127  105  135  117  113  111  143  175  196  164  195  179  200  200  212
 [61]  198  233  231  241  250  289  302  275  287  290  327  299  295  325  327
 [76]  388  411  420  393  442  459  479  503  564  568  501  496  529  540  558
 [91]  581  584  601  611  616  707  737  773  791  786  845  879  918  952  984
[106]  977 1053 1152 1149 1117 1189 1209 1237 1300 1366 1378 1496 1568 1650 1731
[121] 1772

[[86]]
  [1]   10   16   24   18   12   15   15   25   24   25   29   34   32   35   39
 [16]   31   22   30   35   34   37   35   28   44   44   41   30   39   46   41
 [31]   36   40   43   51   52   61   59   65   67   75   82   97  111  137  136
 [46]  140  129  133  134  165  187  163  153  200  190  217  200  239  263  270
 [61]  260  311  302  332  304  349  382  368  341  364  382  402  452  458  446
 [76]  435  461  612  588  585  608  642  649  721  742  737  757  816  843  882
 [91]  850  939  954 1027 1046 1059 1113 1092 1148 1240 1190 1244 1288 1344 1366
[106] 1387 1427 1510 1523 1569 1602 1748 1826 1892 1999 2089 2099 2136 2250 2395
[121] 2492

[[87]]
  [1]   10   28   25   17   12    9    9    8    6    6    4    9    8   10   10
 [16]   11   12    7   13   10    8    6    6   17   23   20   14   22   22   22
 [31]   24   23   41   54   55   37   48   52   63   66   60   75  105  109  101
 [46]   79   96   97  110  103   95  110  105  117  137  135  146  132  124  126
 [61]  112  123  141  141  132  125  155  164  186  182  203  233  244  244  256
 [76]  276  280  265  279  288  322  315  350  389  402  384  385  390  411  457
 [91]  467  468  482  482  524  592  621  629  679  629  679  678  723  690  715
[106]  802  873  839  855  878  930  968  943  981 1011 1037 1158 1223 1320 1328
[121] 1351

[[88]]
  [1]   10   23   18   18   13   12   10    8    8   18   12    7    8   13   11
 [16]   10   11   10   13   14   14   14   21   28   29   30   31   56   47   39
 [31]   37   55   55   49   68   97   83   86   91   85  106  115  112  102  111
 [46]  107  111  132  146  160  125  163  161  161  202  210  232  207  207  230
 [61]  230  242  248  264  286  264  258  255  273  290  291  311  335  341  341
 [76]  346  365  397  372  430  481  507  517  508  578  634  628  676  629  674
 [91]  734  726  761  810  827  828  916  958 1054 1076 1021 1006 1043 1112 1251
[106] 1316 1353 1444 1526 1635 1679 1836 1864 2084 2059 2095 2214 2248 2254 2398
[121] 2526

[[89]]
  [1]   10   30   33   21   24   31   30   34   37   40   35   37   45   50   44
 [16]   44   47   38   32   45   49   54   47   56   44   59   65   66   70   70
 [31]   71   66   68   59   74   70   73   62   61   49   82   97   96   88   75
 [46]   72   89   90  104   98   87   88   83  114   96   98   96  123  116  109
 [61]  129  159  148  141  140  128  127  129  176  200  247  204  222  236  239
 [76]  252  287  310  313  324  325  349  380  387  460  451  463  511  530  545
 [91]  590  576  588  645  679  644  680  663  716  777  832  852  845  948  982
[106] 1014 1082 1077 1150 1195 1145 1209 1225 1275 1351 1382 1467 1467 1586 1627
[121] 1661

[[90]]
  [1]   10   31   35   33   31   22   29   31   35   47   42   42   34   30   38
 [16]   42   33   35   54   40   42   49   68   67   53   43   44   72   83  114
 [31]   96   97   92   94   93  107  118  119  138  124   95  125  121  118  130
 [46]  145  142  164  156  167  163  187  181  181  209  211  208  227  228  209
 [61]  262  283  295  324  337  356  374  365  385  384  411  414  454  447  457
 [76]  462  477  534  553  565  613  685  656  643  743  733  766  834  840  965
 [91] 1014 1060 1113 1140 1181 1262 1265 1353 1411 1426 1433 1579 1606 1536 1577
[106] 1706 1841 1955 1996 2150 2236 2338 2423 2523 2541 2652 2706 2855 2969 3143
[121] 3315

[[91]]
  [1]  10  20  19  14  15  14  18  19  22  18  16  19  15  13  12  25  24  31
 [19]  23  25  20  24  22  23  26  40  34  33  34  44  52  53  46  48  55  63
 [37]  60  56  42  39  40  58  54  48  55  58  56  51  45  45  58  74  76  79
 [55]  87  92  97  99  99 109 106 113 107 111 109 122 158 154 161 162 179 170
 [73] 175 162 173 181 196 188 232 220 203 201 201 243 249 257 242 257 247 271
 [91] 299 294 312 338 366 397 384 351 378 388 446 483 527 497 440 509 557 586
[109] 594 560 611 619 668 676 708 694 754 781 787 828 942

[[92]]
  [1]   10   29   33   28   20   17   18   18   30   24   18   19   18   18   35
 [16]   40   40   31   31   35   32   30   39   28   36   34   27   41   40   51
 [31]   44   41   35   44   38   42   48   53   61   64   53   62   78   76   87
 [46]   82   85   99   86   81   96  110   99  109  112  107  113  130  129  145
 [61]  144  121  142  158  162  183  213  187  177  183  210  233  218  215  238
 [76]  224  235  249  268  271  257  263  272  314  291  278  276  299  316  327
 [91]  350  345  389  417  411  434  462  458  439  468  492  547  564  561  580
[106]  646  702  734  718  781  886  898  913  980 1040 1047 1086 1143 1215 1208
[121] 1276

[[93]]
  [1]  10  27  19  13  10   9  11  16  19  21  23  24  25  23  25  29  32  26
 [19]  15  17  20  17  38  38  37  31  35  37  45  43  59  55  51  54  49  41
 [37]  43  47  57  47  58  53  59  61  62  55  57  61  47  52  63  68  62  72
 [55]  79  76  81 109 104 112 125 103 130 102 125 108 136 142 164 161 183 188
 [73] 189 188 225 248 264 248 253 275 273 315 342 347 314 310 321 328 350 373
 [91] 360 383 370 380 411 440 457 447 433 451 431 513 575 588 598 640 615 623
[109] 609 647 699 751 771 821 836 850 906 896 933 958 994

[[94]]
  [1] 10 21 18 14 11  8 10 23 20 19 13 10  6  5  5  7  9  7 11 13 12 10 13  8  6
 [26]  5 14 14 12 11 16 16 22 16 18 18 14 15 16 13 16 12 16 20 17 14 15  9 11 15
 [51] 17 19 18 12 12 16 35 22 17 18 13 19 24 12  9  7 13 16 27 24 18 14 13 18 24
 [76] 20 14 24 16 13 20 25 26 18 25 15 18 20 17 23 29 25 37 19 15 14 11 19 12 11
[101]  9  8 11 16 17 21 16 14 15 20 25 45 31 26 36 29 20 27 26 34 40

[[95]]
  [1]   10   42   38   33   22   23   20   30   31   34   27   36   40   38   39
 [16]   53   54   45   48   59   61   58   39   37   39   33   44   49   66   48
 [31]   48   46   44   54   55   46   45   34   35   30   35   42   51   54   65
 [46]   76   72   77   88   90   77  112  133  135  144  153  151  127  132  171
 [61]  180  148  176  168  180  187  190  211  201  179  194  176  199  220  235
 [76]  243  236  221  283  329  339  365  356  339  352  335  324  320  327  407
 [91]  400  411  469  518  518  514  496  501  538  536  543  546  625  599  672
[106]  678  689  732  824  833  849  855  888  967 1004 1075 1115 1081 1051 1130
[121] 1175

[[96]]
  [1]  10  34  20  19  13  18  15  15  23  13  13  19  21  16  20  21  25  29
 [19]  18  19  20  34  31  41  38  37  27  59  70  55  47  49  40  37  35  48
 [37]  41  45  47  45  53  34  42  64  59  48  44  49  43  46  44  41  48  32
 [55]  38  66  63  61  58  75  89  81  79  69  70  86  93  89  96 109 106  97
 [73]  96 115 106 136 128 126 137 141 148 178 191 158 175 178 190 219 249 248
 [91] 280 282 303 296 319 338 358 333 371 389 361 350 366 355 361 387 426 456
[109] 472 466 441 471 472 511 540 524 528 534 557 567 602

[[97]]
  [1]   10   30   27   19   13   18   19   21   21   26   29   24   26   35   36
 [16]   39   47   42   36   42   42   40   56   46   55   72   46   43   60   60
 [31]   68   77   75   79   78   73   75   89   84   83   93   78   90   86  121
 [46]  140  136  142  120  117  117  114  124  160  170  182  179  187  168  202
 [61]  209  215  233  256  226  268  291  299  295  315  328  321  343  369  393
 [76]  392  403  445  448  465  468  529  543  572  611  624  648  603  641  654
 [91]  678  801  845  849  907  891  936  925 1000 1041 1040 1001 1080 1166 1182
[106] 1344 1357 1364 1453 1496 1629 1645 1643 1741 1784 1811 1854 1937 2127 2048
[121] 2095

[[98]]
  [1]   10   34   41   38   30   27   19   20   25   24   43   53   52   53   59
 [16]   79   88   96   89   92  106  112  116   89   88   82   89   83   99   96
 [31]  106  107  119  123  117  128  106  104  108  122  112  108  114  137  139
 [46]  130  164  151  153  159  172  178  182  184  206  229  201  202  232  292
 [61]  304  328  356  350  391  405  417  408  443  443  454  442  465  526  522
 [76]  573  577  587  591  526  595  710  686  689  724  762  857  845  862  920
 [91]  914  926  949  913 1020 1080 1126 1121 1107 1160 1277 1286 1388 1436 1456
[106] 1478 1508 1575 1563 1640 1725 1829 1826 2012 2080 2140 2225 2339 2500 2463
[121] 2484

[[99]]
  [1]   10   23   18   12   10   10   10   13   17   14   20   18   16   28   32
 [16]   23   18   24   29   39   37   28   32   40   42   42   54   72   71   60
 [31]   65   73  112  124  115  109  106  126  151  178  155  145  142  129  131
 [46]  144  153  144  128  166  158  183  181  177  196  199  227  239  224  227
 [61]  250  280  274  300  288  329  296  320  342  370  380  373  398  380  371
 [76]  394  414  416  402  425  433  466  492  510  510  489  549  620  635  608
 [91]  611  711  761  799  838  800  879  948  963 1046 1064 1114 1168 1217 1254
[106] 1389 1427 1384 1535 1477 1624 1679 1759 1785 1935 2014 2026 2198 2382 2467
[121] 2551

[[100]]
  [1]   10   37   28   29   21   27   30   31   27   31   42   43   36   28   25
 [16]   36   44   48   44   41   33   36   37   38   51   42   42   50   46   54
 [31]   57   53   60   81   72   88   66   75   76   76   86   95  105  115  118
 [46]  146  134  118  125  140  120  118  144  156  196  186  210  216  211  201
 [61]  207  212  229  209  234  292  252  269  317  349  335  328  334  354  393
 [76]  396  360  375  382  385  376  434  418  434  469  467  484  516  510  517
 [91]  511  608  681  695  714  758  767  834  824  950  943  951 1061 1125 1132
[106] 1227 1373 1317 1366 1391 1434 1500 1628 1665 1682 1726 1804 1919 2064 2132
[121] 2210

[[101]]
  [1]  10  22  17  18  16  24  21  16  11   8  14  12  12  21  11   8  15  17
 [19]  22  18  12  11  15  14   8  14  14  20  27  22  25  30  35  27  28  36
 [37]  34  45  43  35  46  42  44  27  28  41  39  45  40  33  31  32  31  54
 [55]  47  50  37  52  66  76  54  51  43  46  46  47  51  78  74  87 107  96
 [73]  87  97 115 115 138 115 117 137 142 148 150 171 182 183 183 201 207 214
 [91] 195 210 213 226 257 265 272 258 277 253 299 286 303 309 307 317 322 341
[109] 401 379 405 413 415 471 470 533 523 573 542 565 634

[[102]]
  [1]   10   32   27   31   32   28   32   30   31   44   48   49   38   56   56
 [16]   60   52   51   44   60   79   84   84   79   77  120   98   93   90  112
 [31]  134  126  139  122  128  145  140  130  151  182  175  188  191  207  201
 [46]  213  262  284  273  273  290  336  345  374  364  339  350  397  386  430
 [61]  440  424  486  553  602  572  532  542  598  570  603  597  646  650  660
 [76]  689  695  685  743  775  750  750  814  885  902  920  982 1039 1052 1058
 [91] 1075 1126 1171 1227 1308 1291 1421 1412 1443 1605 1670 1741 1929 1961 1966
[106] 2082 2241 2320 2421 2515 2730 2785 2956 3069 3080 3155 3344 3627 3762 3872
[121] 4101

[[103]]
  [1]   10   25   26   28   17   22   25   28   42   48   52   50   49   54   61
 [16]   53   43   38   54   58   47   42   57   65   69   73   81   72   72   81
 [31]  100  103   98  101   95  125  105  110  121  108  142  159  139  165  152
 [46]  169  208  208  215  230  234  223  250  257  305  283  280  327  355  366
 [61]  387  372  405  479  509  493  488  527  549  558  606  651  704  725  732
 [76]  796  837  859  864  854  833  847  949  958 1070 1105 1127 1158 1154 1213
 [91] 1226 1231 1261 1386 1408 1431 1518 1471 1585 1622 1724 1782 1813 1862 2033
[106] 2189 2280 2341 2276 2350 2483 2663 2679 2798 3033 3037 3157 3286 3392 3551
[121] 3695

[[104]]
  [1]   10   27   36   24   27   30   30   27   33   34   53   66   56   64   57
 [16]   64   73   65   69   85   94  103  134  126  136  144  164  174  170  167
 [31]  174  181  185  204  215  239  223  239  261  300  290  301  335  365  372
 [46]  417  453  421  481  495  513  535  565  593  610  679  650  624  682  725
 [61]  753  771  848  861  868  954  945 1078 1171 1101 1151 1203 1259 1328 1315
 [76] 1338 1371 1504 1441 1462 1556 1610 1717 1718 1888 2027 2115 2116 2061 2058
 [91] 2258 2320 2327 2430 2453 2511 2675 2794 2979 3183 3112 3421 3497 3652 3726
[106] 3931 3997 4155 4371 4656 4874 5038 5216 5489 5768 5966 6070 6212 6500 6756
[121] 6984

[[105]]
  [1]  10  28  22  27  17  18  16  20  27  20  16  13  22  18  11  18  11   9
 [19]  12  25  20  14  10  14  16  13  10   8   7  12  15  16  10  14  11  13
 [37]  13   9  12  15  11  11  15  10   8  12  25  23  20  33  23  14  27  39
 [55]  56  53  40  47  56  62  53  47  63  62  54  48  52  61  64  81  81  65
 [73]  53  49  57  54  73  83  98  89  71  87  90  92 121 121 131 144 120 134
 [91] 151 157 167 160 150 161 160 142 131 161 217 180 146 153 163 192 191 182
[109] 227 206 206 230 246 232 224 248 280 343 308 283 313

[[106]]
  [1]   10   46   34   24   22   35   35   31   25   35   40   38   30   41   66
 [16]   91   75   58   54   70   70   74   83   67   78   74   71   77   99  101
 [31]   92   82  105  107   93  108  128  133  126  151  127  162  166  156  154
 [46]  179  175  162  179  218  251  211  213  238  261  268  287  282  274  268
 [61]  279  305  340  353  358  370  417  394  451  453  466  505  490  512  527
 [76]  562  583  568  608  612  637  637  662  735  751  741  745  791  824  877
 [91]  887  843  899  962 1015 1060 1049 1046 1111 1183 1259 1266 1294 1277 1369
[106] 1446 1478 1539 1570 1566 1615 1662 1663 1713 1720 1808 1799 1926 2004 2067
[121] 2184

[[107]]
  [1]   10   35   26   28   24   25   31   29   34   23   29   23   32   32   39
 [16]   28   37   43   38   33   31   31   23   14   19   22   18   12   11   26
 [31]   23   24   24   26   31   29   46   43   54   49   63   54   50   64   62
 [46]   62   75   76   56   65   61   69   96  109   96   99   89   88  107  109
 [61]  124  134  120  118  143  149  156  171  169  161  194  221  216  230  213
 [76]  244  250  280  277  290  315  329  321  375  370  377  390  431  440  512
 [91]  495  561  580  608  633  690  685  730  724  818  823  892  831  859  953
[106]  999 1043 1065 1113 1110 1177 1283 1333 1400 1449 1464 1474 1522 1649 1653
[121] 1703

[[108]]
  [1]   10   31   28   28   20   19   35   36   47   46   75   67   79   74   66
 [16]   78   84   82   71   87   82   95   99   84   72   72   92  105   97   75
 [31]   94   98  102  105  128  147  138  138  131  144  144  129  132  149  170
 [46]  187  173  170  178  202  227  244  218  250  254  263  258  284  292  308
 [61]  333  358  329  305  323  347  373  410  408  480  503  532  496  530  590
 [76]  594  607  620  659  714  724  722  752  779  870  937  981 1024 1049 1102
 [91] 1071 1194 1209 1274 1333 1374 1382 1492 1459 1430 1444 1591 1648 1691 1756
[106] 1847 1887 1901 2003 2122 2206 2345 2385 2372 2466 2534 2650 2827 2938 2995
[121] 3115

[[109]]
  [1]   10   28   19   15   12   18   31   25   21   17   22   18   15   26   29
 [16]   21   21   25   28   36   32   36   35   27   26   35   25   29   30   29
 [31]   25   28   29   31   42   39   42   42   50   79   71   61   65   62   73
 [46]   87  103   80   76  113  101   91  109  118  166  157  175  164  185  173
 [61]  176  173  180  180  188  198  215  191  227  224  217  239  236  267  283
 [76]  283  313  331  348  345  334  341  356  381  397  472  475  486  484  578
 [91]  570  544  578  597  621  630  669  751  774  812  793  819  826  869  943
[106]  972 1040 1033 1110 1118 1179 1222 1298 1445 1463 1412 1459 1515 1651 1699
[121] 1756

[[110]]
  [1]  10  38  33  25  20  22  20  24  19  19  13  11  13   9  13   6   6   5
 [19]  11   9   6  12   9   5   5   5  10   7  14  18  21  19  20  23  22  21
 [37]  28  30  17  16  19  25  28  19  22  25  37  29  23  27  22  30  45  42
 [55]  39  44  57  53  53  56  58  53  64  66  64  49  66  87  61  54  71  77
 [73]  83  85  80  84  98 106  95  94  95 114 112 123 131 142 143 120 115 118
 [91] 120 157 161 136 127 139 154 172 160 157 197 164 180 194 195 205 209 226
[109] 229 209 206 191 240 238 260 283 303 321 331 357 371

[[111]]
  [1]  10  14  25  17  14  14  23  19  25  17  20  24  21  13  18  17  16  15
 [19]  19  27  24  15  12  17  13  10   5   9   5   4  10   8  15  14  18  13
 [37]  16  13  25  28  33  34  34  36  32  49  37  37  39  33  27  37  32  42
 [55]  33  37  35  30  29  34  37  40  36  26  34  44  49  58  48  49  41  38
 [73]  66  87 102  82  89 104 132 144 118 154 148 139 153 149 176 190 180 189
 [91] 175 175 196 205 206 221 221 252 218 227 222 210 217 204 236 253 243 263
[109] 275 271 330 334 338 352 344 349 329 373 378 437 507

[[112]]
  [1]   10   20   27   23   18   15   13   10    9   21   15   26   27   31   22
 [16]   23   21   23   19   14   25   36   40   30   26   26   27   25   30   25
 [31]   33   28   25   29   37   48   45   37   60   65   70   65   58   67   62
 [46]   75   99   94   97  101  103  110  114  108  130  125  116  151  133  124
 [61]  131  155  172  145  123  127  148  167  139  153  165  170  190  214  234
 [76]  231  214  256  298  302  275  279  283  314  374  363  404  440  460  477
 [91]  472  549  561  594  636  669  715  737  716  779  830  877  946  883  891
[106]  954 1009 1033 1109 1098 1097 1196 1238 1262 1364 1370 1414 1498 1577 1668
[121] 1747

[[113]]
  [1]  10  30  26  19  15  12  25  28  32  32  22  29  20  15  11  10  15  16
 [19]  12  16  19  26  22  32  24  23  27  18  23  32  25  28  25  25  29  26
 [37]  36  37  35  40  35  29  52  64  53  48  59  47  74  73  65  64  47  51
 [55]  56  53  54  59  52  44  58  64  63  57  50  47  52  51  54  57  72  68
 [73]  66  63  72  87  85  89  73  61  80  84  86  69  73 111  92  74  89  82
 [91]  94  82  90  94  97 120 130 111 124 125  94 100 132 143 155 137 150 146
[109] 133 140 135 124 134 132 167 180 187 154 166 164 221

[[114]]
  [1]   10   27   27   28   23   26   39   40   38   56   52   41   40   59   55
 [16]   48   61   45   52   82   88   69   74   83  112  104  111  112  135  135
 [31]  120  148  158  160  150  165  189  189  181  193  222  250  211  256  239
 [46]  241  245  252  266  268  250  249  279  244  268  306  311  333  331  348
 [61]  374  409  465  442  431  421  479  475  521  512  568  595  582  584  618
 [76]  661  690  747  838  824  852  868  876  962 1018 1094 1148 1171 1176 1262
 [91] 1253 1332 1388 1473 1514 1564 1584 1676 1717 1889 1894 1988 2053 2242 2238
[106] 2346 2464 2501 2618 2756 2621 2816 3048 3210 3349 3500 3508 3663 3701 4002
[121] 4096

[[115]]
  [1]  10  24  20  17  14  12   9  12  10   7   6  12   9   8   7   6  14  16
 [19]  24  23  23  24  24  24  28  24  28  27  24  21  24  39  39  40  43  44
 [37]  47  47  41  53  52  52  62  78  61  57  49  54  74  75  75  75  65  49
 [55]  54  50  59  55  68  67  73  64  67  72  76  89  87  94 107 105 111 109
 [73] 113 107 149 140 172 146 135 119 149 159 175 205 200 195 213 227 223 224
 [91] 233 241 253 266 283 314 327 345 333 341 339 390 393 378 390 471 482 473
[109] 492 501 533 570 563 642 657 694 762 839 843 810 926

[[116]]
  [1]   10   36   32   18   17   14   13   17   21   20   15   22   21   18   24
 [16]   29   25   25   35   45   47   35   32   35   41   62   62   47   47   59
 [31]   49   59   55   67   61   56   56   75   71   79   71   71   66   90  106
 [46]   91  108   97   84  105   97  125  124  136  129  135  141  129  135  140
 [61]  122  133  141  147  163  156  183  184  202  229  229  232  273  284  301
 [76]  338  338  347  340  369  384  392  403  454  529  509  486  495  552  552
 [91]  569  573  581  599  568  620  663  722  739  739  751  776  845  886  918
[106]  950  992 1014 1021 1118 1198 1234 1231 1229 1269 1369 1395 1404 1438 1471
[121] 1529

[[117]]
  [1]  10  49  41  27  25  32  29  33  31  21  17  17  23  21  17  21  21  15
 [19]  14  18  12  37  31  22  21  28  29  22  23  24  22  25  34  33  35  28
 [37]  30  20  19  26  31  24  31  23  16  14  17  26  17  17  16  15  19  25
 [55]  22  30  24  21  24  18  20  16  23  24  36  37  32  39  31  29  38  55
 [73]  54  63  73  61  67  90  95 117 107 111 116 133 139 135 140 154 160 163
 [91] 142 179 188 211 205 207 256 246 272 258 225 281 277 268 295 344 362 399
[109] 373 409 392 402 458 457 449 459 514 492 527 608 591

[[118]]
  [1]   10   42   31   21   23   21   22   28   24   30   41   37   31   26   46
 [16]   45   41   57   38   39   47   69   62   43   46   57   58   58   44   57
 [31]   57   62   60   56   53   50   62   61   59   59   52   59   52   54   53
 [46]   52   48   56   51   70   72   69  116   85   86   85   83  125  144  121
 [61]  109  138  126  160  146  144  175  191  192  169  173  209  227  225  230
 [76]  233  258  279  289  294  309  343  311  334  333  332  358  368  412  402
 [91]  427  448  510  466  511  523  543  523  579  592  621  667  720  731  754
[106]  762  761  739  760  797  855  963  971  942 1028 1075 1138 1249 1315 1359
[121] 1335

[[119]]
  [1]   10   43   31   24   23   28   32   31   45   43   35   33   45   45   47
 [16]   44   41   57   75   61   73   78   90   76   95   87   88   98   91   89
 [31]  110  133  119  103  112  129  130  135  123  172  184  186  186  193  216
 [46]  212  208  219  236  238  260  254  245  285  333  374  363  366  380  399
 [61]  435  438  458  418  444  460  541  561  563  548  605  658  690  685  689
 [76]  734  738  858  863  849  899  955  982  971 1105 1124 1123 1167 1250 1343
 [91] 1378 1413 1425 1471 1579 1648 1712 1677 1858 1808 1932 2110 2218 2268 2358
[106] 2458 2615 2686 2828 2927 3095 3187 3263 3411 3558 3696 3737 3863 4010 4340
[121] 4649

[[120]]
  [1]  10  29  26  30  19  13  17  11   9   9  14   7   4   7  14  18  13  16
 [19]  19  17  16  21  21  21  34  38  52  42  39  43  36  32  26  32  22  21
 [37]  27  16  20  14  39  52  38  29  34  37  50  57  55  60  66  69  57  67
 [55]  64  64  65  71  71  66  71  86  71  81  75  82  96 105 118 106 118 122
 [73] 147 152 156 153 145 194 195 188 182 218 193 203 236 247 242 238 246 254
 [91] 256 257 263 268 287 305 352 352 361 358 391 382 407 427 448 476 446 484
[109] 546 520 508 573 560 542 613 611 626 644 656 744 719

[[121]]
  [1]  10  61  53  32  25  23  25  32  31  23  17  17  13  17  11  16  12  16
 [19]  16  11  16  13  13  20  23  19  19  17  18  25  21  21  15  15  15  16
 [37]  12   8  16  10  14  17  18  20  14  18  20  15  16  16  13  25  24  27
 [55]  34  36  38  43  50  47  46  34  30  32  54  64  52  51  60  54  51  44
 [73]  86  72  77  84  77  68  84  92  88  70  69  78  77  92 108 113 123 135
 [91] 142 163 152 140 155 152 167 184 181 182 195 215 222 252 275 273 300 268
[109] 284 281 269 301 298 313 365 357 400 373 351 343 340

[[122]]
  [1]   10   21   23   15   18   15   23   27   15   14   26   16   14   14   21
 [16]   16   31   24   28   29   37   28   27   28   38   43   46   39   47   48
 [31]   55   65   75   79   94   92   89   92   77   81   96   95   96  109  117
 [46]  140  119  138  150  176  201  185  176  159  181  168  181  185  176  186
 [61]  200  203  174  218  219  234  217  231  261  294  251  250  270  272  292
 [76]  341  342  348  329  344  397  414  395  376  385  473  465  473  497  501
 [91]  570  590  577  611  662  650  683  746  736  774  803  768  790  844  836
[106]  914  928  962 1090 1081 1129 1131 1116 1166 1285 1381 1416 1506 1524 1588
[121] 1712

[[123]]
  [1]  10  27  21  14  10   8  12   8   5  10  13  12  17  23  24  23  19  21
 [19]  38  22  18  20  25  22  21  24  19  21  18  19  15  18  16  19  17  25
 [37]  23  14  19  17  18  23  20  18  16  22  19  23  19  24  13  10   7  20
 [55]  22  21  19  32  31  30  35  22  32  22  30  30  24  26  32  39  50  54
 [73]  44  50  49  52  55  56  72  69  60  56  52  74  85  89  99 113 125 109
 [91] 102 116 109 112 100 109 137 154 165 175 179 160 186 193 220 232 215 244
[109] 299 310 307 287 283 306 309 353 332 291 330 356 382

[[124]]
  [1]  10  36  32  20  15  18  16  20  22  34  28  26  28  34  55  43  49  53
 [19]  51  53  49  52  53  66  53  48  42  52  55  59  54  66  77  62  82  70
 [37]  59  64  69  56  51  57  74  94  91  77  84  74  68  67  73  80  74  90
 [55]  87  82  61  69  76 110 109  97  92  85  94 121 147 145 137 123 113 131
 [73] 121 129 154 166 144 144 168 139 150 170 172 171 211 205 190 216 232 257
 [91] 234 260 275 296 300 286 307 347 387 430 418 435 417 378 402 431 473 478
[109] 500 499 496 586 606 566 599 631 651 636 702 708 761

[[125]]
  [1]  10  36  28  25  19  32  32  31  32  37  36  46  47  33  44  50  49  39
 [19]  55  47  32  25  23  28  35  40  45  37  28  45  56  50  62  71  51  40
 [37]  42  70  61  61  49  42  46  70  76  74  73  62  66  71  60  59  56  63
 [55]  96  81  79  67  75  62  91 112 100  92  81 122 119 104 115 115 124 121
 [73]  99 112 111 135 143 140 134 136 152 157 198 209 165 200 200 231 241 270
 [91] 272 247 283 268 313 350 320 308 313 377 396 366 359 351 420 442 445 418
[109] 425 445 463 466 522 553 596 616 652 635 665 693 683

[[126]]
  [1]  10  18  13  16  13  10   9  14   8   8   5   8   6   5  10   7   8   5
 [19]   2  14  10   8   8   8  12  12  11   9  12   6   6  10  12  15  14  18
 [37]  19  20  23  16  18  23  37  51  38  28  47  42  39  36  35  44  36  51
 [55]  50  41  31  48  48  54  43  46  43  51  46  50  57  57  68  80  75  70
 [73]  91  74  70  96 106  96 112 109 109 130 136 149 141 187 168 158 181 174
 [91] 152 168 189 199 221 222 202 191 226 232 258 271 262 234 246 257 297 327
[109] 372 370 349 356 346 359 377 428 489 478 482 469 475

[[127]]
  [1]   10   29   25   20   25   24   31   20   15   17   23   28   29   24   20
 [16]   15   34   47   49   33   40   30   42   41   51   51   44   54   49   67
 [31]   66   61   68   81   97   84   86  106  116  124  111  136  131  136  154
 [46]  157  143  148  165  173  189  200  218  211  212  224  213  231  256  291
 [61]  271  281  262  309  271  273  292  318  346  328  326  339  365  392  381
 [76]  408  395  445  464  478  497  512  555  594  593  645  615  619  653  675
 [91]  650  712  740  762  754  797  782  826  881  949  955  933 1024 1112 1133
[106] 1223 1262 1364 1324 1394 1445 1654 1687 1746 1731 1742 1881 2004 2088 2075
[121] 2232

[[128]]
  [1] 10 22 10  8  5  5  4 11  9  8  5  7  8  7  4  2  2  2  2  1  1  1  1  6  4
 [26]  4  3  3  3  3  8  1  0  0  0  0  0  0  0  0  0  0  0  0  0  0  0  0  0  0
 [51]  0  0  0  0  0  0  0  0  0  0  0  0  0  0  0  0  0  0  0  0  0  0  0  0  0
 [76]  0  0  0  0  0  0  0  0  0  0  0  0  0  0  0  0  0  0  0  0  0  0  0  0  0
[101]  0  0  0  0  0  0  0  0  0  0  0  0  0  0  0  0  0  0  0  0  0

[[129]]
  [1]   10   45   40   26   25   24   36   36   46   34   38   31   45   48   53
 [16]   53   46   53   62   60   58   63   87   84   77   79   78   99  112  119
 [31]  104  129  130  145  139  149  159  164  187  183  182  224  230  220  236
 [46]  215  202  214  247  241  245  285  275  283  309  294  318  352  352  396
 [61]  382  363  429  460  450  498  504  515  494  537  508  580  594  634  645
 [76]  671  696  717  774  719  753  783  790  793  824  890  871  910  944  999
 [91] 1074 1121 1133 1219 1348 1405 1470 1506 1556 1570 1661 1756 1835 1922 1973
[106] 1947 2024 2153 2301 2382 2445 2611 2634 2799 2873 2983 3155 3225 3383 3527
[121] 3791

[[130]]
  [1] 10 31 19 18 15 13 11 11 16 30 27 24 27 23 22 32 24 19 15 17 12 17 12 14 13
 [26] 14 18 20 13  9  7  6  9 13  6  6  9  8  6 11 11 14  7  7  6  4  7  4  5  3
 [51]  3  7  7 14 15 11 11 10 12 11 14 17 17 10 14 10  9  8 10  9 14 12 11  9  9
 [76] 20 19 14 10  9  9  8 11 17 20 13 12 13 18 12 20 17 18 12 15 16 14 18 19 16
[101] 32 20 24 21 27 30 45 39 34 41 57 43 36 44 47 69 61 60 59 62 79

[[131]]
  [1]   10   36   33   21   19   17   23   17   23   23   22   24   19   19   24
 [16]   24   42   25   24   23   23   32   26   34   32   39   38   35   38   36
 [31]   47   67   63   53   61   73   74   59   66   73   90   72   84   98   99
 [46]  118  135  143  121  125  170  171  166  170  172  141  148  204  212  216
 [61]  207  211  249  259  232  278  318  321  304  324  332  342  380  416  407
 [76]  394  396  450  459  501  476  460  556  570  560  569  574  571  584  593
 [91]  673  628  637  666  724  743  804  797  865  877  914  972  981 1035 1023
[106] 1121 1119 1130 1115 1185 1309 1325 1304 1363 1435 1553 1611 1641 1751 1876
[121] 1969

[[132]]
  [1]   10   32   23   26   17   22   27   24   29   34   30   25   31   32   23
 [16]   30   32   31   23   27   33   38   25   29   33   34   38   26   31   38
 [31]   66   48   51   39   40   44   54   68   55   47   55   55   52   47   44
 [46]   38   72   84   93   81   96   79   86   74   90   82   73   81   92   88
 [61]   94   86  100  121  112  101   99  116  157  171  162  167  189  232  232
 [76]  241  245  259  268  260  263  274  257  283  295  327  332  367  380  395
 [91]  413  424  415  458  508  509  505  526  587  615  699  672  722  749  756
[106]  789  869  894  906  936  960  980 1047 1075 1127 1135 1256 1313 1312 1313
[121] 1364

[[133]]
  [1]   10   34   42   39   25   20   26   29   27   30   41   31   26   33   38
 [16]   41   30   26   23   26   29   42   30   40   45   48   41   50   39   56
 [31]   60   54   43   44   53   64   59   74   76   57   74   97   83   74   71
 [46]  107  122  118  115  126  119  112  105  130  129  118  134  121  155  145
 [61]  123  141  158  167  202  188  172  161  174  181  175  166  197  209  234
 [76]  257  239  238  231  244  243  291  292  285  317  347  356  309  344  322
 [91]  378  440  420  451  447  477  452  483  536  581  614  653  614  658  668
[106]  707  737  825  837  883  912  906  959  988 1110 1079 1152 1171 1257 1186
[121] 1340

[[134]]
  [1]   10   53   44   52   43   32   49   53   47   43   47   52   54   67   56
 [16]   59   72   76   68   64   80   95  103  110   97  102  128  156  139  146
 [31]  151  157  122  109  134  161  160  171  181  194  191  206  200  190  186
 [46]  178  190  232  216  225  255  292  267  251  250  277  285  289  318  301
 [61]  308  308  303  321  345  363  362  345  448  483  483  454  461  461  516
 [76]  608  699  718  700  700  788  762  816  873 1020  999  989 1064 1079 1181
 [91] 1293 1319 1359 1469 1503 1602 1641 1747 1722 1805 2030 2081 2062 2105 2204
[106] 2185 2307 2419 2502 2545 2624 2750 2908 3028 3025 3212 3345 3375 3601 3801
[121] 3987

[[135]]
  [1]   10   25   37   26   21   18   18   28   28   21   27   19   19   28   29
 [16]   21   23   20   24   23   28   26   29   27   25   28   32   40   51   44
 [31]   46   56   59   64   66   72   68   85   86   85   97  104  109   93  108
 [46]  101  133  141  150  129  159  167  175  164  142  167  169  187  169  156
 [61]  192  203  202  197  190  195  232  220  215  237  217  232  232  244  279
 [76]  312  279  302  302  316  340  342  351  388  376  436  428  457  459  478
 [91]  513  556  606  637  676  697  677  754  816  812  877  853  881  962  984
[106]  991 1043 1034 1072 1090 1102 1125 1208 1265 1277 1333 1437 1512 1657 1669
[121] 1742

[[136]]
  [1]   10   25   18   19   14   12   16   13   15   10    9   14   21   21   18
 [16]   24   20   38   32   32   21   24   31   30   26   22   27   29   33   32
 [31]   34   40   34   32   40   27   37   37   44   37   35   29   28   23   29
 [46]   31   36   27   24   20   25   38   43   33   36   40   54   46   59   59
 [61]   58   47   55   54   90   76   71   91   83   89   73   90   88   98  103
 [76]  103  103  122  138  122  108  132  141  131  148  193  195  206  230  213
 [91]  248  257  266  289  329  345  341  312  330  362  418  454  455  493  520
[106]  546  602  602  656  649  702  723  778  798  827  886  921  909  991 1090
[121] 1073

[[137]]
  [1]   10   38   39   33   27   29   33   42   39   42   44   37   40   45   35
 [16]   29   28   30   31   27   35   47   53   57   56   53   47   71   80   58
 [31]   53   53   48   60   60   60   53   55   72   84   78   92   98   91  100
 [46]  105  109  103   92  102  117  119  130  144  142  146  150  163  153  155
 [61]  180  173  211  233  184  198  184  207  216  213  240  234  257  227  252
 [76]  254  320  300  271  309  334  351  406  442  386  373  391  353  395  427
 [91]  454  426  477  521  529  508  547  578  621  637  649  653  665  687  739
[106]  750  810  841  834  893  917  968  972 1056 1158 1145 1162 1187 1377 1452
[121] 1465

[[138]]
  [1]   10   46   35   24   14   24   20   18   18   21   22   37   31   26   19
 [16]   16   17   13   24   33   28   23   35   35   30   28   30   33   33   33
 [31]   48   34   44   44   37   47   48   41   65   76   71   63   56   70   80
 [46]  100   91   87   77   82   97  114  133  110  123  135  144  150  176  197
 [61]  193  200  204  205  230  243  264  263  268  288  319  331  337  341  340
 [76]  351  370  375  437  433  439  467  496  536  484  618  646  635  582  718
 [91]  764  725  812  742  756  778  895  920  944  931  991 1001 1060 1141 1165
[106] 1240 1225 1287 1335 1424 1485 1485 1500 1627 1718 1799 1917 1879 1962 2094
[121] 2151

[[139]]
  [1]   10   35   31   21   18   22   22   23   20   24   42   31   30   36   40
 [16]   44   39   32   31   36   42   44   47   49   44   37   37   33   49   50
 [31]   55   49   51   48   50   46   61   75   85   91   78   91  108  130  132
 [46]  160  163  160  157  175  151  178  189  200  205  206  217  230  249  260
 [61]  266  293  285  317  300  275  294  345  379  414  398  391  428  465  449
 [76]  469  499  533  521  544  537  533  527  525  524  577  612  658  670  663
 [91]  710  701  715  728  785  825  868  866  826  903 1031 1079 1092 1050 1100
[106] 1129 1230 1424 1439 1494 1560 1539 1590 1684 1780 1763 1854 1840 1914 1974
[121] 2063

[[140]]
  [1]   10   34   29   19   16   14   20   27   25   13   28   19   33   35   27
 [16]   21   27   24   30   33   24   30   27   46   35   66   94   85   91   93
 [31]   82   84   98  119   95  107  122  151  160  149  148  158  176  202  195
 [46]  176  170  189  202  186  217  234  232  254  277  312  298  341  347  391
 [61]  386  377  400  398  404  424  465  459  456  481  516  502  503  585  554
 [76]  599  623  638  677  681  659  640  736  726  769  834  864  915  916  931
 [91]  995 1027 1071 1150 1194 1157 1305 1423 1421 1504 1510 1551 1625 1766 1849
[106] 1914 2048 2090 2195 2272 2314 2495 2585 2697 2832 2914 2944 3090 3130 3261
[121] 3299

[[141]]
  [1]   10   29   34   22   16   16   21   38   45   32   33   42   43   39   41
 [16]   40   60   51   59   53   67   69   82   78   90  102  110  104  107   88
 [31]  116  122  121  128  143  141  148  170  174  157  154  160  178  203  201
 [46]  230  217  200  206  222  234  255  248  265  283  297  329  300  319  356
 [61]  363  337  395  396  419  461  485  499  497  513  502  538  631  650  675
 [76]  730  716  734  800  824  865  908  943  928 1039 1049  997 1013 1090 1087
 [91] 1157 1158 1236 1287 1385 1423 1502 1551 1617 1646 1715 1747 1877 1939 2029
[106] 2078 2234 2364 2543 2597 2704 2814 2802 2928 3087 3282 3490 3522 3691 3914
[121] 4067

[[142]]
  [1]   10   25   53   42   40   36   38   37   33   37   36   46   48   45   41
 [16]   55   58   56   51   55   67   75   64   59   59   79   72   79   71   78
 [31]   92  104  113  127  148  153  140  147  135  161  178  189  205  208  191
 [46]  189  191  207  254  259  236  249  231  270  268  312  320  303  326  370
 [61]  379  397  414  461  454  441  470  498  506  495  576  584  644  671  764
 [76]  698  687  743  823  879  831  876  869  952 1012 1022 1022 1010 1084 1147
 [91] 1253 1244 1296 1386 1396 1458 1563 1610 1646 1710 1791 1855 2035 1957 2150
[106] 2209 2318 2378 2571 2539 2691 2886 3088 3156 3282 3383 3521 3665 3908 3869
[121] 4073

[[143]]
  [1]  10  25  19  14  15  24  17  13  35  32  30  28  43  30  37  43  33  34
 [19]  28  29  47  26  24  35  28  22  27  51  47  40  52  48  43  34  44  64
 [37]  56  34  37  43  60  53  55  51  57  62  70  68  66  59  65  68  66  84
 [55]  70  72  67  75  78 104 100  94  91  84  95 131 112 116 104 112 105 136
 [73] 131 133 136 116 102 115 123 156 161 142 128 123 120 153 185 158 151 155
 [91] 182 193 192 200 215 238 240 248 246 291 283 296 315 326 317 389 402 479
[109] 462 461 427 496 527 525 558 577 619 625 615 630 632

[[144]]
  [1] 10 29 23 18 13  9  8  4  8  5  4  6  7  3  1  1  1  1  0  0  0  0  0  0  0
 [26]  0  0  0  0  0  0  0  0  0  0  0  0  0  0  0  0  0  0  0  0  0  0  0  0  0
 [51]  0  0  0  0  0  0  0  0  0  0  0  0  0  0  0  0  0  0  0  0  0  0  0  0  0
 [76]  0  0  0  0  0  0  0  0  0  0  0  0  0  0  0  0  0  0  0  0  0  0  0  0  0
[101]  0  0  0  0  0  0  0  0  0  0  0  0  0  0  0  0  0  0  0  0  0

[[145]]
  [1]  10  30  32  30  17  15  27  25  29  27  30  40  39  34  53  40  32  30
 [19]  33  41  38  32  30  44  53  54  57  37  26  31  26  20  17  21  24  31
 [37]  26  21  29  22  31  37  45  49  37  57  69  65  64  63  75  66  83  74
 [55] 104 109 107 104  99 123 113 135 121 101 120 101  93  91  93  83 101 126
 [73] 116  95  96  97 120 110 125 129 127 156 166 163 157 157 150 154 186 177
 [91] 176 200 199 211 236 199 211 221 266 272 272 289 324 375 376 346 341 352
[109] 419 467 505 478 501 539 568 638 651 621 603 668 755

[[146]]
  [1]  10  24  34  23  18  14  12  17  17  19  37  27  28  27  31  29  24  32
 [19]  37  51  54  52  56  48  44  57  53  47  42  35  49  42  30  34  34  41
 [37]  31  31  38  49  47  48  51  43  47  44  35  48  56  45  41  38  51  41
 [55]  44  68  63  72  51  47  52  74  74  66  57  66  67  64  75  81  84  89
 [73]  80 112 125 112 115 117 100 108  89  84  96 122 129 129 158 154 160 164
 [91] 146 139 146 161 165 164 184 189 208 194 213 196 182 196 229 221 230 236
[109] 245 255 301 298 302 309 352 376 386 411 429 470 445

[[147]]
  [1] 10 23 15  8  7  6  8  6  6  6  6 11 13 11  8 12  6  6  4  3  3  3  3  7  5
 [26]  4  2  2  2  7  4 10  9  8  7  7  6 12  7  7 10  6  4  9  4  3  3  8  7  6
 [51]  5  5  5 12  6  4 15 12 10 22 30 35 23 28 25 19 17 23 15 11 13 21 26 26 16
 [76] 16 11 19 15 12 13  8 15 21 17 13 11 14 20 17 18 23 22 19 18 24 21 15 19 20
[101] 27 18 16 21 24 19 15 16 12 21 27 22 23 15 22 29 26 26 22 26 35

[[148]]
  [1]  10  12   6   4   3   3   2   5   1   1   1   5   4   2   2   2   4   4
 [19]   9  13  15  10   9   7  10   8  14   8   7   7   7  13  14  22  35  24
 [37]  19  18  22  24  14  16  22  25  21  24  20  21  26  24  23  18  18  16
 [55]  18  31  30  21  18  19  40  38  35  31  38  40  45  42  42  50  62  59
 [73]  54  55  66  74  89  75  73  74  92  86  87  97  99  87 103 108 118 113
 [91]  97 119 114 109 125 155 177 162 160 152 176 163 177 196 218 241 261 260
[109] 260 298 300 336 319 372 367 410 413 449 457 465 511

[[149]]
  [1]  10  27  24  24  20  18  16  15  23  25  34  36  42  27  22  47  25  29
 [19]  22  22  33  36  31  28  33  31  25  18  21  17  24  26  21  28  30  26
 [37]  27  28  27  23  18  13  15  10   6   4   8  10  10   7  10  16  11   8
 [55]   8  17  21  20  14  19  23  27  19  16  21  48  48  43  30  44  50  55
 [73]  48  57  63  57  51  63  67  65  69  76  87  84  94 102  98  89  82  94
 [91] 105 108 128 136 125 102 110 120 122 116 110 159 153 150 154 170 146 150
[109] 177 163 178 201 223 230 236 229 264 266 267 263 305

[[150]]
  [1]   10   36   29   22   20   16   19   18   22   33   30   29   30   31   40
 [16]   50   48   51   50   59   56   71   54   43   56   53   60   64   65   72
 [31]   80   70   79   69   64   78   81   92   97  106  100  104  114  123  139
 [46]  129  131  126  131  129  125  125  117  135  126  141  126  166  160  158
 [61]  167  188  203  172  189  188  202  238  271  272  286  277  285  306  317
 [76]  383  429  437  482  472  492  519  526  518  565  604  653  661  661  693
 [91]  732  747  785  853  858  922  899  992 1027 1066 1116 1157 1154 1284 1248
[106] 1352 1406 1445 1528 1490 1594 1585 1664 1743 1883 1960 2122 2202 2256 2300
[121] 2447

> save(reslist, file=paste("output",iter,".rda",sep=""))
> 
> 
> ###############################################################
> 
> 
> # Clear the workspace and turn off graphics.
> #  Load all the functions you need by sourcing the provided demographic.R file
> #  Read in the job number from the cluster. To do this, your code should include a new
> # variable iter and should start with the line:
> # iter <- as.numeric(Sys.getenv(PBS_ARRAY_INDEX))
> #  Control the random number seeds so that each parallel simulation takes place with a
> # different seed. Your function should therefore set the random number seed as iter so that
> # each parallel simulation has a unique random seed.
> #  In each parallel run, select the initial condition to be used. Ensure that 25 of the parallel
> # simulations are allocated to each of the initial conditions.
> #  Create a variable which is the filename to store your results. The end of the filename
> # should be the number iter to ensure that simulation files do not overwrite one another on
> # the cluster.
> #  Initialise a list which will contain the results of your 150 simulations.
> #  Call the stochastic_simulation function to do the appropriate simulation 150 times,
> # appending the output to the results list, and then save the results list.
> 
> #four initial conditions (25 cluster runs per)
> #each cluster run runs simulation 150 times
> #1) large population of 100 adults
> #2) small population of 10 adults
> #3) 100 individuals spread
> #4) small population of 10 individuals
> 
R has finished running

============================================

        Job resource usage summary 

                 Memory (GB)    NCPUs
 Requested  :         1             1
 Used       :         0 (peak)   0.71 (ave)

============================================
