R is about to run

R version 4.4.1 (2024-06-14) -- "Race for Your Life"
Copyright (C) 2024 The R Foundation for Statistical Computing
Platform: x86_64-conda-linux-gnu

R is free software and comes with ABSOLUTELY NO WARRANTY.
You are welcome to redistribute it under certain conditions.
Type 'license()' or 'licence()' for distribution details.

R is a collaborative project with many contributors.
Type 'contributors()' for more information and
'citation()' on how to cite R or R packages in publications.

Type 'demo()' for some demos, 'help()' for on-line help, or
'help.start()' for an HTML browser interface to help.
Type 'q()' to quit R.

> 
> 
> growth_matrix <- matrix(c(0.1, 0.0, 0.0, 0.0,
+ 0.5, 0.4, 0.0, 0.0,
+ 0.0, 0.4, 0.7, 0.0,
+ 0.0, 0.0, 0.25, 0.4),
+ nrow=4, ncol=4, byrow=T)
> 
> reproduction_matrix <- matrix(c(0.0, 0.0, 0.0, 2.6,
+ 0.0, 0.0, 0.0, 0.0,
+ 0.0, 0.0, 0.0, 0.0,
+ 0.0, 0.0, 0.0, 0.0),
+ nrow=4, ncol=4, byrow=T)
> 
> clutch_distribution <- c(0.06,0.08,0.13,0.15,0.16,0.18,0.15,0.06,0.03)
> 
> #=========================================================================================
> rm(list=ls())
> graphics.off()
> source("Demographic.R")
> source("kl2621_HPC_2024_main.R")
[1] 0 0 0 0 3
[1] 3 3 2 2 2
[1] 1 1
 [1] 7 5 3 3 2 2 1 1 1 1 1 1 1 1 1 1 1 1 1 1 1
> 
> 
> ###4 initial conditions
> 
> ############################################################
> 
> 
> 
> #VVVVVVVVVVVV-------------COMMENT ME OUT WHEN RUNNING THE THING
> #iter <- 5
> #VVVVVVVVVVV--------------UNCOMMENT ME OUT
> iter <- as.numeric(Sys.getenv("PBS_ARRAY_INDEX"))
> set.seed(iter)
> 
> 
> if (iter <= 25) {
+ initial_state <- state_initialise_adult(4,100) #100 adults
+ } else if (iter >25 && iter <= 50) {
+ initial_state <- state_initialise_adult(4,10) #10 adults
+ } else if (iter >50 && iter <= 75) {
+ initial_state <- state_initialise_spread(4,100) #100 spread
+ } else {
+ initial_state <- state_initialise_spread(4,10) #10 spread
+ }
> 
> reslist <- list()
> 
> ####100 cluster runs
> ###################################################
> ####150 runs of stochastic_simulation per cluster run
> for (i in 1:150) {
+     #################################
+     ###120 steps of stochastic_simulation per simulation
+     stochasticresult <- stochastic_simulation(initial_state,growth_matrix,reproduction_matrix,clutch_distribution,120)
+     reslist[[i]] <- stochasticresult
+     #################################
+ }
> ###################################################
> 
> print(reslist)
[[1]]
  [1]   10   17   16   11   14   16   24   22   25   23   20   24   27   29   32
 [16]   37   50   32   29   29   38   70   56   52   48   49   54   55   58   66
 [31]   48   56   75   73   85   78   78   83   88   84   83   87  112  119  116
 [46]  144  134  130  134  164  161  164  188  209  192  189  213  236  278  249
 [61]  262  278  279  282  258  318  270  311  328  324  311  359  311  358  362
 [76]  421  440  396  425  490  488  519  512  515  575  573  604  592  647  721
 [91]  735  747  781  842  932  937  908  907 1009 1081 1142 1180 1160 1186 1247
[106] 1261 1272 1378 1436 1506 1532 1610 1669 1712 1719 1752 1858 1930 1951 2084
[121] 2153

[[2]]
  [1]   10   32   34   38   30   28   36   28   35   54   53   40   43   52   38
 [16]   37   38   35   45   58   56   66   57   65   76   71   67   70   83   83
 [31]   91   92  106  102  109  115  101  112   94  136  142  122  130  121  122
 [46]  144  129  155  153  146  167  154  158  175  174  194  221  218  227  246
 [61]  255  290  290  283  339  361  371  410  436  486  550  564  520  607  577
 [76]  643  604  669  701  763  727  796  874  956  926  926 1020 1044 1123 1131
 [91] 1165 1118 1189 1276 1278 1368 1420 1428 1493 1698 1752 1813 1822 1834 1965
[106] 2066 2223 2260 2265 2440 2522 2506 2752 2908 2958 3153 3283 3422 3644 3741
[121] 3905

[[3]]
  [1]   10   44   41   31   32   35   37   36   55   63   54   55   63   84   74
 [16]   79  103   88   89   82   81   88  103   98  103  102  111  108  116   97
 [31]  112  136  140  183  182  197  210  200  197  211  239  278  299  294  269
 [46]  275  305  306  319  314  295  328  338  368  383  394  409  454  489  485
 [61]  489  460  481  534  580  608  572  620  606  655  691  720  746  694  745
 [76]  886  842  866  842  926  953 1037 1016 1021 1026 1103 1196 1173 1228 1231
 [91] 1219 1331 1443 1515 1599 1636 1646 1823 1864 1824 1861 1945 1932 2197 2309
[106] 2311 2438 2581 2614 2696 2709 2927 3112 3293 3439 3551 3783 3811 3975 4048
[121] 4286

[[4]]
  [1] 10 25 25 17 15 12 10 14 15 17 11 12  9 18 16 14 17 21 13 11  7 11  6  9 13
 [26] 14 11  8  6  5  4  4  4  4  2  1  1  1  1  0  0  0  0  0  0  0  0  0  0  0
 [51]  0  0  0  0  0  0  0  0  0  0  0  0  0  0  0  0  0  0  0  0  0  0  0  0  0
 [76]  0  0  0  0  0  0  0  0  0  0  0  0  0  0  0  0  0  0  0  0  0  0  0  0  0
[101]  0  0  0  0  0  0  0  0  0  0  0  0  0  0  0  0  0  0  0  0  0

[[5]]
  [1]   10   34   28   20   16   22   19   24   26   30   31   24   27   26   32
 [16]   40   38   34   32   36   35   32   33   29   32   37   59   53   55   52
 [31]   52   50   59   59   64   85  110  101  102   95  118  122  112   90   95
 [46]  110  135  148  150  149  129  121  127  120  134  140  158  168  178  188
 [61]  180  166  201  241  215  204  215  208  234  248  224  235  248  319  318
 [76]  318  304  328  312  367  391  460  443  472  495  492  492  484  532  630
 [91]  664  616  664  667  701  717  752  755  854  933  962 1029 1052 1118 1145
[106] 1159 1268 1319 1334 1363 1405 1583 1593 1530 1634 1750 1784 1881 1891 2021
[121] 2105

[[6]]
  [1]  10  56  35  28  27  38  38  31  32  27  22  20  23  27  36  32  37  26
 [19]  19  24  33  34  38  35  37  30  44  41  50  41  46  49  62  57  64  73
 [37]  78  77  94  84  83  90  92  82  94  86 111 105  97 111 115 120 100 108
 [55]  98 110 124 118 105 123  94 122 147 121 121 123 105 127 122 148 159 160
 [73] 148 144 167 156 167 182 161 163 186 186 208 243 232 244 245 267 284 263
 [91] 289 328 331 324 365 374 349 341 361 425 437 476 476 476 508 532 565 575
[109] 620 578 600 674 683 726 766 748 780 807 804 879 938

[[7]]
  [1]   10   23   27   24   20   23   27   39   47   33   38   38   63   46   37
 [16]   47   69   67   49   52   58   73   66   70   55   76   89   84   69   62
 [31]   81   80   89   86   87  111   82   92   83  111  130  124  132  130  158
 [46]  162  177  189  181  174  196  178  202  243  204  211  237  237  234  247
 [61]  258  271  274  282  320  295  303  335  337  341  355  348  360  397  453
 [76]  457  509  522  526  574  616  639  611  623  642  669  723  733  764  828
 [91]  868  857  911  890  982  994 1040 1123 1197 1193 1249 1311 1369 1426 1504
[106] 1577 1598 1598 1600 1694 1739 1825 1865 1993 1983 1980 2115 2266 2220 2321
[121] 2468

[[8]]
  [1]   10   35   19   12   10   10   15   20   22   22   16   22   26   27   25
 [16]   36   37   28   27   24   33   26   23   25   25   27   34   30   29   41
 [31]   44   42   45   65   63   55   54   45   64   87   88   93   96   74   85
 [46]  108  120  132  132  138  134  167  171  163  179  188  203  217  254  235
 [61]  204  247  268  248  276  272  311  352  329  341  347  386  391  371  345
 [76]  323  380  381  392  396  371  434  482  498  510  536  593  574  606  636
 [91]  662  718  759  759  704  735  837  810  887  868  963  991 1053 1075 1136
[106] 1208 1301 1331 1358 1429 1467 1528 1638 1665 1718 1860 1941 1988 2024 2120
[121] 2306

[[9]]
  [1] 10 27 23 14 10 14 14 11 15 18 12 11 11  9 11 15 12  9 21 15 18 14 23 23 39
 [26] 32 34 45 37 43 50 45 39 31 34 61 49 47 52 50 41 49 33 29 37 41 32 33 25 19
 [51] 28 26 21 16 27 18 11 17 17 18 17 24 18 16 11  8  8  6  5  4  3  2  1  1  4
 [76]  3  0  0  0  0  0  0  0  0  0  0  0  0  0  0  0  0  0  0  0  0  0  0  0  0
[101]  0  0  0  0  0  0  0  0  0  0  0  0  0  0  0  0  0  0  0  0  0

[[10]]
  [1]  10  32  25  19  17  14  20  24  31  24  21  22  27  24  26  33  19  14
 [19]  24  25  32  22  24  24  31  31  30  24  21  26  29  35  29  28  25  27
 [37]  29  28  35  29  29  33  26  38  52  51  46  38  37  40  32  59  73  84
 [55]  72  73  64  59  57  57  46  52  62  69  75  94  92  84  99  94  97 129
 [73] 126 138 143 127 112 123 158 136 154 168 149 155 207 220 205 221 234 210
 [91] 250 245 234 235 263 283 292 310 324 321 344 393 375 438 411 423 439 448
[109] 446 500 519 537 569 614 616 619 652 654 658 722 779

[[11]]
  [1]   10   32   37   25   19   18   16   30   25   30   23   21   21   33   40
 [16]   50   48   43   50   57   63   74   80   68   72   73   82   95   83   87
 [31]   74   76   94   80  104  121  133  126  141  145  183  172  165  183  186
 [46]  187  204  200  229  225  224  202  226  255  276  248  235  253  238  259
 [61]  256  256  272  242  275  268  323  323  330  340  354  373  359  359  363
 [76]  375  406  380  399  454  440  447  419  450  483  518  537  537  600  625
 [91]  626  626  640  685  757  731  790  804  877  897  908  910  934  908 1005
[106] 1082 1086 1051 1143 1209 1265 1390 1470 1532 1529 1500 1483 1664 1708 1760
[121] 1878

[[12]]
  [1]   10   35   35   25   19   14   13    8    7   18   27   25   28   36   31
 [16]   32   30   37   48   46   47   52   59   70   64   75   66   77   67   98
 [31]   91   89   83  102  114  112  125  133  148  139  133  169  165  174  185
 [46]  222  214  222  247  248  248  265  287  285  269  288  284  345  366  332
 [61]  345  358  367  449  452  413  435  444  453  481  504  561  514  463  484
 [76]  506  556  581  541  541  522  541  647  713  661  645  652  714  716  743
 [91]  793  831  819  817  857  965  980 1001 1064 1122 1110 1170 1268 1362 1295
[106] 1414 1389 1442 1577 1626 1672 1704 1882 1901 1995 2090 2175 2214 2393 2482
[121] 2545

[[13]]
  [1]   10   30   35   32   28   21   19   28   40   36   44   42   46   40   40
 [16]   61   57   48   36   32   46   51   53   59   49   45   58   52   61   63
 [31]   66   70   95  105  102  102   93  120  129  111  133  154  146  155  143
 [46]  157  159  157  160  191  224  218  232  235  232  260  278  301  279  278
 [61]  294  323  308  318  338  355  409  388  390  400  410  443  444  462  477
 [76]  462  465  488  512  523  550  581  575  575  570  616  673  704  738  767
 [91]  805  806  782  783  795  823  858  890  896 1042 1024 1074 1104 1174 1185
[106] 1314 1320 1327 1424 1521 1553 1607 1686 1732 1800 1868 2015 2085 2161 2196
[121] 2243

[[14]]
  [1]   10   19   17   20   15   13   23   21   22   28   22   24   28   26   29
 [16]   20   17   30   41   33   28   29   31   35   34   36   35   44   43   46
 [31]   42   51   44   59   51   54   43   44   55   60   57   66   74   80   72
 [46]   68   74   90  108  104  115  114  109  100   94  104  118  137  157  152
 [61]  159  165  150  171  206  205  220  238  273  268  256  259  304  335  351
 [76]  380  363  308  290  322  316  343  356  392  379  406  408  400  448  485
 [91]  538  520  559  565  593  671  740  781  804  817  879  986  928  952 1039
[106] 1082 1149 1220 1234 1343 1430 1424 1474 1504 1592 1641 1668 1741 1810 1947
[121] 2091

[[15]]
  [1]   10   26   24   29   26   24   32   24   22   44   59   48   51   42   57
 [16]   61   78   68   64   62   82  114  120   86  108  106  132  127  131  127
 [31]  157  148  152  172  156  170  163  164  164  164  196  189  159  172  178
 [46]  189  180  195  228  215  250  270  258  278  259  286  328  300  348  336
 [61]  369  393  407  496  439  493  543  545  566  608  663  717  751  719  732
 [76]  727  749  791  820  874  936  923  943  923  918  999 1015 1055 1109 1178
 [91] 1272 1300 1423 1435 1573 1639 1629 1680 1831 2061 2111 2087 2237 2297 2324
[106] 2461 2487 2624 2844 2840 2969 3089 3265 3343 3381 3569 3723 3838 4159 4336
[121] 4543

[[16]]
  [1]   10   35   47   41   33   27   35   46   46   56   70   71   75   74   78
 [16]   82   81   70   62   80   92   89   87   98  107   94   91   95  103  118
 [31]  137  147  157  176  185  172  197  211  236  260  267  250  238  260  284
 [46]  330  385  371  373  391  370  408  447  451  436  431  444  476  452  413
 [61]  434  484  475  510  538  579  591  602  620  688  714  725  735  697  777
 [76]  766  798  820  845  869  913  948  991 1018 1019 1031 1083 1040 1044 1160
 [91] 1271 1230 1364 1366 1426 1369 1488 1595 1652 1680 1723 1790 1836 1933 1979
[106] 1978 2068 2164 2299 2437 2505 2634 2696 2677 2894 3084 3367 3477 3538 3736
[121] 3862

[[17]]
  [1]   10   15   22   22   19   16   17   19   33   38   37   31   31   31   31
 [16]   29   33   52   44   41   46   45   54   42   65   54   55   64   58   60
 [31]   59   68   78   91  104   99   99   83   79   68   93  111  119  108   92
 [46]  105  112  129  147  140  150  155  170  171  174  184  168  176  196  211
 [61]  212  200  227  243  236  259  293  244  273  248  265  256  313  326  307
 [76]  323  316  351  339  348  375  398  398  399  374  438  484  451  497  512
 [91]  481  470  467  478  477  512  564  619  609  595  621  628  652  638  710
[106]  699  757  801  873  848  826  833  957 1030 1050 1114 1107 1223 1308 1244
[121] 1258

[[18]]
  [1]  10  36  29  19  17  14  31  30  31  26  42  29  38  32  43  44  42  36
 [19]  44  35  35  32  30  40  33  33  37  29  48  41  36  29  30  37  46  56
 [37]  50  54  54  56  61  59  65  61  51  64  56  61  71  80  72  83  76  53
 [55]  49  57  59  77  79  80  92  84  80  66  77  76  91  93  95  95 115 136
 [73] 116 133 154 183 170 185 175 170 189 203 230 225 223 222 207 226 238 243
 [91] 270 302 303 306 335 327 329 360 406 433 399 424 426 471 444 486 507 554
[109] 564 563 633 689 743 838 808 867 856 891 935 889 931

[[19]]
  [1]   10   30   21   20   20   16   31   26   21   17   20   17   20   13   18
 [16]   15   28   25   29   38   39   38   48   54   50   44   48   57   54   48
 [31]   64   71   68   70   81   78   78   80  105   99   94   90  104  120  114
 [46]  116  138  140  139  138  143  141  165  169  151  143  166  197  227  219
 [61]  227  225  228  247  268  309  267  294  327  301  335  317  270  338  370
 [76]  438  414  421  424  439  464  479  448  458  444  509  533  587  619  617
 [91]  622  648  657  700  746  761  831  839  826  856  938 1034 1040 1003 1033
[106] 1224 1200 1246 1302 1448 1522 1537 1522 1608 1717 1759 1779 1813 1941 2035
[121] 2036

[[20]]
  [1]   10   24   24   30   19   12   25   28   29   32   28   18   16   13   25
 [16]   24   28   16   19   36   39   41   35   23   19   26   24   28   21   19
 [31]   19   34   28   34   34   41   49   58   59   47   40   56   68   63   66
 [46]   55   51   69   58   60   64   77   74   84   88   72   56   64   83   92
 [61]  110  105  110  113  117  127  124  131  131  141  167  170  158  182  184
 [76]  205  188  211  206  227  263  265  267  260  241  281  279  297  356  358
 [91]  389  411  430  440  497  488  491  527  528  539  574  571  615  674  694
[106]  678  723  742  802  931  915  915  908 1016 1079 1075 1093 1078 1182 1282
[121] 1452

[[21]]
  [1]   10   22   11    6    5    5    5    6   10    8    5    4    9   16    8
 [16]    6   12   19   21   20   18   18   19   24   28   23   34   24   25   20
 [31]   21   20   15   23   20   16   21   27   38   28   38   35   45   50   62
 [46]   40   47   41   55   60   55   55   82   75   83   84   98   96  114  134
 [61]  134  137  124  123  130  191  175  163  190  221  219  190  179  228  266
 [76]  257  261  284  313  320  322  361  374  373  412  386  378  408  404  397
 [91]  414  455  435  469  459  494  539  556  603  631  702  656  704  741  689
[106]  711  790  863  845  880  891  974  958 1025 1058 1062 1114 1263 1368 1383
[121] 1455

[[22]]
  [1]   10   46   31   19   17   23   18   31   30   29   42   44   45   48   49
 [16]   42   44   55   67   73   75   76   79   75   76   90   85   67   66   84
 [31]   94  104  117  120  128  129  132  129  137  158  154  169  140  171  166
 [46]  167  177  216  201  214  208  228  242  242  267  267  297  338  321  353
 [61]  351  374  404  392  420  433  421  450  488  460  483  522  528  556  540
 [76]  618  654  644  611  686  722  761  779  775  827  813  820  861  949  941
 [91] 1032 1092 1116 1172 1165 1221 1261 1371 1453 1473 1450 1518 1615 1573 1736
[106] 1689 1836 1950 1998 2044 2104 2296 2448 2541 2593 2656 2796 2984 3170 3332
[121] 3438

[[23]]
  [1]  10  36  28  18  14  12  10   8  17  15  21  21  17  19  24  17  12  13
 [19]  15  12  15  17  13  20  18  27  21  18  26  33  39  30  26  27  37  29
 [37]  46  34  48  40  50  35  39  45  46  43  61  67  71  63  64  53  74  73
 [55]  61  65  83  97  78  89 107  98 110  87  93 116 135 142 151 144 162 146
 [73] 190 170 150 126 123 164 194 211 205 206 205 225 221 226 253 269 304 310
 [91] 292 273 263 301 318 332 351 364 371 395 402 436 423 446 479 523 511 530
[109] 538 562 609 616 639 673 674 715 822 870 832 845 939

[[24]]
  [1]   10   16   25   22   18   15   18   28   22   36   32   27   20   23   23
 [16]   31   25   29   51   46   54   53   72   80   60   54   53   66   64   59
 [31]   54   61   68   65   83   78   70   77   73   81   75   78   77   92   91
 [46]  112  117  113  116  118  129  147  156  154  166  181  181  197  218  223
 [61]  241  221  270  300  285  285  305  313  289  305  331  351  336  329  365
 [76]  404  453  446  469  480  473  525  566  586  615  612  611  654  624  650
 [91]  686  728  717  815  820  886  876  885  980 1107 1072 1027 1071 1152 1216
[106] 1270 1318 1377 1338 1400 1437 1448 1543 1635 1650 1726 1857 1878 1996 2054
[121] 2157

[[25]]
  [1] 10 28 21 14 12  9  7  8  6  4  4  3  2  2  2  2  2  1  1  1  0  0  0  0  0
 [26]  0  0  0  0  0  0  0  0  0  0  0  0  0  0  0  0  0  0  0  0  0  0  0  0  0
 [51]  0  0  0  0  0  0  0  0  0  0  0  0  0  0  0  0  0  0  0  0  0  0  0  0  0
 [76]  0  0  0  0  0  0  0  0  0  0  0  0  0  0  0  0  0  0  0  0  0  0  0  0  0
[101]  0  0  0  0  0  0  0  0  0  0  0  0  0  0  0  0  0  0  0  0  0

[[26]]
  [1]   10   30   21   18   14   10   14   16   10    9    7   13   13   17   21
 [16]   15   19   24   16   24   26   32   34   30   27   26   33   47   45   48
 [31]   54   65   77   87   96   96  103  108  101   84   88   78   83   99   99
 [46]   84   78   72   82  106   80   80   82   78   81   85   69   70   77   76
 [61]   89  134  105  140  126  115  121  113  150  158  160  149  161  189  188
 [76]  191  203  212  216  228  219  214  211  258  287  328  309  322  340  361
 [91]  428  405  405  396  448  492  444  513  556  556  607  555  627  632  645
[106]  695  745  834  828  837  854  897  866  935 1046 1032 1091 1093 1190 1242
[121] 1283

[[27]]
  [1]   10   47   39   32   25   21   21   32   29   31   24   20   23   26   24
 [16]   31   23   34   42   31   28   28   30   31   36   32   28   31   35   42
 [31]   85   70   62   53   77   98   87   89   95   98  108  119  105  115   97
 [46]  110  117  148  121  113  123  145  145  142  145  155  132  141  148  169
 [61]  160  165  197  215  216  247  218  250  297  276  288  327  324  320  343
 [76]  350  316  371  354  404  414  376  404  399  423  430  466  463  475  527
 [91]  511  532  557  562  595  622  613  655  661  685  727  753  732  771  786
[106]  785  858  934  934 1053 1086 1138 1237 1291 1297 1372 1360 1443 1526 1536
[121] 1628

[[28]]
  [1]   10   19   19   27   16   14   12   18   20   25   27   22   26   35   47
 [16]   43   40   36   47   40   45   56   66   58   50   74   72   73   77   76
 [31]  102  102  117  146  141  121  128  129  158  155  158  154  161  209  207
 [46]  212  203  196  191  220  206  196  202  182  184  208  209  221  236  207
 [61]  215  270  294  350  311  315  293  318  393  385  375  385  416  377  417
 [76]  466  480  494  504  507  517  542  562  568  628  697  715  749  840  766
 [91]  770  824  808  896  919 1019  994 1005 1100 1085 1123 1162 1229 1198 1261
[106] 1265 1244 1290 1398 1492 1448 1450 1516 1678 1737 1747 1735 1834 1928 1946
[121] 2085

[[29]]
  [1]   10   40   34   30   24   27   27   36   34   36   26   20   25   26   30
 [16]   50   45   42   43   45   55   46   59   95   69   87   85   88   84   98
 [31]  150  151  169  149  192  218  232  281  283  286  271  289  301  306  350
 [46]  318  332  331  351  324  368  379  439  458  461  524  477  569  563  565
 [61]  568  614  635  677  694  716  702  764  741  867  857  902  974  979 1052
 [76] 1070 1148 1196 1181 1247 1289 1305 1324 1342 1452 1492 1534 1528 1617 1677
 [91] 1736 1865 1879 1951 1967 2017 2164 2304 2394 2283 2410 2613 2777 2938 2993
[106] 3005 3211 3375 3425 3718 3960 4154 4289 4321 4555 4767 4903 5138 5311 5615
[121] 5847

[[30]]
  [1]  10  17  27  18  12  12  12  14  21  23  31  20  22  18  18  16  24  36
 [19]  27  21  21  25  30  31  26  21  23  32  29  38  52  46  67  51  57  48
 [37]  46  48  45  50  58  45  46  58  44  53  57  46  55  57  52  59  64  67
 [55]  76  65  65  56  44  49  67  79  68  74  68  88  92 101 108  98 102 120
 [73] 114 131 120 112 113 120 124 103 105 110 121 134 145 131 151 177 186 178
 [91] 157 189 221 237 228 222 248 243 258 268 263 263 301 335 341 362 428 429
[109] 419 444 443 503 490 508 557 526 572 640 674 691 706

[[31]]
  [1] 10  9 25 16 11  7  6 11 18 13 10 10 10 20 13  8  5 16  9  8 14 11  8 22 18
 [26] 12 16 13 15 20 23 30 27 25 21 20 17 21 22 18 13 12 15 13 16 10 17 21 16 10
 [51] 19 16 15 16 14 10  8 12  9 14 11 12 10 12 10 26 26 18 14 17 17 23 19 15 13
 [76] 13 21 25 19 19 12 11 10  8 12 15 12 14 12 10  8 11 10 12  9 16 16 12  8 10
[101] 23 11 10  8  6 11 12  7  6  4  5 10 12  5  4  4  4  6  4  2  1

[[32]]
  [1]   10   37   45   43   38   33   39   43   47   40   49   46   65   68   75
 [16]   58   47   45   44   47   47   50   66   63   65   47   54   75   75   86
 [31]   82   96  101  115  115  112  133  153  158  175  163  177  223  221  265
 [46]  269  257  254  296  384  387  371  361  366  411  431  417  465  517  518
 [61]  556  537  576  612  628  709  699  678  694  762  774  791  812  848  826
 [76]  906  917  933  965 1050 1112 1071 1160 1185 1199 1229 1299 1389 1388 1404
 [91] 1415 1498 1579 1625 1765 1861 1866 1896 2001 2153 2265 2431 2442 2490 2706
[106] 2802 2946 3053 3287 3408 3489 3461 3654 3748 3964 4054 4324 4456 4645 4879
[121] 5106

[[33]]
  [1]  10  31  27  18  15  14  21  16  19  23  28  30  27  25  26  24  37  32
 [19]  33  29  33  33  23  29  39  38  31  29  24  30  33  33  45  38  34  40
 [37]  42  58  60  46  35  39  50  44  35  46  39  46  39  49  40  45  42  49
 [55]  48  50  43  47  54  67  83  98  83  89  99 109 110 113 110 100  95  87
 [73]  96 117 133 129 121 111 120 141 182 203 191 179 209 232 242 227 225 266
 [91] 276 263 256 275 285 317 290 300 300 303 328 305 303 328 383 384 416 446
[109] 424 432 433 464 480 455 502 573 561 610 588 608 612

[[34]]
  [1]  10  26  16  13  11  18  20  14   6   6   3   3   2   2   1   2  10   6
 [19]   5   5   7   5   3   3   2   4   4   3   3   3   3   2   2   6  11  11
 [37]  10   8   5   5   4  11  14   9   8   7   7   6   6  16  17  26  37  27
 [55]  22  23  27  27  48  45  46  63  55  52  51  45  47  44  41  38  32  38
 [73]  28  38  38  49  56  47  42  36  37  32  43  58  82  73  75  71  79  95
 [91] 105  89  81  73  93 130 134 115 115 118 131 123 151 148 160 198 210 207
[109] 214 218 232 211 201 184 185 183 183 193 195 194 202

[[35]]
  [1]  10  47  33  26  20  31  29  44  30  32  25  25  19  32  34  44  54  51
 [19]  53  60  51  59  56  68  63  57  50  60  48  46  56  62  57  62  55  59
 [37]  75  68  77  64  48  43  64  54  44  55  54  49  47  57  64  57  57  61
 [55]  75  60  67  63  60  86  77  58  45  64  67  62  68  75  86 105 115  96
 [73]  87 122 119 135 145 139 151 139 122 136 121 118 156 146 138 140 114 129
 [91] 161 156 160 185 192 210 207 204 213 247 253 243 261 276 288 303 313 382
[109] 382 403 441 439 436 482 458 429 395 425 460 513 531

[[36]]
  [1]  10  29  16  20  15  14  14  19  21  19  26  18  31  23  18  21  32  37
 [19]  34  34  30  44  70  57  44  45  49  49  43  45  42  44  38  36  31  22
 [37]  29  36  28  30  23  24  20  39  28  24  20  18  15  25  22  22  17  25
 [55]  27  23  22  35  23  27  20  27  33  36  31  28  24  25  21  26  29  29
 [73]  45  53  50  39  47  47  42  55  68  55  58  64  57  68  62  66 101  92
 [91]  85  95 106 117 111  99 111 123 135 150 139 149 127 156 156 140 154 195
[109] 196 186 213 204 231 237 236 282 313 294 320 313 318

[[37]]
  [1]   10   25   28   29   25   25   36   34   49   61   74   60   49   46   54
 [16]   60   65   56   40   45   53   63   55   57   59   75   57   55   58   50
 [31]   59   50   47   46   57   84   91   79   62   57   72   75   63   72   74
 [46]   81   73   75   87   91   90   83   73   86   77   83  110  118  112  115
 [61]  126  125  152  141  143  161  141  155  157  147  163  195  189  209  196
 [76]  204  223  249  248  241  257  256  262  317  329  291  293  337  351  397
 [91]  378  375  438  472  441  432  418  488  510  543  582  578  622  654  678
[106]  637  674  684  776  821  860  853  855  846  900  979  996 1084 1119 1190
[121] 1141

[[38]]
  [1]  10  17   7   5   5   4   4  12   8  10   6   8   5   5  14  10  16  19
 [19]  17  27  27  29  23  20  14  14  10  12   7   7  11  14  11   9   8  20
 [37]  14  17  13  11  16  11  10   8   8  15  22  16  11  10   8  23  21  23
 [55]  18  15  15  17  15  30  25  25  35  29  29  24  28  25  22  28  45  34
 [73]  30  32  26  33  47  34  37  41  35  30  43  37  43  59  51  49  47  59
 [91]  57  62  61  68  52  56  63  84  83  97  75  66  73  95  89  88  93  92
[109]  82 107 111 133 131 128 123 126 132 143 142 157 157

[[39]]
  [1]   10   44   33   21   17   26   21   23   26   38   53   56   60   64   61
 [16]   63   60   53   64   59   65   70   66   57   73   92  113  111  114  106
 [31]  138  143  134  128  125  141  142  165  201  200  208  186  196  218  230
 [46]  235  238  239  265  253  266  280  300  324  327  353  368  394  434  427
 [61]  447  506  533  528  537  565  611  639  628  612  625  691  684  705  655
 [76]  731  760  808  849  882  897  941  988 1019 1065 1188 1251 1301 1269 1340
 [91] 1396 1461 1493 1521 1623 1704 1838 1878 1864 1986 2070 2196 2376 2411 2471
[106] 2505 2616 2827 2878 2943 3081 3199 3253 3321 3501 3642 3753 3881 4029 4176
[121] 4392

[[40]]
  [1]   10   20   30   26   20   24   22   24   20   27   29   31   24   22   16
 [16]   21   22   27   32   28   26   33   24   24   39   34   23   26   41   47
 [31]   33   40   64   76   66   62   55   79   82   74   61   66   70   79   71
 [46]   74   81   91  115   99   97  111  107  105  107  113   96  106  178  151
 [61]  147  131  150  168  175  178  158  155  178  199  181  190  175  197  232
 [76]  235  223  238  249  280  253  287  328  324  357  343  348  384  376  399
 [91]  397  395  463  486  475  457  491  588  598  643  640  664  744  762  778
[106]  766  837  910  910  935  925  992 1043 1036 1068 1063 1127 1207 1219 1300
[121] 1345

[[41]]
  [1] 10 23 17 12 12 14 10 11  8  7  6  5  7 11  5  3  3  3  2  4  3  2  1  1  1
 [26]  1  1  0  0  0  0  0  0  0  0  0  0  0  0  0  0  0  0  0  0  0  0  0  0  0
 [51]  0  0  0  0  0  0  0  0  0  0  0  0  0  0  0  0  0  0  0  0  0  0  0  0  0
 [76]  0  0  0  0  0  0  0  0  0  0  0  0  0  0  0  0  0  0  0  0  0  0  0  0  0
[101]  0  0  0  0  0  0  0  0  0  0  0  0  0  0  0  0  0  0  0  0  0

[[42]]
  [1]  10  11   7   3   2   6   4   4   3   2  11   5   5   4   4   4   4   2
 [19]   2   6  11  10  12   9  17  21  19  21  22  30  36  31  27  23  38  34
 [37]  31  40  38  36  45  47  48  55  56  58  55  53  56  57  61  61  47  47
 [55]  38  43  45  37  36  39  35  32  39  44  43  50  40  48  43  61  73  76
 [73]  62  58  66  82  83  91  87  97 118 104  99 109 117  96 106 115  98 104
 [91] 120 121 147 135 142 149 157 166 179 190 200 200 224 227 264 253 285 326
[109] 330 337 355 357 360 348 369 394 459 457 471 462 524

[[43]]
  [1]  10  29  35  26  23  19  16  27  23  26  19  22  21  30  50  47  36  33
 [19]  29  30  37  29  30  31  27  27  35  34  29  33  41  46  50  40  36  37
 [37]  54  60  61  51  47  44  67  64  62  76  73  94  83  80  87  85  94 109
 [55]  92 109 103 113  96 113 113 127 142 151 161 144 161 168 162 159 150 179
 [73] 195 183 191 197 202 235 246 249 244 238 241 231 275 254 313 312 293 307
 [91] 340 372 385 381 393 365 358 425 431 507 485 474 444 422 435 500 497 554
[109] 561 610 604 606 646 628 672 639 727 757 756 794 820

[[44]]
  [1]  10  37  38  37  32  29  34  37  36  38  27  42  45  48  35  28  38  39
 [19]  41  54  45  41  57  53  77  77  84  63  71  74  69  68  71  65  89  80
 [37]  71  82  83 114  96  99  92  96  88  88  88  91 126 117 115  84  91  85
 [55]  87 114 109  90 109 114 128 134 152 140 152 146 161 160 153 128 120 138
 [73] 190 163 170 167 142 183 176 173 186 208 243 255 246 240 225 239 219 242
 [91] 236 258 266 279 281 323 312 318 303 341 336 374 363 372 430 446 449 450
[109] 475 463 498 474 488 540 537 532 589 627 690 674 748

[[45]]
  [1]  10  28  21  21  27  21  24  24  17  17  34  41  37  30  46  37  39  38
 [19]  44  42  46  37  30  30  52  50  38  34  46  38  54  39  28  25  29  19
 [37]  25  26  17  20  21  23  17  13  21  20  20  22  30  29  38  52  47  43
 [55]  47  45  40  49  47  53  50  55  56  60  77  95  80  86  83  96 103 106
 [73]  90  77  88  92 100  85 100 100 122 130 148 145 165 162 152 157 173 149
 [91] 162 164 190 225 215 197 209 225 218 220 237 289 351 354 335 333 363 410
[109] 367 372 444 463 513 527 538 618 646 657 691 740 806

[[46]]
  [1]   10   46   44   29   25   22   35   32   31   23   25   20   32   20   37
 [16]   37   34   37   27   37   41   34   27   25   31   28   59   58   60   54
 [31]   53   66   74   67   60   48   53   75   94   86  118  117  134  144  144
 [46]  142  155  179  179  184  170  171  195  235  270  292  312  306  328  327
 [61]  375  356  400  444  448  451  420  468  464  522  468  494  527  514  568
 [76]  643  562  612  680  700  668  667  738  778  794  872  866  860  885  844
 [91]  929  974 1114 1131 1228 1226 1273 1370 1328 1440 1444 1561 1590 1647 1730
[106] 1824 1812 1833 1929 1928 2005 2134 2176 2333 2411 2488 2501 2607 2821 2891
[121] 2867

[[47]]
  [1]   10   15   27   19   12   17   13   16   23   21   25   28   23   33   34
 [16]   36   35   37   42   36   42   51   58   50   44   42   32   35   40   57
 [31]   67   64   75   75   79   78   75   88  101  104  133  141  119  131  149
 [46]  159  141  148  167  178  178  201  204  225  227  246  252  225  236  255
 [61]  299  341  340  350  301  329  366  378  387  408  344  354  398  397  396
 [76]  435  399  411  449  441  446  530  536  565  586  603  664  691  676  685
 [91]  678  714  746  768  770  833  847  822  850  885  954  967 1017 1048 1092
[106] 1050 1093 1067 1075 1112 1130 1200 1262 1372 1457 1432 1498 1498 1540 1613
[121] 1716

[[48]]
  [1]   10   17   18   20   17   23   34   36   42   39   45   43   39   50   51
 [16]   58   48   53   56   42   52   69   75   89  115  101  102  127  150  136
 [31]  141  150  132  153  192  198  198  183  198  212  230  229  246  233  229
 [46]  240  262  285  324  300  275  277  326  364  368  431  424  422  433  453
 [61]  496  551  607  609  621  647  690  719  769  767  829  802  850  924  926
 [76]  993 1024 1090 1080 1058 1117 1293 1290 1335 1364 1343 1410 1440 1508 1596
 [91] 1606 1641 1774 1785 1923 1933 2000 2094 2349 2412 2499 2645 2643 2739 2864
[106] 2933 3016 3082 3243 3455 3570 3776 3858 3957 4096 4321 4553 4827 4859 5200
[121] 5433

[[49]]
  [1]   10   36   22   21   15   18   16   19   28   32   22   27   24   31   39
 [16]   32   30   28   31   43   45   33   25   42   29   32   28   41   37   33
 [31]   29   26   30   35   31   32   38   58   50   56   60   47   56   47   52
 [46]   88   79   62   52   52   82   99  100   93   86   96  104  102  126  137
 [61]  153  145  142  171  172  185  200  238  209  197  218  224  242  266  295
 [76]  301  278  321  297  336  349  372  385  447  490  489  523  555  602  618
 [91]  696  700  759  793  878  840  883  921  924  992 1022 1088 1145 1149 1176
[106] 1252 1348 1356 1405 1451 1479 1566 1529 1586 1731 1810 1932 2013 2126 2166
[121] 2346

[[50]]
  [1]   10   41   37   29   26   28   28   36   30   40   58   53   35   34   38
 [16]   68   64   62   59   69   67   72   65   68   80   82   95   97  105  121
 [31]  125  138  131  128  152  158  152  134  139  154  201  257  260  249  268
 [46]  279  332  334  294  301  296  345  325  308  319  394  413  437  385  359
 [61]  440  473  498  473  499  505  529  571  515  557  609  641  645  714  716
 [76]  754  795  818  828  847  933  938 1021 1093 1096 1162 1190 1205 1206 1280
 [91] 1473 1493 1488 1565 1632 1744 1801 1802 1901 1891 1973 2029 2050 2146 2289
[106] 2323 2338 2481 2621 2760 2802 2982 3081 3117 3326 3448 3553 3579 3690 3937
[121] 4189

[[51]]
  [1]   10   36   39   31   27   22   32   45   43   34   43   57   56   53   49
 [16]   79   93   81   88   98  100  101  103  121  113  110  113  102  122  105
 [31]  106  122  113  123  141  137  143  144  146  151  143  150  164  190  209
 [46]  214  204  215  240  240  213  196  222  280  297  303  322  304  328  336
 [61]  372  371  388  390  381  365  382  464  480  493  476  497  541  540  577
 [76]  569  592  651  648  723  777  838  825  794  823  848  875  934  962 1039
 [91] 1141 1101 1163 1216 1224 1257 1349 1353 1474 1542 1602 1653 1705 1811 1964
[106] 2126 1996 2139 2346 2432 2504 2593 2676 2759 2818 2986 3081 3155 3291 3458
[121] 3573

[[52]]
  [1]  10  34  30  19  17  24  34  26  19  16  15  11  13  10  10  22  21  20
 [19]  14  17  28  20  22  30  27  19  36  43  49  40  34  26  27  24  27  29
 [37]  25  23  22  29  32  26  26  30  25  29  24  38  29  39  31  44  69  65
 [55]  74  68  71  77 118 119 105 122 118 116 128 122 128 155 139 133 152 162
 [73] 182 207 201 195 195 184 191 225 198 224 235 229 267 259 257 252 272 282
 [91] 258 279 289 366 342 351 442 457 473 513 494 528 557 559 521 534 583 612
[109] 687 649 657 637 661 691 732 793 842 872 909 926 898

[[53]]
  [1]   10   35   35   28   21   19   29   38   42   29   25   32   28   31   32
 [16]   41   35   38   35   36   40   36   30   35   24   27   30   28   22   34
 [31]   28   33   28   30   35   42   34   28   21   35   39   37   33   35   35
 [46]   40   36   44   51   42   37   46   56   56   69   71   64   70   88  100
 [61]  105  111  126  108  108  129  136  126  168  136  154  134  122  146  171
 [76]  169  208  173  176  183  203  202  229  258  271  267  305  316  334  345
 [91]  381  368  410  437  414  412  418  396  486  523  535  570  596  600  635
[106]  635  657  687  754  773  800  852  866  848  855  892  950  932  973 1006
[121] 1061

[[54]]
  [1]   10   39   31   29   21   19   16   16   11    9    6    8   14   10   18
 [16]   11   10   12   11    8    7   12   17   14   16   18   29   31   21   24
 [31]   36   35   29   39   33   40   53   71   73   71   70   98  111  111   99
 [46]   89   97  122  121  102   94  104  121  136  156  161  159  157  174  182
 [61]  200  245  242  210  226  290  330  284  279  320  319  346  364  388  392
 [76]  416  466  516  483  464  485  528  548  628  609  595  599  625  665  644
 [91]  691  658  671  751  768  755  812  849  879  900  958  945  915 1037 1130
[106] 1120 1191 1248 1216 1261 1345 1342 1407 1382 1443 1510 1647 1703 1846 1848
[121] 1965

[[55]]
  [1]  10  12  10  11   9  10   7   4   3   2   2   1   1   1   1   4   4   4
 [19]   3   9   9   6   4  10   6  11   9   7   5   5   8   6   6   5   3   3
 [37]  10  16  11   8  14  18  21  22  19  21  17  22  18  22  22  35  27  22
 [55]  26  22  25  27  24  33  36  28  23  39  42  32  32  29  32  46  27  48
 [73]  29  42  34  38  51  58  59  60  90  89  88  93  82  87  97  92  98 114
 [91] 120 133 147 127 150 156 154 162 162 150 147 143 150 155 171 192 226 212
[109] 208 183 189 267 282 254 257 229 282 331 310 278 274

[[56]]
  [1]   10   45   55   41   33   28   24   22   38   34   39   44   43   38   40
 [16]   55   57   57   52   59   57   67   68   73   61   69   56   69   70   69
 [31]   69   69   84  118  117  120  134  130  120  128  137  137  137  162  161
 [46]  172  193  175  189  192  192  177  196  192  221  211  193  212  235  222
 [61]  216  218  252  267  249  290  319  344  342  325  340  377  414  409  417
 [76]  470  466  508  548  550  580  589  617  615  590  631  708  676  723  711
 [91]  754  799  803  846  916  941  886  944  984 1065 1124 1167 1196 1232 1309
[106] 1393 1449 1494 1500 1544 1559 1667 1827 1962 1973 1953 2062 2138 2301 2451
[121] 2513

[[57]]
  [1]  10  15  25  19  17  19  29  35  25  28  34  37  34  34  21  23  30  29
 [19]  20  36  30  20  25  20  18  28  23  31  28  41  40  42  58  46  36  33
 [37]  36  35  43  35  33  50  53  50  53  58  45  48  46  49  49  50  40  44
 [55]  40  57  50  46  62  70  60  48  50  67  80  68  87  78  84  82  71  81
 [73]  73 107  93  95 102 101  95  84 104  88 116 124 115 113 174 170 170 169
 [91] 189 217 218 225 190 203 198 234 222 239 258 277 298 300 330 334 358 379
[109] 410 404 426 438 482 487 471 560 540 589 634 625 600

[[58]]
  [1]   10   36   23   17   21   26   21   18   19   16   19   17   24   30   33
 [16]   26   20   15   21   28   30   30   33   45   36   41   39   40   47   67
 [31]   68   71   66   67   69   69   77   91   99   92   84  102  106  121  131
 [46]  139  133  134  144  168  168  198  219  211  217  237  223  250  245  249
 [61]  257  253  257  275  272  296  326  280  288  287  294  302  328  317  368
 [76]  389  394  451  431  456  429  500  502  512  524  566  605  615  636  608
 [91]  641  671  657  762  792  891  898  890  965  964  978 1026 1120 1144 1178
[106] 1228 1259 1243 1283 1330 1361 1507 1497 1511 1685 1750 1840 1840 1924 2069
[121] 2072

[[59]]
  [1]   10   35   22   24   17   14   20   29   20   17   13   20   24   26   22
 [16]   18   16   26   37   31   50   49   39   36   43   38   43   50   81   81
 [31]   57   56   78   73   67   56   66   74   67   72   76   87   84   81   85
 [46]  101  128  153  136  133  139  126  143  155  146  146  125  150  176  225
 [61]  198  191  223  221  237  227  259  247  264  291  342  362  344  327  407
 [76]  479  471  433  501  509  437  461  501  552  586  638  638  595  617  619
 [91]  666  655  699  715  702  720  707  768  804  819  882  850  882  945 1044
[106] 1050 1106 1125 1167 1126 1222 1276 1274 1233 1294 1274 1408 1439 1451 1428
[121] 1445

[[60]]
  [1]   10   20   22   11   10   10    8    9    8   18   13   20   13   17   40
 [16]   37   38   35   24   30   23   38   43   33   48   45   37   46   35   26
 [31]   33   34   40   42   38   46   58   63   63   50   41   53   71   70   73
 [46]   57   63   83  103   98   95   93  103  121  138  140  132  139  130  144
 [61]  140  135  167  182  192  170  196  187  248  233  252  233  247  264  280
 [76]  321  296  303  290  331  355  379  362  393  405  432  470  453  457  476
 [91]  471  535  545  654  628  660  658  641  651  736  806  808  834  847  904
[106]  935  997  943 1012 1042 1092 1074 1100 1123 1175 1232 1289 1295 1245 1421
[121] 1461

[[61]]
  [1]  10  43  34  22  20  17  21  18  30  26  33  23  44  38  32  29  36  24
 [19]  24  21  21  29  25  26  37  41  44  41  43  42  45  40  36  49  38  38
 [37]  38  35  31  40  43  55  44  33  28  31  37  43  38  39  37  37  45  38
 [55]  41  39  30  31  27  27  29  33  44  30  26  34  35  46  33  40  46  43
 [73]  47  52  51  50  60  61  52  79  83  94  70 100 126 113  99  97 101  94
 [91] 120 112 113 132 136 138 121 152 141 151 159 155 130 151 146 149 156 200
[109] 199 197 202 205 217 223 246 226 220 208 215 256 273

[[62]]
  [1]   10   29   30   25   17   17   12   10   16   12   17   28   27   23   43
 [16]   50   41   49   48   53   45   58   48   52   51   55   45   47   57   54
 [31]   46   36   67   73   73   81   81   82   81   80   74   88   85   78   98
 [46]   95  104  110   89   84   85   77   97  123  120  126  133  139  168  184
 [61]  182  151  166  189  159  165  211  246  236  262  251  259  269  287  307
 [76]  289  333  330  315  378  416  425  419  415  419  516  573  594  542  510
 [91]  558  628  607  623  664  673  669  692  718  825  886  912  923  918  999
[106]  951 1047 1094 1080 1092 1104 1202 1331 1461 1500 1467 1499 1562 1675 1668
[121] 1704

[[63]]
  [1]   10   25   27   19   15   11   11   18   17   13   10    9   15   17   15
 [16]   12   23   32   32   26   23   34   45   52   61   49   54   47   43   37
 [31]   53   53   37   48   56   67   59   61   44   58   65   55   41   54   70
 [46]   62   74   79   79   71   80   94   88   90  103  106   84   92  107  117
 [61]  103   95  110  108   97  104   89   97  110  135  134  138  123  158  162
 [76]  158  190  178  152  177  195  220  207  198  219  235  241  263  269  344
 [91]  349  384  371  370  369  366  398  413  437  433  525  528  547  552  595
[106]  585  625  636  730  736  827  889  858  880  927  962  978  976 1047 1036
[121] 1089

[[64]]
  [1]   10   36   31   23   20   24   26   21   35   37   31   37   31   37   50
 [16]   44   43   31   28   51   51   51   52   64   66   59   42   38   59   81
 [31]   96   96   92  107  106  121  126  145  164  162  150  151  191  194  208
 [46]  217  210  208  235  262  271  252  271  306  313  351  364  347  350  403
 [61]  355  375  412  447  476  480  468  493  527  592  625  626  662  667  671
 [76]  728  747  849  812  883  903  967 1000 1002 1039 1077 1195 1220 1286 1347
 [91] 1398 1487 1542 1691 1708 1734 1847 1954 2013 2122 2231 2209 2326 2399 2511
[106] 2706 2883 3012 2986 3127 3262 3358 3536 3662 3680 3903 3989 4025 4343 4557
[121] 4726

[[65]]
  [1]   10   27   18   11    9    8   10   12    7    7   10    8   18   22   15
 [16]   11   18   26   19   23   29   27   36   38   34   40   33   40   47   51
 [31]   57   46   45   46   48   56   57   63   80   72   66   84   85   84   82
 [46]  114  112  114  116  117  140  161  154  137  135  122  148  148  133  124
 [61]  125  148  161  172  201  183  208  202  221  237  246  249  265  258  235
 [76]  270  268  312  329  304  381  435  486  473  476  571  600  603  577  640
 [91]  660  671  710  733  808  842  857  890  838  836  965  996 1001 1063 1107
[106] 1142 1199 1151 1244 1240 1430 1421 1446 1586 1646 1695 1780 1838 1903 1910
[121] 2088

[[66]]
  [1]   10   34   50   40   38   42   45   56   44   61   49   53   50   54   51
 [16]   53   47   43   39   51   54   71   60   53   61   51   58   61   71   71
 [31]   73   97   87   74   80   79   99  103  113  129  104  111  139  161  174
 [46]  166  165  201  218  217  245  273  258  269  301  342  330  350  378  416
 [61]  413  463  456  461  529  566  524  518  527  578  618  611  673  754  704
 [76]  700  754  796  860  910  897  994 1027 1038 1076 1166 1219 1341 1345 1444
 [91] 1545 1580 1685 1789 1833 1917 1943 2061 2213 2261 2262 2334 2425 2578 2678
[106] 2730 2803 2934 3105 3166 3289 3374 3617 3696 3901 3960 4250 4340 4481 4654
[121] 4887

[[67]]
  [1]  10  31  28  24  31  25  19  24  26  47  52  48  43  34  50  39  29  43
 [19]  49  48  46  42  49  43  40  46  49  38  59  41  48  51  48  52  72  52
 [37]  46  54  50  45  63  54  74  72  58  57  77  75  52  54  55  49  77  59
 [55]  68  73  72  62  61  58  54  75  72  66  54  51  56  80  92  90  87  78
 [73]  78  86 102 105  99  92 101 105 114 115 116 107 126 148 151 151 170 173
 [91] 169 172 165 196 208 214 211 183 212 216 192 203 203 212 229 230 275 272
[109] 252 264 250 287 269 266 278 289 281 290 334 352 380

[[68]]
  [1]   10   28   19   12   12   18   35   38   26   28   25   31   32   38   34
 [16]   49   54   69   65   67   72   69   86   92  100  106  102  104  118  130
 [31]  154  147  174  176  169  197  189  199  227  241  251  277  293  307  289
 [46]  316  347  373  385  420  361  406  426  429  410  419  464  460  493  485
 [61]  535  550  590  606  593  623  646  679  731  795  781  804  882  962  971
 [76] 1030  980 1054 1088 1190 1184 1313 1446 1500 1475 1566 1745 1757 1885 1946
 [91] 1882 1935 2138 2218 2186 2308 2438 2504 2659 2668 2791 3004 3033 3136 3304
[106] 3417 3641 3747 3907 3966 4121 4404 4686 4767 4835 5118 5259 5436 5621 6066
[121] 6233

[[69]]
  [1]  10  28  27  17  16  14  12  11  11  15  11  14  10  12   9  12  21  19
 [19]  13  18  18  16  22  16  14  21  22  19  18  16  28  32  25  28  25  25
 [37]  20  15  28  29  28  24  16  15  16  26  20  25  28  34  38  34  35  37
 [55]  30  41  54  44  47  39  30  31  42  61  46  40  36  45  52  59  63  72
 [73]  73  62  75  73  77  71  79  98  90  98  89 104 105 120 121 114 122 133
 [91] 158 154 137 160 168 163 169 184 201 209 174 191 211 234 215 209 219 216
[109] 246 250 245 278 290 294 283 334 347 373 377 427 377

[[70]]
  [1]   10   40   30   31   24   23   30   36   35   39   28   24   43   37   38
 [16]   34   35   35   39   34   44   37   48   43   48   43   46   45   37   47
 [31]   60   50   55   51   69   74   63   62   68   65   51   64   69   67   70
 [46]  103  113  104   94   98  105  124  124  116  125  129  139  145  155  160
 [61]  145  139  135  154  150  184  165  155  164  188  203  228  232  254  266
 [76]  287  280  261  250  255  244  267  279  287  325  317  333  306  371  332
 [91]  325  342  395  411  432  458  475  541  507  527  576  604  651  663  764
[106]  748  784  744  825  821  872  878 1012 1013 1056 1032 1038 1091 1149 1189
[121] 1229

[[71]]
  [1] 10 31 22 14  8  6  5  5  4  9  7  6  6  6 11  8  6 10  5  4  2  7  2  2  2
 [26]  2  5  4  3  3  3  3  3  3  3  3  8  7  6  5  4  4  7  4  4 14 15 12 10  8
 [51] 10  8 22 18 21 17 16 15 14 16 18 16 16 18 29 25 18 15 13 10 22 18 17 16 14
 [76] 14 14 19 18 18 18 22 15 17 16 26 24 20 18 23 30 23 18 28 17 25 28 36 23 30
[101] 25 17 18 14 18 17 20 22 16 10 11 14 18 17 13 17 22 22 23 36 36

[[72]]
  [1]   10   37   32   25   18   25   26   33   28   28   22   22   29   24   32
 [16]   32   46   32   32   31   33   32   26   31   30   36   38   30   24   19
 [31]   30   38   63   62   55   64   66   69   66   71   56   68   77   80   62
 [46]   59   67   85   96   97  115  116  111   98  114  135  155  180  179  173
 [61]  171  204  192  194  163  164  174  192  218  246  245  251  255  291  339
 [76]  346  332  317  327  360  369  377  357  390  374  408  448  431  472  479
 [91]  513  529  602  656  649  672  719  756  753  785  731  783  854  882  874
[106]  930  976 1022 1035 1071 1040 1097 1159 1157 1161 1258 1379 1448 1436 1523
[121] 1592

[[73]]
  [1] 10 23 27 23 15 13 13 10 14 18 22 19 17 22 20 12 20 22 24 30 16 20 24 22 17
 [26] 19 20 22 18 15 11 12 14 11  8 10  6  5  4  3  2  2  4  8  7  5  4  4  6  4
 [51]  1  1  1  1  8  4  4  4  4  4  4  3  3  2  5  3  3  2  2  2  8  4  3  3  4
 [76]  2  2  7  6  4  2  2  2  2  1  1  1  1  0  0  0  0  0  0  0  0  0  0  0  0
[101]  0  0  0  0  0  0  0  0  0  0  0  0  0  0  0  0  0  0  0  0  0

[[74]]
  [1]   10   32   44   32   24   31   30   26   35   35   31   34   37   36   41
 [16]   39   38   51   43   47   50   49   49   49   39   48   54   58   71   89
 [31]   99   98   89   85   95  103  131  131  126  133  136  166  201  174  192
 [46]  175  207  199  191  199  201  207  202  215  222  218  203  232  236  277
 [61]  239  242  218  261  262  282  287  290  293  353  379  376  369  427  424
 [76]  423  454  473  482  477  527  575  568  616  598  638  675  670  693  734
 [91]  693  827  835  815  797  938  989 1068 1118 1130 1143 1115 1204 1282 1338
[106] 1415 1453 1500 1492 1592 1645 1630 1637 1775 1869 1956 1960 1919 2071 2131
[121] 2258

[[75]]
  [1]  10  26  28  19  13  17  12  12  13  22  13  24  12  16  15  27  27  40
 [19]  46  39  37  46  33  30  41  33  28  21  20  32  46  46  38  43  37  42
 [37]  38  36  43  48  50  41  54  52  42  48  41  38  47  51  34  40  47  51
 [55]  47  42  34  39  40  51  52  49  53  53  51  66  65  80  91  98  97  76
 [73] 109 118 127 155 142 166 162 189 191 203 210 224 237 253 265 318 305 329
 [91] 325 332 372 397 384 371 365 403 436 459 479 485 499 490 510 567 647 636
[109] 623 637 717 726 716 738 779 838 832 808 819 901 957

[[76]]
  [1]   10   35   43   35   36   36   47   37   34   48   53   43   67   62   41
 [16]   36   43   38   54   65   75   81   82   75   78   93   80   84   98   95
 [31]   83   78   95   96   77   94  102  109  110  134  120  114  124  163  171
 [46]  157  158  197  179  169  182  185  215  211  188  189  231  234  271  283
 [61]  278  301  317  313  325  361  401  447  451  490  487  501  546  544  557
 [76]  651  603  645  685  715  720  731  743  797  828  840  847  899  956  983
 [91] 1016 1044 1039 1042 1084 1115 1187 1133 1217 1334 1327 1313 1348 1483 1514
[106] 1580 1559 1629 1699 1753 1780 1818 1936 2037 2105 2173 2286 2332 2408 2557
[121] 2705

[[77]]
  [1]  10  21  25  16   8  12   8  16  18  16  25  19  31  27  38  24  32  32
 [19]  30  22  23  42  42  43  42  36  48  43  42  32  42  39  39  28  40  35
 [37]  34  40  42  35  36  31  50  47  63  49  50  49  45  38  54  44  37  36
 [55]  33  30  33  34  41  41  40  63  47  52  61  48  57  60  71  59  69  76
 [73]  87  88  98  87  96 108 103 107 116 122 145 136 134 143 163 179 197 193
 [91] 229 224 239 261 252 242 245 292 312 329 297 315 328 343 326 376 379 383
[109] 400 393 457 476 502 510 521 527 528 566 579 585 566

[[78]]
  [1]   10   23   20   20   18   15   18   22   42   29   28   25   44   37   52
 [16]   54   47   65   77   88   82   96  112  117   96   99   92   98  105  119
 [31]  115  145  124  144  159  175  159  152  192  191  194  201  164  205  235
 [46]  253  310  302  316  286  306  351  404  396  370  391  405  398  459  446
 [61]  436  413  465  507  535  539  574  581  642  661  656  725  749  839  823
 [76]  873  824  847  901  967 1032  990 1019 1031 1086 1076 1141 1228 1300 1392
 [91] 1416 1479 1527 1569 1624 1696 1765 1940 2023 2094 2074 2191 2189 2303 2415
[106] 2502 2715 2993 3098 3104 3230 3335 3426 3580 3647 3931 3987 4124 4466 4486
[121] 4712

[[79]]
  [1]   10   38   45   27   29   35   53   46   39   45   47   49   46   38   46
 [16]   50   45   38   46   52   43   37   50   68   75   76   76   74   63   87
 [31]   89   91   78   75   74   92   92  109  104   92   86   89   92  113  101
 [46]  130  138  107  114  138  141  147  154  148  144  141  176  172  182  163
 [61]  168  157  193  225  233  264  236  232  277  290  266  284  263  245  267
 [76]  288  299  323  299  303  348  396  428  403  374  397  449  503  495  526
 [91]  562  611  589  611  648  678  704  676  739  719  766  758  804  796  845
[106]  929 1008  972  953  964 1032 1133 1108 1064 1138 1246 1214 1276 1377 1470
[121] 1522

[[80]]
  [1]  10  39  39  37  33  32  33  31  43  50  53  47  56  53  38  53  49  75
 [19]  58  62  66  58  49  59  74  92  87  81  89  90  96  99 105 103 119 117
 [37] 109 112 114 122 112 100 120 106 125 127 114 105 115 120 145 145 177 164
 [55] 138 144 159 168 158 140 144 159 158 153 146 134 153 156 150 164 175 173
 [73] 178 199 166 181 218 203 249 263 244 263 259 271 273 330 305 318 316 310
 [91] 299 309 327 381 385 445 421 428 434 476 483 489 514 532 571 582 686 632
[109] 623 683 784 797 702 696 770 792 796 841 912 878 942

[[81]]
  [1]  10  22  16  11  11  16  25  21  20  25  19  33  25  24  18  15  14  10
 [19]  17  12  16  15  16  21  18  17  28  27  22  27  25  27  19  23  20  18
 [37]  12  12  15  14  11  12  23  17  21  20  19  21  37  34  32  29  33  39
 [55]  29  36  41  23  21  38  40  37  40  45  58  53  60  89 108  98  90  95
 [73]  97 115 113  82  91  99 110 102  97 109 133 141 134 116 142 160 194 200
 [91] 181 180 182 222 238 218 219 221 247 304 326 319 308 352 342 371 377 389
[109] 374 414 405 428 494 511 532 553 611 573 658 642 698

[[82]]
  [1]   10   33   36   25   25   18   25   37   40   30   44   46   29   36   35
 [16]   34   35   43   39   41   54   52   40   33   26   30   46   62   68   49
 [31]   40   52   80   75   78   62   61   44   47   59   62   60   66   65   67
 [46]   75   68   58   74   94   87   81   81  105  127  131  120  132  143  157
 [61]  148  149  165  161  170  163  162  162  187  188  189  199  225  233  210
 [76]  239  266  276  312  325  316  321  347  383  403  405  437  411  417  464
 [91]  498  486  510  572  526  518  539  570  585  619  695  688  683  707  777
[106]  823  817  855  868  930  919  960  997  987 1079 1119 1105 1094 1233 1185
[121] 1169

[[83]]
  [1]   10   30   18   21   19   22   27   32   44   41   41   41   48   45   44
 [16]   59   54   51   51   42   53   58   63   57   53   56   67   64   65   52
 [31]   44   72   65   60   69   73   63   60   87   81   77   61   66   66   79
 [46]   71   78   86   83   77   77   70   75   81   83   77   89  107  101   95
 [61]   94  104  115  130  123  131  150  151  142  163  171  159  170  190  187
 [76]  168  164  166  180  222  243  227  245  250  270  266  308  332  316  362
 [91]  338  348  358  358  358  405  442  467  480  501  531  542  562  578  623
[106]  697  689  722  714  806  840  845  905  983  980 1009 1058 1081 1122 1152
[121] 1195

[[84]]
  [1]   10   24   30   21   11   10    9   20   20   22   16   20   28   22   22
 [16]   21   30   35   28   48   41   30   59   62   68   69   57   53   62   78
 [31]   80   92   83   85   83   88  103  104  100  100  114  138  138  127  130
 [46]  161  152  200  224  234  237  220  202  217  249  252  276  294  296  313
 [61]  345  372  395  401  379  378  418  429  485  526  516  505  529  573  604
 [76]  620  652  716  706  803  800  786  843  836  885  891  943  992 1008 1040
 [91] 1063 1139 1104 1164 1147 1221 1259 1265 1382 1449 1520 1592 1592 1624 1665
[106] 1689 1785 1816 1895 1953 2077 2125 2187 2346 2437 2402 2526 2553 2759 2920
[121] 2972

[[85]]
  [1]  10  39  32  30  24  32  28  26  27  30  35  36  30  26  33  34  28  33
 [19]  33  49  49  60  60  53  41  49  53  47  48  53  45  54  52  40  46  35
 [37]  45  55  60  60  50  62  62  81  69  74  65  81  92  80  64  56  69  67
 [55]  70  75  70  58  68  64  67  85  86  77  86  71  80  78  74  84  83  90
 [73]  87  98  85  95  96  96  95  95 113 141 148 134 129 119 132 145 155 162
 [91] 179 174 175 180 176 172 147 157 171 177 196 229 213 210 232 241 267 289
[109] 303 284 302 313 305 285 307 364 382 419 420 405 421

[[86]]
  [1]   10   44   52   38   29   27   39   51   48   48   74   65   58   68   64
 [16]   67   85   88  112  110  125  123  137  137  140  150  146  161  159  173
 [31]  184  193  221  246  263  254  256  247  262  303  296  293  330  330  309
 [46]  321  347  366  377  370  417  438  427  429  485  497  487  547  569  572
 [61]  566  533  573  626  709  728  742  721  753  797  847  871  914  921  878
 [76]  899  976  986 1039 1085 1048 1087 1215 1281 1290 1291 1335 1448 1423 1559
 [91] 1610 1730 1639 1758 1863 2019 2097 2157 2192 2259 2398 2538 2633 2836 2827
[106] 3014 3070 3145 3272 3450 3582 3763 4010 4121 4184 4395 4325 4711 4856 5007
[121] 5186

[[87]]
  [1]   10   49   40   48   42   38   28   40   60   70   49   48   37   62   63
 [16]   56   46   50   50   42   44   55   47   47   46   60   56   56   73   79
 [31]   64   51   60   70   79   81   77   85  110   95  110   89   70  103  127
 [46]  135  114  134  124  122  118  121  124  141  145  150  204  198  183  201
 [61]  196  219  196  196  247  277  244  261  288  312  316  300  299  325  329
 [76]  374  372  378  357  372  439  430  402  458  450  485  531  552  613  614
 [91]  614  709  725  732  768  769  728  759  769  815  852  888  920 1061 1044
[106] 1028 1031 1067 1206 1235 1264 1290 1300 1457 1460 1505 1559 1647 1726 1720
[121] 1924

[[88]]
  [1]   10   17   29   16   11    8    9   10   18   15   14   17   18   12   13
 [16]   21   16   12   15   22   13   23   20   22   19   22   16   17   33   31
 [31]   30   48   53   58   63   59   63   66   69   70   86   93  115  114  123
 [46]  121  135  136  156  175  186  189  204  175  189  211  206  188  217  256
 [61]  261  253  281  298  314  357  359  367  355  400  427  488  466  519  563
 [76]  589  555  542  576  590  639  710  753  783  741  779  836  867  888  885
 [91]  961  944 1009 1017 1091 1126 1213 1314 1276 1257 1311 1435 1426 1548 1529
[106] 1545 1590 1731 1779 1826 1867 2026 2055 2212 2209 2218 2293 2477 2516 2585
[121] 2629

[[89]]
  [1]  10  10  18  16  19  14  11  10  12  11   9  13  10   8  13   7  10   8
 [19]  15  25  14  11  18  22  26  26  23  28  26  30  22  21  36  49  52  33
 [37]  43  44  68  46  37  56  60  60  57  47  57  60  49  56  52  59  54  63
 [55]  65  55  57  63  63  59  58  63  65  83  81  82  82  82  95  97  89 107
 [73] 114 115 120 134 131 133 142 157 152 143 148 153 174 186 186 202 217 206
 [91] 200 242 240 232 258 246 241 235 250 285 297 311 311 317 323 353 397 408
[109] 428 430 430 468 482 507 543 542 515 566 613 631 655

[[90]]
  [1]  10  33  29  16  14  27  26  30  21  22  21  12  12  16  16  11  11  11
 [19]  16  16  14  10  12  20  17  11  13  18  25  29  23  19  18  21  20  25
 [37]  17  22  23  27  20  18  13  16  36  26  24  20  29  22  30  24  31  38
 [55]  42  62  54  44  33  31  32  45  56  74  78  68  66  65  62  67  96 100
 [73] 105 102 106 130 162 147 175 164 180 199 194 176 182 208 247 231 247 270
 [91] 303 321 357 365 373 356 389 421 417 382 407 483 484 485 515 557 595 610
[109] 602 605 666 660 688 732 767 816 760 808 828 869 858

[[91]]
  [1]  10  14  22  14  10   9   9  12  21  15  12  12  17  14  12  14  18  14
 [19]  15  24  20  17  18  13  16  13  34  38  40  33  30  34  28  34  31  36
 [37]  41  48  43  42  34  37  35  35  26  32  31  27  31  18  27  24  22  24
 [55]  19  17  12   9   9  12  12  15  10  18  20  16  12  12  14  19  13  10
 [73]   9  14  12  26  21  15  13  10  17  16  25  26  34  34  28  43  37  34
 [91]  35  36  37  51  54  54  60  48  56  81  79  67  67  71  72  62  73  79
[109] 108 124 107  91  97 102 119 115 112 113 110  86 110

[[92]]
  [1]   10   35   25   19   19   30   33   31   44   45   46   62   73   65   58
 [16]   84   96  103   93  104  101   98  116  110  100  110  129  140  147  155
 [31]  152  176  184  210  217  275  306  300  319  344  364  372  383  378  369
 [46]  329  384  433  422  440  457  490  504  525  540  573  651  631  640  622
 [61]  698  711  733  748  763  858  878  900  942  973 1064 1119 1132 1184 1158
 [76] 1301 1368 1404 1409 1501 1624 1657 1747 1865 1890 1946 2021 2113 2199 2300
 [91] 2307 2383 2529 2606 2690 2802 2898 3022 3264 3359 3490 3656 3901 4105 4246
[106] 4239 4347 4659 4748 5026 5176 5430 5763 6236 6322 6547 6648 7078 7320 7691
[121] 7592

[[93]]
  [1]   10   43   38   30   26   37   26   29   31   39   38   50   47   53   50
 [16]   56   65   75   90   73   74   76   87   95   64   51   44   57   73   85
 [31]   83   75   92   96  105  102  103   85   89  114   96  114  119  117  122
 [46]  142  132  152  147  187  172  188  185  205  228  240  244  286  264  276
 [61]  269  260  316  328  353  343  359  353  395  429  446  398  406  428  500
 [76]  501  542  541  550  599  574  626  643  649  700  731  777  805  759  795
 [91]  873  936  977 1004  975 1030 1106 1097 1174 1252 1261 1304 1341 1356 1436
[106] 1551 1573 1681 1700 1659 1817 1896 1833 1948 2080 2137 2259 2413 2461 2498
[121] 2658

[[94]]
  [1]   10   28   34   25   25   29   24   30   24   32   26   32   30   36   31
 [16]   38   29   27   28   32   32   34   37   32   38   37   45   44   43   42
 [31]   48   83  103   81   64   60   60   91   97   86   93  100  123  134  117
 [46]  113  117  141  149  178  171  146  172  187  208  184  230  231  231  232
 [61]  275  269  268  252  250  267  302  311  317  326  358  364  393  437  453
 [76]  423  425  455  494  507  521  614  601  611  622  619  634  701  805  799
 [91]  770  824  850  869  869  936  990 1013 1004  970 1123 1133 1206 1245 1349
[106] 1345 1359 1479 1566 1662 1670 1741 1836 1862 1985 2144 2144 2151 2306 2434
[121] 2508

[[95]]
  [1]   10   17   26   20   19   15   18   37   39   25   32   24   25   27   34
 [16]   49   49   38   31   38   54   41   46   43   57   54   52   62   56   96
 [31]   72   62   63   95   97  100  134  122   91  102   97  112  116  118  129
 [46]  116  113  121  148  140  153  170  177  182  232  230  245  258  228  224
 [61]  273  284  293  288  298  303  331  339  343  333  343  367  338  398  410
 [76]  427  420  409  439  421  442  421  423  486  532  639  637  651  603  618
 [91]  629  651  726  731  687  754  789  795  813  798  947  949  978  988 1003
[106] 1075 1153 1207 1313 1336 1368 1432 1429 1547 1621 1649 1730 1769 1747 1845
[121] 1914

[[96]]
  [1]   10   16   35   35   26   24   19   25   23   46   43   39   36   35   45
 [16]   42   43   38   41   40   31   55   62   66   58   63   64   75   81   82
 [31]   89   84   99  104   92   99   96  114  108  108  123  127  155  171  172
 [46]  155  182  186  189  183  219  230  217  237  245  257  322  288  283  273
 [61]  283  313  309  293  298  298  355  345  360  430  434  496  502  489  489
 [76]  513  556  585  574  616  623  678  705  710  710  707  773  759  742  757
 [91]  767  787  879  898  869  903 1011  987 1004 1011 1141 1247 1264 1312 1310
[106] 1371 1453 1486 1552 1667 1647 1747 1772 1896 1940 2034 2119 2252 2323 2422
[121] 2548

[[97]]
  [1]  10  30  31  20  16  22  27  29  22  20  20  22  35  36  36  38  30  32
 [19]  43  42  51  40  41  51  47  46  56  75  55  52  51  57  60  54  57  64
 [37]  54  57  48  82  91 103  97 111 102  91 110 112 117 108 115 115 108 110
 [55] 116 126 122 140 135 136 156 156 155 141 144 138 185 184 187 158 169 176
 [73] 174 174 169 169 190 183 164 182 176 186 196 244 240 250 265 289 267 256
 [91] 281 295 324 322 351 360 336 363 382 390 406 438 489 503 490 475 496 551
[109] 549 583 559 608 627 686 695 702 728 755 809 819 827

[[98]]
  [1]   10   33   31   26   21   21   18   16   12   15   26   29   25   20   14
 [16]   32   16   13   22   15   22   24   19   20   23   32   38   44   41   41
 [31]   27   36   46   38   38   36   46   42   42   52   54   58   52   54   59
 [46]   78   79   73   73   85   83   81   81   86   92  102   97  105   96   94
 [61]   98  105  126   97  108  118  131  135  125  152  147  167  153  163  163
 [76]  140  147  146  145  144  142  120  155  163  180  186  173  174  208  197
 [91]  213  241  228  243  296  326  353  338  375  424  451  434  496  509  533
[106]  566  646  668  657  680  679  714  695  788  847  819  854  914 1028 1025
[121] 1052

[[99]]
  [1]   10   40   23   16   11   12   12   17   12    9   12   14   11   10   21
 [16]   25   26   34   30   39   35   44   42   46   48   56   87   81   61   80
 [31]   75   73   99   88   88   93  101   96  103  137  122  119  128  128  109
 [46]  101  114  120  153  169  141  133  132  142  214  252  254  235  203  206
 [61]  202  230  246  230  271  270  284  315  349  314  308  359  393  389  424
 [76]  445  441  424  439  516  539  538  542  512  569  585  638  707  705  747
 [91]  791  825  840  870  896  927  950  971  967 1017 1050 1129 1165 1208 1292
[106] 1379 1453 1422 1471 1503 1590 1728 1826 1927 2014 2100 2072 2145 2257 2427
[121] 2504

[[100]]
  [1]   10   29   25   17   14   13   18   21   28   39   22   19   20   29   37
 [16]   33   39   31   26   22   31   26   27   36   41   35   37   39   41   32
 [31]   31   29   38   42   28   25   24   23   23   37   45   62   49   41   42
 [46]   59   58   74   71   56   81   87  114  106  105  121  110  109  118  111
 [61]  127  133  132  157  169  182  219  233  243  231  230  280  277  284  308
 [76]  309  316  336  389  413  466  457  490  552  543  581  576  600  628  664
 [91]  699  743  727  807  784  845  853  947 1008 1061 1045 1049 1184 1272 1291
[106] 1250 1295 1376 1468 1593 1658 1711 1818 1842 1920 1970 2015 2151 2185 2358
[121] 2306

[[101]]
  [1]  10  34  21  12  11   9  10  17  22  24  21  17  19  17  24  15  16  17
 [19]  13  21  22  17  13  17  16  13  16  19  25  24  19  21  23  20  27  36
 [37]  28  21  25  26  25  32  32  23  35  26  27  31  44  44  36  36  40  58
 [55]  58  45  34  32  37  42  50  45  45  37  32  41  39  43  35  39  47  40
 [73]  51  61  56  69  76  82  77  64  70  76  92 102  90  82  92  95  83  79
 [91]  81  99  96  96 103 112 117 136 119 116 114 147 136 142 178 165 149 171
[109] 200 222 226 240 218 206 241 226 217 225 232 249 261

[[102]]
  [1] 10 32 30 15 11 11 15 12 16 15 21 22 20 16 18 21 19 17 20 26 24 21 27 25 18
 [26] 27 16 13 17 20 20 16 19 13 14 16 12 11  9  9  8  8  6 16 13 10  8  9 10  8
 [51]  8  7  6  5  4 14 10  7  6  5 12 18 11  9  7  4  5  4  6  6  4  4 14  8  5
 [76]  4  4 12  7  5  2  1  4  9 14  6  4  4  4  8 13  9  8  7  5  5  5  3  3  5
[101]  1  1  1  1  1  0  0  0  0  0  0  0  0  0  0  0  0  0  0  0  0

[[103]]
  [1]  10  40  34  24  20  28  27  20  23  22  18  23  19  19  16  18  18  28
 [19]  21  22  23  33  40  30  35  29  34  31  31  29  22  26  31  24  18  16
 [37]  14  16  13   9   9  15  14  16  13  15  11  17  10   8   7  14  10  25
 [55]  22  14  12  12  31  23  19  14  16  11  10  10  13  18  24  17  22  18
 [73]  17  26  25  20  21  20  19  31  31  38  35  36  47  49  39  40  37  48
 [91]  55  49  51  43  39  48  53  44  40  42  53  56  61  62  76  78  74  70
[109]  81  91  86  93  95 117 123 127 140 151 152 156 143

[[104]]
  [1]   10   24   41   39   31   31   36   48   57   53   53   57   54   42   41
 [16]   44   49   57   47   67   54   42   54   56   64   62   83   64   74   93
 [31]   77   80   84  104  111  105  131  127  118  142  158  150  180  195  192
 [46]  188  178  199  220  223  204  201  233  271  303  284  280  277  293  329
 [61]  316  317  313  290  335  320  343  343  350  371  347  389  375  420  427
 [76]  463  456  463  463  445  497  457  455  468  422  489  491  515  557  592
 [91]  596  677  669  658  649  656  729  728  752  814  838  811  836  801  889
[106]  965 1038 1076 1155 1077 1116 1237 1284 1338 1343 1412 1398 1464 1546 1580
[121] 1672

[[105]]
  [1]   10   38   32   33   30   23   23   23   34   36   29   23   37   55   39
 [16]   52   41   47   41   65   60   50   62   60   50   40   59   69   60   65
 [31]   60   77   87   98   95   78   88   83  124  154  157  160  136  154  167
 [46]  161  154  190  178  175  180  196  189  213  229  202  214  242  262  244
 [61]  229  250  265  251  274  309  275  343  300  307  340  368  386  421  453
 [76]  466  480  475  468  511  507  534  531  601  609  639  619  634  634  654
 [91]  674  664  737  715  772  868  967 1059 1100 1028 1103 1171 1264 1285 1309
[106] 1417 1376 1345 1520 1656 1706 1699 1771 1836 2007 2166 2117 2195 2177 2347
[121] 2380

[[106]]
  [1]   10   51   48   40   39   39   37   44   62   57   67   66   72   79   95
 [16]  123  120  122  145  147  160  167  162  166  157  146  180  156  184  176
 [31]  205  196  193  192  260  308  296  308  298  293  342  413  375  390  375
 [46]  437  418  508  502  527  536  587  591  617  681  725  770  837  887  857
 [61]  867  855  892  953  978  977 1010 1050 1139 1126 1120 1191 1180 1243 1272
 [76] 1412 1387 1394 1504 1576 1613 1613 1713 1830 1836 1905 2055 2164 2337 2313
 [91] 2423 2413 2424 2477 2719 2896 3063 3209 3232 3370 3567 3595 3771 3957 4146
[106] 4156 4309 4515 4738 4773 4955 5169 5375 5614 5958 6208 6347 6565 6835 7279
[121] 7557

[[107]]
  [1]   10   32   37   31   22   17   16   25   39   38   42   37   30   35   44
 [16]   54   61   53   56   55   77   72   56   61   56   63   72   62   59   54
 [31]   59   47   51   70   84   62   60   55   54   46   80   58   57   50   53
 [46]   74   78   81   73   90   98  103  101   86  100  129  121  116  130  134
 [61]  128  124  130  141  127  159  171  176  164  178  162  175  211  243  246
 [76]  229  278  260  261  299  291  280  331  360  320  352  334  345  399  387
 [91]  374  407  424  472  459  474  477  448  467  483  508  557  554  551  565
[106]  596  602  608  692  741  821  739  763  824  848  940 1009 1038 1101 1140
[121] 1205

[[108]]
  [1]  10  19  18  14  11  14  16  10   6   5   5   7   6   4  10  10   6   8
 [19]   5   5   4   9   9  11   4   4   3   3   2  10  11   9   9  11   8  12
 [37]  11  11   9  14  10  16  20  31  34  32  27  34  48  42  39  32  29  39
 [55]  38  43  44  50  48  57  42  44  58  69  61  55  56  46  48  60  61  49
 [73]  63  63  63  77  79  84  94  82  72  88  92  92  93  95  96  93 113 124
 [91] 147 145 139 156 156 160 177 182 184 188 205 175 208 227 227 240 263 257
[109] 308 322 317 301 264 332 361 390 403 377 410 370 442

[[109]]
  [1]  10  23  13  10   9   7  10  21  10  15  13  16  12   9  12  15  17  12
 [19]  12   9  15   8  11   5   3   2   2   2   5   5   5   5   8   7   5   4
 [37]   4   8  10  12  15  14  23  20  21  29  27  32  36  36  40  42  38  40
 [55]  53  64  59  86  77  64  63  70  94 111 101 109 129 118 128 128 113 144
 [73] 162 149 167 155 172 171 211 191 225 234 225 228 247 316 334 332 352 372
 [91] 388 392 372 387 419 437 432 456 430 456 507 508 555 587 600 638 642 684
[109] 670 695 715 768 752 800 828 802 825 801 872 928 995

[[110]]
  [1]   10   31   25   23   26   24   26   22   17   23   25   19   17   22   14
 [16]   21   25   35   38   35   37   39   31   33   47   52   57   52   63   73
 [31]   87   94   81   89   80   99  121  112  103  106  113  135  150  154  148
 [46]  135  153  150  161  197  177  185  194  182  210  255  273  280  257  254
 [61]  279  270  311  310  320  359  355  352  326  362  367  386  437  450  465
 [76]  471  517  541  529  581  614  666  693  724  770  836  863  909  956  935
 [91]  946  977  997 1134 1114 1123 1174 1275 1349 1458 1463 1498 1517 1632 1696
[106] 1796 1869 1940 1881 2007 2130 2338 2408 2424 2530 2598 2772 2993 2973 3134
[121] 3341

[[111]]
  [1]   10   25   16   14   12   11   24   21   23   18   21   25   18   16   29
 [16]   21   17   13   10   26   27   20   25   19   17   32   37   34   32   38
 [31]   34   46   40   53   45   59   59   53   64   89   73   68   72   81   98
 [46]   71   82   86  105  104  110  117  111  122  123  125  116  127  132  130
 [61]  146  128  124  142  136  158  153  163  152  175  186  167  182  182  194
 [76]  183  262  235  233  292  264  275  286  330  359  349  356  370  372  395
 [91]  396  420  435  440  448  468  491  538  589  563  552  638  664  712  687
[106]  722  724  808  815  816  883  904  922  971  998 1039 1094 1145 1194 1127
[121] 1158

[[112]]
  [1]  10  44  33  40  24  22  32  37  34  34  40  32  38  34  32  34  45  49
 [19]  58  59  70  57  58  55  52  63  79  85  85  73  61  64  62  71  81  97
 [37]  82  78  81  93  84  82  95 100 108 112 105 118 121 118 122 137 130 153
 [55] 157 156 152 140 131 125 132 156 162 167 164 166 181 166 153 174 211 195
 [73] 185 178 163 173 191 203 197 212 204 220 286 265 261 241 255 266 258 252
 [91] 285 282 319 319 307 323 302 296 316 378 387 403 435 430 459 495 514 497
[109] 504 572 628 687 669 694 703 774 782 820 926 911 883

[[113]]
  [1] 10 17 21 17 15 12  7  7  7  6  5  5 14 14 15 15 15 14 13 15 13  9 10  7  9
 [26]  7  7  6  5  9 12 15  9  6  3  9  4  3  2  2  2  2  1  0  0  0  0  0  0  0
 [51]  0  0  0  0  0  0  0  0  0  0  0  0  0  0  0  0  0  0  0  0  0  0  0  0  0
 [76]  0  0  0  0  0  0  0  0  0  0  0  0  0  0  0  0  0  0  0  0  0  0  0  0  0
[101]  0  0  0  0  0  0  0  0  0  0  0  0  0  0  0  0  0  0  0  0  0

[[114]]
  [1] 10 19 10  7  7  6  6 10  7  6  6  3  2  1  1  6  8  6  3  3  2  1  0  0  0
 [26]  0  0  0  0  0  0  0  0  0  0  0  0  0  0  0  0  0  0  0  0  0  0  0  0  0
 [51]  0  0  0  0  0  0  0  0  0  0  0  0  0  0  0  0  0  0  0  0  0  0  0  0  0
 [76]  0  0  0  0  0  0  0  0  0  0  0  0  0  0  0  0  0  0  0  0  0  0  0  0  0
[101]  0  0  0  0  0  0  0  0  0  0  0  0  0  0  0  0  0  0  0  0  0

[[115]]
  [1]  10   9  13  11   9   9   6   5   4  10  14  18  15  19  20  22  17  22
 [19]  15  17  14  15  31  24  24  31  23  19  15  16  41  45  33  32  34  37
 [37]  36  39  49  46  56  57  50  59  61  58  63  66  63  65  73  61  60  53
 [55]  49  58  63  68  71  56  52  85  87  78  85  84  76  91  72  63  87 105
 [73]  86  69  78  80 102 135 143 123 119 111 125 151 164 171 175 222 190 166
 [91] 168 167 178 191 219 192 199 254 243 270 281 305 306 267 322 352 322 355
[109] 315 331 339 346 406 432 392 410 411 446 440 438 458

[[116]]
  [1]  10  35  38  26  18  15  19  16  10  26  19  17  23  25  27  30  30  36
 [19]  42  40  44  43  32  42  55  61  65  74  71  50  52  59  57  56  65  51
 [37]  65  86  89  70  66  73  88 102 113  88  88  95  95 124 110 113 106  96
 [55] 127 132 126 138 122 125 119 128 138 162 150 132 137 128 148 170 176 183
 [73] 185 197 196 206 202 204 205 214 214 226 223 246 248 245 247 216 241 275
 [91] 265 297 299 296 271 267 324 381 393 373 390 383 429 481 533 492 551 557
[109] 592 644 616 615 683 740 768 767 789 855 819 851 893

[[117]]
  [1]   10   34   37   26   21   26   23   25   32   31   29   33   44   40   37
 [16]   36   45   46   42   39   50   49   41   38   54   52   45   48   49   44
 [31]   51   47   58   69   67   56   64   57   59   73   74   76   90   79   84
 [46]   78   83   89  112  107   99  109  120  113  136  143  138  140  152  142
 [61]  147  158  153  153  154  191  189  237  250  275  267  286  289  306  318
 [76]  332  362  355  375  418  435  448  449  444  498  495  486  505  522  564
 [91]  591  542  550  589  623  685  704  782  864  873  854  956  902  928 1038
[106] 1037 1063 1136 1108 1169 1324 1404 1439 1457 1437 1500 1530 1600 1662 1738
[121] 1858

[[118]]
  [1]  10  23  12   8   6   9  14  12  17  19  10  15  13  11  10  13   8  14
 [19]  23  25  21  15  13  23  23  23  24  28  21  13  12  16  16  24  21  14
 [37]  14  12  14   9   8  12  24  19  22  14  12  14  10  14  11  11  16  14
 [55]  17  12  16  25  25  22  16  15  34  39  34  35  26  27  32  54  61  75
 [73]  73  85  86  71  81  78 106 121 117 118 114 129 109 115 125 134 133 130
 [91] 125 142 183 198 215 201 214 215 246 231 255 249 263 288 321 362 330 345
[109] 390 363 373 391 387 402 418 454 461 462 442 472 523

[[119]]
  [1]  10  32  22  20  15  14  22  30  32  26  20  31  38  32  32  31  27  46
 [19]  44  48  35  29  39  33  32  34  30  35  45  39  34  30  35  38  36  35
 [37]  49  47  53  54  58  56  63  63  68  64  58  63  60  56  55  39  49  60
 [55]  74  70  84  71  58  50  66  91 110  97  86 100  97 120 109  98 127 139
 [73] 146 146 169 174 221 189 192 179 152 170 196 198 205 223 242 215 221 225
 [91] 236 237 235 268 276 280 312 304 320 318 326 322 368 342 400 394 401 417
[109] 442 422 447 423 464 490 520 526 544 560 561 639 688

[[120]]
  [1]   10   28   12   13   14   13   11   16   18   24   19   16   17   27   39
 [16]   44   44   41   52   53   58   75   65   76   80   86   92   97  103  100
 [31]  133  114  103   83   85   90   78  105  121  134  133  128  147  164  192
 [46]  171  162  150  182  202  184  196  211  243  213  229  245  284  288  284
 [61]  281  280  298  330  324  351  374  390  412  455  446  477  494  554  599
 [76]  598  585  602  668  710  763  758  805  852  856  870  936 1042 1043 1123
 [91] 1167 1131 1142 1179 1248 1261 1344 1444 1471 1441 1525 1554 1596 1837 1753
[106] 1853 1927 2056 2080 2119 2238 2240 2346 2335 2473 2588 2820 2898 2941 3009
[121] 3219

[[121]]
  [1]  10  30  29  25  14  16  24  23  16  11  10  15  22  20  16  11  29  32
 [19]  30  27  26  36  34  61  49  33  45  44  43  37  40  51  47  42  47  43
 [37]  35  32  29  23  26  28  42  31  33  42  55  48  45  54  44  36  35  38
 [55]  43  51  57  58  40  46  43  62  61  72  70  67  86  99  97  96 112 109
 [73] 117  81 108  82  93 100 106 127 123 129 147 144 168 201 210 194 187 200
 [91] 204 201 203 233 263 242 273 247 256 304 330 300 280 308 327 324 347 364
[109] 376 398 462 501 457 482 512 512 521 524 587 597 659

[[122]]
  [1]   10   45   48   40   39   55   55   60   69   51   54   62   68   58   57
 [16]   69   70   74   64   68   74   89  110  116  130  119   94  107  102  111
 [31]  111  155  133  134  148  147  154  146  163  192  196  196  218  205  189
 [46]  210  203  235  252  249  258  277  275  265  308  318  346  353  358  414
 [61]  421  451  508  516  515  511  563  491  539  578  610  628  619  671  683
 [76]  713  707  754  808  828  815  839  868  918  958  860  936  989 1126 1191
 [91] 1211 1291 1281 1363 1374 1462 1555 1535 1558 1480 1581 1585 1661 1735 1727
[106] 1858 1969 2105 2157 2209 2378 2476 2559 2617 2701 2819 2923 3043 3168 3320
[121] 3404

[[123]]
  [1]   10   27   29   28   28   25   28   22   30   41   26   27   30   43   63
 [16]   44   41   31   28   31   23   28   27   41   35   33   34   30   56   42
 [31]   42   32   47   45   45   63   55   50   53   50   79   79   78   73   82
 [46]  123  114   88   88   87   90   71   79   76   87   82   79  104  101  112
 [61]  113  108  120  130  111  129  112  123  124  160  175  167  156  150  168
 [76]  186  187  184  197  195  222  214  235  246  243  270  287  283  273  268
 [91]  293  302  288  304  337  347  370  362  368  363  370  381  437  446  486
[106]  493  503  571  635  690  648  686  787  830  844  878  866  970 1016  993
[121] 1022

[[124]]
  [1]  10  32  36  32  22  17  31  20  20  19  11  19  17  13  22  19  18  23
 [19]  18  19  24  31  26  25  23  31  20  18  17  15  16  19  22  26  32  32
 [37]  35  41  33  34  31  54  44  35  35  35  50  61  70  54  55  42  51  46
 [55]  39  57  65  63  60  59  53  72  80  74  56  64  74  78  87 107 100  94
 [73]  90  86 100 117 115 104 124 115 135 126 133 124 130 149 172 157 165 155
 [91] 213 201 204 202 219 211 189 192 225 187 209 220 256 239 271 280 244 268
[109] 305 305 347 350 350 358 392 376 400 462 487 490 513

[[125]]
  [1]   10   26   25   30   24   27   38   35   25   29   36   38   36   33   40
 [16]   39   31   24   21   33   29   37   29   32   41   34   51   63   57   60
 [31]   63   71   67   71   72   80   71   74  111  119  101  115  121  114  111
 [46]  106  118  117  120  118  132  140  198  212  205  218  187  204  211  237
 [61]  229  256  253  259  290  271  243  272  290  289  290  310  301  330  315
 [76]  352  370  379  413  402  414  463  434  511  526  568  586  613  675  695
 [91]  753  745  807  813  813  847  863  999  979 1028 1132 1133 1207 1323 1264
[106] 1392 1460 1447 1441 1461 1533 1600 1665 1735 1781 1837 1883 1937 2038 2152
[121] 2163

[[126]]
  [1]   10   23   18   13   12   11    8    6   11   13    9    6    5   11   11
 [16]   11    8    8   24   23   24   19   28   30   29   26   38   44   30   38
 [31]   41   38   49   45   64   60   53   56   69   72  100  101   91   74   84
 [46]   77   87   79  111  124  112  114  129  149  132  136  132  165  176  166
 [61]  186  231  246  255  256  254  290  293  297  317  347  300  321  313  305
 [76]  337  354  401  396  360  376  400  457  451  444  478  477  522  494  523
 [91]  575  592  649  591  637  630  621  628  661  682  701  742  794  896  916
[106]  982 1075 1135 1176 1193 1259 1330 1348 1388 1476 1508 1578 1634 1708 1783
[121] 1935

[[127]]
  [1]   10   33   21   14   14   12   16   20   28   25   20   17   25   25   29
 [16]   29   29   39   42   42   46   54   66   57   59   60   63   69   76   77
 [31]   82   66   75  103  110  120  110  110  106  123  140  124  110  115  125
 [46]  117  136  125  166  159  154  135  126  126  146  149  150  184  191  198
 [61]  197  223  227  251  254  256  275  253  302  330  316  316  348  398  374
 [76]  363  383  378  417  416  462  464  507  532  558  586  627  586  598  649
 [91]  726  778  734  740  837  868  853  844  902 1015 1050  998 1036 1157 1256
[106] 1292 1271 1344 1415 1527 1554 1693 1822 1870 1920 2038 1999 2110 2243 2333
[121] 2544

[[128]]
  [1]   10   18   26   35   30   31   25   22   21   60   60   47   63   56   42
 [16]   46   60   77   68   62   69   74   92   84   93   68   94   84   82   73
 [31]   81   85   79   92   82   92   95   99  101  106   99  109  109  104  110
 [46]  127  165  160  141  135  130  140  184  145  158  137  154  179  224  274
 [61]  277  295  321  320  353  413  408  468  437  408  478  504  528  543  601
 [76]  625  623  652  686  656  705  713  714  696  778  793  844  851  839  942
 [91]  966 1025 1080 1083 1108 1119 1144 1342 1380 1438 1478 1504 1576 1666 1744
[106] 1790 1919 1942 2068 2132 2151 2218 2287 2461 2558 2663 2761 2753 2833 3077
[121] 3209

[[129]]
  [1]   10   23   44   32   31   37   36   26   27   45   42   30   40   45   47
 [16]   48   53   47   45   46   44   37   46   51   41   45   53   58   97   76
 [31]   78   75  102   96  110  113  106  138  131  128  139  154  147  153  161
 [46]  173  158  148  149  180  188  167  138  150  165  170  187  185  180  211
 [61]  199  243  245  240  290  262  285  273  290  289  289  331  328  354  358
 [76]  389  398  412  421  461  442  498  514  562  561  604  662  682  712  682
 [91]  733  799  833  794  820  818  850  891  995 1043 1141 1097 1133 1147 1206
[106] 1290 1343 1344 1373 1533 1526 1610 1712 1786 1876 1900 1947 2062 2126 2166
[121] 2284

[[130]]
  [1]   10   38   43   33   27   34   28   45   48   44   48   53   57   58   77
 [16]   87   75   76   65   90   83   87   93   74   93  112  123  103  118  115
 [31]  130  145  149  137  173  165  162  154  205  223  225  222  218  240  247
 [46]  251  250  277  284  316  304  286  298  334  373  410  395  361  351  377
 [61]  409  431  443  454  492  514  512  543  538  591  638  587  696  704  716
 [76]  672  669  754  861  909  940  935  915  939 1027 1170 1156 1145 1147 1241
 [91] 1326 1359 1432 1532 1649 1694 1831 1825 1950 2009 2096 2257 2243 2293 2387
[106] 2474 2616 2679 2852 3021 3033 3226 3209 3344 3453 3566 3720 3879 3924 4079
[121] 4273

[[131]]
  [1]   10   34   26   22   19   19   19   22   22   33   20   28   24   34   28
 [16]   36   36   41   43   39   63   53   52   49   51   49   69   83   95  110
 [31]  108   99   91   89  137  138  127  122  125  149  184  172  192  186  168
 [46]  160  184  180  199  192  187  196  213  201  236  220  248  239  255  274
 [61]  292  293  325  339  343  344  344  342  366  411  374  393  426  443  518
 [76]  550  569  586  593  572  547  557  594  622  665  721  730  712  742  765
 [91]  813  832  799  865  907  995 1087 1207 1187 1232 1292 1351 1350 1311 1430
[106] 1532 1618 1609 1644 1670 1723 1769 1880 1977 1993 2087 2102 2191 2186 2280
[121] 2356

[[132]]
  [1]   10   29   26   28   20   19   14   32   29   35   42   40   38   29   30
 [16]   40   41   39   35   44   44   47   52   51   43   46   54   51   46   45
 [31]   43   56   71   62   77   59   68   73   74   92   92   80   96  105   92
 [46]  113  107  132  141  171  175  188  222  219  250  256  234  248  227  265
 [61]  272  257  253  274  286  314  291  297  306  327  350  406  393  394  401
 [76]  385  386  409  384  433  432  461  503  557  512  546  547  524  567  624
 [91]  650  630  686  784  802  823  926  905  929  904  916  997 1055 1148 1202
[106] 1241 1256 1286 1381 1472 1460 1516 1581 1604 1595 1760 1900 1969 1959 1983
[121] 2115

[[133]]
  [1]   10   39   35   25   23   18   15   26   26   24   22   23   22   28   30
 [16]   25   29   23   25   37   39   34   33   40   46   56   39   41   33   40
 [31]   35   41   43   29   37   54   61   67   76   80   59   64   77   68   70
 [46]   87   99   96   82   80   74  101  115  110  127  146  143  146  143  127
 [61]  124  135  148  149  151  139  143  174  178  197  213  243  230  245  245
 [76]  256  281  280  342  368  400  408  425  473  460  462  510  531  586  574
 [91]  537  550  626  669  679  744  723  733  773  800  802  871  961 1033 1041
[106] 1107 1182 1189 1309 1322 1450 1455 1609 1543 1575 1643 1722 1827 1981 2025
[121] 2131

[[134]]
  [1]  10  35  27  20  14  20  24  21  17  20  27  23  21  17  15  25  22  21
 [19]  20  21  21  30  25  20  31  21  15  15  21  19  16  16  12  15  12   8
 [37]  13  11  13  17  23  26  26  18  20  18  27  32  30  36  27  32  30  49
 [55]  42  33  25  32  31  37  26  19  21  16  10  15  20  12   9   8   8   6
 [73]  12  10   8   8  13   7  12   9  10  17  25  26  29  44  50  47  43  53
 [91]  53  46  49  39  47  46  41  46  56  60  47  57  59  42  45  44  39  47
[109]  49  48  53  55  76  79  57  65  64  93  98 119 109

[[135]]
  [1]  10  22  21  23  22  19  22  23  19  22  17  34  19  27  20  15  19  24
 [19]  16  13   9   8  13  10   9   8  16  22  21  25  25  17  25  47  36  40
 [37]  39  37  44  30  29  36  29  33  36  40  39  41  48  39  40  36  44  42
 [55]  44  28  38  35  33  40  22  21  25  32  34  23  25  23  61  63  56  46
 [73]  43  51  51  47  51  46  46  55  48  50  61  53  53  53  53  62  48  71
 [91]  65  68  74  59  54  66  52  54  59  60  78  63  60  74  63  66  59  50
[109]  57  63  73  74  72 110 108 101  83 102 107 107 102

[[136]]
  [1]   10   26   30   24   18   15   18   15   34   36   31   31   30   27   30
 [16]   42   41   38   42   48   39   36   51   34   53   42   45   35   41   59
 [31]   54   53   54   55   61   61   62   74   80   97  106  112  119  126  130
 [46]  133  154  191  185  217  228  243  236  253  229  292  287  284  302  323
 [61]  337  366  364  411  375  384  431  453  470  485  498  491  540  524  539
 [76]  583  560  670  678  733  716  677  724  796  800  785  796  893  944  991
 [91]  998 1079 1142 1197 1222 1166 1255 1238 1371 1371 1468 1586 1688 1745 1798
[106] 1891 2047 2128 2278 2359 2517 2650 2752 2802 2863 3001 3106 3095 3245 3392
[121] 3550

[[137]]
  [1]   10   39   38   34   27   32   41   33   39   44   51   46   35   40   48
 [16]   59   54   53   61   59   67   51   54   81   82   84   93  102  107  104
 [31]  110  139  165  168  164  144  146  160  159  204  187  223  212  221  282
 [46]  251  261  267  253  266  278  355  362  402  404  381  403  417  421  437
 [61]  419  514  510  558  565  553  591  595  566  606  671  652  697  773  833
 [76]  835  833  896  926  936 1043 1003 1055 1077 1096 1117 1134 1270 1330 1369
 [91] 1423 1458 1568 1637 1796 1868 1859 2015 2090 2131 2225 2388 2429 2555 2611
[106] 2765 2843 3064 3209 3366 3380 3506 3651 3825 4022 4104 4290 4498 4619 4813
[121] 4930

[[138]]
  [1]  10  23  29  21  15  18  26  23  23  21  18  16  28  24  29  39  47  43
 [19]  41  41  56  59  42  32  49  68  46  40  58  43  38  40  28  23  22  21
 [37]  20  23  30  33  36  45  32  35  52  41  43  49  46  39  44  40  44  56
 [55]  63  53  59  59  75  88  85  79  76  74  79 111  97  82  91 109 132 113
 [73] 121  99 103 136 127 141 148 124 116 122 179 159 164 159 155 186 175 194
 [91] 172 200 222 210 232 271 255 251 292 298 356 393 386 385 381 404 398 458
[109] 460 501 514 542 550 521 608 711 696 688 672 702 755

[[139]]
  [1]  10  40  24  17  15  19  18  22  17  14  12  15  32  30  35  32  36  44
 [19]  48  51  60  51  49  53  40  51  52  51  37  33  32  44  53  43  43  44
 [37]  40  33  29  38  33  27  32  37  47  40  30  35  46  43  41  41  36  45
 [55]  63  72  67  64  70  62  61  79  61  68  58  64  86  89  92  94  87 105
 [73] 124 105 121 107 132 122 143 141 149 155 155 157 205 246 225 232 262 299
 [91] 304 282 326 376 402 392 379 363 379 395 443 404 442 437 456 449 484 480
[109] 522 559 581 618 632 600 611 662 676 714 745 754 800

[[140]]
  [1]   10   32   25   19   20   26   18   19   18   29   22   30   28   23   38
 [16]   27   19   21   19   21   26   22   26   28   32   23   24   22   21   15
 [31]   22   26   29   25   30   36   40   29   28   24   39   64   54   56   44
 [46]   51   50   78   67   70   63   62   69   83   84   90   87   81   88   74
 [61]  107   99   94  116  127  111   96  129  133  138  156  176  183  206  206
 [76]  259  267  225  237  248  249  251  262  268  321  378  389  358  429  438
 [91]  446  454  450  530  540  544  586  603  648  641  625  649  664  722  657
[106]  668  691  739  730  787  843  873  836  939  961  957  969 1008  994 1009
[121] 1017

[[141]]
  [1]   10   11    6    8    5    5    5   12   24   29   25   22   17   22   18
 [16]   16   17   16   23   28   40   33   41   57   47   42   37   46   41   49
 [31]   50   65   63   59   75   76   77   67   86   94  111   86   92  107  115
 [46]  118  125  133  141  119  136  158  172  163  166  202  222  210  219  215
 [61]  242  262  252  277  269  288  278  346  358  355  332  368  422  427  445
 [76]  445  501  501  528  622  621  628  639  704  737  751  825  837  806  873
 [91] 1006 1066 1065 1094 1146 1220 1331 1354 1481 1491 1511 1584 1677 1674 1790
[106] 1885 2068 2139 2197 2255 2388 2463 2529 2624 2793 2849 2973 3010 3046 3208
[121] 3688

[[142]]
  [1]  10  25  28  20  18  15  22  19  19  22  18  18  17  13  18  21  22  24
 [19]  24  22  27  25  31  35  33  33  31  32  31  29  32  25  31  39  30  28
 [37]  31  32  27  28  37  32  33  36  49  54  49  56  65  63  57  55  69  81
 [55] 112  81  81  75  93 120 105 106 105 158 151 151 137 132 146 165 176 183
 [73] 175 195 203 205 210 220 238 230 257 263 254 267 328 320 325 283 289 309
 [91] 332 296 318 364 372 353 363 337 362 378 403 373 483 436 420 455 492 509
[109] 489 530 520 581 605 600 570 602 606 666 680 684 687

[[143]]
  [1]   10   26   24   26   21   25   40   45   42   46   41   50   49   58   62
 [16]   79   64   55   42   51   48   54   56   49   66   58   60   74   62   64
 [31]   82   64   64   84   91  104   95   91   78   88   92  106  113  132  124
 [46]  116  122  133  142  145  156  161  163  161  165  177  218  185  183  171
 [61]  197  182  212  228  232  239  257  258  290  327  321  343  348  355  408
 [76]  401  386  427  432  480  495  525  524  571  594  641  665  676  698  688
 [91]  724  743  725  725  766  824  858  885  885  903  954 1019 1054 1124 1203
[106] 1220 1247 1319 1288 1301 1265 1299 1387 1547 1608 1637 1706 1719 1808 1834
[121] 2064

[[144]]
  [1]  10  33  33  32  32  27  24  29  40  38  33  27  26  25  27  24  27  39
 [19]  29  28  27  22  24  29  41  33  24  27  34  47  37  46  37  38  44  39
 [37]  35  36  34  36  44  45  28  28  29  35  47  59  43  53  40  64  52  71
 [55]  69  71  73  86  86 106 120  92  93  91 103 121 106 103 103  91 102 132
 [73] 138 147 121 117 119 132 154 146 174 179 160 157 171 211 209 213 232 230
 [91] 252 225 283 283 292 261 266 267 333 353 342 345 352 364 409 411 425 465
[109] 520 508 539 605 630 633 648 661 737 828 803 812 846

[[145]]
  [1]   10   39   45   30   26   25   30   25   28   32   31   24   30   30   22
 [16]   19   22   30   37   49   41   45   57   41   41   40   50   61   68   65
 [31]   58   88   94  103  115  138  139  123  162  167  180  158  178  190  233
 [46]  253  228  236  242  262  336  351  321  325  341  391  428  430  493  539
 [61]  570  513  609  641  677  726  749  736  744  779  791  845  889  917  898
 [76] 1041 1063 1086 1110 1211 1288 1305 1325 1461 1480 1594 1666 1771 1810 1861
 [91] 1918 1958 2090 2156 2245 2335 2422 2456 2513 2651 2850 2792 2861 2932 3150
[106] 3370 3378 3536 3522 3595 3848 3995 4203 4396 4589 4640 4904 5049 5257 5485
[121] 5731

[[146]]
  [1]   10   36   28   27   23   21   19   21   35   28   22   18   19   33   41
 [16]   29   24   33   34   30   23   26   40   33   40   40   44   38   52   49
 [31]   53   45   46   53   73   74   82   64   88   75   68   73   85  105   96
 [46]   94   81   97   97  108   98   96  109  117  140  135  158  169  165  153
 [61]  151  152  162  218  192  201  216  210  196  218  237  254  286  316  313
 [76]  329  342  367  344  325  378  375  400  411  417  413  427  449  507  522
 [91]  525  506  554  613  598  651  736  764  767  780  860  870  859  857  853
[106]  911  949 1028 1081 1130 1180 1198 1232 1199 1331 1406 1523 1590 1597 1673
[121] 1764

[[147]]
  [1]   10   29   24   22   19   21   18   24   29   16   19   21   17   12   13
 [16]   14    9    6    8   17   17   17   12   15   13   12   14   21   16   14
 [31]   19   28   28   23   19   27   30   31   40   38   44   41   45   52   55
 [46]   56   64   70   70   70   77   67   66   84   86  100  102  115  112  130
 [61]  144  157  171  176  187  183  181  175  192  191  198  193  189  203  218
 [76]  237  206  246  228  232  212  261  272  291  275  240  283  304  316  336
 [91]  357  363  407  415  394  425  466  491  577  553  584  612  701  728  728
[106]  746  814  852  812  854  913  873  934  984 1060 1085 1082 1138 1175 1266
[121] 1308

[[148]]
  [1]   10   44   36   22   24   22   20   23   17   34   46   36   33   26   28
 [16]   42   42   33   33   25   30   43   46   46   38   33   49   50   42   37
 [31]   45   47   47   53   54   47   57   82   98   97   98  103  113  104  121
 [46]  152  145  136  139  135  145  149  166  153  154  185  159  168  178  192
 [61]  193  234  223  206  207  196  228  257  251  273  298  309  319  361  355
 [76]  388  476  487  496  484  500  575  622  699  658  676  704  800  836  888
 [91]  910  953 1014 1016 1035 1164 1221 1278 1322 1302 1420 1497 1512 1572 1607
[106] 1686 1703 1773 1790 1849 1851 1961 2103 2194 2345 2503 2589 2630 2681 2839
[121] 3026

[[149]]
  [1] 10 28 28 21 20 23 23 18 18 15 16 10  7 13 17 12 10  9 12 18 14 15 13 12  9
 [26]  7  6  4  8  5  2  0  0  0  0  0  0  0  0  0  0  0  0  0  0  0  0  0  0  0
 [51]  0  0  0  0  0  0  0  0  0  0  0  0  0  0  0  0  0  0  0  0  0  0  0  0  0
 [76]  0  0  0  0  0  0  0  0  0  0  0  0  0  0  0  0  0  0  0  0  0  0  0  0  0
[101]  0  0  0  0  0  0  0  0  0  0  0  0  0  0  0  0  0  0  0  0  0

[[150]]
  [1]  10  35  38  29  18  16  14  21  25  19  24  30  33  40  31  50  48  42
 [19]  48  38  38  35  39  37  60  41  41  51  51  50  38  34  38  33  42  42
 [37]  39  37  43  56  57  61  50  36  57  60  65  63  54  68  82  67  64  64
 [55]  78  84  76  69  64  71  57  57 114 111 131  98 116 113 123 162 166 156
 [73] 150 166 180 187 192 200 220 220 204 218 224 221 264 245 229 251 278 295
 [91] 273 261 300 302 313 324 346 315 340 312 353 371 381 397 460 465 472 440
[109] 451 490 549 557 581 612 660 658 660 694 742 765 786

> save(reslist, file=paste("output",iter,".rda",sep=""))
> 
> 
> ###############################################################
> 
> 
> # Clear the workspace and turn off graphics.
> #  Load all the functions you need by sourcing the provided demographic.R file
> #  Read in the job number from the cluster. To do this, your code should include a new
> # variable iter and should start with the line:
> # iter <- as.numeric(Sys.getenv(PBS_ARRAY_INDEX))
> #  Control the random number seeds so that each parallel simulation takes place with a
> # different seed. Your function should therefore set the random number seed as iter so that
> # each parallel simulation has a unique random seed.
> #  In each parallel run, select the initial condition to be used. Ensure that 25 of the parallel
> # simulations are allocated to each of the initial conditions.
> #  Create a variable which is the filename to store your results. The end of the filename
> # should be the number iter to ensure that simulation files do not overwrite one another on
> # the cluster.
> #  Initialise a list which will contain the results of your 150 simulations.
> #  Call the stochastic_simulation function to do the appropriate simulation 150 times,
> # appending the output to the results list, and then save the results list.
> 
> #four initial conditions (25 cluster runs per)
> #each cluster run runs simulation 150 times
> #1) large population of 100 adults
> #2) small population of 10 adults
> #3) 100 individuals spread
> #4) small population of 10 individuals
> 
R has finished running

============================================

        Job resource usage summary 

                 Memory (GB)    NCPUs
 Requested  :         1             1
 Used       :         0 (peak)   0.71 (ave)

============================================
