R is about to run

R version 4.4.1 (2024-06-14) -- "Race for Your Life"
Copyright (C) 2024 The R Foundation for Statistical Computing
Platform: x86_64-conda-linux-gnu

R is free software and comes with ABSOLUTELY NO WARRANTY.
You are welcome to redistribute it under certain conditions.
Type 'license()' or 'licence()' for distribution details.

R is a collaborative project with many contributors.
Type 'contributors()' for more information and
'citation()' on how to cite R or R packages in publications.

Type 'demo()' for some demos, 'help()' for on-line help, or
'help.start()' for an HTML browser interface to help.
Type 'q()' to quit R.

> 
> 
> growth_matrix <- matrix(c(0.1, 0.0, 0.0, 0.0,
+ 0.5, 0.4, 0.0, 0.0,
+ 0.0, 0.4, 0.7, 0.0,
+ 0.0, 0.0, 0.25, 0.4),
+ nrow=4, ncol=4, byrow=T)
> 
> reproduction_matrix <- matrix(c(0.0, 0.0, 0.0, 2.6,
+ 0.0, 0.0, 0.0, 0.0,
+ 0.0, 0.0, 0.0, 0.0,
+ 0.0, 0.0, 0.0, 0.0),
+ nrow=4, ncol=4, byrow=T)
> 
> clutch_distribution <- c(0.06,0.08,0.13,0.15,0.16,0.18,0.15,0.06,0.03)
> 
> #=========================================================================================
> rm(list=ls())
> graphics.off()
> source("Demographic.R")
> source("kl2621_HPC_2024_main.R")
[1] 0 0 0 0 3
[1] 3 3 2 2 2
[1] 1 1
 [1] 7 5 5 4 4 3 2 2 2 2 2 2 2 1 1 1 1 1 1 1 1
> 
> 
> ###4 initial conditions
> 
> ############################################################
> 
> 
> 
> #VVVVVVVVVVVV-------------COMMENT ME OUT WHEN RUNNING THE THING
> #iter <- 5
> #VVVVVVVVVVV--------------UNCOMMENT ME OUT
> iter <- as.numeric(Sys.getenv("PBS_ARRAY_INDEX"))
> set.seed(iter)
> 
> 
> if (iter <= 25) {
+ initial_state <- state_initialise_adult(4,100) #100 adults
+ } else if (iter >25 && iter <= 50) {
+ initial_state <- state_initialise_adult(4,10) #10 adults
+ } else if (iter >50 && iter <= 75) {
+ initial_state <- state_initialise_spread(4,100) #100 spread
+ } else {
+ initial_state <- state_initialise_spread(4,10) #10 spread
+ }
> 
> reslist <- list()
> 
> ####100 cluster runs
> ###################################################
> ####150 runs of stochastic_simulation per cluster run
> for (i in 1:150) {
+     #################################
+     ###120 steps of stochastic_simulation per simulation
+     stochasticresult <- stochastic_simulation(initial_state,growth_matrix,reproduction_matrix,clutch_distribution,120)
+     reslist[[i]] <- stochasticresult
+     #################################
+ }
> ###################################################
> 
> print(reslist)
[[1]]
  [1]  10  13  10  10  14  21  19  13  12   9   8  14  18  12   8  11  10  11
 [19]  10   9   5  11   4  10  13  14  11  10   7  17  12  11   9   8  12  10
 [37]   7   5   5   9   7  21  14  17  16  20  19  27  33  23  21  24  31  54
 [55]  34  35  29  52  50  37  38  49  47  50  32  32  27  31  26  25  23  23
 [73]  28  17  17  18  22  15  31  41  40  32  39  39  55  40  50  52  60  59
 [91]  47  37  44  51  52  62  70  60  59  67  75  63  73  76  97 102 107 113
[109] 120 141 126 141 118 122 155 134 134 116 138 163 180

[[2]]
  [1] 10 11 17 13  8 13 15  8  5  4  3  4  3  3  2  0  0  0  0  0  0  0  0  0  0
 [26]  0  0  0  0  0  0  0  0  0  0  0  0  0  0  0  0  0  0  0  0  0  0  0  0  0
 [51]  0  0  0  0  0  0  0  0  0  0  0  0  0  0  0  0  0  0  0  0  0  0  0  0  0
 [76]  0  0  0  0  0  0  0  0  0  0  0  0  0  0  0  0  0  0  0  0  0  0  0  0  0
[101]  0  0  0  0  0  0  0  0  0  0  0  0  0  0  0  0  0  0  0  0  0

[[3]]
  [1] 10 17  7  8  4  4  2  2  2  7  4  4  4  4  3  2  2  5  1  1  1  1  1  0  0
 [26]  0  0  0  0  0  0  0  0  0  0  0  0  0  0  0  0  0  0  0  0  0  0  0  0  0
 [51]  0  0  0  0  0  0  0  0  0  0  0  0  0  0  0  0  0  0  0  0  0  0  0  0  0
 [76]  0  0  0  0  0  0  0  0  0  0  0  0  0  0  0  0  0  0  0  0  0  0  0  0  0
[101]  0  0  0  0  0  0  0  0  0  0  0  0  0  0  0  0  0  0  0  0  0

[[4]]
  [1] 10 11 11  7  6 11  7  6  8  5  5  5 10  9  7  2  1  1  8  5  1  0  0  0  0
 [26]  0  0  0  0  0  0  0  0  0  0  0  0  0  0  0  0  0  0  0  0  0  0  0  0  0
 [51]  0  0  0  0  0  0  0  0  0  0  0  0  0  0  0  0  0  0  0  0  0  0  0  0  0
 [76]  0  0  0  0  0  0  0  0  0  0  0  0  0  0  0  0  0  0  0  0  0  0  0  0  0
[101]  0  0  0  0  0  0  0  0  0  0  0  0  0  0  0  0  0  0  0  0  0

[[5]]
  [1]  10  16  14  16  11  10   7  11   9  25  13  13   9   8   7   5   7  12
 [19]   9   7   6  12  15  11  10   5   5   5   4   8   5   5  16  18  15  21
 [37]  18  25  19  16  21  20  15  26  18  23  24  22  26  28  32  44  40  38
 [55]  39  37  44  32  30  32  30  38  46  48  38  39  40  41  55  65  64  68
 [73]  69  60  58  71  77  87  84 108 100 120 112 117 114 112 107 120 129 147
 [91] 165 150 166 167 205 183 212 208 210 223 241 271 281 275 279 285 273 291
[109] 291 306 342 326 374 402 429 395 394 448 512 491 505

[[6]]
  [1] 10  6  5  5  7  9  8  5  4  4  3  1  8  3  0  0  0  0  0  0  0  0  0  0  0
 [26]  0  0  0  0  0  0  0  0  0  0  0  0  0  0  0  0  0  0  0  0  0  0  0  0  0
 [51]  0  0  0  0  0  0  0  0  0  0  0  0  0  0  0  0  0  0  0  0  0  0  0  0  0
 [76]  0  0  0  0  0  0  0  0  0  0  0  0  0  0  0  0  0  0  0  0  0  0  0  0  0
[101]  0  0  0  0  0  0  0  0  0  0  0  0  0  0  0  0  0  0  0  0  0

[[7]]
  [1]   10    9   19   13   15    9   13   11   16   17   12   10   19   15   11
 [16]   11   11   15   20   28   25   19   18   27   35   29   21   18   41   26
 [31]   30   28   35   37   47   57   63   50   60   56   46   39   43   48   67
 [46]   75   81   83  100   98  105  112  127  117  113  139  157  137  133  142
 [61]  155  141  154  180  193  195  196  192  200  183  181  219  198  210  196
 [76]  181  232  283  270  278  268  258  255  248  236  273  263  345  365  353
 [91]  322  371  362  371  340  370  392  427  436  429  466  512  516  517  505
[106]  545  587  648  661  669  749  789  777  819  929  934  969  995 1023  948
[121]  985

[[8]]
  [1]   10   11   12   23   35   28   23   17   21   17   23   25   25   25   19
 [16]   20   21   30   32   34   31   46   43   40   67   64   70   60   49   39
 [31]   39   67   70   49   43   54   55   78   91   74   59   90  116  116  119
 [46]  120  114  120  157  134  130  142  153  152  150  176  223  226  260  229
 [61]  219  264  283  278  247  278  278  289  352  361  374  355  376  359  391
 [76]  423  445  458  568  579  575  574  660  636  644  634  735  779  798  790
 [91]  818  842  866  888  896  930 1010 1002  994  988 1095 1096 1144 1297 1357
[106] 1404 1386 1353 1456 1538 1636 1657 1653 1728 1840 1997 2022 2121 2058 2105
[121] 2291

[[9]]
  [1]   10   17   11   11    9    7    5   10   21   22   23   18   14   17   18
 [16]   13   19   21   26   28   35   37   36   39   50   60   64   50   53   67
 [31]   93   66   62   71   69   69   69   49   42   42   46   46   50   42   40
 [46]   53   92   70   73   77   64   72   79   76   79   69   63   69   70   83
 [61]  105  101  105   96  111  108  133  166  147  159  165  165  166  184  209
 [76]  206  205  223  261  252  270  226  198  224  266  282  288  299  305  276
 [91]  260  314  326  361  350  381  393  376  407  384  446  505  516  514  549
[106]  568  659  664  689  681  747  797  850  883  971  943 1074 1168 1130 1137
[121] 1198

[[10]]
  [1]  10   9   9   5   4   2   2   7  12   9   8   8  12   7  16  14  10  16
 [19]  15  16  11  18  13  26  16  12  17  26  17  24  23  17  15  13  15  14
 [37]  16  16  12  12  28  35  34  28  20  17  26  32  34  36  37  34  29  34
 [55]  43  52  51  46  37  44  40  46  58  50  72  68  55  48  43  54  53  63
 [73]  46  41  40  42  71  63  54  65  55  60  56  52  45  38  59  49  50  46
 [91]  30  27  22  33  32  32  33  26  34  40  31  34  47  45  52  65  59  53
[109]  52  60  66  71  81  91 115  97 108  87  90 106 109

[[11]]
  [1]   10   13   10    6    5   11   19   13   14   15   20   19   18   17   23
 [16]   32   25   26   27   27   19   22   26   26   22   21   22   22   24   23
 [31]   20   18   22   34   39   36   35   45   62   55   67   54   57   54   71
 [46]   67   59   54   45   53   61   73   82  101  110   95  112  103  117   95
 [61]  124  122  137  164  197  191  209  204  223  285  268  281  309  329  338
 [76]  373  378  388  380  430  425  387  366  372  409  472  448  493  511  534
 [91]  572  577  569  579  613  654  570  639  645  695  765  845  822  840  904
[106]  929  947 1018 1006 1043 1081 1164 1118 1182 1182 1298 1258 1293 1355 1443
[121] 1439

[[12]]
  [1]  10   5   4   3   3   7   6  14  18  15  20  29  23  25  22  39  52  45
 [19]  41  37  39  47  47  60  42  40  36  36  54  56  45  48  43  47  44  47
 [37]  58  55  59  52  61  56  52  64  56  79  66  71  68  61  82  85  97 106
 [55] 117  98 102  94 128 123 141 129 142 136 142 145 142 134 161 161 155 157
 [73] 205 190 176 184 199 220 210 225 234 263 238 245 240 255 255 271 287 317
 [91] 340 345 353 353 358 372 388 391 410 399 398 396 420 441 471 464 499 490
[109] 518 527 578 594 623 609 692 686 752 746 777 755 852

[[13]]
  [1]  10  12  17  14  17  14  10   8  15  13  14  13  11  11   8  11  10   9
 [19]  17  12  17  18  23  36  36  44  40  53  43  36  32  36  41  46  37  37
 [37]  42  53  42  47  56  72  55  45  46  47  60  44  50  69  57  69  61  68
 [55]  71  79  96  92  95  90 109 108 110 116 126 159 165 158 132 151 166 212
 [73] 204 223 244 208 240 240 279 284 278 286 306 308 247 273 296 309 356 365
 [91] 369 361 410 417 448 436 468 429 421 494 458 478 494 553 534 555 519 624
[109] 638 701 731 741 709 745 808 822 870 910 892 858 908

[[14]]
  [1]  10  17  13  13   8  12   9   7   7  13  14  20  20  17  22  25  29  28
 [19]  30  34  38  34  37  48  54  53  49  32  41  38  42  36  38  39  34  29
 [37]  38  37  36  42  41  39  46  47  52  49  49  44  44  39  53  50  64  77
 [55]  60  56  42  36  29  32  40  47  39  50  47  46  55  61  65  76  92  79
 [73]  77  87  96  90 102 106 135 134 102 116 123 132 121 137 137 147 130 149
 [91] 150 158 168 183 178 193 186 182 165 196 221 217 212 239 219 242 237 245
[109] 266 242 268 312 290 280 339 323 321 355 360 377 368

[[15]]
  [1]  10   8  17  24  20  18  14  13  13  12  26  35  35  33  29  33  34  27
 [19]  39  30  22  24  25  31  27  21  24  34  32  35  31  47  41  48  57  51
 [37]  49  53  58  56  58  78  67  71  79  70  60  58  67  70  79  97  83  84
 [55]  86  84  83  79 101 103 100 104  93  99 114 103 107 127 124 124 135 129
 [73] 118 137 158 177 165 192 208 231 213 205 218 220 243 287 279 249 261 272
 [91] 275 309 270 282 325 313 339 361 392 404 371 355 345 376 374 426 458 448
[109] 459 499 520 519 522 510 504 560 578 591 612 623 622

[[16]]
  [1]   10   10   21   17   18   21   30   34   37   30   23   35   47   42   36
 [16]   42   31   38   38   66   47   40   46   61   62   56   40   41   45   67
 [31]   78   65   62   52   48   43   48   50   61   62   53   55   52   50   76
 [46]   59   98   89   93   82   80   94  101  105  120  117  119  150  140  125
 [61]  131  167  190  176  167  162  168  167  189  216  225  234  268  257  276
 [76]  287  310  317  332  272  298  302  310  343  352  369  409  406  451  448
 [91]  484  503  529  573  621  676  717  669  672  675  764  825  893  859  912
[106]  994 1020 1018 1079 1128 1150 1206 1269 1332 1394 1402 1490 1587 1726 1720
[121] 1670

[[17]]
  [1]   10   13   14   14   13   20   23   28   37   33   25   20   24   21   26
 [16]   27   26   21   25   25   28   25   21   27   19   21   29   23   35   32
 [31]   34   34   35   38   42   36   30   38   50   39   39   44   46   55   54
 [46]   49   51   50   39   37   47   51   52   56   57   43   61   70   63   64
 [61]   66   60   52   52   49   77   75   94  102  108   94   78  113  115  139
 [76]  152  183  206  229  229  256  258  285  286  366  406  392  408  413  490
 [91]  494  463  543  590  596  652  683  648  741  748  752  750  813  885  886
[106]  931  984 1018 1023 1024 1118 1140 1267 1400 1424 1495 1429 1498 1592 1699
[121] 1743

[[18]]
  [1] 10  9  4  2  1  1  1  6  5  7  7  6  5  9  7  5  4  4  3  2  2  8 16 12 11
 [26] 10  9 12  5  4  3  2 10 11 15 14 10 20 15 15 15 10  8 13 14 10  9  8 15 10
 [51] 12 16 24 21 13 13 11 16 12 15 20 14  9 13 20 23 15 14 10 18 13 11  9 16 10
 [76] 10  6  4  4  9  9 10  6  4  3  3  3  2  1  4  2  0  0  0  0  0  0  0  0  0
[101]  0  0  0  0  0  0  0  0  0  0  0  0  0  0  0  0  0  0  0  0  0

[[19]]
  [1]  10  13  12  10  12  13  11  11  16  22  30  27  20  34  26  21  22  33
 [19]  28  33  34  30  30  22  27  21  19  14  18  16  17  17  18  15  13  16
 [37]  14   9  19  15  31  27  22  20  26  33  23  39  39  43  33  43  36  39
 [55]  47  58  52  43  38  46  53  51  44  45  41  58  59  53  52  53  51  58
 [73]  61  58  54  62  54  49  56  63  66  62  69  73 112  93  79  86 100 115
 [91] 118 123 147 124 150 169 173 167 156 161 182 169 224 235 206 220 198 224
[109] 230 239 275 271 274 278 274 278 291 312 347 372 372

[[20]]
  [1]   10   14   22   15   10   14   28   21   19   15   12   16   12   16   21
 [16]   25   23   22   19   34   25   21   37   46   49   45   33   37   33   41
 [31]   42   50   47   48   53   49   48   69   73   76   72   80   89   74   86
 [46]   88  108  126  126  128  135  122  151  168  174  186  220  186  208  225
 [61]  221  241  252  255  218  246  272  250  233  250  214  240  247  255  288
 [76]  295  290  292  295  315  319  320  329  376  375  400  432  435  476  557
 [91]  545  586  624  675  683  703  802  846  831  838  895  935  947  988 1092
[106] 1201 1196 1235 1235 1316 1447 1505 1553 1573 1618 1648 1787 1774 1846 2033
[121] 2039

[[21]]
  [1] 10  7  6  8 11  7  7  6  6  4  4  3  3  1  1  1  1  1  1  9  4  2  2  2  1
 [26]  1  1  1  1  1  8  3  3  2  2  2  5  3  2  2  2  2  9  5  4  3  3  1  1  3
 [51]  4  9  7  4  3  3  3  3  2  2  2  1  1  1  1  1  0  0  0  0  0  0  0  0  0
 [76]  0  0  0  0  0  0  0  0  0  0  0  0  0  0  0  0  0  0  0  0  0  0  0  0  0
[101]  0  0  0  0  0  0  0  0  0  0  0  0  0  0  0  0  0  0  0  0  0

[[22]]
  [1]  10  11  13  14  18  19  14  27  18  16  12  10  23  15  11  12  25  22
 [19]  21  17  16  12  21  15   7   6   8  10   9   8   6   5   5   5   6   3
 [37]   2   9  10   7   7   6  12   8  12   8   5   4   3   3   7  13   7   6
 [55]   5   3   9  10  18  13  11  18  10   9  24  22  21  22  24  32  32  39
 [73]  47  51  54  52  50  49  51  49  60  70  78  87  78  68  93 100  95 102
 [91] 108 134 131 139 143 155 178 190 216 248 235 268 276 277 279 289 306 334
[109] 350 402 375 364 407 429 481 517 561 589 587 595 635

[[23]]
  [1]   10    7   11   20   17   18   20   16   18   27   22   18   21   21   20
 [16]   27   23   34   32   33   27   20   35   29   25   25   24   26   25   34
 [31]   38   38   43   47   40   42   40   45   38   37   51   50   43   50   54
 [46]   61   64   75   86   82   78   71   72  100   91   96  109  100   91   83
 [61]   85   94  116   98   88   82  112  139  150  136  127  158  190  184  185
 [76]  220  239  281  241  270  283  299  351  330  287  288  315  339  380  365
 [91]  361  376  402  457  429  452  463  521  537  557  534  601  647  748  802
[106]  838  787  787  769  805  869  966 1086 1129 1131 1144 1224 1268 1359 1376
[121] 1383

[[24]]
  [1] 10  9  6 12 10  7  5  4 10 10  8  6  8  9 15  9  7  7  6  5  4  8 13 10  8
 [26]  6  5  4  3 10  9 11  9  6  6  2  2  2  4  2  2  2  2  0  0  0  0  0  0  0
 [51]  0  0  0  0  0  0  0  0  0  0  0  0  0  0  0  0  0  0  0  0  0  0  0  0  0
 [76]  0  0  0  0  0  0  0  0  0  0  0  0  0  0  0  0  0  0  0  0  0  0  0  0  0
[101]  0  0  0  0  0  0  0  0  0  0  0  0  0  0  0  0  0  0  0  0  0

[[25]]
  [1] 10  8  6  5  4  8 10  7 12 10  7  6  5  4  4  9  9  7  6  5  5  2  2  2  1
 [26]  1  1  1  1  1  1  1  1  1  1  1  1  1  1  1  3  6  5  5  4  3  3  3  2  6
 [51]  6  6  5  4  9 12  8  5  2  2  2  5  3  2  1  1  0  0  0  0  0  0  0  0  0
 [76]  0  0  0  0  0  0  0  0  0  0  0  0  0  0  0  0  0  0  0  0  0  0  0  0  0
[101]  0  0  0  0  0  0  0  0  0  0  0  0  0  0  0  0  0  0  0  0  0

[[26]]
  [1] 10  4  3  4 10  4  2  2  2  2  2  1  1  1  1  1  1  0  0  0  0  0  0  0  0
 [26]  0  0  0  0  0  0  0  0  0  0  0  0  0  0  0  0  0  0  0  0  0  0  0  0  0
 [51]  0  0  0  0  0  0  0  0  0  0  0  0  0  0  0  0  0  0  0  0  0  0  0  0  0
 [76]  0  0  0  0  0  0  0  0  0  0  0  0  0  0  0  0  0  0  0  0  0  0  0  0  0
[101]  0  0  0  0  0  0  0  0  0  0  0  0  0  0  0  0  0  0  0  0  0

[[27]]
  [1]  10  18  19  13  14   9   8  10   9  11   8  11  12  12   8   7   9  15
 [19]  14  23  23  35  21  28  28  30  24  27  24  21  24  20  16  19  30  27
 [37]  21  24  34  32  36  32  26  34  41  33  42  56  57  55  59  51  72  61
 [55]  74  93  75  77  77  88  99  93  96  96  91 101 104 110 103 102 141 147
 [73] 152 164 186 186 213 207 187 217 232 215 213 218 247 242 255 257 293 294
 [91] 289 293 282 314 337 309 325 317 312 336 355 396 376 389 346 371 393 416
[109] 415 440 533 519 510 521 552 618 635 662 671 720 718

[[28]]
  [1]  10  16  11   9   8  15  12   9  13  15  17   8   9  20  16  15  13  21
 [19]  26  29  19  15  13  17  39  36  27  29  38  47  45  37  37  57  40  34
 [37]  27  55  52  68  69  62  55  62  66  50  56  53  53  67  60  64  75  85
 [55]  69  72  83  79  87  92  79  84  79  90  78  87 108 113  97 120 134 117
 [73] 108  82  96 109 116 138 132 129 132 146 155 156 172 166 206 211 184 192
 [91] 210 200 234 227 210 229 192 207 223 235 249 248 265 269 242 226 236 214
[109] 204 220 257 243 266 282 282 342 321 312 327 378 396

[[29]]
  [1]   10    9   12    6    5   18   17   13   15   18   13   26   17   26   31
 [16]   32   26   27   44   47   40   47   50   47   56   59   55   59   60   64
 [31]   66   74   72   71   83   87   91   87   97   89   97   90  105  113  116
 [46]   94   91   93   97  112  123  108  142  113  109  107  124  115  139  155
 [61]  137  162  170  178  188  190  202  212  252  252  222  206  241  253  242
 [76]  248  270  256  280  278  277  290  339  295  296  304  308  312  306  334
 [91]  338  361  396  394  370  388  402  454  501  478  547  565  621  635  712
[106]  726  795  777  769  819  918  923 1035 1101 1106 1113 1196 1267 1252 1310
[121] 1380

[[30]]
  [1]   10   14   12    9    7    5    5   14   15   14   17   30   26   32   23
 [16]   32   28   19   30   21   22   20   13   17   13   22   33   31   27   28
 [31]   37   42   53   44   53   41   37   45   50   46   32   40   38   42   52
 [46]   54   56   71   88   64   65   78   84   83   85   95   72   79   87   89
 [61]   86   82   84   87  108  125  127  155  144  169  165  208  220  213  197
 [76]  216  232  263  251  282  285  322  324  327  351  309  361  389  432  451
 [91]  476  463  509  471  524  532  496  518  555  563  600  585  610  664  674
[106]  719  698  689  757  764  803  857  863  871  942  963  996 1035 1053 1168
[121] 1129

[[31]]
  [1]   10   19   22   16   14   24   26   22   19   33   21   18   13   16   27
 [16]   18   13   10   13   12   14   10   21   12    9    8   11   23   26   28
 [31]   26   22   40   31   35   34   35   35   35   47   59   58   54   49   73
 [46]   91   82   70   62   77   88  110   94  104  101   76   94  104  100  103
 [61]  102  101  121  137  176  164  168  164  159  198  209  177  204  242  249
 [76]  225  198  198  212  250  229  245  231  286  292  259  268  301  344  373
 [91]  357  360  416  445  437  406  449  480  461  530  542  598  593  598  629
[106]  657  648  707  788  837  856  894  966  977 1029 1007 1064 1081 1221 1248
[121] 1257

[[32]]
  [1]   10   21   26   16   18   14   19   20   14   11   18   35   35   28   25
 [16]   30   26   25   26   19   16   24   33   43   38   34   24   40   31   40
 [31]   51   35   44   48   48   64   58   64   61   81   75   75   83   91  103
 [46]   90   81   83   94  125  102  110  131  117  139  174  170  153  169  147
 [61]  164  151  156  163  188  197  225  223  218  231  253  218  237  258  274
 [76]  271  292  323  345  362  367  408  461  461  478  434  427  504  551  580
 [91]  629  662  731  701  764  729  796  900  972 1043  997  991 1043 1107 1132
[106] 1150 1202 1235 1303 1359 1343 1461 1450 1511 1597 1791 1882 1933 1967 2057
[121] 2190

[[33]]
  [1] 10  9  7  8  7 11  6  5  3  2  2  5  3  3  3  3  5  4 11 11  8  6  5  4  3
 [26]  1  1  0  0  0  0  0  0  0  0  0  0  0  0  0  0  0  0  0  0  0  0  0  0  0
 [51]  0  0  0  0  0  0  0  0  0  0  0  0  0  0  0  0  0  0  0  0  0  0  0  0  0
 [76]  0  0  0  0  0  0  0  0  0  0  0  0  0  0  0  0  0  0  0  0  0  0  0  0  0
[101]  0  0  0  0  0  0  0  0  0  0  0  0  0  0  0  0  0  0  0  0  0

[[34]]
  [1] 10 12  8  3  3  4  1  1  1  1  1  1  1  1  1  0  0  0  0  0  0  0  0  0  0
 [26]  0  0  0  0  0  0  0  0  0  0  0  0  0  0  0  0  0  0  0  0  0  0  0  0  0
 [51]  0  0  0  0  0  0  0  0  0  0  0  0  0  0  0  0  0  0  0  0  0  0  0  0  0
 [76]  0  0  0  0  0  0  0  0  0  0  0  0  0  0  0  0  0  0  0  0  0  0  0  0  0
[101]  0  0  0  0  0  0  0  0  0  0  0  0  0  0  0  0  0  0  0  0  0

[[35]]
  [1]  10  13   9   8   7   7  16  20  16  14  11  13  23  23  18  21  17  19
 [19]  23  22  32  19  19  21  16  18  23  24  30  31  31  30  33  31  34  49
 [37]  41  44  45  41  47  38  52  54  63  68  72  95  97  98  98  97 116 116
 [55] 108 109 126 128 112 123 109 122 141 117 113 117 123  99 112 110 112 130
 [73] 110 123 159 157 136 142 135 147 150 160 171 155 139 168 183 171 191 192
 [91] 203 186 190 212 222 228 247 276 325 336 349 323 329 328 375 413 518 543
[109] 526 516 578 653 704 693 752 756 779 815 862 982 951

[[36]]
  [1] 10 14 14 12 11 18 21 17 16 14 15 16 11  9 18 13 21 23 14 13 17 22 16 13 11
 [26] 10 17 16 12 10 13 11 27 21 15 13 10 13 21 24 15 12 11 11 17 17 12 15 20 15
 [51] 22 25 18 12 11 13 16 18 12 10  6  4  4  4  1  3  3  5  3  3  2  2  6  3  2
 [76]  2  2  2  1  5  8  7  5  5  4 10 12 12  7  6  6 10  7  4  3  3  3  3  8  4
[101]  2  2  2  2  2  1  0  0  0  0  0  0  0  0  0  0  0  0  0  0  0

[[37]]
  [1]  10  11   7   4   4   3   6   5   4   4   4   4   8   6   6   5   9  16
 [19]  15  26  16  26  23  27  31  33  28  27  24  28  27  29  25  19  17  28
 [37]  22  23  24  22  24  21  31  28  29  30  44  50  44  37  43  39  48  41
 [55]  39  49  41  61  78  68  56  56  51  46  43  76  79  74  58  59  69  78
 [73]  76  67  54  69  64  59  72  79  80  65  73  85  93  71  87  76 103 111
 [91]  94 126 130 137 150 141 150 150 153 171 174 213 217 242 260 272 263 303
[109] 330 331 318 376 379 395 378 416 431 441 477 517 488

[[38]]
  [1]   10   24   21   15   13   15   19   11    9   14   13   17   24   22   20
 [16]   15   32   20   22   15   13   13   20   16   25   29   35   32   28   21
 [31]   23   21   39   28   29   34   48   37   45   39   40   65   57   50   57
 [46]   65   91   77   82   85  108  103  127  105  101  115  130  137  129  134
 [61]  148  145  140  128  129  140  195  187  156  153  151  173  184  197  195
 [76]  198  213  218  228  266  278  292  308  271  297  325  348  305  297  333
 [91]  388  389  372  371  378  413  418  448  473  451  496  524  536  592  619
[106]  631  683  690  714  728  856  830  886  924  938 1027 1034 1122 1102 1119
[121] 1158

[[39]]
  [1] 10 11  7  6  9  6  3  2  1  1  1  1  3  2  2  1  0  0  0  0  0  0  0  0  0
 [26]  0  0  0  0  0  0  0  0  0  0  0  0  0  0  0  0  0  0  0  0  0  0  0  0  0
 [51]  0  0  0  0  0  0  0  0  0  0  0  0  0  0  0  0  0  0  0  0  0  0  0  0  0
 [76]  0  0  0  0  0  0  0  0  0  0  0  0  0  0  0  0  0  0  0  0  0  0  0  0  0
[101]  0  0  0  0  0  0  0  0  0  0  0  0  0  0  0  0  0  0  0  0  0

[[40]]
  [1] 10  5  4  4  4  3  3  2  2  1  1  1  1  1  1  3  6  3  3  2  2  4  4  6  4
 [26]  2  2  2  1  1  1  1  7  2  2  2  2  2  1  1  1  1  0  0  0  0  0  0  0  0
 [51]  0  0  0  0  0  0  0  0  0  0  0  0  0  0  0  0  0  0  0  0  0  0  0  0  0
 [76]  0  0  0  0  0  0  0  0  0  0  0  0  0  0  0  0  0  0  0  0  0  0  0  0  0
[101]  0  0  0  0  0  0  0  0  0  0  0  0  0  0  0  0  0  0  0  0  0

[[41]]
  [1] 10 16 11  9  8 20 24 18 20 20 17 16 22 14 16 12  9  8 13 10 13 14 13 10  7
 [26]  7  6  3  8  7  9 15  9  6  8  7 10 14  8 13 11  8  9  7 13  8  9  9  6  4
 [51]  4  2  2 11  6 14 17 10 15 12 12 12  7  7  5  5 12  7  5 12  7 10  9  7 10
 [76] 12  9  9  6  5  5  5  6  8  5  4  2  1  1  1  1  1  0  0  0  0  0  0  0  0
[101]  0  0  0  0  0  0  0  0  0  0  0  0  0  0  0  0  0  0  0  0  0

[[42]]
  [1]  10   6   6   7   6   9  11   8   6   6  10   7   7   6   7   9   7   5
 [19]  10  19   8   7   7   6  11   7   6  16  13   9  10   8  13  11  14  11
 [37]   9  15  25  16  14  17  22  22  22  26  27  18  31  42  41  42  47  47
 [55]  41  42  42  42  38  45  47  36  29  41  39  33  30  41  54  36  33  45
 [73]  51  54  63  71  57  70  71  82  91  99  83  85  88 105 113 118 104 121
 [91] 115 124 116 127 147 160 156 147 179 156 165 172 183 192 202 207 235 244
[109] 247 258 306 317 355 358 383 383 361 382 456 428 476

[[43]]
  [1]  10  12  19  14  15  21  17  18  18  18  18  15  23  25  27  19  20  17
 [19]  23  23  30  20  21  17  26  23  33  39  39  27  29  27  21  19  18  17
 [37]  17  27  27  26  27  40  33  39  41  35  41  44  37  41  34  51  53  51
 [55]  47  36  38  38  37  38  41  42  33  33  38  29  29  33  33  31  36  35
 [73]  37  54  59  50  48  49  49  49  69  49  54  43  49  64  75  73  64  57
 [91]  89  95  83  87  94  89 109 124 100 123 125 146 139 125 135 143 139 126
[109] 135 154 125 138 147 157 172 177 164 174 184 181 179

[[44]]
  [1]   10    9   13   17   16   20   22   21   25   29   28   27   28   29   30
 [16]   24   28   42   46   50   35   30   39   52   58   69   68   64   71   60
 [31]   63   72   77   79   71   75   82  111   97   94   95   98  104  118  112
 [46]  125  124  140  139  153  188  201  173  151  178  230  232  226  232  214
 [61]  260  251  243  260  252  267  311  350  336  307  357  370  404  395  377
 [76]  410  420  416  436  451  508  514  555  548  570  612  583  639  726  725
 [91]  723  770  840  910  972  963  950 1082 1145 1121 1147 1250 1313 1394 1536
[106] 1558 1529 1599 1618 1600 1764 1792 1910 1988 2022 2046 2162 2167 2281 2486
[121] 2466

[[45]]
  [1]  10  16  10   9  19  15  13  10   8  12  13  12  12  11  12   9  12  16
 [19]  11  15  12  17  20  14  12  22  23  17  13  12  14  19  17  27  20  15
 [37]  18  17  12  14  18  36  30  39  32  21  20  27  37  25  19  22  26  32
 [55]  35  30  20  21  23  20  29  22  21  33  30  21  26  35  34  23  31  41
 [73]  31  31  27  34  28  35  31  44  47  40  41  48  59  60  53  53  64  72
 [91]  74  64  69  88  96 104 108 117 134 135 123 120 108 106 104 126 142 126
[109] 124 131 139 152 130 143 157 169 179 201 231 236 245

[[46]]
  [1]  10  12  10  17  14  17  16  19  21  14  26  31  29  26  23  20  28  33
 [19]  36  41  28  28  24  36  48  52  46  33  44  44  47  45  35  32  35  25
 [37]  21  25  30  30  26  24  17  21  23  16  20  19  31  23  22  25  23  24
 [55]  24  35  40  45  48  71  59  53  62  73  69  72  85  77  71  83  89  91
 [73]  94  88  87  88 101 101 116 117 103 117 120 139 133 128 146 136 136 174
 [91] 208 196 196 186 201 214 225 226 220 223 229 245 286 274 253 255 287 348
[109] 350 338 351 368 342 441 439 462 436 451 459 536 554

[[47]]
  [1]  10   8  22  13  11  10  11   8  15  14  15  11  14  14  17  12  11  10
 [19]   8  25  24  12  10  13  21  20  12   9   6  17  15  23  19  25  20  22
 [37]  18  17  12   8  10  14  23  16  14  13  10  15  22  29  22  18  30  28
 [55]  21  23  20  31  41  44  33  28  29  42  43  49  48  60  68  65  62  65
 [73]  74  74  99 109 100 113 126 121 130 139 152 135 147 156 181 179 170 181
 [91] 180 194 198 207 224 227 229 230 287 280 270 275 286 336 354 349 373 338
[109] 374 398 407 367 398 426 465 499 524 515 597 575 599

[[48]]
  [1]   10   11   15    9    8    6    6    6   16   17   20   21   15   24   27
 [16]   31   30   30   42   59   70   56   49   43   58   69   59   63   71   73
 [31]   90   85   95   91  103  103  114  136  144  125  136  123  138  140  158
 [46]  155  155  155  150  156  166  161  173  180  174  181  194  184  175  162
 [61]  187  175  174  171  192  231  220  207  217  239  257  290  302  282  299
 [76]  355  335  327  357  407  422  455  444  433  472  477  457  442  479  500
 [91]  531  542  622  727  696  710  715  732  793  807  840  803  896  934  946
[106] 1088 1082 1110 1212 1215 1246 1344 1367 1334 1335 1453 1543 1571 1564 1654
[121] 1659

[[49]]
  [1] 10  8 15 11  7  9  7  6 10  7  6  4  4 13 16  9  8  9  7 10  3  3  2  1  1
 [26]  0  0  0  0  0  0  0  0  0  0  0  0  0  0  0  0  0  0  0  0  0  0  0  0  0
 [51]  0  0  0  0  0  0  0  0  0  0  0  0  0  0  0  0  0  0  0  0  0  0  0  0  0
 [76]  0  0  0  0  0  0  0  0  0  0  0  0  0  0  0  0  0  0  0  0  0  0  0  0  0
[101]  0  0  0  0  0  0  0  0  0  0  0  0  0  0  0  0  0  0  0  0  0

[[50]]
  [1]  10  18  14  16  15  13  17  12  15  12  22  15  10  12   8  11   8   5
 [19]   5   5   9   9   7   7   6   5   4   4   4  10  19  12   9  15  20  17
 [37]  12  21  12  10  16  11  14  19  24  23  23  19  21  26  25  29  32  36
 [55]  34  43  47  44  36  35  42  60  68  57  67  64  84  78  63  72  66  80
 [73]  74  82  60  70  72  53  46  68  62  67  68  74  55  53  48  52  61  47
 [91]  52  58  54  60  48  36  42  61  71  79  75  70  66  74  79  73  73  82
[109]  85  81  62 108  99  85  68  82  88 118 123 114 121

[[51]]
  [1]  10  10   9   8   7   9  12  10  10   9  12   7  15  12  10   8   7  20
 [19]  21  14  17  13  12   9  12  17  18  11  11  20  15  17  24  18  19  25
 [37]  38  38  30  40  29  40  33  30  31  34  32  41  38  43  39  30  35  50
 [55]  58  48  44  60  69  64  53  72  71  65  65  60  72  64  59  80  71  64
 [73]  74  79  91  89  99  94  84  86 102 107 104  99  95 104 101 118 129 109
 [91] 103 118 149 148 157 140 151 162 195 228 208 201 239 227 244 242 231 239
[109] 274 274 253 300 305 304 339 351 330 344 327 360 369

[[52]]
  [1]  10   6   8  11  11   9   8   6   5   8  10  15   7   7   7  15  21  25
 [19]  18  24  16  12  20  11  11  14  17  15  12   8  14  18  18  16  15  16
 [37]  27  17  16  13  17  27  17  16  22  12  18  20  16  15  14  12  13  20
 [55]  21  19  18  23  31  39  26  42  42  54  47  50  63  80  68  73  67  60
 [73]  67  70  70  63  71  73  69  69  71  74  76  72  70  78  81  72  98  93
 [91] 113 110 116 123 128 125 102  96 117 158 162 158 147 151 156 170 172 176
[109] 186 189 212 228 240 230 226 260 276 313 322 322 284

[[53]]
  [1]  10   7  16  16  11  16  21  24  31  28  16  14  30  29  34  27  24  17
 [19]  21  17  12  16  11  13  17  16  14  13  28  36  41  30  38  44  38  32
 [37]  35  26  35  49  40  40  44  59  48  48  62  58  56  70  78  79  70  64
 [55]  64  87 114 100  92 105  99  96 124 144 122 128 148 157 162 158 163 178
 [73] 188 219 204 206 232 229 225 220 263 279 267 269 267 278 308 302 345 339
 [91] 373 350 349 368 397 383 420 428 435 432 467 481 479 456 459 473 456 508
[109] 566 547 523 527 528 564 595 581 587 658 769 823 821

[[54]]
  [1]  10   9  14  17  30  25  17  15  13  12  15  19  19  12  17  18  17  11
 [19]   9   8   7   9   5  10   7   6   5   8  11  15   8   5  11  23  18  12
 [37]  15  14  21  19  34  27  30  20  17  16  14  19  22  14  12  19  20  25
 [55]  18  26  29  21  31  33  22  17  21  32  29  31  25  32  30  34  33  42
 [73]  37  41  43  47  37  32  34  40  52  68  66  57  64  74  76  82  84 116
 [91] 135 137 157 142 141 131 159 182 169 175 160 161 178 171 205 232 219 215
[109] 204 224 218 226 246 235 242 262 300 300 292 320 354

[[55]]
  [1] 10 10  8  9  7  7  7 12 10 11  9  9  7 16  9  8  8  8  9  8 18 15 10 10  9
 [26]  5 12 12  6  5  4  4  3  2  1  1  1  1  1  1  1  1  1  1  1  0  0  0  0  0
 [51]  0  0  0  0  0  0  0  0  0  0  0  0  0  0  0  0  0  0  0  0  0  0  0  0  0
 [76]  0  0  0  0  0  0  0  0  0  0  0  0  0  0  0  0  0  0  0  0  0  0  0  0  0
[101]  0  0  0  0  0  0  0  0  0  0  0  0  0  0  0  0  0  0  0  0  0

[[56]]
  [1]   10   13   14   11    8   12   15    6    9   16   11   15   16   16   12
 [16]   18   20   14   12   17   16   24   24   18   16   22   17   33   29   26
 [31]   43   39   39   54   54   65   71   72   56   52   39   55   74   66   73
 [46]   67   76   79   90  114  108   99   96  122  148  144  151  135  140  168
 [61]  190  203  201  218  223  273  252  252  267  283  303  321  296  278  268
 [76]  315  330  311  294  307  350  376  388  389  355  320  360  406  421  430
 [91]  444  439  457  530  558  547  565  655  668  669  729  749  844  869  845
[106]  943 1011 1042 1073 1101 1115 1127 1155 1196 1318 1441 1448 1406 1534 1598
[121] 1691

[[57]]
  [1] 10  7  6  6  6  9  6  4  4  3  3  3  3  3  8  4  7  4 10  6  9  7  6  6  6
 [26] 14  7  7  7  6  6  5  8  6 10  6  6  4  4  3  3  2  6  1  1  1  7  6  4  2
 [51]  1  6  2  2  2  1  1  1  1  1  1  1  1  0  0  0  0  0  0  0  0  0  0  0  0
 [76]  0  0  0  0  0  0  0  0  0  0  0  0  0  0  0  0  0  0  0  0  0  0  0  0  0
[101]  0  0  0  0  0  0  0  0  0  0  0  0  0  0  0  0  0  0  0  0  0

[[58]]
  [1]   10   20   13   10   14   11    9    7   11   17   11   15   14   31   22
 [16]   19   22   25   28   35   48   59   60   55   61   61   67   78   60   65
 [31]   63   78   86   92  104  103  107   97   94   98  102  102  142  122  124
 [46]  110  113  114  125  140  133  140  153  139  131  147  178  196  219  213
 [61]  215  227  264  298  312  301  342  331  391  380  390  414  370  409  450
 [76]  455  451  477  445  469  466  443  486  522  581  566  560  579  608  626
 [91]  676  641  664  698  717  756  828  820  847  900  998  940 1029 1033 1091
[106] 1098 1251 1322 1323 1375 1401 1396 1422 1501 1587 1675 1670 1661 1737 1776
[121] 1784

[[59]]
  [1]   10    8    5    4    4    3   11   11    8    7   12    9    8   11    7
 [16]   14   12   10   13   16   12   16   21   28   27   29   32   30   33   39
 [31]   32   26   31   46   46   48   46   46   58   58   54   59   86  109  110
 [46]  120  125  126  114  130  128  145  178  162  154  152  157  180  196  186
 [61]  173  170  205  193  187  182  220  212  229  220  257  253  279  272  257
 [76]  244  316  303  322  327  358  372  356  403  414  441  456  494  539  551
 [91]  558  565  553  554  580  594  571  665  723  703  718  755  799  750  806
[106]  848  886  916  992  978  998 1066 1104 1141 1185 1220 1220 1326 1324 1395
[121] 1521

[[60]]
  [1]   10    8    6   11   15   17   14   17   22   25   35   35   36   43   46
 [16]   52   47   49   64   47   47   45   48   68   67   88   96  102   95  109
 [31]  114  124  105  110  112  127  124  119  137  147  146  159  168  172  158
 [46]  171  161  145  155  210  211  217  211  192  185  261  244  256  272  263
 [61]  272  277  314  386  372  437  396  433  509  516  524  548  545  551  589
 [76]  690  712  744  764  753  784  824  834  868  877  940  963  971 1043 1073
 [91] 1135 1206 1287 1416 1400 1402 1440 1509 1501 1517 1646 1774 1933 1969 1999
[106] 2115 2273 2330 2479 2497 2733 2823 2838 2915 2926 3097 3247 3413 3433 3637
[121] 3696

[[61]]
  [1]  10  18  11   9  12  20  12   9   8   9   7  10   9  23  20  17  12  14
 [19]  29  24  18  16  14  16  14  17  11   9   9   8   7   7   5  12  12   7
 [37]   4   7  10  10   7   6   2   8  12   7  12  14  12  11  14  15  14  12
 [55]  12  16  12  28  22  17  16  20  19  25  28  21  18  30  25  25  26  32
 [73]  33  40  35  36  47  41  29  29  28  28  22  23  29  33  34  22  29  33
 [91]  28  34  30  39  41  37  34  30  35  48  42  39  32  29  44  50  60  68
[109]  57  57  60  72  60  71  76  95  94  86  81  77 106

[[62]]
  [1] 10 10  7 10  6  5  4  3  9  5  3  3  2  1  1  1  1  1  1  1  1  1  0  0  0
 [26]  0  0  0  0  0  0  0  0  0  0  0  0  0  0  0  0  0  0  0  0  0  0  0  0  0
 [51]  0  0  0  0  0  0  0  0  0  0  0  0  0  0  0  0  0  0  0  0  0  0  0  0  0
 [76]  0  0  0  0  0  0  0  0  0  0  0  0  0  0  0  0  0  0  0  0  0  0  0  0  0
[101]  0  0  0  0  0  0  0  0  0  0  0  0  0  0  0  0  0  0  0  0  0

[[63]]
  [1]   10   16   11   17   25   15   13   12   13   21   26   36   31   27   26
 [16]   29   32   35   29   29   40   37   42   42   39   49   58   59   54   46
 [31]   62   75   86   78   84  101   79   97  106  139  125  121  133  149  143
 [46]  131  161  149  134  158  182  159  172  169  176  184  196  201  205  186
 [61]  226  253  259  254  256  247  232  265  350  345  321  303  339  385  440
 [76]  430  430  439  433  490  515  547  609  641  664  619  576  611  652  747
 [91]  761  776  794  836  819  810  850  921 1022 1051 1113 1112 1211 1281 1244
[106] 1268 1327 1393 1313 1449 1415 1469 1570 1621 1720 1759 1784 1897 2022 2015
[121] 2119

[[64]]
  [1] 10  6  8  7  5  4  3  3  2  2  1  1  1  1  1  1  1  1  1  1  1  1  1  1  1
 [26]  1  0  0  0  0  0  0  0  0  0  0  0  0  0  0  0  0  0  0  0  0  0  0  0  0
 [51]  0  0  0  0  0  0  0  0  0  0  0  0  0  0  0  0  0  0  0  0  0  0  0  0  0
 [76]  0  0  0  0  0  0  0  0  0  0  0  0  0  0  0  0  0  0  0  0  0  0  0  0  0
[101]  0  0  0  0  0  0  0  0  0  0  0  0  0  0  0  0  0  0  0  0  0

[[65]]
  [1]  10  15  10   8   7   6  10   7  12  10  10  10  17  14  20  20  18  14
 [19]  21  22  37  31  29  27  38  34  47  56  66  75  59  68  74  68  72  79
 [37]  69  89  81  89  71  78 112 108  78  69  75  88  77  78  75  84  84  92
 [55]  88  90  86 106 120 125 130 133 112 110 117 147 134 148 144 149 159 158
 [73] 159 169 161 172 180 211 250 242 226 254 231 276 287 281 259 272 272 278
 [91] 306 322 334 344 317 341 336 332 348 359 334 346 373 390 448 445 482 485
[109] 552 556 559 662 639 657 672 722 713 771 810 736 814

[[66]]
  [1]  10  13  10  17  19  22  18  17  17  26  24  20  18  20  14  20  22  25
 [19]  23  19  22  17  19  26  31  28  33  27  20  34  34  30  30  27  47  40
 [37]  38  41  35  35  43  39  43  33  28  37  38  36  43  58  53  57  51  53
 [55]  49  64  65  63  66  63  91  91  78  85  98  86  90 104 111 109 107 104
 [73] 115 125 104 114 127 121 131 132 132 130 140 157 164 187 192 205 191 237
 [91] 234 267 256 269 319 370 328 340 349 426 380 410 429 451 435 440 419 496
[109] 506 476 478 482 529 525 528 519 555 524 569 618 682

[[67]]
  [1] 10  6 10 14 15  8  6 12 20 14 12 12  8  8 12  9  7  6  8  6  9  6  5  4  3
 [26]  3  3  2  2  2  8  7  6  4  2  0  0  0  0  0  0  0  0  0  0  0  0  0  0  0
 [51]  0  0  0  0  0  0  0  0  0  0  0  0  0  0  0  0  0  0  0  0  0  0  0  0  0
 [76]  0  0  0  0  0  0  0  0  0  0  0  0  0  0  0  0  0  0  0  0  0  0  0  0  0
[101]  0  0  0  0  0  0  0  0  0  0  0  0  0  0  0  0  0  0  0  0  0

[[68]]
  [1]   10   12   16   28   20   13   11   25   24   26   25   21   34   41   40
 [16]   39   44   36   46   44   31   34   33   39   62   48   44   41   52   54
 [31]   52   77   58   49   48   48   59   73   56   63   56   54   73   65   76
 [46]   90   70   81   98  113  132  135  126  138  154  153  156  155  164  202
 [61]  180  187  202  234  264  260  258  262  307  313  343  334  319  337  364
 [76]  365  400  385  394  384  452  474  521  519  570  587  613  660  661  679
 [91]  719  825  773  863  877  904  967 1092 1074 1057 1114 1113 1187 1355 1434
[106] 1417 1496 1605 1675 1773 1800 1838 1965 2041 2037 2062 2259 2385 2397 2523
[121] 2605

[[69]]
  [1]   10   12   17    9    6    9   11    8   10    7    6    5   20   14   18
 [16]   15   16   17   17   25   34   35   32   25   23   25   40   59   60   59
 [31]   49   47   56   75   71   70   68   63   66   69   81   76   75   86   78
 [46]   96   84  107  104  112  104   98  100  118  144  145  152  148  134  147
 [61]  146  157  173  185  168  164  178  214  209  216  229  230  228  237  264
 [76]  299  280  289  280  332  330  314  343  364  379  387  370  360  423  439
 [91]  446  469  478  529  505  536  550  582  604  608  592  630  627  649  711
[106]  734  806  863  875  974  946  926  971 1020 1052 1140 1180 1284 1356 1342
[121] 1420

[[70]]
  [1]   10    6    5   11   14   10   14   16   15   10   15   20   23   17   22
 [16]   21   14   14   16   21   37   39   30   33   28   23   35   37   42   38
 [31]   38   30   46   40   55   49   49   69   64   70   63   65   66   65   65
 [46]   50   58   47   55   67   71   76   89   78   86  114  125  126  123  128
 [61]  133  151  165  170  191  188  217  236  259  286  316  275  283  293  328
 [76]  326  302  342  372  391  404  432  484  462  472  474  511  560  564  575
 [91]  547  573  643  711  707  704  670  662  744  808  775  791  832  915 1003
[106] 1069 1034 1060 1108 1140 1186 1181 1270 1379 1378 1445 1545 1578 1636 1716
[121] 1811

[[71]]
  [1]  10   9   7   6  18  14  17  16  18  22  26  23  19  25  21  19  43  31
 [19]  29  38  33  39  42  44  44  35  30  36  33  34  36  43  45  45  34  33
 [37]  36  36  40  42  42  54  40  51  32  40  46  59  49  41  67  64  73  67
 [55]  63  72  97 100 113 118 117 129 112  90 108 126 121 133 138 130 154 152
 [73] 152 141 144 164 166 177 193 219 219 235 237 249 281 293 317 328 322 293
 [91] 324 369 353 374 387 398 400 415 444 416 420 427 429 453 500 512 538 523
[109] 522 547 560 612 610 568 610 664 657 719 719 791 806

[[72]]
  [1]  10   7   7  29  20  32  26  17  24  27  21  23  26  23  27  19  19  17
 [19]  21  18  15  12  11  25  31  26  26  19  23  17  20  23  26  19  25  31
 [37]  27  30  25  32  34  29  33  33  38  41  49  60  43  37  32  43  43  57
 [55]  43  70  66  71  83  79  94  76  93 108 131 135 151 141 125 133 177 183
 [73] 177 184 214 215 209 205 233 221 232 280 269 286 285 325 368 344 368 357
 [91] 400 354 342 380 406 417 406 427 432 417 384 410 461 515 524 536 556 551
[109] 565 549 603 623 702 748 728 753 726 763 802 830 951

[[73]]
  [1]   10   16    9    6   16   30   24   19   28   40   36   27   23   28   29
 [16]   36   26   35   35   25   25   36   40   34   38   35   37   44   50   41
 [31]   47   48   46   40   31   33   41   37   50   70   62   67   73   83   76
 [46]   77   66   73  100  109  100   89   78  118  103   89   83   95  100  119
 [61]  115  112  114  111  123  130  164  156  149  147  172  211  216  190  199
 [76]  224  250  263  268  253  307  301  282  297  274  295  335  325  375  364
 [91]  411  413  434  478  493  480  500  551  576  600  612  640  669  764  770
[106]  806  799  810  868  908  938  975  957 1061 1112 1197 1172 1228 1249 1379
[121] 1478

[[74]]
  [1]  10  12  10   7  13  13  10  19  14  19  25  19  15  23  22  33  43  36
 [19]  36  32  32  26  37  37  35  40  43  43  27  35  40  39  58  42  57  55
 [37]  53  44  43  52  50  34  30  50  39  52  48  56  40  44  35  36  49  50
 [55]  41  42  40  51  59  77  81  76  71  74 108 113 106 115 109 115 108 109
 [73] 118 130 119 141 137 137 147 141 167 202 204 191 205 201 223 214 199 189
 [91] 171 194 174 217 225 197 230 224 223 222 287 274 262 273 296 309 293 337
[109] 370 386 386 378 390 409 462 447 441 451 483 467 563

[[75]]
  [1] 10  9 12 12  8  7  7  6  4 12 14 10 14 17 24 26 19 15 12 10  9 17 12  7  4
 [26]  7 10  7  7  6  9  8  9 12 17 14 17 14 16 15 13 15 15 17 21 15 20 13 12 17
 [51] 17 12 11 13 17 11  9  8  7  7 13  9  8  7 10  8  7 10 19 10 11 10  8 20 12
 [76]  9 13 10 12 14 11 11 21 15 11 11 14 16 28 28 23 27 34 37 32 38 29 35 39 36
[101] 39 45 40 61 66 64 50 51 53 57 59 57 48 37 54 65 64 51 50 48 49

[[76]]
  [1]  10  10   6  12  10   8   8   9   8  14   9  20  19  14  17  13  17  18
 [19]  15  20  24  26  34  42  44  34  37  31  35  36  40  30  52  65  66  58
 [37]  54  59  54  55  57  58  67  71  72  57  59  59  60  66  90  96  90  76
 [55]  77  90 103 116  95 112 121 118 122 106 120 120 131 123 116 133 126 153
 [73] 137 131 153 144 150 144 127 134 109 128 142 162 123 123 130 139 152 172
 [91] 161 161 165 193 203 209 205 219 232 232 237 233 270 288 295 309 317 308
[109] 375 365 421 383 416 404 447 450 449 522 581 638 599

[[77]]
  [1]  10  15  10  11  11  21  27  18  15  15  28  18  24  21  14  16  14  16
 [19]  18  17  13  16  13  18  28  32  20  26  21  25  29  22  42  34  35  38
 [37]  32  49  38  40  34  32  35  41  55  43  35  31  49  55  57  54  43  37
 [55]  29  43  39  40  36  50  47  40  38  36  39  32  36  26  35  41  32  27
 [73]  38  43  59  49  47  42  53  81  63  63  69  65  98 131 123  97  88  90
 [91] 108 105  94 104 120 141 131 154 153 159 175 175 169 180 156 192 209 221
[109] 203 218 229 220 215 239 249 268 285 279 304 316 347

[[78]]
  [1] 10 13 13  9  7  6  6 13 16 12  9  8  5  3  6  5  8  6 14 16 10  9  9 13  7
 [26] 10  9 13 12 18 24 20 14 16 15 20 16 10  8 12  9  9 12 10 15 21 24 24 21 23
 [51] 29 23 37 36 37 33 35 28 40 43 45 43 42 40 31 23 39 35 36 48 39 39 30 37 36
 [76] 38 29 23 31 32 33 33 23 32 23 29 26 29 27 30 27 25 25 32 18 15 23 29 18 15
[101] 15 26 17 16 13 20 25 23 18 12 15 22 20 36 36 22 20 27 27 19 25

[[79]]
  [1]   10   12   15   12   10   10   11    9    8   10    8   12    9   12   16
 [16]   14   17   17   33   23   20   20   44   56   36   27   32   33   28   29
 [31]   27   19   34   25   40   28   30   36   53   55   44   40   34   39   46
 [46]   40   35   54   60   65   65   64   70   76   98   87   99  108  119  138
 [61]  154  162  163  172  148  176  200  214  215  226  217  217  196  246  259
 [76]  298  304  298  321  326  368  346  355  380  362  408  432  503  503  468
 [91]  499  510  523  556  600  553  599  668  733  712  758  789  864  944  983
[106] 1026 1001 1012 1091 1180 1190 1145 1148 1143 1264 1358 1417 1387 1425 1555
[121] 1590

[[80]]
  [1] 10 13 11 10  7  6  5  3  7  4  9  4  9  7  6  9  7  6  5  4  4  2  2  2  2
 [26]  9 11 12  7 10  4  3  3  3  9  4  4  3  3  8  6  5  5 10 16 23 17 20 16 13
 [51] 11 10 16 19 18 20 18 33 25 24 23 29 29 29 30 35 31 28 32 21 22 18 46 37 34
 [76] 26 25 17 15 10 20 28 26 17 14 15 12 17 24 15 13 11  9 13 11 20 14 12  8  7
[101]  4 11  5  4  3  2  1  1  1  1  1  1  8  3  3  2  2  8  8 12  9

[[81]]
  [1] 10 10  7  6  5  4  3  2  2  2  2  2  2  2  2  7  5  4  6  4  4  2  2  2  2
 [26]  1  1  0  0  0  0  0  0  0  0  0  0  0  0  0  0  0  0  0  0  0  0  0  0  0
 [51]  0  0  0  0  0  0  0  0  0  0  0  0  0  0  0  0  0  0  0  0  0  0  0  0  0
 [76]  0  0  0  0  0  0  0  0  0  0  0  0  0  0  0  0  0  0  0  0  0  0  0  0  0
[101]  0  0  0  0  0  0  0  0  0  0  0  0  0  0  0  0  0  0  0  0  0

[[82]]
  [1]  10  12  16  10  13  16  12  11  10  14  18  12  15  17  11   7   6   6
 [19]  28  18  18  14  13  14  12  22  24  31  22  17  16  27  22  23  23  30
 [37]  22  30  17  18  21  17  16  26  17  26  24  18  15  19  14   9  14  14
 [55]  10  16  13  14  18  19  19  20  22  32  30  26  30  35  29  32  29  27
 [73]  30  30  28  31  34  43  66  57  55  53  89  87  73  74  74  81  71  90
 [91] 106 111  91  93  95 102  96  75  71  65  91  95  97  87  76  73  96  82
[109]  83  83  95  95 108 112 118 106 125 133 134 148 134

[[83]]
  [1]   10    8   16   14   11    9    8   11    8   17    9   18   18   13   14
 [16]   10   16   17   26   20   24   23   32   31   38   51   50   52   53   55
 [31]   59   64   57   53   52   52   68   77   71   83   87  103   84   89   88
 [46]  101   96   80   91  102   84   94  103  129  127  132  146  166  203  199
 [61]  202  200  210  219  223  233  260  280  296  310  323  353  349  353  351
 [76]  382  399  443  503  509  513  517  611  666  661  658  687  687  767  816
 [91]  795  810  861  948  985 1054 1207 1183 1170 1146 1264 1296 1427 1456 1472
[106] 1545 1570 1630 1698 1739 1857 1939 1988 2006 2161 2248 2345 2387 2463 2597
[121] 2623

[[84]]
  [1]   10   10    7    9    9   10   21   14   12   17   24   40   35   27   21
 [16]   18   25   19   15   19   11    9    9   14   25   37   23   20   22   28
 [31]   35   47   58   63   60   52   74   63   53   53   42   48   45   57   70
 [46]   81   75   89   80   90   81   98   94  117  105  106  115  119  110  116
 [61]  130  116  149  146  168  157  166  171  174  183  201  196  211  217  211
 [76]  260  233  269  282  283  317  328  326  391  372  369  393  382  420  413
 [91]  456  441  453  433  461  522  572  572  555  598  585  690  743  779  750
[106]  734  785  827  861  906  902  936 1027 1156 1139 1109 1153 1118 1176 1215
[121] 1257

[[85]]
  [1]   10   15   11   10    8   10   18   20   16   14   25   28   34   22   23
 [16]   26   30   24   19   20   35   31   31   34   41   40   48   37   49   55
 [31]   61   62   67   90   79   95  118  123  121  124  152  138  129  155  149
 [46]  133  153  161  152  168  152  167  166  203  204  183  194  207  188  212
 [61]  199  188  210  200  234  226  230  247  229  233  254  234  212  238  264
 [76]  271  258  265  269  269  250  281  310  300  296  310  365  364  427  389
 [91]  395  462  431  477  428  442  507  514  544  530  585  569  577  632  605
[106]  625  642  666  672  668  715  731  781  790  907  942  922  890  953 1042
[121] 1094

[[86]]
  [1]   10   23   28   17   16   14   16   24   37   34   27   28   26   41   38
 [16]   28   30   36   43   50   34   36   43   49   38   32   26   27   32   48
 [31]   53   45   45   42   54   50   50   51   49   51   54   61   55   63   64
 [46]   70   87   78   69   61   74   91   75   85  101  118   93   95  107  106
 [61]   98   95  102  112  112  119  130  137  166  142  154  167  151  153  155
 [76]  179  191  230  197  219  239  267  266  272  298  290  310  289  336  361
 [91]  367  381  393  365  385  423  507  533  552  522  510  571  624  636  692
[106]  737  729  768  760  825  876  949  993 1041  996  978 1066 1131 1195 1256
[121] 1282

[[87]]
  [1]   10   12   12   15   15   23   24   38   30   22   21   36   31   29   27
 [16]   40   33   32   37   46   37   27   36   49   48   44   45   47   65   66
 [31]   65   64   75   68   72   72   77   78   70   63   90   86   97   96   84
 [46]   73   82   68   93   84   93   99  110  134  122   99  119  168  186  167
 [61]  177  168  176  181  220  218  225  257  237  220  225  257  276  291  307
 [76]  373  354  343  343  409  418  394  417  434  401  428  413  401  450  454
 [91]  437  442  498  490  488  487  481  502  555  587  565  563  595  640  635
[106]  684  712  734  756  810  851  919  917  945 1022 1049 1095 1117 1179 1251
[121] 1302

[[88]]
  [1]  10   7  12   8   7  13  14   9   6  13   9   9  14   6  14  12   9   8
 [19]   6   5  11  32  17  13  10  12   9   8  11  19  16  11  15  17  21  16
 [37]  15  15  28  27  32  35  32  24  25  45  31  27  35  35  42  42  55  66
 [55]  59  62  61  48  48  61  56  59  60  58  68  89 103  79  84  71  83 117
 [73] 124 116 141 125 144 149 189 188 195 182 188 199 200 196 203 207 214 208
 [91] 196 218 228 234 245 252 292 306 289 282 299 298 314 307 308 346 367 370
[109] 373 357 447 420 464 473 457 518 559 604 603 661 692

[[89]]
  [1]  10  10  16  23  16  17  14  20  18  20  26  32  36  27  26  30  38  37
 [19]  40  31  29  52  41  38  31  43  39  39  32  30  34  37  34  25  38  50
 [37]  51  43  36  35  23  32  42  32  32  25  38  32  45  37  46  54  54  46
 [55]  49  63  56  51  44  52  60  47  51  50  46  52  51  70  62  62  68  69
 [73]  82  63  74  71  66  76  70  86 112  98  80  87 101 102 128 126 139 151
 [91] 133 135 156 146 164 151 182 197 178 207 221 242 228 259 257 245 242 265
[109] 264 239 252 283 288 324 342 347 378 375 433 473 468

[[90]]
  [1]   10   11    7    6   12   17   11   13   11   15   19   22   15   17   18
 [16]   35   30   25   22   21   29   36   35   40   43   48   55   54   53   58
 [31]   63   78   76   73   70   78   85  103  115   96  100  125  134  137  160
 [46]  146  160  214  204  206  191  176  212  218  200  215  221  250  283  314
 [61]  309  343  361  382  425  434  425  475  474  506  504  530  571  560  579
 [76]  656  662  686  630  631  680  723  777  782  843  861  889  967 1011 1073
 [91] 1148 1177 1254 1326 1403 1427 1447 1560 1532 1538 1579 1656 1747 1782 1917
[106] 1944 2064 2157 2246 2290 2354 2487 2567 2638 2856 3017 3069 3324 3414 3543
[121] 3627

[[91]]
  [1]   10   15   19   14   12    8   13   11   10    9    7   10   11   28   27
 [16]   23   21   23   20   17   31   25   24   35   40   36   52   52   48   58
 [31]   74   78   64   75  109   96   98   97   92  126  129  116  117  114  110
 [46]  119  137  149  149  157  173  144  162  166  171  197  187  174  204  222
 [61]  239  229  229  266  275  255  239  258  263  268  280  277  295  311  311
 [76]  326  314  356  353  352  354  361  400  409  426  483  501  474  496  476
 [91]  506  579  596  586  610  658  703  774  796  834  946  913  946  938 1054
[106] 1087 1096 1164 1262 1299 1287 1292 1342 1433 1528 1580 1584 1623 1887 1914
[121] 1916

[[92]]
  [1]  10   6   5   6  10   8   6   4  13  11   6   5   5   3  14   9   8   8
 [19]   7   9   9  11   9   8   8  14  12  16   7   6  12   6   3   9  14  17
 [37]  17  15  14   8  12  11   9   7   9   8   5   5  11   7  12   8   7   6
 [55]   6  17  17  14  13  16  24  26  23  21  17  15  16  25  34  43  38  44
 [73]  42  38  31  38  42  45  55  55  57  51  55  51  51  45  48  59  44  63
 [91]  59  47  60  57  76  71  74  65  86  91  88  88  93  79  77  92  84  91
[109]  88  97  88  93 118 130 144 132 145 135 144 144 158

[[93]]
  [1]  10  15  12   9  12  12   9  14  12  11   9  14  10   9  12  10  12  12
 [19]  14   9   6   6  12  14  11  10   9  12   9  10  14  18  12  17  14  21
 [37]  21  22  17  14  18  20  24  32  28  25  31  27  37  38  25  38  34  38
 [55]  27  33  24  27  51  42  43  39  46  47  66  64  62  57  57  56  60  53
 [73]  63  60  65  64  55  63  88  99  96  91  90  76  90  84  71  86  81  87
 [91]  91  82 105 117  99  82  97 104 110 118 129 111 129 143 139 133 162 156
[109] 151 176 173 171 157 176 200 176 218 238 224 221 239

[[94]]
  [1]   10   15   16   15   13   15   20   14   13   10   20   28   25   27   21
 [16]   20   35   46   50   51   60   44   30   39   41   34   58   59   65   55
 [31]   52   48   56   50   52   67   61   63   70   59   54   74   91   88   93
 [46]   95  114  121  131  137  116   97  112  111  102  125  127  118  125  148
 [61]  137  152  174  160  197  198  215  217  235  261  274  318  303  330  334
 [76]  326  327  332  371  384  398  424  404  442  441  476  436  448  489  474
 [91]  492  559  543  556  599  600  595  604  675  673  648  724  702  790  841
[106]  876  876  977  933 1010 1022 1062 1122 1047 1162 1247 1337 1348 1384 1485
[121] 1488

[[95]]
  [1]   10   17   19   15   14   19   12   17   17   18   22   28   23   21   23
 [16]   34   40   29   31   34   50   45   52   54   64   67   66   64   64   61
 [31]   63   70   75   87   73   72   69   64   76   69   56   67   70   71   78
 [46]   69   89   97   88   89   87   93   82   97  107  101  125  104   97  108
 [61]  124  141  148  176  174  181  184  197  239  241  254  262  264  274  267
 [76]  279  298  311  360  382  367  356  363  360  419  414  426  420  444  540
 [91]  524  550  584  569  660  656  678  713  796  835  862  864  926  954 1040
[106] 1141 1148 1116 1195 1236 1278 1326 1353 1372 1332 1372 1387 1463 1543 1606
[121] 1647

[[96]]
  [1]   10   19   10    8   15   11   16   20   13   16   13   17   21   30   34
 [16]   45   41   38   41   31   30   24   26   22   27   36   37   41   36   44
 [31]   52   61   42   48   55   53   57   55   56   78   72   96  121   99  102
 [46]   97   88   83  124  115  136  108  148  128  128  125  131  161  211  186
 [61]  203  242  210  246  277  277  286  271  311  324  333  350  354  385  400
 [76]  408  432  466  521  497  506  549  511  561  616  640  662  723  771  784
 [91]  747  826  968 1021 1084 1082 1161 1187 1181 1271 1377 1416 1517 1563 1591
[106] 1652 1743 1786 1874 2019 2038 2088 2188 2236 2308 2374 2475 2569 2678 2790
[121] 2902

[[97]]
  [1] 10  7 10 13  7  7  6  6  5  5  5  4 17 12 10 10 20 27 27 21 17 13 12  8 20
 [26] 20 17 13 13 17 13 10  9 11  5  9 10 11 13  8  5 12  7 10  9  6  4  4  6  3
 [51]  3  8  8  7  6  6 13  8  4  4  7  4  5 11 13  8 15 11 10 13  9 14 11 10  8
 [76]  6  6  6  8 12  9  7  5  5  2  4  3  3 10  6  3  3  3  2  4  3  2  1  1  1
[101]  1  1  1  0  0  0  0  0  0  0  0  0  0  0  0  0  0  0  0  0  0

[[98]]
  [1]  10  12  10   8  14  19  19  12  18  16  17  10   7   6   9   7   5  12
 [19]   8  19  13  17  15  23  22  24  31  26  22  20  32  28  23  31  28  31
 [37]  34  43  33  36  43  33  34  20  29  28  21  19  29  29  22  18  40  30
 [55]  28  31  29  25  48  45  32  47  49  58  58  53  46  53  60  56  73  83
 [73]  85  73  74  77  82  96  89  79  77  93 113 105 111 105  93  93  90  82
 [91]  89  99  93  84  90 106 116 122 122 108 137 121 120 114 130 126 136 134
[109] 146 144 186 185 191 156 184 182 177 213 210 196 217

[[99]]
  [1]   10   11   15    9   13   10    9   11    7   14   19   18   14   16   21
 [16]   21   17   18   23   19   24   28   39   28   28   25   35   49   37   29
 [31]   25   55   62   45   43   46   42   42   59   59   78   82   88  102   87
 [46]  101   92   89  111  107  104  120  138  154  137  143  136  184  203  192
 [61]  225  216  187  246  262  242  215  203  252  258  230  267  297  287  290
 [76]  285  291  290  276  290  279  315  358  345  341  335  370  438  472  399
 [91]  429  467  556  560  531  575  590  643  631  674  668  724  740  755  808
[106]  821  847  820  951 1011 1016 1063 1052 1045 1049 1105 1168 1170 1234 1280
[121] 1400

[[100]]
  [1]   10   15   16   11   13   19   23   26   21   17   13   12   10    9   17
 [16]   21   20   18   15   25   25   29   26   28   31   36   42   29   25   37
 [31]   55   63   65   66   71   76   73   77   85  104  116  115  113   94  119
 [46]  117  138  152  136  162  205  219  214  192  210  232  236  233  267  271
 [61]  297  306  270  304  323  296  310  345  371  361  371  396  426  426  480
 [76]  509  525  530  554  578  594  655  703  701  729  746  793  790  872  900
 [91]  932 1066 1062 1120 1160 1248 1344 1425 1398 1445 1493 1589 1758 1700 1772
[106] 1854 1965 2104 2151 2238 2375 2406 2482 2570 2656 2778 2773 2957 2992 3081
[121] 3289

[[101]]
  [1]  10   6   5   5   8   5   5   6  16  10  10  10  15  29  16  13   9  16
 [19]  16  19  18  19  16  19  21  31  32  31  33  45  55  50  66  50  59  58
 [37]  74  83  66  79  87  68  58  68  59  77  81  78  94 103  95  97  99  89
 [55] 106  99 102 110 127 122 113 124 126 120 100 126 138 120 126 125 146 121
 [73] 133 138 136 125 120 126 115 138 141 130 139 146 161 156 157 169 158 157
 [91] 199 207 178 160 181 185 169 144 175 188 190 228 231 237 270 273 315 273
[109] 257 301 335 399 366 376 430 432 513 544 532 543 569

[[102]]
  [1] 10 11 10  7  6  3  3  3  3  1  1  1  3  3  8  7 10  6  5  4  3  1  5  5  4
 [26]  3  2  2 11  9 16 18 11 10 10  6  5  5  4  3  8  4  4  4 11  9  7  6  4  3
 [51]  7  3  3  3  2  7  5  4  2  2  2  2  1  1  1  1  1  1  1  1  1  1  0  0  0
 [76]  0  0  0  0  0  0  0  0  0  0  0  0  0  0  0  0  0  0  0  0  0  0  0  0  0
[101]  0  0  0  0  0  0  0  0  0  0  0  0  0  0  0  0  0  0  0  0  0

[[103]]
  [1] 10 12  8  5  4 10  8 13 12 10 10  8  8 15 16 19 22 15 13 13 18 18 13 11 13
 [26] 14 22 16 12 12 10  8  8  5  6  4  1  0  0  0  0  0  0  0  0  0  0  0  0  0
 [51]  0  0  0  0  0  0  0  0  0  0  0  0  0  0  0  0  0  0  0  0  0  0  0  0  0
 [76]  0  0  0  0  0  0  0  0  0  0  0  0  0  0  0  0  0  0  0  0  0  0  0  0  0
[101]  0  0  0  0  0  0  0  0  0  0  0  0  0  0  0  0  0  0  0  0  0

[[104]]
  [1]  10  16   8   6   5   4   8   8   6  10  14   7   4   3   3  11  14  11
 [19]  10  17  18  21  17  30  19  18  29  22  26  25  20  27  29  26  20  22
 [37]  21  16  23  29  23  26  28  23  24  32  43  38  37  30  35  34  31  32
 [55]  43  38  30  20  18  14  11  21  28  29  20  15  17  27  20  29  25  17
 [73]  29  32  23  18  22  23  25  29  41  41  28  28  33  47  45  46  51  54
 [91]  59  55  63  64  71  61  86  85  77  90  85  72  67  86  86 108 120 115
[109]  95 113 106 117 124 145 162 145 145 170 192 169 178

[[105]]
  [1]   10   13   15   22   23   31   31   42   48   39   36   33   48   48   45
 [16]   37   60   77   67   76   82   94   87   87   86   86  108  126  114  113
 [31]  121  155  162  177  155  184  195  205  181  188  235  251  267  257  257
 [46]  321  326  289  310  305  347  349  378  394  399  414  468  448  475  491
 [61]  555  568  582  658  640  664  668  730  740  785  793  803  828  878  970
 [76] 1027 1094 1098 1078 1103 1137 1187 1237 1214 1230 1345 1303 1440 1471 1534
 [91] 1543 1591 1605 1640 1806 1849 1840 2010 2124 2233 2235 2339 2389 2489 2611
[106] 2747 2827 2983 3050 3123 3158 3262 3430 3619 3731 3816 3864 4041 4209 4340
[121] 4526

[[106]]
  [1]   10   11   16   17   12    8   18   18   15   16   15   11   12   31   23
 [16]   20   26   30   27   43   41   38   54   72   66   83   70   85   94  105
 [31]  111  120  107  112  101  106  118  138  157  137  142  147  173  190  196
 [46]  191  230  202  240  240  211  253  266  276  257  294  312  300  312  346
 [61]  367  352  375  379  388  395  340  388  420  410  485  449  503  542  524
 [76]  572  574  593  616  637  677  679  729  698  708  755  757  780  882  902
 [91]  949  971 1030 1027 1138 1160 1242 1298 1317 1366 1439 1495 1538 1691 1775
[106] 1858 1846 2046 2033 2147 2219 2233 2333 2559 2650 2680 2846 2931 2988 3233
[121] 3359

[[107]]
  [1]  10  20  19  16  13  11  13  13  15  13  11  18  14  15  10   7  14  11
 [19]  22  10   9   8   7   7   5   8   6  13  15  13  13   5  10  12  23  26
 [37]  22  22  16  16  27  31  38  43  38  35  36  41  43  45  41  38  35  56
 [55]  51  40  44  49  54  48  49  46  43  38  48  44  42  49  52  47  55  61
 [73]  66  63  69  73  73  89  98  81  75  88 107 112  88  95 105 128 119 146
 [91] 147 147 170 183 171 204 235 209 212 195 228 225 254 248 247 303 346 358
[109] 362 409 434 458 479 446 490 499 545 507 503 503 524

[[108]]
  [1]  10   9  13   8  15  23  31  22  19  15  23  19  30  31  17  14  14  27
 [19]  25  16  15  18  27  31  26  27  28  25  27  25  44  54  49  61  49  42
 [37]  29  44  32  36  40  41  42  50  60  46  39  38  41  37  44  38  50  56
 [55]  54  55  55  53  52  66  57  74  73  81  81  82  85 100 101 103 104 108
 [73] 111 119 133 146 124 166 150 186 162 147 178 169 170 192 216 200 235 218
 [91] 276 270 291 284 308 327 355 394 377 368 386 342 363 417 447 422 399 403
[109] 490 470 531 533 518 550 559 561 603 597 641 716 730

[[109]]
  [1] 10  8  7  2  2  2  2  2  1  1  1  1  1  1  1  1  2  1  0  0  0  0  0  0  0
 [26]  0  0  0  0  0  0  0  0  0  0  0  0  0  0  0  0  0  0  0  0  0  0  0  0  0
 [51]  0  0  0  0  0  0  0  0  0  0  0  0  0  0  0  0  0  0  0  0  0  0  0  0  0
 [76]  0  0  0  0  0  0  0  0  0  0  0  0  0  0  0  0  0  0  0  0  0  0  0  0  0
[101]  0  0  0  0  0  0  0  0  0  0  0  0  0  0  0  0  0  0  0  0  0

[[110]]
  [1]  10  10  10   9  15  10  10   9   6   6   8   6  11   7  11   9   7   7
 [19]   7  11  10  11  12  11   9  15  15  10  10  15  18  26  25  24  15  30
 [37]  19  30  17  15  20  31  48  45  38  47  52  56  61  76  65  55  71  87
 [55]  83  79 103  83  83  85  84  97 111 125 126 136 169 153 151 143 136 157
 [73] 153 184 160 171 142 140 163 159 151 136 147 156 161 183 184 159 190 199
 [91] 221 244 242 240 249 268 272 301 271 262 272 303 307 301 328 359 391 420
[109] 416 451 452 463 505 511 506 489 509 474 510 530 507

[[111]]
  [1]  10   7   6  16  13  13  10  14  26  26  19  16  20  21  18  13  14  15
 [19]  32  32  23  23  28  24  25  26  18  18  19  21  18  18  18  31  43  34
 [37]  40  42  39  31  33  41  46  32  31  33  42  34  36  38  31  24  32  31
 [55]  42  42  48  42  43  39  43  47  71  51  47  35  31  34  42  35  39  39
 [73]  34  27  23  28  33  31  31  24  27  38  54  59  52  48  52  57  66  89
 [91]  82  68  88  94  97 103  97 105 110 118 119 139 151 149 133 139 153 190
[109] 197 194 214 211 202 221 216 205 250 218 227 249 241

[[112]]
  [1]   10   19   34   32   28   36   26   21   36   30   28   36   30   39   43
 [16]   46   51   63   60   47   58   70   75   79   71   58   63   65   57   55
 [31]   80   91   90  118   97  130  125  130  121  129  135  167  184  194  164
 [46]  185  196  191  209  246  230  216  232  221  252  305  356  360  334  329
 [61]  360  408  390  395  383  421  429  461  471  465  521  506  523  546  606
 [76]  635  655  668  698  775  801  826  841  873  913  921  908  968  969  993
 [91] 1026 1027 1094 1076 1116 1211 1229 1243 1316 1434 1449 1447 1602 1548 1661
[106] 1792 1837 1936 1996 2140 2282 2379 2430 2579 2621 2693 2793 2881 2991 3151
[121] 3398

[[113]]
  [1]  10   8  10   7   6   4   4   3   7   4   8   9  15  16  13  15  19  22
 [19]  20  20  15  12  20  17  20  20  32  27  32  22  25  17  18  18  16  12
 [37]  18  14  18  12  22  19  29  30  23  29  31  38  36  31  29  36  47  46
 [55]  46  42  35  52  58  71  72  56  65  61  51  53  49  40  57  45  41  68
 [73]  52  51  49  49  56  49  47  65  60  63  54  64  71  85  84  71  57  69
 [91]  70  87 103 111 119 113 114 119 110 121 126 126 132 143 140 156 154 173
[109] 172 172 185 207 212 229 226 257 281 276 308 345 345

[[114]]
  [1]  10  10  17  13  10  18  21  25  19  16  23  16  20  20  30  27  34  40
 [19]  30  33  36  43  36  43  45  53  53  47  37  42  47  52  42  45  49  55
 [37]  63  70  56  54  71  69  64  71  91  98  95  98 111 112 125 104 117 120
 [55] 130 121 121 167 135 138 149 124 143 142 140 151 147 177 178 206 194 193
 [73] 202 227 193 201 206 203 204 223 216 218 232 215 238 239 291 293 272 274
 [91] 312 290 290 309 317 342 381 393 367 368 401 457 497 493 487 511 549 587
[109] 562 600 620 652 647 647 685 762 688 790 791 868 907

[[115]]
  [1]  10  16  17  23  22  20  21  20  26  27  27  28  40  38  25  42  45  47
 [19]  34  44  37  27  35  33  27  35  40  38  47  44  62  59  62  45  38  40
 [37]  46  64  54  62  52  43  35  58  51  45  41  46  46  49  52  55  48  49
 [55]  51  46  37  42  49  52  59  67  79  90  96  76  79  99  91 104 103 102
 [73]  90  99 112 121 123 137 139 136 140 125 155 145 142 167 189 181 208 203
 [91] 234 227 240 243 268 273 258 341 349 363 335 344 358 393 406 392 442 491
[109] 520 504 524 524 608 584 575 632 677 686 694 737 789

[[116]]
  [1] 10  6  5  4  4  4  3  3 13  6  4  3  2  2  2  2  2  2  6  5  4  2  2  5  4
 [26]  2  2  2  2  6 15 15  7  6 10  4  3  3  3  7  5 11 12  9  8 12  8 13 14 13
 [51] 19 23 19 15 17 11 15 14 20 18 16 13 11 10 10 17 15 20 14 19 17 25 28 23 20
 [76] 23 18 26 23 16 12 18 12 14 18 19 15 12 15 22 20 11 20 16 13 16 30 31 25 24
[101] 37 36 28 34 32 34 31 37 43 36 36 32 33 30 25 35 45 51 37 37 35

[[117]]
  [1]  10  14  12  10   9  11  20  17  14  14  11  11   9  16  22  21  15  12
 [19]  27  22  20  21  18  27  22  21  21  18  39  39  35  39  48  44  51  38
 [37]  38  30  37  40  31  28  50  48  53  50  73  54  51  47  33  46  56  45
 [55]  43  40  34  46  46  49  46  45  59  59  60  54  55  55  62  66  71  70
 [73]  59  63  72  85  79  82  74 100  85  74  91  90 100 112  92  82  73 104
 [91] 111 110  95  92  92  87  72  91  93  94 105  87 103 106 141 135 130 116
[109] 108 123 157 165 141 135 150 174 179 185 189 194 182

[[118]]
  [1]   10   15   19   26   24   31   27   20   12   20   34   28   34   44   50
 [16]   38   26   25   29   47   41   40   43   47   55   64   48   48   39   43
 [31]   37   48   47   49   43   47   44   48   52   61   55   48   36   47   59
 [46]   52   63   56   59   59   54   54   78   69   70   64   74   95   93   90
 [61]   99  100  112  115  108  113  126  134  137  135  169  145  159  199  210
 [76]  202  205  225  261  269  279  275  305  351  290  273  311  338  370  353
 [91]  368  382  368  413  477  497  515  474  474  476  493  534  537  551  595
[106]  590  623  699  696  721  754  880  883  942  911  939  979 1021 1076 1080
[121] 1112

[[119]]
  [1]   10    5    5   13   15   13   10    7    6   26   21   18   17   21   21
 [16]   27   23   35   45   40   53   46   50   46   46   40   64   59   81   74
 [31]   72   59   59   74   76   78   85   92  108   87   80   79  102   91  105
 [46]  125  107  125  117  138  134  126  138  148  157  143  164  201  191  191
 [61]  192  230  216  229  267  227  218  252  245  249  278  273  314  300  332
 [76]  376  387  430  451  426  435  428  434  527  552  543  542  543  543  552
 [91]  539  552  590  545  561  598  596  636  658  660  714  749  760  813  773
[106]  848  884  948  940  996 1010 1062 1112 1132 1165 1243 1291 1320 1384 1439
[121] 1520

[[120]]
  [1] 10  8 10  6  5  3  3  3  1  6  4  3  3  3  2  2  2  2  1  1  1  1  7  3  2
 [26]  1  4  3  2  2  2  1  1  1  0  0  0  0  0  0  0  0  0  0  0  0  0  0  0  0
 [51]  0  0  0  0  0  0  0  0  0  0  0  0  0  0  0  0  0  0  0  0  0  0  0  0  0
 [76]  0  0  0  0  0  0  0  0  0  0  0  0  0  0  0  0  0  0  0  0  0  0  0  0  0
[101]  0  0  0  0  0  0  0  0  0  0  0  0  0  0  0  0  0  0  0  0  0

[[121]]
  [1] 10 11  7  5  3  7  4  4  4  4  3  6  2  1  1  0  0  0  0  0  0  0  0  0  0
 [26]  0  0  0  0  0  0  0  0  0  0  0  0  0  0  0  0  0  0  0  0  0  0  0  0  0
 [51]  0  0  0  0  0  0  0  0  0  0  0  0  0  0  0  0  0  0  0  0  0  0  0  0  0
 [76]  0  0  0  0  0  0  0  0  0  0  0  0  0  0  0  0  0  0  0  0  0  0  0  0  0
[101]  0  0  0  0  0  0  0  0  0  0  0  0  0  0  0  0  0  0  0  0  0

[[122]]
  [1]  10  10  10   7   5   5  12   8   6  11   9  18  24  16  25  25  19  13
 [19]  12  32  30  22  19  27  35  24  40  38  33  31  38  33  29  26  32  26
 [37]  29  42  36  38  38  39  43  45  59  54  53  59  71  65  53  67  64  60
 [55]  64  57  70  72  85  87  88 100  76  92  93 101 106 115  99 131 144 149
 [73] 147 155 185 179 164 189 194 186 181 191 207 258 244 253 270 260 249 264
 [91] 255 271 273 283 315 313 349 373 385 402 390 376 416 434 448 513 560 499
[109] 513 568 596 655 679 730 768 790 825 830 865 854 928

[[123]]
  [1]  10  14  15  11   9  17  17  20  28  29  28  34  27  34  38  33  30  19
 [19]  19  23  34  25  21  27  30  20  24  28  28  24  25  26  21  28  41  39
 [37]  37  40  57  39  39  39  50  42  38  56  52  54  48  33  60  63  88  71
 [55]  53  60  71  74  82  78  86  85  80  75  60  71  69  70  89  99  90  93
 [73]  75 115 116 115 121 127 132 128 122 154 186 185 172 171 184 153 174 184
 [91] 163 182 179 193 183 176 216 229 230 237 219 219 223 223 275 297 274 251
[109] 281 296 292 364 370 352 327 346 358 355 367 411 417

[[124]]
  [1]   10    7    6    5   11   10   15   22   12   19   14    9   14   26   33
 [16]   24   18   25   24   31   27   27   33   37   61   49   58   61   61   57
 [31]   50   62   74   86   71   80   76   81   75  100   95   94  100  133  108
 [46]  147  138  124  123  123  156  145  174  154  158  169  148  184  195  219
 [61]  206  197  220  209  235  241  255  254  243  259  259  306  279  334  361
 [76]  363  358  402  416  478  436  441  504  504  491  514  586  623  614  625
 [91]  659  642  701  688  731  783  832  847  921  987  961  967 1017 1115 1151
[106] 1177 1230 1195 1229 1321 1349 1467 1574 1687 1745 1786 1829 1851 1986 1987
[121] 2000

[[125]]
  [1]   10   11   15   13   13    9   13    7   12    9    7   17   12    9    8
 [16]   17   34   24   26   21   18   20   29   19   25   21   24   25   32   39
 [31]   43   59   61   52   52   53   55   63   69   80   73   85   88  112  124
 [46]  151  149  153  157  186  198  220  198  239  248  261  284  311  308  293
 [61]  296  320  360  326  351  385  366  402  387  437  524  533  582  571  568
 [76]  594  594  611  594  602  708  740  761  656  699  765  813  922  926  934
 [91]  960 1005 1089 1128 1113 1117 1193 1301 1278 1365 1376 1541 1588 1665 1712
[106] 1797 1882 1965 1952 2043 2192 2430 2499 2586 2730 2844 2953 3073 3294 3368
[121] 3534

[[126]]
  [1] 10 13  7  6  5  5  2  2  2  1  1  1  1  6  3  2  2  1  1  0  0  0  0  0  0
 [26]  0  0  0  0  0  0  0  0  0  0  0  0  0  0  0  0  0  0  0  0  0  0  0  0  0
 [51]  0  0  0  0  0  0  0  0  0  0  0  0  0  0  0  0  0  0  0  0  0  0  0  0  0
 [76]  0  0  0  0  0  0  0  0  0  0  0  0  0  0  0  0  0  0  0  0  0  0  0  0  0
[101]  0  0  0  0  0  0  0  0  0  0  0  0  0  0  0  0  0  0  0  0  0

[[127]]
  [1] 10 10 10  9 15 16 18 11 14 12 18 14 15 12 14 11 15 12 14 23 19 24 15 18 27
 [26] 16 20 15 18 13 12 21 15 11 17 18 14 11 12 25 23 16 11  9  6  6 11  6  8  6
 [51]  7 11  6  6 12  8  8  7  7  6  5 13 15 11  8 16 29 26 14 17 19 23 16 13 17
 [76] 24 16 14 13 13 16 15 11 15  9 17 10 12  9  8 13 18 16 12  8  8  8 20 29 28
[101] 17 14 15 24 30 23 28 17 39 48 32 31 22 22 28 31 23 18 22 22 34

[[128]]
  [1] 10  8 17 11 16  9  8 10  8  5  6  2  3  1  1  1  0  0  0  0  0  0  0  0  0
 [26]  0  0  0  0  0  0  0  0  0  0  0  0  0  0  0  0  0  0  0  0  0  0  0  0  0
 [51]  0  0  0  0  0  0  0  0  0  0  0  0  0  0  0  0  0  0  0  0  0  0  0  0  0
 [76]  0  0  0  0  0  0  0  0  0  0  0  0  0  0  0  0  0  0  0  0  0  0  0  0  0
[101]  0  0  0  0  0  0  0  0  0  0  0  0  0  0  0  0  0  0  0  0  0

[[129]]
  [1]  10  17  10   8   6  14  12  10   8   9   6   5   8   6   4  11   8  12
 [19]   8   6   5   4  21  23  30  24  22  27  32  44  31  33  24  23  29  27
 [37]  29  32  42  30  39  46  44  60  61  59  67  67  86  62  58  54  67  71
 [55]  65  73  80  69  94  70  78  83  85  93  84  74  68  74  79  88 101  91
 [73]  94 101 103 103 108 117 134 120 153 139 167 187 188 217 217 237 216 225
 [91] 269 270 276 281 283 304 329 356 332 369 385 351 435 418 468 464 496 563
[109] 502 527 535 612 653 721 704 782 800 796 819 869 886

[[130]]
  [1]   10    9    8    7   11    8   10   17   18   22   16   17   14   13    8
 [16]   21   23   18   19   12   32   25   20   19   31   33   36   39   40   32
 [31]   40   53   50   45   37   53   41   46   48   38   52   61   59   71   55
 [46]   58   62   67   70   87   86   80   77   87   93   99   97   95   93   86
 [61]   78  102  129  117  111  135  125  142  143  149  162  129  140  167  170
 [76]  191  191  205  212  232  242  251  255  284  282  298  304  290  290  317
 [91]  308  348  386  428  416  410  385  418  455  477  493  490  531  531  585
[106]  576  547  588  621  661  711  725  741  751  765  749  815  927  927  965
[121] 1001

[[131]]
  [1]   10   19   17   12   10   20   23   18   25   19   31   30   31   25   32
 [16]   22   43   40   32   28   39   46   39   41   43   37   38   42   42   42
 [31]   55   58   47   44   59   67   73   64   67   79   85   82   97   97   82
 [46]   89   82   87  108   89   95  110  116  135  144  160  172  189  172  179
 [61]  178  200  230  281  262  259  267  238  273  282  274  297  283  317  353
 [76]  337  332  337  373  379  386  411  404  414  396  403  401  469  458  475
 [91]  514  513  510  581  635  625  635  654  687  732  819  811  892  910  941
[106]  979 1056 1100 1072 1119 1126 1143 1166 1239 1255 1311 1447 1521 1542 1552
[121] 1621

[[132]]
  [1]   10   14   15   18   13   12   15   13   14   28   21   20   30   19   14
 [16]   13   21   21   28   32   20   13   20   29   33   47   40   41   34   39
 [31]   69   57   70   62   64   63   76   86   83   69   91   97  103   90   94
 [46]  104  102  100  120  108  101   92   82  124  125  114  126  134  155  176
 [61]  152  176  179  190  191  222  216  186  204  204  256  275  280  293  254
 [76]  264  319  352  320  368  371  346  380  413  408  434  459  430  452  441
 [91]  455  461  524  537  570  578  642  676  646  654  746  741  793  775  845
[106]  828  852  916  984 1035 1093 1046 1070 1088 1259 1422 1480 1593 1563 1620
[121] 1668

[[133]]
  [1]   10   15   13    8   10    7    4    2    2    7    9    5    5    5    8
 [16]   13   12   17   16   16   12   15   26   19   26   21   18   15   11   17
 [31]   19   18   13   12   23   26   41   36   34   31   37   42   53   44   37
 [46]   44   49   51   59   68   66   71   89   90   74   76   95  113  113  111
 [61]  112  132  144  149  149  164  188  211  204  251  257  310  298  295  353
 [76]  393  349  385  401  444  479  449  494  535  542  545  535  603  646  689
 [91]  661  720  734  786  773  739  775  827  879  885  887  921 1004 1035 1089
[106] 1132 1211 1261 1273 1399 1392 1405 1463 1588 1692 1737 1795 1903 1828 1968
[121] 2018

[[134]]
  [1]   10   12   14    8   14   18   13    9   18   16   19   20   24   24   18
 [16]   16   20   30   35   28   29   58   51   58   64   79   99   99   97  110
 [31]  107  124  120  127  117  109  121  110   89  123  154  134  112  116  120
 [46]  116  135  135  142  174  156  174  201  199  182  173  186  230  217  187
 [61]  185  163  188  203  207  190  187  188  214  202  196  221  215  246  257
 [76]  253  282  239  305  305  326  304  369  375  387  417  436  452  464  472
 [91]  511  541  559  585  636  646  682  744  751  805  763  831  854  866  882
[106]  962  988 1017 1064 1155 1104 1106 1140 1196 1285 1336 1353 1443 1436 1527
[121] 1637

[[135]]
  [1]  10  18  21  23  26  17  25  23  19  16  19  25  33  29  27  29  39  22
 [19]  27  29  20  37  35  42  30  26  27  42  32  35  27  22  21  19  21  23
 [37]  26  29  33  32  40  62  65  56  60  43  61  65  64  60  65  56  71  66
 [55]  65  64  72  73  66  64  65  73  76  73  86  74  91  79  88 104 131 129
 [73] 134 124 140 161 141 153 157 171 149 183 183 199 209 198 223 224 225 248
 [91] 294 292 327 326 300 306 317 318 340 345 381 386 421 418 451 438 471 473
[109] 510 517 566 589 651 657 687 725 745 734 798 839 814

[[136]]
  [1]   10   11    8    5    5   11    6    8   12   10    8    7    7   17   15
 [16]   12    9    7    6    6   10    7    5   10   12   19   17   30   30   28
 [31]   21   16   18   33   31   22   22   25   33   45   32   47   42   50   56
 [46]   53   59   64   50   67   53   73   75   96   99  101   83   83   88  104
 [61]  116  108   98  144  152  140  161  168  168  165  147  145  149  174  184
 [76]  183  192  208  215  221  212  261  250  276  262  279  291  327  309  343
 [91]  347  324  353  375  406  439  449  504  513  544  554  559  596  630  670
[106]  696  783  779  873  887  939  951 1041 1071 1153 1122 1169 1140 1203 1317
[121] 1466

[[137]]
  [1]   10   12    6    5    3    7    6    6    5    5    3    6   24   25   22
 [16]   11    9    5    7    6   10    8    6    6   12   25   31   30   22   27
 [31]   21   26   24   18   25   30   43   39   40   40   54   61   55   54   63
 [46]   73   72   56   44   67   49   57   56   60   72   76   76   67   67   84
 [61]   76   94   87   73   58   80   94  112  126  164  135  142  136  149  180
 [76]  181  171  194  200  199  198  225  251  230  229  230  280  282  296  316
 [91]  338  336  345  359  405  413  435  461  537  478  479  532  538  574  539
[106]  536  614  628  688  705  719  860  855  881  885  926  965 1008 1032 1036
[121] 1096

[[138]]
  [1] 10 15  8 11  9 10  8  7  6 14 10  8  4  9  2  1  1  1  1  1  4  2  1  1  1
 [26]  1  1  1  6  1  1  1  1  0  0  0  0  0  0  0  0  0  0  0  0  0  0  0  0  0
 [51]  0  0  0  0  0  0  0  0  0  0  0  0  0  0  0  0  0  0  0  0  0  0  0  0  0
 [76]  0  0  0  0  0  0  0  0  0  0  0  0  0  0  0  0  0  0  0  0  0  0  0  0  0
[101]  0  0  0  0  0  0  0  0  0  0  0  0  0  0  0  0  0  0  0  0  0

[[139]]
  [1]   10   12    9    8   11    8    7    5    3    3    3    2    6   11   17
 [16]   10    9   14   17   18   11   13   14   12    9    9   17   25   29   35
 [31]   30   29   25   27   41   38   44   52   58   55   50   56   55   80   71
 [46]   72   63   68   73   85  117  117  111  119  151  162  145  151  160  206
 [61]  204  183  180  195  205  243  244  238  253  292  317  312  292  314  311
 [76]  317  414  405  412  399  395  415  420  474  483  468  494  550  582  583
 [91]  593  611  611  622  728  783  823  828  815  796  846  953  955  978 1033
[106] 1061 1143 1180 1270 1259 1227 1268 1323 1384 1550 1564 1659 1785 1780 1781
[121] 1811

[[140]]
  [1]   10    8   15   13    9    8    5    3    2   10   11   13   14   10   13
 [16]   11   10    9    6    7   18   12   11   19   16   13   23   27   30   27
 [31]   24   41   45   42   47   41   59   57   68   57   56   85   76   78   78
 [46]   80  109  102   88   98  112  109  111  132  104   97  122  126  157  186
 [61]  226  198  186  232  254  272  283  291  316  292  310  343  368  390  373
 [76]  354  423  476  483  490  527  487  539  599  605  637  614  656  686  722
 [91]  766  766  768  834  849  891  886  944 1077 1049 1068 1140 1164 1220 1316
[106] 1317 1378 1472 1555 1667 1688 1660 1745 1769 1767 1890 1992 2035 2153 2207
[121] 2366

[[141]]
  [1]  10   8   6   6   6  12  21  20  14  13  11  11  16  16  19  20  17  20
 [19]  21  17  20  21  26  36  34  37  37  40  30  28  31  24  35  26  30  24
 [37]  24  28  22  25  26  20  21  21  35  29  32  32  29  30  25  32  32  32
 [55]  34  33  52  49  36  32  49  75  71  75  93  88 103  98 126 105 117 107
 [73] 107 119 108 117 115 128 148 135 153 143 153 150 148 146 170 170 166 165
 [91] 153 165 159 175 192 220 230 233 221 255 237 228 231 286 264 307 336 317
[109] 308 294 319 378 383 361 391 426 460 440 458 503 512

[[142]]
  [1] 10 15 16 18 13 11  8 14 17 13 12 17 18 16 22 15 11 14 12 12 11 23 19 24 19
 [26] 14 12 11 20 18 19 15 19 15 22 21 24 22 26 19 23 19 20 25 17 28 24 33 45 46
 [51] 34 33 25 38 37 45 40 38 36 26 34 33 42 42 37 36 34 30 29 30 36 55 62 60 59
 [76] 72 63 67 58 65 68 70 62 65 52 41 32 39 60 54 58 56 56 53 56 53 46 55 47 51
[101] 45 45 48 45 47 49 34 28 35 37 46 48 41 38 54 53 59 56 51 50 38

[[143]]
  [1]   10   15   20   21   17   20   27   25   36   35   47   38   34   50   55
 [16]   55   48   49   55   83   78   69   65   70   99   94   97   95  120  114
 [31]  118  138  142  133  161  185  159  188  197  225  197  186  206  224  225
 [46]  210  255  268  261  256  275  261  301  269  309  324  328  312  322  323
 [61]  313  332  330  341  342  352  361  376  356  364  408  402  396  436  456
 [76]  478  453  477  498  493  513  543  546  560  536  590  615  660  745  682
 [91]  718  757  753  757  822  824  912  929  967  978 1072 1064 1095 1110 1179
[106] 1279 1376 1412 1440 1537 1626 1716 1879 1905 2060 2049 2085 2206 2366 2456
[121] 2458

[[144]]
  [1] 10 10 11  8 22 20 26 15 12  9  9  6  6 13 11  9 16 15 13 15 13 11 16  8  6
 [26] 10 16  9  7  6  6  4  3  3  7  7  6  6  5  4  8  9  6  6  6  8 12 12 18 11
 [51] 13 11  8  8 21 19 16 12  9 18 13 16 13  9  6  6  6 13 16 13  9  8  6 18 24
 [76] 16 18 14 14 14 20 21 26 29 24 18 13 19 20 17 11  8  7  4  2  6  4  1  6  4
[101]  4  4  4  4  4  4  9 15 14  9  7  6  6 10 12  5  4  9  3  3  3

[[145]]
  [1]  10   8  12   9   8  13  11   9  15  19  16  21  25  22  25  19  25  24
 [19]  18  24  21  24  31  29  23  30  35  44  41  51  48  49  46  60  62  62
 [37]  50  48  50  50  55  50  43  42  51  50  59  58  71  66  50  63  67  57
 [55]  65  60  66  63  74  76  72  71  70  89 103 103  92  96 102 118 112 116
 [73] 122 110 134 139 153 149 155 168 172 183 162 147 198 202 218 208 212 214
 [91] 219 231 251 232 238 235 263 268 265 293 312 313 322 321 348 352 364 374
[109] 411 424 459 475 462 447 476 468 487 488 548 548 566

[[146]]
  [1]  10  18  20  15  12  15  12  11   9  12   8   8  15  13   7   5   4   3
 [19]   2   8   5   5   4  14   9   6   4   4  11  15  11  10  10  17  20  26
 [37]  29  30  22  20  27  42  43  50  54  52  47  58  50  44  37  48  56  49
 [55]  56  62  57  62  58  48  37  54  54  45  44  45  62  57  50  50  52  56
 [73]  65  65  56  72  60  69  67  81  81  83  85  73  62  61  64  66  61  84
 [91]  85  90  93  83 108 147 135 134 136 145 159 174 152 168 155 163 167 180
[109] 163 188 208 193 211 196 177 217 235 265 260 236 220

[[147]]
  [1]  10  15  12  15  10  14  13  21  20  16  24  22  14  12  15  26  15  14
 [19]  18  22  31  25  24  18  15  16  19  18  12  20  27  21  11  10  14  21
 [37]  30  21  16  34  22  27  23  27  24  30  38  38  58  58  65  57  48  60
 [55]  64  75  82  67  79  74  68  71  73  84  78  61  57  67  84  71  78  79
 [73]  95 117 103  87  86  70  78 102 122 135 134 129 155 153 186 171 165 169
 [91] 222 211 214 201 228 239 238 226 243 261 308 321 309 341 367 360 407 425
[109] 421 434 488 452 521 536 528 604 645 633 691 705 799

[[148]]
  [1]  10  12   9   8   9  18  17  17  12  12   9   3   3   3   3   3   8   8
 [19]   5   3   3   3   3   8   5   4   4   3   3   3  10   7  13   7   6   9
 [37]   7  14  14  16  16  19  21  22  16  18  31  44  35  31  22  25  41  29
 [55]  30  35  35  45  31  26  24  24  31  29  28  31  31  41  50  57  54  61
 [73]  46  51  43  52  58  67  59  51  50  61  49  69  76  68  68  78  82  96
 [91]  96 104 112 134 131 144 139 137 125 144 156 184 189 221 205 201 207 212
[109] 205 205 206 196 231 192 215 203 200 219 229 228 252

[[149]]
  [1]  10  12  19  20  15  18  14  10   8  15  18  19  11  15  16  20  24  30
 [19]  25  28  26  24  29  42  43  42  40  51  61  61  55  49  47  57  48  40
 [37]  53  57  61  67  81  78 110 107  94  85  96 114 144 164 152 137 126 137
 [55] 116 140 135 116 117 107 125 144 138 140 139 140 139 167 161 155 150 175
 [73] 153 190 192 169 184 199 201 212 176 195 205 210 222 232 241 256 238 252
 [91] 246 274 266 285 278 288 279 306 305 313 360 361 396 436 430 461 518 561
[109] 582 528 519 513 578 573 591 583 594 600 650 732 683

[[150]]
  [1]   10    8   14   12   11   17   19   12   15   33   41   30   31   33   49
 [16]   46   47   42   43   52   50   56   61   50   47   51   65   68   72   83
 [31]   77   73   66   80   75   84   93   86  112   97   93  117  115  126   98
 [46]   95   96  126  118  112  129  113   96   93   98  109  115  124  128  131
 [61]  139  133  126  152  157  196  189  226  231  229  254  262  284  272  307
 [76]  329  345  357  364  406  471  478  505  496  538  559  591  623  647  641
 [91]  735  765  746  761  745  799  827  921 1038 1094 1131 1222 1220 1207 1297
[106] 1396 1465 1480 1611 1651 1714 1846 1867 1905 1947 2016 2164 2194 2289 2325
[121] 2625

> save(reslist, file=paste("output",iter,".rda",sep=""))
> 
> 
> ###############################################################
> 
> 
> # Clear the workspace and turn off graphics.
> #  Load all the functions you need by sourcing the provided demographic.R file
> #  Read in the job number from the cluster. To do this, your code should include a new
> # variable iter and should start with the line:
> # iter <- as.numeric(Sys.getenv(PBS_ARRAY_INDEX))
> #  Control the random number seeds so that each parallel simulation takes place with a
> # different seed. Your function should therefore set the random number seed as iter so that
> # each parallel simulation has a unique random seed.
> #  In each parallel run, select the initial condition to be used. Ensure that 25 of the parallel
> # simulations are allocated to each of the initial conditions.
> #  Create a variable which is the filename to store your results. The end of the filename
> # should be the number iter to ensure that simulation files do not overwrite one another on
> # the cluster.
> #  Initialise a list which will contain the results of your 150 simulations.
> #  Call the stochastic_simulation function to do the appropriate simulation 150 times,
> # appending the output to the results list, and then save the results list.
> 
> #four initial conditions (25 cluster runs per)
> #each cluster run runs simulation 150 times
> #1) large population of 100 adults
> #2) small population of 10 adults
> #3) 100 individuals spread
> #4) small population of 10 individuals
> 
R has finished running

============================================

        Job resource usage summary 

                 Memory (GB)    NCPUs
 Requested  :         1             1
 Used       :         0 (peak)   1.00 (ave)

============================================
