R is about to run

R version 4.4.1 (2024-06-14) -- "Race for Your Life"
Copyright (C) 2024 The R Foundation for Statistical Computing
Platform: x86_64-conda-linux-gnu

R is free software and comes with ABSOLUTELY NO WARRANTY.
You are welcome to redistribute it under certain conditions.
Type 'license()' or 'licence()' for distribution details.

R is a collaborative project with many contributors.
Type 'contributors()' for more information and
'citation()' on how to cite R or R packages in publications.

Type 'demo()' for some demos, 'help()' for on-line help, or
'help.start()' for an HTML browser interface to help.
Type 'q()' to quit R.

> 
> 
> growth_matrix <- matrix(c(0.1, 0.0, 0.0, 0.0,
+ 0.5, 0.4, 0.0, 0.0,
+ 0.0, 0.4, 0.7, 0.0,
+ 0.0, 0.0, 0.25, 0.4),
+ nrow=4, ncol=4, byrow=T)
> 
> reproduction_matrix <- matrix(c(0.0, 0.0, 0.0, 2.6,
+ 0.0, 0.0, 0.0, 0.0,
+ 0.0, 0.0, 0.0, 0.0,
+ 0.0, 0.0, 0.0, 0.0),
+ nrow=4, ncol=4, byrow=T)
> 
> clutch_distribution <- c(0.06,0.08,0.13,0.15,0.16,0.18,0.15,0.06,0.03)
> 
> #=========================================================================================
> rm(list=ls())
> graphics.off()
> source("Demographic.R")
> source("kl2621_HPC_2024_main.R")
[1] 0 0 0 0 3
[1] 3 3 2 2 2
[1] 2 2
 [1] 7 4 3 3 3 3 1 1 1 1 1 1 1 1 1 1 1 1 1 1 1
> 
> 
> ###4 initial conditions
> 
> ############################################################
> 
> 
> 
> #VVVVVVVVVVVV-------------COMMENT ME OUT WHEN RUNNING THE THING
> #iter <- 5
> #VVVVVVVVVVV--------------UNCOMMENT ME OUT
> iter <- as.numeric(Sys.getenv("PBS_ARRAY_INDEX"))
> set.seed(iter)
> 
> 
> if (iter <= 25) {
+ initial_state <- state_initialise_adult(4,100) #100 adults
+ } else if (iter >25 && iter <= 50) {
+ initial_state <- state_initialise_adult(4,10) #10 adults
+ } else if (iter >50 && iter <= 75) {
+ initial_state <- state_initialise_spread(4,100) #100 spread
+ } else {
+ initial_state <- state_initialise_spread(4,10) #10 spread
+ }
> 
> reslist <- list()
> 
> ####100 cluster runs
> ###################################################
> ####150 runs of stochastic_simulation per cluster run
> for (i in 1:150) {
+     #################################
+     ###120 steps of stochastic_simulation per simulation
+     stochasticresult <- stochastic_simulation(initial_state,growth_matrix,reproduction_matrix,clutch_distribution,120)
+     reslist[[i]] <- stochasticresult
+     #################################
+ }
> ###################################################
> 
> print(reslist)
[[1]]
  [1]   10   28   29   25   21   24   27   22   41   43   36   41   43   45   44
 [16]   48   56   63   65   69   47   59   77   83   81   74   86   82   81  101
 [31]   87   91   94  130  129  119  109  111  123  122  147  154  130  146  167
 [46]  151  178  184  185  170  182  190  207  231  218  254  221  236  236  280
 [61]  312  352  376  357  399  417  480  440  499  511  525  557  552  568  579
 [76]  628  604  641  684  675  716  781  813  822  857  909  960  961 1013 1042
 [91] 1117 1102 1078 1151 1213 1220 1297 1378 1387 1419 1493 1572 1671 1661 1811
[106] 1886 1990 2053 2168 2288 2364 2452 2533 2672 2741 3025 3100 3287 3464 3531
[121] 3629

[[2]]
  [1]   10   26   21   22   23   22   35   29   21   29   27   27   26   19   17
 [16]   14   22   20   19   18   21   19   27   23   25   21   20   26   37   43
 [31]   51   50   55   57   54   56   63   52   67   81   82   92   77   91  114
 [46]  101  110  110  106  128  132  157  147  151  162  142  136  125  128  162
 [61]  143  158  170  156  176  177  191  166  177  195  211  246  236  256  259
 [76]  285  271  300  327  328  352  357  400  382  400  421  425  426  469  507
 [91]  505  547  548  539  552  676  669  684  721  664  716  781  845  856  904
[106]  933  996  993 1046 1071 1106 1151 1231 1306 1349 1373 1472 1523 1546 1533
[121] 1623

[[3]]
  [1]  10  40  34  33  24  20  19  22  22  29  39  36  32  33  29  33  34  25
 [19]  35  22  19  26  26  27  26  26  37  35  29  33  32  40  45  36  33  43
 [37]  33  46  42  33  36  42  48  43  41  48  37  36  38  32  47  52  61  59
 [55]  62  54  72  61  79  97 111 107  93 104 113 118 116 119 124 118 130 112
 [73] 156 134 133 130 141 170 187 170 169 158 185 206 209 203 211 229 253 270
 [91] 287 305 307 304 304 348 348 329 341 438 466 440 487 515 532 602 585 609
[109] 559 610 697 726 720 770 818 848 830 956 993 938 995

[[4]]
  [1]   10   39   26   19   18   22   34   39   34   24   35   38   23   20   18
 [16]   22   35   42   52   44   44   51   57   58   54   61   78   68   87   78
 [31]   96  107  109  105  116  127  169  163  135  125  144  147  174  169  179
 [46]  164  214  179  167  189  208  232  222  272  265  281  288  317  334  330
 [61]  352  355  313  333  351  375  403  387  368  423  403  431  484  508  505
 [76]  510  491  557  528  640  610  653  676  649  654  700  794  752  792  790
 [91]  795  832  918  949  969 1025 1058 1186 1241 1265 1290 1254 1302 1300 1382
[106] 1462 1511 1559 1632 1680 1716 1705 1788 1908 2052 2128 2109 2154 2336 2426
[121] 2574

[[5]]
  [1]  10  34  21  18  15  14  17  14  14  13  11   6   7  13  15  13  10  18
 [19]  13  16  24  28  21  16  15  19  29  27  38  31  34  39  51  43  51  45
 [37]  51  50  73  55  62  66  58  56  53  66  71  77  69  70  80  71  60  68
 [55]  68  56  63  62  49  44  71  59  57  74  85  97  84  92  79  82 106 108
 [73]  98  84  97 122 112  93 101 113 104 128 123 121 111 107 123 129 119 142
 [91] 143 172 166 202 209 244 254 253 268 259 287 302 309 317 298 338 331 331
[109] 335 348 381 408 445 478 503 500 506 523 569 635 638

[[6]]
  [1]  10  49  40  31  27  37  37  40  31  36  26  24  28  29  33  23  26  31
 [19]  23  29  23  26  35  33  35  35  34  39  36  48  57  40  34  40  34  35
 [37]  41  36  37  37  33  32  20  33  32  36  43  50  67  51  63  59  74  86
 [55]  72  91  75  91 105 100 110 103 112 133 137 150 136 136 118 132 130 154
 [73] 149 159 151 159 190 212 220 202 196 201 205 242 244 257 245 224 200 258
 [91] 273 262 270 295 310 341 334 337 359 379 440 432 458 469 569 548 545 547
[109] 532 580 610 618 618 614 638 670 745 737 738 778 764

[[7]]
  [1]   10   26   31   27   21   23   25   23   26   32   26   35   25   40   33
 [16]   35   44   48   37   48   36   46   53   50   42   43   38   37   39   59
 [31]   70   61   73   72   93   92   87   82   66   86  115  124  123  117  111
 [46]  109  145  144  130  140  128  130  163  158  174  174  175  182  179  172
 [61]  198  195  205  213  229  233  250  226  251  257  286  291  312  329  331
 [76]  310  379  447  439  427  423  497  508  478  522  563  589  631  648  721
 [91]  716  733  807  826  885  904  924  951 1042 1004 1047 1092 1184 1236 1287
[106] 1339 1307 1367 1447 1498 1588 1634 1712 1683 1777 1888 1912 2026 2091 2148
[121] 2254

[[8]]
  [1]  10  25  19  12  12  18  17  13  12  12  17  18  15  16  18  21  21  14
 [19]  16  15  23  25  31  38  34  39  30  31  52  51  65  54  65  76  83  93
 [37]  98  88  93  96 141 134 139 135 127 139 124 127 129 137 125 135 134 136
 [55] 152 149 158 161 140 135 150 148 170 165 145 140 141 131 120 122 130 124
 [73] 139 122 131 121 148 149 141 154 151 157 156 157 152 150 164 175 183 160
 [91] 164 182 211 230 248 267 234 248 278 291 289 302 349 321 306 320 312 301
[109] 370 411 419 411 398 420 437 475 519 487 546 540 593

[[9]]
  [1]   10   45   58   44   43   42   43   55   58   57   67   60   74   95   91
 [16]   74   73   87  110  112  100   88   77   80   70   72   59   63   86  111
 [31]  107  123  125  134  140  129  147  157  179  180  185  171  192  208  211
 [46]  218  202  221  214  225  227  246  277  296  316  279  343  351  328  330
 [61]  372  405  386  430  388  427  456  483  510  491  495  485  577  578  528
 [76]  556  583  600  600  694  722  742  785  828  850  868  888  977 1040 1019
 [91] 1050 1059 1109 1141 1125 1189 1268 1333 1415 1463 1543 1642 1669 1668 1785
[106] 1760 1882 1924 1935 1992 2176 2207 2260 2402 2523 2683 2633 2681 2835 3004
[121] 3229

[[10]]
  [1]   10   32   36   24   21   24   21   23   26   40   37   61   66   62   53
 [16]   47   97  104   86   85   86   91   87   95  110  114  104  102  106  121
 [31]  116  103  119  101  135  135  125  114  122  155  166  148  148  135  150
 [46]  138  143  154  177  156  153  152  151  176  187  194  227  192  236  285
 [61]  320  321  280  356  373  436  454  468  490  497  528  556  588  619  667
 [76]  732  746  693  741  748  737  797  832  913  964  942  943  949 1014 1061
 [91] 1060 1112 1205 1290 1334 1377 1445 1602 1575 1610 1617 1694 1818 1898 1964
[106] 1948 2124 2165 2246 2285 2424 2514 2585 2562 2775 2924 3011 3100 3298 3279
[121] 3556

[[11]]
  [1]  10  42  34  34  34  30  49  41  48  41  44  32  38  37  32  27  38  55
 [19]  46  47  50  45  47  51  53  59  64  52  43  45  41  48  46  51  49  44
 [37]  40  52  57  55  59  67  53  59  59  58  48  50  42  61  64  65  65  49
 [55]  49  68  72  68  89  99  94  83  75  91 107 100  89  90 111 123 115 123
 [73] 169 150 149 143 163 189 196 205 212 230 216 228 240 227 211 252 276 258
 [91] 258 244 279 283 269 285 278 303 300 328 366 362 375 386 380 427 466 447
[109] 460 471 498 512 590 605 612 699 703 726 738 748 794

[[12]]
  [1]  10  25  11   9   9  17  17  13  11  22  23  15  13  16  27  32  25  29
 [19]  29  27  34  38  35  32  27  33  34  24  37  41  46  39  57  66  54  51
 [37]  48  43  54  51  42  44  46  46  41  54  57  48  45  44  48  82  75  67
 [55]  58  64  63  58  73  76  76  96 108  87  85  85 116 137 141 145 151 174
 [73] 180 182 219 213 205 188 222 235 241 279 275 284 286 290 356 340 333 290
 [91] 324 345 354 360 412 408 417 394 426 499 543 556 534 486 522 557 541 561
[109] 612 672 694 715 715 765 803 766 776 792 870 910 999

[[13]]
  [1]  10  38  31  27  22  24  28  36  42  33  30  41  60  50  51  40  41  50
 [19]  49  59  44  38  37  74  83  76  75  68  62  90  72  77  76  69  74  68
 [37]  65  79  90  76  80  79  83  69  76  87  79  70  73  83  86 106 103  92
 [55]  97 111  96  77  83 104 115 102  97 117 120 141 132 148 159 172 181 188
 [73] 190 198 183 199 189 198 258 266 260 292 290 275 309 388 347 328 363 345
 [91] 376 355 394 400 415 382 394 418 437 423 423 460 477 501 486 489 579 604
[109] 593 575 597 641 651 684 669 706 741 708 777 785 821

[[14]]
  [1]   10   27   32   30   20   19   13   20   17   13   14   11   23   24   15
 [16]   11   11   15   31   27   28   25   26   23   45   45   42   43   41   45
 [31]   51   48   49   46   52   50   43   39   48   73   53   65   62   76   98
 [46]   86  103  102  118  135  154  138  146  153  157  180  165  151  174  178
 [61]  182  196  173  186  205  230  227  245  253  231  265  254  290  289  256
 [76]  270  307  375  373  365  354  363  372  380  373  392  456  507  513  535
 [91]  527  567  589  657  685  702  754  763  807  809  865  892  902  954  999
[106] 1108 1128 1114 1132 1194 1311 1329 1338 1379 1499 1555 1596 1730 1697 1780
[121] 1774

[[15]]
  [1]   10   24   25   21   20   29   35   41   36   37   32   45   61   61   49
 [16]   39   59   62   80   84   61   82   59   61   78  117  120  107  129  119
 [31]  142  131  143  158  180  169  163  176  218  255  239  229  251  245  264
 [46]  287  288  338  359  318  338  329  378  424  440  465  450  413  474  557
 [61]  469  513  562  612  588  619  635  678  706  647  677  822  823  799  792
 [76]  812  841  904  978 1010  993 1082 1107 1210 1231 1249 1311 1424 1489 1558
 [91] 1618 1655 1735 1802 1970 1990 2057 2114 2252 2297 2444 2408 2478 2560 2680
[106] 2848 2931 2994 3200 3470 3611 3730 3933 4009 4168 4343 4459 4554 4715 5013
[121] 5128

[[16]]
  [1]  10  18  17  14  10  10  16  12   9   7   7  11  10  12  15  12  16  16
 [19]  16  17  15  25  35  32  31  31  33  34  52  50  43  45  43  47  56  40
 [37]  55  73  77  88  63  73  60  53  72  68  54  58  73  74  74  72  85  86
 [55]  93  94  87  90  82  86 109  99  85  84 105 123 154 127 129 127 137 118
 [73] 134 139 169 170 172 191 211 202 231 232 261 259 244 255 280 287 300 327
 [91] 295 305 315 365 376 376 388 377 380 383 424 441 457 475 561 562 559 562
[109] 589 641 620 682 702 716 726 800 833 875 968 963 955

[[17]]
  [1]  10  27  17  13  14  18  15  13  10   8  15  15  16  13  12  21  15  10
 [19]  10   5   5  19  15  13  17  10   8   6   5  12  12  12   9  10  23   9
 [37]   7   7   8  11   7  10  11   9   7   6  10  15   9  12   9  11   6   8
 [55]  15  17  19  20  17  16  22  16  32  45  50  52  47  51  47  60  54  65
 [73]  67  79  84  69  67  89  89 101  88  85  75  79  75  85  93 118 129 108
 [91] 126 135 137 134 133 140 149 174 156 171 153 158 179 179 193 232 205 238
[109] 233 265 267 284 331 291 277 324 348 385 384 371 357

[[18]]
  [1]   10   30   32   33   28   26   27   33   41   36   38   34   43   45   54
 [16]   37   44   49   50   51   53   48   53   61   66   79   87  100  117  112
 [31]  101  116  123  130  140  144  140  145  143  148  129  147  186  200  193
 [46]  201  209  245  238  249  243  228  245  241  234  238  282  331  309  313
 [61]  336  361  406  397  358  366  410  437  459  448  438  444  476  495  526
 [76]  574  579  624  605  659  598  623  685  787  795  783  857  864  859  885
 [91]  989 1056 1126 1133 1219 1171 1297 1257 1400 1427 1442 1417 1620 1614 1745
[106] 1866 1938 1891 1955 2050 2111 2167 2240 2399 2461 2631 2811 2876 2820 2827
[121] 2986

[[19]]
  [1]   10   27   26   13    9    8   13   10   25   21   15   12   21   32   33
 [16]   36   35   49   59   61   68   59   50   53   43   58   66   58   45   59
 [31]   50   56   52   58   67   65   82  111  101   99  120  109  126  138  162
 [46]  149  148  170  165  165  183  173  170  195  210  228  247  256  259  248
 [61]  228  268  282  273  268  277  299  329  359  380  355  352  356  390  420
 [76]  474  446  492  508  537  495  609  626  627  596  647  683  707  728  777
 [91]  811  845  894  890  905  906  977  974 1071 1095 1083 1090 1136 1144 1173
[106] 1288 1326 1440 1410 1504 1516 1560 1596 1719 1859 1899 1919 1958 2072 2254
[121] 2339

[[20]]
  [1]   10   16   45   34   30   25   28   21   18   22   33   31   22   30   29
 [16]   36   35   36   34   33   38   45   46   45   44   31   25   30   36   39
 [31]   29   28   29   28   43   47   50   56   46   61   62   51   52   78   82
 [46]   75   76   74   71   74   69   69   82   86   85   82  102  108  105   94
 [61]  121  113  142  123  151  147  128  128  146  167  156  139  152  171  188
 [76]  208  199  210  214  209  222  251  251  257  263  267  248  273  314  323
 [91]  298  333  365  391  350  396  408  441  469  522  501  530  554  585  604
[106]  622  662  689  677  711  724  762  788  796  808  857  879  933  974 1017
[121] 1081

[[21]]
  [1]   10   37   40   33   26   20   23   27   24   29   20   19   25   24   24
 [16]   28   19   22   30   43   62   41   29   30   22   19   34   46   46   55
 [31]   48   48   55   47   49   60   56   57   65   61   57   53   53   54   76
 [46]   87   79   64   74   69   73   82   67   65   77   93   88   73   94   88
 [61]   81   90  101  108  107  107  105  110  119  117  152  137  156  152  153
 [76]  131  168  174  209  226  184  198  173  213  244  229  197  213  248  270
 [91]  238  270  283  350  359  383  398  403  417  445  472  506  503  539  561
[106]  558  592  619  679  751  811  865  892  858  899  883  948  964 1008 1071
[121] 1027

[[22]]
  [1]   10   33   26   22   21   26   34   28   38   37   33   34   29   27   29
 [16]   39   40   32   33   26   28   32   36   61   39   53   60   55   63   69
 [31]   83   68   73   80   90   85   94   91   71  103  101   92   94   89  111
 [46]   99  120  101  113  126  148  162  162  162  164  215  218  203  250  231
 [61]  264  234  209  241  257  263  259  281  279  304  302  307  307  329  303
 [76]  302  305  318  318  324  300  303  330  355  363  385  411  381  417  424
 [91]  450  432  499  447  524  555  579  637  654  681  632  694  762  825  852
[106]  885  940  983 1047 1101 1074 1059 1086 1231 1287 1322 1428 1441 1456 1474
[121] 1469

[[23]]
  [1] 10 31 28 20 17 11 19 20 17 12 20 14 10  5 12  8  9  6  6  6  9  5  4  3  1
 [26]  0  0  0  0  0  0  0  0  0  0  0  0  0  0  0  0  0  0  0  0  0  0  0  0  0
 [51]  0  0  0  0  0  0  0  0  0  0  0  0  0  0  0  0  0  0  0  0  0  0  0  0  0
 [76]  0  0  0  0  0  0  0  0  0  0  0  0  0  0  0  0  0  0  0  0  0  0  0  0  0
[101]  0  0  0  0  0  0  0  0  0  0  0  0  0  0  0  0  0  0  0  0  0

[[24]]
  [1]  10  31  13  16  19  17  13  12  22  19  31  18  15  12  22  33  28  31
 [19]  29  34  26  28  27  41  35  35  47  53  34  44  44  52  51  37  32  31
 [37]  32  33  32  34  39  33  33  50  47  40  43  45  42  55  61  69  92  82
 [55]  63  70  73 101  91  79  93  96 117 138 126 124 110 107 115 108 126 101
 [73] 121 140 170 146 141 158 169 186 194 221 244 228 265 255 240 286 284 287
 [91] 291 310 328 348 364 376 345 382 406 385 422 430 469 503 506 515 502 539
[109] 576 567 592 633 607 641 655 721 657 663 698 690 776

[[25]]
  [1]  10  31  29  21  15  30  25  26  29  36  35  27  33  31  31  45  47  53
 [19]  45  61  65  81  77  80  96  75  74  76  88  87  86  90  76  72  58  99
 [37]  88  99  89  80  75  84  91  80  98  82  99 107 114 118 140 172 148 146
 [55] 125 111 110 121 131 131 123 119 102  99 101 116 110 111 115 117 132 142
 [73] 145 142 137 131 140 123 126 133 134 139 162 173 201 195 221 230 226 239
 [91] 254 265 243 304 309 312 310 368 386 403 398 457 460 460 491 487 536 587
[109] 546 611 634 632 655 638 711 762 799 800 885 935 964

[[26]]
  [1]  10  34  23  17  16  23  17  20  21  25  21  15  19  19  18  13  17  13
 [19]  17  20  10  15   9   9   9  19  12  11  16  22  21  26  18  15  24  30
 [37]  37  32  31  28  27  30  47  45  32  30  29  38  33  45  47  62  63  68
 [55]  71  53  62  59  65  56  76  68  70  82  82  90  77  74 106 103 108 102
 [73]  88 104 104 118 126 119 139 141 119 129 146 155 176 196 193 196 191 196
 [91] 221 227 273 275 310 301 329 382 376 375 373 407 416 411 449 469 453 453
[109] 468 469 488 509 541 586 633 654 623 686 751 759 759

[[27]]
  [1]   10   24   33   22   13   18   18   22   27   29   31   28   37   25   23
 [16]   18   22   25   29   22   23   26   26   44   37   31   30   48   48   62
 [31]   40   34   28   29   39   49   79   59   69   54   69   82   93   93   96
 [46]   92   89  112  124   97  111  140  147  141  146  142  184  202  198  193
 [61]  182  195  216  204  215  225  261  261  270  296  301  299  302  322  423
 [76]  456  416  415  430  440  404  455  474  511  541  540  603  606  612  648
 [91]  688  727  790  846  874  876  886  930  950 1038 1020 1073 1070 1111 1186
[106] 1258 1349 1374 1351 1328 1425 1488 1638 1704 1690 1705 1805 1872 1990 2004
[121] 2091

[[28]]
  [1]   10   20   36   23   20   18   15   25   34   37   23   22   17   26   16
 [16]   16   17   30   31   33   36   28   40   39   33   36   42   43   53   45
 [31]   44   69   66   70   73   62   55   68   72   62   81   93   87   98  103
 [46]  102   88  108  119  122  104  125  135  143  148  178  201  174  177  186
 [61]  198  179  193  216  214  215  224  223  213  213  209  211  185  193  265
 [76]  256  273  241  248  278  280  315  345  356  354  374  400  380  392  386
 [91]  425  439  471  441  464  455  490  541  577  568  625  635  666  680  712
[106]  676  759  809  823  772  795  853  927  974 1028 1101 1189 1231 1273 1348
[121] 1425

[[29]]
  [1]   10   24   30   24   18   22   33   34   37   29   28   31   34   37   32
 [16]   36   44   47   46   60   60   42   54   50   50   57   45   48   45   46
 [31]   63   55   44   41   56   55   52   55   51   42   73   65   63   60   55
 [46]   67   78   89   84   77   86   88   82   70   78   85   83  102   97   98
 [61]  119  125  122  111  129  146  178  162  170  166  158  189  172  197  205
 [76]  210  233  213  193  234  253  230  223  226  243  260  280  280  330  310
 [91]  329  323  359  360  378  410  433  454  460  478  506  497  533  579  632
[106]  653  713  698  730  758  775  829  877  895  874  857  962  955 1040 1064
[121] 1064

[[30]]
  [1]   10   46   34   32   31   34   31   38   40   32   28   24   34   40   42
 [16]   37   30   27   49   64   61   56   63   51   54   57   66   64   66   59
 [31]   68   85   94  108   91  116  109  108  113  142  165  154  146  134  149
 [46]  163  153  181  169  166  182  177  188  234  236  274  256  285  270  287
 [61]  296  322  326  308  332  338  338  384  441  432  424  408  382  432  479
 [76]  482  519  569  531  559  558  592  616  673  675  691  723  742  811  849
 [91]  835  871  933  948 1003 1042 1081 1092 1133 1157 1256 1347 1377 1381 1431
[106] 1539 1511 1692 1741 1705 1776 1933 1982 2074 2080 2272 2553 2512 2496 2518
[121] 2720

[[31]]
  [1]   10   17   16   14   13   11    9   15    9   16   11   16   15   24   19
 [16]   22   16   38   35   42   36   39   35   44   50   44   40   44   45   46
 [31]   51   52   68   54   72   73   57   71   83   90   76   92  102  109  110
 [46]  117  122  137  130  128  140  145  177  164  185  202  196  179  179  170
 [61]  218  241  242  246  241  272  251  253  278  303  314  336  315  346  331
 [76]  324  373  410  392  410  427  387  431  487  482  484  527  535  554  501
 [91]  521  578  602  644  595  630  590  638  660  655  757  768  838  809  858
[106]  854  969 1010  987 1060  982 1111 1163 1160 1231 1281 1338 1411 1405 1429
[121] 1472

[[32]]
  [1]   10   42   44   33   27   27   31   31   39   39   28   29   33   35   33
 [16]   34   40   43   50   56   63   60   53   57   49   60   68   49   73   85
 [31]   81   75   71   82   64   59   68   59   84   85   87  107   98   89   97
 [46]  104  115  124  140  125  122  134  117  162  173  150  165  166  177  192
 [61]  203  226  224  223  229  227  250  286  343  347  407  450  410  398  411
 [76]  451  476  469  484  467  518  582  602  602  683  691  732  762  714  754
 [91]  788  775  840  836  868  902  951  975 1012 1153 1115 1177 1311 1331 1333
[106] 1304 1435 1450 1527 1631 1791 1843 1928 1924 2036 2280 2459 2363 2384 2446
[121] 2686

[[33]]
  [1]   10   35   40   28   22   25   33   32   30   41   33   32   41   32   57
 [16]   60   62   45   50   41   59   61   64   55   63   56   52   61   69   70
 [31]   64   77   68   85   88   75   72   98   92  111  106  110  121  110  119
 [46]  132  112  125  123  138  118  136  151  184  155  151  148  125  141  152
 [61]  151  157  183  189  223  219  216  242  247  289  265  252  251  247  267
 [76]  289  294  268  299  274  274  352  347  375  426  453  445  440  475  477
 [91]  465  548  557  561  647  701  690  695  727  717  737  814  765  785  847
[106]  899  959 1012  976 1014 1101 1136 1169 1165 1202 1328 1348 1396 1529 1569
[121] 1555

[[34]]
  [1]  10  37  26  17  14  12  12  12   9   9  14  10   9  13  14  17  21  13
 [19]  15   9  13  16  23  30  18  22  21  16  17  21  29  23  22  30  35  29
 [37]  25  30  26  38  35  37  42  41  28  33  32  47  54  67  69  56  55  69
 [55]  67  77  90  93 101  94 104 107 109 126 122 121 121 144 144 124 139 143
 [73] 169 185 160 173 157 173 181 217 231 184 198 193 219 208 209 275 281 312
 [91] 312 312 360 354 313 284 320 370 358 389 455 432 461 495 462 482 530 633
[109] 645 668 692 720 728 687 722 773 789 782 763 755 812

[[35]]
  [1]   10   26   30   20   20   19   18   16   23   14   23   17   17   20   28
 [16]   18   17   20   30   29   25   30   33   32   31   32   32   26   31   35
 [31]   42   43   50   44   56   44   53   44   43   60   58   54   58   72   65
 [46]   67   55   50   56   59   60   70   86   86   72   95   95  116  136  144
 [61]  148  155  141  153  166  170  188  194  193  188  190  251  233  222  253
 [76]  290  269  299  318  311  343  353  357  402  425  419  409  486  501  517
 [91]  546  589  599  593  644  680  668  717  711  735  866  894  856  867  988
[106]  940 1017 1025 1082 1128 1171 1191 1264 1379 1399 1380 1451 1473 1537 1593
[121] 1753

[[36]]
  [1]   10   40   32   26   25   29   34   33   19   25   22   39   34   32   33
 [16]   29   30   36   44   33   41   63   51   37   42   44   45   46   47   64
 [31]   54   54   58   66   83   86   78   74   73   74   83   86   86   79   86
 [46]  103  110   97   84   97   99  102  103  104  120  127  111  108  115  129
 [61]  122  116  126  133  140  169  189  208  188  192  167  179  205  187  212
 [76]  194  187  188  213  218  201  216  178  198  213  236  259  237  244  271
 [91]  281  318  323  325  330  316  380  409  430  470  522  506  523  576  583
[106]  596  626  633  650  715  711  752  867  830  870  916  936  987 1067 1085
[121] 1209

[[37]]
  [1]  10  37  35  19  23  17  15  19  17  19  29  22  21  26  22  21  23  17
 [19]  24  26  29  27  23  26  35  33  31  40  50  57  54  55  64  65  62  71
 [37]  87  72  72  82  78  75  79  81  90  71  81  75  72  74  71  81 103  93
 [55]  88  95 102  79  94  93  75  90  82  83  95 100 114 111  85  95 102 123
 [73] 116 123 142 133 131 123 143 144 145 142 125 169 161 152 148 146 160 143
 [91] 118 142 186 173 188 188 176 183 214 197 217 233 235 248 290 330 324 340
[109] 316 336 336 380 405 407 373 400 437 446 406 405 452

[[38]]
  [1]   10   35   29   33   28   25   22   41   49   45   44   45   40   49   51
 [16]   65   67   54   74   99   90   81   70   75   86   95   83   72   87   83
 [31]   74   78   88   91  107  118  119  102  110  130  158  160  142  174  158
 [46]  154  177  206  213  203  219  210  250  247  261  265  263  259  289  279
 [61]  300  310  258  277  301  333  370  391  352  395  417  426  460  479  517
 [76]  502  525  513  596  631  633  600  618  640  701  746  756  778  808  821
 [91]  866  894  904  911  970 1004 1072 1113 1186 1254 1287 1365 1408 1443 1486
[106] 1590 1669 1754 1844 1907 2011 2100 2252 2349 2401 2510 2583 2726 2922 2954
[121] 3067

[[39]]
  [1]   10   32   34   23   21   23   26   22   27   17   14   16   25   23   24
 [16]   19   14   15   16   28   15   16   15   19   23   22   24   26   17   25
 [31]   38   35   28   42   44   55   54   60   55   74   80   64   70   74   84
 [46]   94  103  101   89   99  115  122  127  147  170  154  141  136  115  134
 [61]  140  194  173  206  192  210  187  212  267  266  242  249  271  288  313
 [76]  299  286  320  293  334  335  362  362  415  406  408  429  470  480  456
 [91]  466  515  525  508  575  508  519  559  583  576  580  606  597  646  690
[106]  659  701  694  749  771  777  839  819  900  954  968  973 1065 1123 1068
[121] 1192

[[40]]
  [1] 10 35 15 11 10 14  9  8  6  5  5  4 10  7  7  7  5  4  4  3  3  5  3  3  2
 [26]  6  4  4  4  4  3  2  2  2  6  3  1  1  0  0  0  0  0  0  0  0  0  0  0  0
 [51]  0  0  0  0  0  0  0  0  0  0  0  0  0  0  0  0  0  0  0  0  0  0  0  0  0
 [76]  0  0  0  0  0  0  0  0  0  0  0  0  0  0  0  0  0  0  0  0  0  0  0  0  0
[101]  0  0  0  0  0  0  0  0  0  0  0  0  0  0  0  0  0  0  0  0  0

[[41]]
  [1]  10  28  19  20  17  13  12  10  11  16  13  12  10  14  13  24  20  25
 [19]  26  25  33  26  33  35  27  29  19  24  36  33  33  40  52  66  42  45
 [37]  34  32  36  33  22  38  38  34  30  31  28  24  18  20  15  13  23  22
 [55]  30  26  21  19  14  16  23  27  25  19  19  16  26  24  20  30  34  35
 [73]  32  39  36  36  42  40  36  66  71  98  90  87  86  97  85  83  81  87
 [91]  84  79  75 100 103 119 102  80  79 106 102  93  94 106 100 112 109 106
[109] 126 122 116 110 109 105 119 115 147 147 163 170 168

[[42]]
  [1]   10   42   31   26   28   29   52   53   38   45   37   44   46   42   48
 [16]   53   47   42   67   61   63   53   43   45   43   42   38   42   46   69
 [31]   66   77   67   67   68   69   70   70   96  112  135  107  109  100  105
 [46]  115  125  149  149  170  180  184  160  167  208  236  258  286  290  293
 [61]  310  326  318  354  374  369  353  394  471  472  545  551  541  578  565
 [76]  573  633  657  662  672  678  669  750  793  850  839  836  887  886  902
 [91]  945 1030 1063 1137 1211 1186 1242 1323 1370 1389 1404 1400 1537 1512 1602
[106] 1599 1656 1799 1885 1999 2068 2139 2176 2255 2414 2448 2639 2668 2792 2911
[121] 2915

[[43]]
  [1]   10   36   32   24   20   34   21   24   25   34   30   37   50   54   46
 [16]   47   35   67   69   59   51   48   50   56   84   88   80   79   79   77
 [31]   79   99   86  140  132  109  103  103  133  169  163  171  161  194  253
 [46]  269  294  281  265  260  331  330  360  350  364  406  398  449  439  475
 [61]  514  549  546  567  498  575  564  592  613  627  691  645  682  694  735
 [76]  834  892  896  816  870  935  959  975 1140 1151 1218 1207 1240 1244 1310
 [91] 1418 1618 1705 1690 1771 1807 1944 2053 2093 2141 2142 2286 2398 2550 2664
[106] 2758 2903 2895 3093 3292 3458 3613 3707 3932 4039 4279 4479 4712 4836 5111
[121] 5425

[[44]]
  [1]   10   27   28   22   19   14   16   20   21   11   13   15   11   16   22
 [16]   17   11   12   17   12   10    9    9   22   31   39   31   29   31   48
 [31]   52   60   65   60   47   77   85   98   94   98   94  122  104  129  131
 [46]  138  146  148  163  159  150  156  168  193  213  238  236  225  237  245
 [61]  237  284  302  312  338  354  333  372  383  387  388  437  448  486  487
 [76]  524  514  492  526  561  563  599  616  648  689  705  732  761  723  739
 [91]  781  851  884  893  874  932  987 1056 1085 1123 1191 1208 1278 1388 1388
[106] 1416 1474 1529 1625 1716 1707 1722 1853 1866 1906 2042 2096 2161 2173 2341
[121] 2407

[[45]]
  [1]  10  45  42  32  23  18  20  19  19  16  22  18  23  31  28  34  41  28
 [19]  34  42  41  52  45  45  47  38  46  62  69  67  84  74  61  58  71  75
 [37]  82  66  56  50  54  70  55  63  69  61  67  60  79  66  61  52  49  55
 [55]  53  39  39  53  57  57  61  54  50  65  79  67  65  78  95 104  89  99
 [73]  88  96  96 106 125 120 114 128 135 141 134 148 154 173 154 171 158 174
 [91] 183 206 197 214 230 250 247 258 266 266 290 308 328 348 359 336 393 387
[109] 367 394 433 442 498 496 472 494 545 566 560 585 610

[[46]]
  [1]  10  21  14  10  13  13  12  19  22  26  21  24  27  28  27  37  37  41
 [19]  40  42  60  61  53  47  39  49  36  32  44  44  59  52  45  43  45  47
 [37]  37  42  46  52  57  53  58  56  61  89  77  74  67  79  86  91  75  84
 [55] 108 123 125 110 128 148 140 142 156 154 158 176 175 186 209 213 197 216
 [73] 198 166 151 170 165 160 191 174 198 203 193 182 188 221 228 266 267 291
 [91] 274 289 330 326 335 350 347 349 390 439 410 373 422 444 416 497 470 474
[109] 488 506 472 519 520 564 588 589 565 571 590 697 702

[[47]]
  [1]  10  42  38  27  21  26  17  26  28  24  31  21  18  16  39  34  31  24
 [19]  22  25  32  35  26  21  17  14  21  23  36  33  25  29  28  33  46  44
 [37]  46  43  52  62  60  67  61  55  59  69  73  67  81  73  77  74  83  87
 [55]  86  96  89  95  95  80 121 153 142 130 110 116 106 115 120 112 121 131
 [73] 145 134 112 152 156 155 169 170 172 160 162 169 195 219 248 230 237 252
 [91] 265 256 262 262 299 302 287 300 299 310 299 287 286 294 318 317 324 331
[109] 337 400 410 442 421 455 486 567 595 665 684 683 695

[[48]]
  [1]   10   26   19   12   12   16   11   22   15   16   17   17   24   19   15
 [16]   14   11   20   18   25   18   13   24   30   46   35   37   39   40   34
 [31]   50   57   57   65   58   75   67   71   74   83   75   86   80  103  119
 [46]  110  105  115  112  118  146  133  166  170  179  187  170  181  170  246
 [61]  263  268  262  286  319  311  344  366  401  406  400  431  426  439  452
 [76]  459  473  483  483  529  498  570  593  629  605  643  692  722  734  749
 [91]  859  875  880  888  943 1003 1080 1135 1191 1186 1242 1306 1411 1415 1493
[106] 1516 1629 1593 1631 1701 1797 1911 2053 2183 2227 2360 2469 2500 2577 2670
[121] 2810

[[49]]
  [1]   10   29   21   19   15   11   18   20   19   16   20   27   34   34   31
 [16]   32   23   35   31   35   35   27   31   49   47   38   36   44   43   53
 [31]   53   51   71   60   60   61   77   66   87   96   95   98   96   80   72
 [46]   75   91   90   89   89  103  116  135  119  119  115  109  121  122  123
 [61]  138  141  141  143  132  137  151  133  145  156  167  165  176  196  199
 [76]  226  224  226  277  258  256  265  279  318  328  338  333  332  323  370
 [91]  427  403  479  447  498  522  489  508  561  591  632  641  650  709  764
[106]  732  814  835  894  888  856  919  949  962  934  938  996 1110 1109 1143
[121] 1192

[[50]]
  [1]   10   43   36   22   24   22   27   26   39   41   55   49   63   58   65
 [16]   64   61   64   85   71   68   86   93  102  106  110   75   78  103  123
 [31]  113  123  122  126  147  131  131  134  141  160  174  202  190  182  171
 [46]  176  180  197  200  213  204  221  218  232  220  248  224  255  302  254
 [61]  268  283  309  370  429  418  404  441  456  459  503  525  499  541  532
 [76]  615  608  602  632  724  708  774  745  762  833  928  936  949  945  961
 [91] 1005 1099 1162 1221 1259 1363 1425 1514 1547 1669 1758 1850 1863 1944 2061
[106] 2145 2194 2263 2240 2426 2572 2877 2895 3025 3154 3261 3384 3529 3731 3794
[121] 3926

[[51]]
  [1]   10   43   47   56   46   34   37   35   36   22   28   29   25   27   36
 [16]   34   43   47   50   35   40   37   45   47   51   46   46   59  101  106
 [31]  107   91  117  129  122  117  123  122  119  115  107   97  117   98  110
 [46]  129  104  122  130  137  135  149  140  142  144  138  147  141  164  179
 [61]  180  152  170  185  226  219  221  207  232  263  235  250  283  276  312
 [76]  343  330  337  320  298  283  293  333  345  378  372  379  415  448  452
 [91]  429  433  491  502  523  541  533  548  581  523  540  571  586  628  654
[106]  676  705  757  789  726  804  803  895  919  941  959 1039 1162 1160 1220
[121] 1291

[[52]]
  [1]   10   23   20   23   22   17   21   14   24   18   21   24   18   25   21
 [16]   23   18   24   27   40   38   36   39   38   44   37   44   52   59   49
 [31]   61   81   90   85   84   91  125  120  117  115  121   94  117  132  156
 [46]  162  166  167  175  179  189  196  209  191  215  225  252  241  260  255
 [61]  253  232  257  293  275  291  302  327  380  364  369  333  394  385  408
 [76]  417  427  410  480  489  505  519  576  647  701  718  727  789  881  862
 [91]  837  845  923 1003  999 1068 1042 1139 1155 1236 1300 1296 1371 1432 1560
[106] 1562 1651 1690 1755 1776 1880 1944 2125 2233 2324 2400 2489 2604 2709 2764
[121] 2807

[[53]]
  [1]   10   40   28   24   20   19   18   36   34   43   39   40   20   20   21
 [16]   27   32   31   39   30   41   46   38   31   43   58   61   48   47   44
 [31]   43   40   42   40   61   55   67   82   69  110  107  103  102  100  122
 [46]  141  123  122  135  122  138  136  149  171  156  173  200  168  225  233
 [61]  227  271  275  298  266  302  305  336  329  317  394  390  396  389  465
 [76]  457  489  480  542  547  607  589  604  620  650  683  760  805  831  904
 [91]  962  940 1016 1110 1172 1280 1281 1233 1281 1432 1381 1469 1467 1543 1627
[106] 1665 1710 1777 1860 1910 2099 2124 2250 2262 2401 2591 2736 2742 2827 3021
[121] 3147

[[54]]
  [1]  10  39  31  18  21  19  16  12  17  21  22  22  21  16  23  16  12  12
 [19]  11   7   4  10  10   6   6   5   3   9   4   3   3   2   2   2   1   1
 [37]   1   1   1   1   1   1   1   5   7   3   3   3   1   1   1   1   7  11
 [55]   7   7   7  18  17  29  24  30  27  35  32  44  37  30  35  33  42  45
 [73]  36  37  38  30  44  62  53  56  43  58  70  91  95  73  83 105  96  79
 [91]  82  97  94 100  83 100 106 136 126 119 113 114 146 145 152 158 154 141
[109] 168 186 174 163 184 185 196 195 207 218 224 259 247

[[55]]
  [1]   10   28   54   58   68   62   76   66   71   73   85  102   93   88  100
 [16]  106  113  130  147  172  187  195  207  205  246  217  214  231  255  246
 [31]  246  247  229  244  277  255  250  265  318  363  352  368  353  346  394
 [46]  399  463  510  496  501  511  550  629  655  645  706  695  705  748  739
 [61]  800  822  807  845  956  929  948  963  985 1024 1108 1182 1245 1317 1377
 [76] 1346 1411 1417 1532 1639 1785 1903 1896 1931 1984 2082 2206 2240 2248 2305
 [91] 2422 2577 2566 2750 2960 3016 3177 3281 3376 3482 3727 3937 4175 4439 4509
[106] 4721 4750 4896 5089 5290 5508 5567 5833 6107 6267 6597 6897 7313 7326 7683
[121] 7974

[[56]]
  [1]   10   33   49   45   32   35   36   45   47   60   46   48   45   55   55
 [16]   68   65   57   64   64   70  121  108  124  116  127  135  140  143  145
 [31]  160  163  218  234  242  233  233  210  245  260  281  281  278  296  284
 [46]  313  328  337  316  388  386  433  393  404  420  432  495  485  501  504
 [61]  525  582  569  602  575  566  594  638  667  676  664  714  720  778  849
 [76]  857  898  984 1017 1090 1140 1133 1184 1231 1307 1365 1431 1430 1450 1528
 [91] 1536 1597 1786 1836 1827 1837 1977 2138 2116 2169 2212 2290 2433 2507 2577
[106] 2658 2824 2868 2972 3171 3109 3260 3328 3547 3631 3931 4209 4520 4534 4548
[121] 4702

[[57]]
  [1]   10   35   27   20   17   15   12   26   38   38   22   21   36   27   36
 [16]   31   38   26   22   30   33   26   24   34   29   31   24   29   33   37
 [31]   45   34   41   51   66   60   56   48   54   54   81   68   90   78   79
 [46]   98   91  107  107  100  123  110  135  109  111  129  125  133  133  135
 [61]  109   98  106  147  157  169  167  198  199  190  212  226  228  255  240
 [76]  233  248  257  271  264  271  259  329  306  356  367  341  382  398  425
 [91]  386  408  426  501  492  481  497  555  573  639  654  637  695  699  650
[106]  675  719  774  850  897  835  890  876  932  983 1053 1004 1035 1043 1157
[121] 1151

[[58]]
  [1]  10  43  47  31  19  23  19  20  22  10  13  23  16  25  26  20  31  32
 [19]  36  28  36  27  19  23  30  25  30  21  20  36  44  38  31  32  34  51
 [37]  49  51  40  49  44  43  53  64  60  56  72  77  71  79  76  72  81  95
 [55] 114  93  90 115 112 119 100 112 119 112 124 146 142 139 155 160 158 135
 [73] 123 136 125 144 154 156 182 188 204 175 194 216 249 282 249 244 263 269
 [91] 281 254 256 276 334 325 337 342 381 412 371 398 420 457 498 499 507 517
[109] 573 601 629 616 622 662 639 667 769 819 830 872 907

[[59]]
  [1]   10   34   37   28   26   35   34   36   31   25   29   40   47   40   34
 [16]   46   42   50   57   70   66   68   58   56   64   70   95  104  127  102
 [31]  103  106  114  122  128  140  151  168  187  213  229  213  225  230  246
 [46]  252  267  301  304  321  336  378  407  391  359  382  362  394  435  480
 [61]  501  465  508  532  532  586  604  596  553  606  659  684  716  744  788
 [76]  786  855  885  902  906  894  948  949 1008 1043 1138 1148 1170 1230 1273
 [91] 1354 1446 1371 1412 1472 1608 1731 1811 1884 1859 1895 2110 2191 2276 2329
[106] 2371 2548 2636 2771 2902 2859 2888 3124 3322 3374 3508 3513 3722 3956 4219
[121] 4241

[[60]]
  [1]   10   25   22   22   16   15   30   28   30   24   37   35   41   44   50
 [16]   46   49   46   39   60   58   65   62   49   56   69   69   76   85   94
 [31]   88   92   87   91  100   95   90   74   90   80  101  127  127  139  134
 [46]  133  120  131  183  207  209  174  177  200  204  242  237  251  263  308
 [61]  343  369  358  371  396  422  461  433  450  482  547  569  590  600  608
 [76]  652  720  756  781  816  847  848  858  887  955 1077 1081 1141 1147 1186
 [91] 1217 1279 1267 1392 1417 1539 1703 1704 1759 1836 1927 2044 2091 2155 2338
[106] 2391 2587 2695 2817 2789 3043 3144 3281 3393 3530 3695 3885 3947 4136 4360
[121] 4581

[[61]]
  [1]  10  20  16  19  15   9   8  12  13  10  10   8  22  15  13  13  10  13
 [19]  20  11  14  15  12   8  10   6   6   5   4   4   1   1   1   7  12  16
 [37]   9  20  20  22  17  17  17  20  19  20  24  19  20  19  21  17  26  17
 [55]  20  20  25  33  35  32  45  42  34  39  53  48  59  45  41  41  49  55
 [73]  79  86  73  89  75  76  78  76 100 119 119 117 130 114 107 119 122 143
 [91] 149 140 143 137 144 148 146 142 161 161 176 190 206 187 189 187 210 232
[109] 224 214 232 207 226 234 246 256 279 271 285 293 313

[[62]]
  [1]   10   32   17   15   15   15   14   31   34   34   38   29   27   30   49
 [16]   35   41   36   33   35   42   54   71   64   66   65   58   66   73   76
 [31]   65   70   67   76   66   50   67   56   61   59   73   84   77   71   87
 [46]   82   85  101  123  158  161  162  175  167  179  193  231  226  198  236
 [61]  211  261  286  281  276  316  347  322  311  298  368  382  439  442  482
 [76]  492  514  558  536  529  579  641  634  702  744  808  833  881  887  971
 [91]  987  945  952 1020 1149 1197 1200 1249 1296 1341 1387 1400 1537 1577 1581
[106] 1638 1782 1830 1906 1910 1915 1914 2105 2103 2203 2293 2334 2479 2723 2769
[121] 2756

[[63]]
  [1] 10 17 14 11  8  7 14 12  9  9  7 17  9  8  7  7 13 20 20  9  7  5  5  5  8
 [26]  6  3  3  2  2  2  2  2  7 11  7  5  5  3  3  2  2  2  7  7  7  7  7 12 13
 [51] 14  9  7  6 18 15  9 14 15 14 10  9 15 26 24 14 18 22 27 20 20 15 13 29 35
 [76] 26 35 32 23 27 30 40 45 52 47 44 40 29 31 28 26 33 44 40 32 27 36 26 42 39
[101] 29 36 28 40 38 38 55 40 32 28 41 34 37 34 39 53 59 55 51 66 76

[[64]]
  [1]   10   26   32   17   16   10   14   16   23   35   21   19   24   23   20
 [16]   18   18   20   20   19   17   26   20   22   24   44   47   35   31   26
 [31]   43   66   68   71   71   79   76   92  106  114  115  120  114  108   97
 [46]  115  124  133  129  118  130  129  121  102  102   95  112  150  157  175
 [61]  147  128  162  179  152  141  161  176  147  175  199  226  222  198  218
 [76]  225  237  224  242  275  245  249  293  309  300  299  328  362  390  441
 [91]  489  432  427  445  536  522  585  564  622  649  744  752  780  844  872
[106]  914  989 1074 1049 1102 1106 1163 1250 1284 1363 1454 1472 1545 1518 1661
[121] 1770

[[65]]
  [1]  10  16  13  12  11  23  24  21  20  19  24  23  34  35  25  21  27  34
 [19]  31  33  42  33  37  30  34  41  40  55  41  38  61  65  54  58  55  64
 [37]  80  63  48  50  71  64  52  52  46  49  68  96  84  84  75 100  92 118
 [55]  98  99  99  94 114 112 119 108 100 115 129 125 141 120 130 164 164 163
 [73] 158 165 175 204 220 195 182 194 240 226 213 234 207 198 198 229 258 252
 [91] 292 292 312 320 333 335 308 329 381 397 381 418 440 451 437 455 491 508
[109] 548 609 617 601 633 625 691 749 723 822 834 803 833

[[66]]
  [1]   10   24   28   23   20   20   29   28   26   20   20   21   27   33   22
 [16]   32   38   48   49   34   42   40   48   43   48   49   49   49   53   63
 [31]   49   49   42   42   54   64   77   80   77   65   64   55   63   56   64
 [46]   70   70   77   91   81   90   86  103   99  101  104  110  115  125  124
 [61]  121  112  162  145  145  135  172  177  174  188  177  195  197  222  235
 [76]  240  256  251  273  291  285  288  326  335  337  337  375  390  397  357
 [91]  384  411  436  413  427  510  496  530  552  521  570  633  646  645  702
[106]  785  780  804  771  798  811  850  986  872  853  905  914 1058 1179 1220
[121] 1227

[[67]]
  [1]   10   33   18   21   16   13   17   21   12   10   14   13   19   16   33
 [16]   39   40   35   41   44   64   55   55   64   61   54   65   79   65   77
 [31]   75   79   81   83   94   91   95   94   87   78   77   83  108  120  137
 [46]  127  158  134  150  156  162  207  194  201  201  223  256  235  247  277
 [61]  256  244  330  352  358  338  331  376  400  406  441  483  472  495  529
 [76]  563  572  564  607  586  617  641  707  720  837  852  865  884  995  997
 [91] 1037 1097 1177 1241 1270 1215 1292 1317 1313 1409 1464 1583 1631 1748 1891
[106] 1977 2075 2132 2225 2283 2375 2540 2655 2662 2714 2928 3031 3085 3234 3395
[121] 3612

[[68]]
  [1]  10  33  26  16  12  11  15  27  30  17  11  17  17  16  17  20  16  28
 [19]  21  15  15  21  33  29  30  25  29  28  27  27  26  39  38  35  32  38
 [37]  25  27  37  23  21  23  23  23  28  25  26  20  19  32  26  25  26  24
 [55]  37  25  45  30  25  27  25  43  44  42  45  49  50  47  54  60  66  73
 [73]  76  91  70  57  56  60  69  87  78  85  95 113 109 112 108 103 109  98
 [91]  94 127 127 110 108 116 131 109 111 139 145 143 156 199 255 248 221 247
[109] 250 269 298 300 292 263 252 309 331 330 336 350 362

[[69]]
  [1]  10  32  29  26  24  19  21  15  17  14  13  14  15   9  14  15  16  13
 [19]  17  19  14  11  18  19  15  18  11  12  19  15  19  21  17  17  29  32
 [37]  34  31  28  40  48  43  38  31  61  57  61  63  55  64  66  73  67  63
 [55]  82  65  68  68  91  82  83  85 113  95 117  97  96 115 103  90 110 134
 [73] 122 134 150 139 145 166 146 144 170 196 206 162 176 200 206 217 238 259
 [91] 227 279 276 285 302 296 288 317 327 349 372 411 415 427 432 508 541 584
[109] 616 597 618 603 659 683 745 799 800 815 870 899 904

[[70]]
  [1]  10  32  25  18  16  12  12  11  10   6  12   7   5   9  10   6   5   5
 [19]  15  11  17  13  15   8   8  12   9  18  10  13   9   7   7  15  14  24
 [37]  14  18  26  31  29  26  19  22  21  22  32  35  28  26  36  37  53  43
 [55]  50  43  40  42  46  53  65  74  80  62  55  68  63  72  71  69  76  75
 [73]  76  68  63  76  82  99  88  93  90 112  96  79  79 102 127 123 102  97
 [91] 126 139 121 128 120 135 159 172 177 173 176 177 190 191 222 237 226 217
[109] 254 253 255 269 233 229 267 263 266 271 283 317 311

[[71]]
  [1]   10   52   39   29   25   33   27   36   35   31   30   31   24   20   24
 [16]   31   39   26   21   22   27   25   20   43   31   34   39   36   41   39
 [31]   47   65   73   57   52   53   54   75   72   74   55   58   81   68   78
 [46]   92   90   86   94   99  143  144  113  125  127  125  135  146  147  149
 [61]  134  171  157  181  148  198  243  230  239  208  226  277  264  267  293
 [76]  316  290  279  317  366  393  398  396  405  402  459  497  545  514  563
 [91]  599  608  707  685  745  725  743  761  817  786  848  786  855  945  943
[106]  945 1009 1084 1112 1112 1137 1208 1260 1228 1290 1381 1365 1374 1426 1470
[121] 1488

[[72]]
  [1]   10   38   24   16   15   17   14   28   20   20   22   23   19   25   27
 [16]   29   23   18   24   50   43   30   25   28   39   47   42   39   50   61
 [31]   64   57   57   58   60   67   79   85  107   94  109  107  121  127  158
 [46]  143  131  119  163  194  192  167  181  219  201  211  212  204  193  213
 [61]  245  253  261  256  289  267  263  241  237  239  244  249  258  282  249
 [76]  294  312  314  362  351  343  336  368  427  445  445  460  481  495  528
 [91]  557  589  621  576  696  727  782  776  822  892  917  921  911 1027 1027
[106] 1080 1114 1192 1239 1236 1313 1392 1427 1558 1684 1706 1799 1837 2022 1958
[121] 1964

[[73]]
  [1]   10   42   43   30   35   28   38   38   35   37   39   54   47   35   35
 [16]   44   71   49   60   68   91   72   78   93  102  132  121  115  123  142
 [31]  156  156  148  161  155  161  148  169  148  145  167  192  216  228  193
 [46]  198  234  225  255  211  225  267  235  272  257  288  292  302  299  310
 [61]  358  358  357  339  328  332  368  421  499  499  570  621  597  563  608
 [76]  675  707  741  712  739  757  800  884  957  939  994  957 1019 1102 1182
 [91] 1182 1367 1349 1350 1348 1553 1504 1593 1670 1714 1769 1820 1922 2006 2032
[106] 2171 2235 2321 2455 2553 2604 2605 2650 2865 3051 3219 3366 3364 3450 3570
[121] 3948

[[74]]
  [1]  10  32  24  21  25  20  26  31  38  37  34  33  31  22  42  52  54  42
 [19]  40  42  53  51  41  47  52  52  54  50  50  44  48  54  53  70  67  52
 [37]  57  51  42  37  39  43  40  68  49  46  37  37  43  34  30  36  45  35
 [55]  51  35  50  57  54  60  66  79  73  88  91 102  91  91 110 119 117 139
 [73] 141 177 149 158 150 160 172 166 195 194 181 170 160 168 167 159 156 174
 [91] 169 160 157 156 194 210 193 209 232 241 246 238 258 264 288 274 288 299
[109] 305 329 389 450 406 402 425 396 447 476 511 484 500

[[75]]
  [1]  10  52  34  32  21  25  23  25  16  14  13  26  34  27  23  20  23  26
 [19]  31  19  16  12  17  24  22  24  20  40  37  39  45  42  48  40  27  30
 [37]  30  35  50  37  39  38  38  37  39  41  46  63  64  79  60  66  70  58
 [55]  67  58  75  67  69  69  76  56  51  54  59  50  55  57  54  41  47  67
 [73]  66  75  62  75  88  93  76  95  96  98 103 111 111  99  97  96 106 104
 [91] 120 116 122 120 111 115 130 135 143 149 158 155 198 211 248 236 228 208
[109] 249 276 255 289 257 275 307 336 308 341 336 339 335

[[76]]
  [1]   10   23   19   18   17   14   19   27   21   23   27   31   49   48   40
 [16]   40   50   63   63   69   67   69   97  107  106  113  144  144  142  141
 [31]  145  167  128  147  157  164  155  165  147  136  176  161  192  187  202
 [46]  183  209  212  245  267  262  279  257  298  350  348  354  389  407  487
 [61]  468  449  489  474  527  556  614  635  584  605  625  664  750  694  692
 [76]  670  731  769  850  850  863  891 1003 1020  995  990 1031 1147 1161 1129
 [91] 1180 1305 1333 1388 1396 1386 1385 1591 1724 1755 1752 1766 1891 2021 2078
[106] 2075 2206 2310 2384 2470 2651 2731 2847 2856 3058 3213 3515 3469 3631 3770
[121] 3806

[[77]]
  [1]   10   28   21   17   20   26   22   26   28   36   34   30   32   50   53
 [16]   61   55   49   55   44   60   75   87   94   98   90  114  113   97  114
 [31]  114  117  136  140  123  171  152  136  139  156  186  186  203  219  221
 [46]  223  255  289  305  313  312  334  344  370  408  407  412  394  449  470
 [61]  492  513  504  532  536  537  552  569  641  594  625  671  688  740  685
 [76]  729  797  817  830  847  937 1024 1085 1102 1188 1198 1303 1299 1430 1486
 [91] 1545 1615 1737 1792 1866 1944 2040 2073 2189 2234 2355 2371 2482 2579 2696
[106] 2747 2857 2991 3199 3314 3350 3490 3723 4008 4211 4465 4508 4679 4876 5064
[121] 5257

[[78]]
  [1]   10   37   35   33   32   39   42   58   41   37   44   50   67   59   57
 [16]   55   60   58   71   68   83   92   94   70   73   98  108  101   95   97
 [31]  102  133  127  155  143  159  168  194  196  225  230  229  212  242  245
 [46]  279  295  284  293  312  323  354  395  382  386  406  375  445  459  497
 [61]  488  507  559  560  595  591  577  650  688  736  707  758  748  800  799
 [76]  819  854  925  939  971 1052 1055 1045 1130 1155 1126 1298 1316 1307 1349
 [91] 1374 1370 1500 1457 1587 1708 1736 1782 1894 1947 2090 2185 2217 2243 2296
[106] 2428 2651 2715 2753 2844 3011 3244 3395 3391 3623 3685 3682 3885 4084 4253
[121] 4361

[[79]]
  [1] 10 29 26 23 20 18 17 36 23 18 16 14 20 23 19 20 15 20 24 23 27 24 17 17 13
 [26]  9  5  9  6  3  2  2  2  1  5  3  5  4  4  3  3  8 25 16 13  9 11 14 22 17
 [51] 14 18 15 13 25 17 21 23 33 36 23 23 16 28 33 26 26 29 22 29 21 27 32 37 40
 [76] 30 33 31 25 26 36 25 24 30 46 44 36 37 57 53 51 55 50 60 56 74 68 56 46 46
[101] 41 43 57 51 44 41 47 63 54 43 48 54 47 68 63 42 51 57 56 51 68

[[80]]
  [1]   10   34   49   44   39   40   34   37   47   53   52   49   60   62   67
 [16]   51   62   59   95   81   99  112  107  132  130  127  138  153  143  174
 [31]  200  171  184  190  181  223  197  200  193  185  201  233  224  229  229
 [46]  276  274  277  295  294  335  320  341  326  373  331  328  336  428  450
 [61]  414  435  444  455  490  540  528  533  549  587  603  621  644  631  643
 [76]  636  722  699  757  747  772  820  884  878  950 1031 1046 1020 1123 1174
 [91] 1200 1219 1284 1298 1409 1440 1558 1562 1599 1702 1673 1757 1889 1945 2088
[106] 2134 2176 2267 2432 2507 2614 2793 2811 2877 3011 3098 3233 3478 3657 3761
[121] 3934

[[81]]
  [1]  10  26  24  21  21  25  26  18  20  16  20  26  26  33  24  22  32  26
 [19]  19  12  25  24  20  20  19  22  17  14  18  19  17  17  22  38  23  23
 [37]  26  17  23  18  31  36  31  35  34  36  30  31  44  54  51  46  38  49
 [55]  54  64  53  53  47  45  44  58  70  58  50  53  49  48  52  46  37  34
 [73]  49  55  57  65  52  48  35  35  28  40  51  39  50  57  62  52  53  46
 [91]  56  78  69  73  75  75  93 113 114 121 144 161 136 129 149 160 170 154
[109] 151 203 200 197 200 205 225 277 288 292 307 325 307

[[82]]
  [1]  10  21  25  20  16  10   8  11  19  19  14  13  18  18  11   9   9  10
 [19]  12  10  14   9  12   6   5   4   2   2   7   6   3   3  16  17  13  13
 [37]  12  17  29  22  26  36  35  38  41  40  37  55  55  45  46  44  41  36
 [55]  39  32  33  49  61  40  39  33  36  40  57  44  39  30  26  41  50  42
 [73]  41  44  36  39  63  68  64  73  90  89  87  92 108 101  95  98 127 130
 [91] 124 122  99  86  89 116 137 134 125 131 148 149 157 193 198 186 201 208
[109] 211 224 210 225 249 239 243 271 312 304 319 285 279

[[83]]
  [1]  10  34  20  19  14   9  11   9  13  20  12  13  10  10  20  21  11  13
 [19]  12  16  18  20  16  17  15  13  24  17  15  22  15  12  17  19  13  16
 [37]  10   8  16  24  22  20  19  33  31  26  18  21  24  22  30  32  25  19
 [55]  23  19  16  19  16  19  23  21  29  17  17  27  27  21  26  28  30  38
 [73]  31  24  27  35  42  43  37  30  30  45  49  44  39  36  28  37  45  42
 [91]  37  36  39  48  66  59  70  55  51  53  79  55  53  45  61  64  68  56
[109]  78  79  71  91  82 101  95 105 106 121 126 129 140

[[84]]
  [1]   10   30   25   16   15   13   11   19   23   17   15   16   12   29   26
 [16]   22   20   35   35   34   47   32   27   24   36   28   28   25   23   27
 [31]   22   23   27   33   41   33   46   39   42   44   43   37   38   29   29
 [46]   30   24   27   41   39   47   36   55   69   59   56   71   88   88   86
 [61]   98   98  102  110  137  138  138  136  143  162  183  185  206  206  220
 [76]  236  207  221  209  255  288  300  271  280  298  328  338  318  306  308
 [91]  374  399  394  401  377  396  421  497  527  529  505  522  544  637  672
[106]  686  743  720  743  802  875  959  957  993 1027 1094 1093 1162 1235 1330
[121] 1305

[[85]]
  [1]   10   27   15   13   13   19   27   33   37   28   27   39   38   38   51
 [16]   54   42   48   39   41   41   40   41   63   67   70   78   73   58   71
 [31]   66   79   80   77   94  113  113  122  115  114  109  126  132  119  116
 [46]  155  144  138  143  156  148  159  153  157  192  202  197  207  184  212
 [61]  231  257  266  267  286  280  285  293  345  343  354  370  404  427  415
 [76]  446  429  446  472  510  533  538  537  617  613  625  686  760  750  807
 [91]  846  870  924  925  919  980  995 1086 1170 1162 1143 1128 1197 1268 1297
[106] 1453 1483 1510 1579 1567 1685 1658 1677 1741 1856 1863 1922 1908 2004 2099
[121] 2140

[[86]]
  [1]  10  27  23  21  17  17  16  16  11  22  17  18  23  25  29  19  13  13
 [19]   9   6   7   6   8  11  12   7   5  11   8  11   7  11   7  11   7  10
 [37]   8   6   6   5   9   6  13  21  18  12   8   7  12  17  21  24  22  20
 [55]  16  14  18  18  19  13  14  21  22  27  25  21  25  31  34  32  36  34
 [73]  33  31  23  28  35  36  30  35  47  35  42  44  41  41  40  39  58  56
 [91]  61  55  49  43  65  55  42  56  55  60  77  86  80 104  95 101  93 101
[109] 115  89 100 117 124 126 114 122 147 181 158 161 151

[[87]]
  [1]   10   38   35   22   20   32   39   31   23   39   38   45   46   56   39
 [16]   38   29   55   58   57   42   53   55   66   74   98   84   93   75   78
 [31]   95   92   89  103  119  136  155  162  157  156  136  160  190  154  160
 [46]  180  195  176  178  206  194  198  204  226  210  235  226  233  223  254
 [61]  233  251  289  323  306  342  321  321  309  353  343  334  355  372  379
 [76]  388  398  360  421  442  423  468  516  528  552  580  554  586  639  622
 [91]  679  697  714  781  782  789  797  871  989  950  980  981 1041 1103 1148
[106] 1247 1292 1372 1473 1422 1460 1477 1636 1692 1773 1766 1807 1928 1970 1933
[121] 2011

[[88]]
  [1]   10   41   43   38   36   27   39   38   42   45   41   44   71   60   53
 [16]   64   61   84   88   86   96   98   83   91   95  105   84   92  103  105
 [31]  119  145  128  135  143  181  207  233  230  240  218  275  300  292  298
 [46]  310  307  366  414  385  369  386  419  429  430  445  448  475  510  505
 [61]  543  597  633  642  676  796  723  765  807  828  848  855  824  866  908
 [76]  932  974 1103 1170 1166 1167 1220 1386 1431 1573 1495 1522 1535 1589 1575
 [91] 1582 1669 1790 1828 1897 1969 2060 2180 2355 2391 2494 2630 2576 2594 2745
[106] 2920 3100 3215 3238 3345 3559 3652 3807 3937 4094 4340 4344 4710 4912 5088
[121] 5164

[[89]]
  [1]   10   14   19   18   17   25   32   31   32   47   43   45   37   40   49
 [16]   50   47   56   59   61   76   62   71   80   72   99   91   90  100   91
 [31]  113  126  123  125  131  150  151  176  202  166  162  169  185  192  209
 [46]  247  254  253  221  246  265  302  302  313  344  320  320  330  381  412
 [61]  390  439  484  500  535  539  574  598  636  686  749  782  836  906  901
 [76]  895  936 1038 1035 1136 1075 1161 1233 1218 1381 1425 1393 1409 1511 1528
 [91] 1638 1635 1699 1866 1975 1948 1997 2121 2267 2327 2506 2548 2574 2678 2756
[106] 2838 3035 3058 3160 3185 3292 3355 3497 3706 3824 4056 4212 4348 4559 4701
[121] 4995

[[90]]
  [1]   10   23   33   32   24   20   18   17   21   31   36   35   41   29   26
 [16]   38   51   40   47   37   30   37   47   37   30   32   32   36   32   28
 [31]   28   24   26   28   27   25   37   41   47   39   44   47   32   33   69
 [46]   55   66   55   53   50   52   69   67   63   78   94   95   76   89  106
 [61]  118   99   89  115  141  165  152  152  155  155  159  197  209  235  226
 [76]  210  230  202  230  249  247  280  283  265  286  281  257  318  308  315
 [91]  375  394  414  405  448  425  416  412  435  466  476  491  495  521  527
[106]  553  536  625  709  778  750  721  788  816  926  875  888  924  918  997
[121] 1037

[[91]]
  [1] 10 33 34 19 15 11 11 14 14 11  8 14 11  6  3  6 10 11  8  5  5  3  2  2  9
 [26] 13  7  7  7  7 11  7  8 10  8  6  4  4  3  3  3  5  2  5  3  2  2 10  6  6
 [51]  3  2  2  2  2  2  6  3  3  2  2  2  2  1  0  0  0  0  0  0  0  0  0  0  0
 [76]  0  0  0  0  0  0  0  0  0  0  0  0  0  0  0  0  0  0  0  0  0  0  0  0  0
[101]  0  0  0  0  0  0  0  0  0  0  0  0  0  0  0  0  0  0  0  0  0

[[92]]
  [1] 10 13  9 11  8  7 12 10 11 14 15 10 14 24 18 13 10 13 16 10  8  5  4  6  5
 [26]  5  3  2  2  1  1  1  1  1  0  0  0  0  0  0  0  0  0  0  0  0  0  0  0  0
 [51]  0  0  0  0  0  0  0  0  0  0  0  0  0  0  0  0  0  0  0  0  0  0  0  0  0
 [76]  0  0  0  0  0  0  0  0  0  0  0  0  0  0  0  0  0  0  0  0  0  0  0  0  0
[101]  0  0  0  0  0  0  0  0  0  0  0  0  0  0  0  0  0  0  0  0  0

[[93]]
  [1]  10  41  34  18  15  13  13  20  16  22  24  23  17  21  24  35  34  42
 [19]  27  20  24  25  37  35  32  48  43  36  39  53  35  26  26  28  19  17
 [37]  20  27  19  23  28  32  16  14  12  11  14  10  22  29  35  26  22  20
 [55]  24  19  19  29  30  26  32  21  18  15  27  25  25  20  16  19  15  12
 [73]  10  15  12  21  22  18  18  17  33  22  22  18  29  24  20  23  36  48
 [91]  44  34  39  60  53  56  58  51  54  44  39  40  60  55  66  47  80  87
[109]  77 100 108 115 108 117 150 160 151 189 158 205 189

[[94]]
  [1]   10   48   37   38   32   27   32   34   45   57   50   44   55   58   56
 [16]   42   67   56   55   52   55   61   61  104   96   82   53   85   81   77
 [31]   76   73   81   86  101   95   96  120  124  117  107   93   98  100  100
 [46]  116   96  112  115   93   85   98  124  131  116  116  129  148  180  161
 [61]  163  141  152  142  147  137  134  129  129  160  169  147  154  172  154
 [76]  189  213  197  225  216  202  219  241  236  262  284  308  304  291  306
 [91]  317  351  383  353  369  378  420  421  473  523  531  474  462  522  538
[106]  581  547  599  645  666  682  727  821  875  924  850  926 1024 1134 1159
[121] 1206

[[95]]
  [1]   10   17   26   17   16   11   17   20   34   33   42   46   48   47   61
 [16]   68   66   67   76   59   54   64   62   76   70   59   59   61   60   78
 [31]   55   67   74   75   78   83   89  108  103   96   79   94  101  105  103
 [46]  106   95  106  104  133  142  139  151  152  146  158  149  155  163  184
 [61]  169  199  204  198  231  244  271  303  316  338  334  349  353  406  393
 [76]  436  458  454  457  495  514  540  588  621  689  755  783  829  864  879
 [91]  896  984 1086 1033 1115 1164 1222 1282 1362 1414 1509 1476 1544 1644 1665
[106] 1833 1826 1891 2005 2165 2230 2252 2355 2489 2627 2652 2752 2886 2932 2979
[121] 3088

[[96]]
  [1]  10  11  10   5   9   5   3   3   2   2   1   1   8   5   4   3   3   7
 [19]   5   4   3   1   1   1   1   1   1   1   1   1   1   1   1   5   7   2
 [37]   2   1   1   5   2   2   2   1   1   1   1   1   1   1   1   8  11  15
 [55]   8  18  17  19  15  29  26  18  26  37  29  33  30  28  33  42  40  46
 [73]  43  38  51  67  84  95  89  85  79  90  88  96 102  94 119 114  99 100
 [91] 151 116 117 111 101 137 142 145 154 179 169 152 178 172 149 170 226 244
[109] 235 219 233 246 323 360 359 374 360 411 390 411 426

[[97]]
  [1]  10  38  33  34  24  21  19  28  27  36  23  21  21  44  36  31  27  27
 [19]  30  30  24  22  21  21  18  19  27  36  27  25  38  30  35  38  37  60
 [37]  47  38  48  42  34  43  49  41  45  36  40  36  39  58  56  45  48  49
 [55]  56  70  77  62  64  65  64  75  66  60  58  82  68  64  62  72  72  65
 [73]  66  63  70  64  56  61  59  82 120 103  91  92 117 143 120 126 135 127
 [91] 133 172 162 139 161 171 189 188 174 177 189 170 165 160 175 160 164 182
[109] 170 187 166 175 177 182 162 185 199 211 211 232 222

[[98]]
  [1] 10 23 17 13  9  9  7  9  6  6  6  5 11  6  5  6  5  3  6  7  5  2  4  2  2
 [26]  1  1  1  0  0  0  0  0  0  0  0  0  0  0  0  0  0  0  0  0  0  0  0  0  0
 [51]  0  0  0  0  0  0  0  0  0  0  0  0  0  0  0  0  0  0  0  0  0  0  0  0  0
 [76]  0  0  0  0  0  0  0  0  0  0  0  0  0  0  0  0  0  0  0  0  0  0  0  0  0
[101]  0  0  0  0  0  0  0  0  0  0  0  0  0  0  0  0  0  0  0  0  0

[[99]]
  [1]  10  18   8  11   5   4   4   8   8  14  11   9   8  10  14   9   9  15
 [19]  10  12  15   9  12   6   7  19  15  15  21  16  21  20  31  28  38  33
 [37]  27  37  38  27  30  45  46  39  37  43  72  75  93  63  71  75  74  97
 [55] 113 124  98  90  85 102 104 108  93 101 123 118 136 128 141 153 147 155
 [73] 160 211 195 214 221 236 228 210 228 248 251 268 297 271 292 293 288 272
 [91] 275 278 297 296 310 309 346 336 323 348 403 411 436 443 438 412 394 427
[109] 434 472 461 497 499 521 517 544 587 596 585 590 601

[[100]]
  [1]  10  25  27  18  13  15  15  25  21  24  35  38  45  48  39  50  36  39
 [19]  33  31  31  38  35  26  41  41  29  30  32  46  46  64  54  53  55  54
 [37]  54  57  71  69  64  58  55  57  54  60  62  61  72  94 107  83  94  91
 [55] 115 108 103 108 140 135 135 126 127 161 143 162 158 147 166 182 192 185
 [73] 199 200 177 181 195 223 235 227 235 243 257 299 273 267 259 288 288 291
 [91] 289 323 328 367 364 389 350 371 416 427 456 474 425 445 466 517 547 570
[109] 611 628 608 592 650 721 747 766 770 815 834 912 911

[[101]]
  [1] 10 24 12 13 19 30 31 34 31 26 19 18 18 18 12 14 25 19 16 14 12 18 17 14 10
 [26] 14 10 11  8  6 12  8  9  6  9 13  8 10  4  9  4 12  6  5  5  8  6 16 11 15
 [51] 12 10 15 13 13 13 16 20 27 19 30 21 24 25 19 22 24 23 27 30 21 24 19 22 22
 [76] 24 20 14 11 14 12 13 16 17 26 36 37 24 19 24 33 28 31 48 43 34 35 36 27 26
[101] 28 31 43 37 38 36 33 32 43 40 43 38 37 38 67 57 59 59 55 53 60

[[102]]
  [1]  10  15  21  20  25  20  25  21  22  26  43  29  27  33  30  34  24  28
 [19]  35  41  30  27  34  39  33  30  29  29  32  35  29  43  50  42  32  30
 [37]  38  37  51  49  41  52  55  46  52  47  57  74  64  59  54  47  49  54
 [55]  73  66  56  56  59  66  61  69  53  55  59  68  68  82  85  79  68  77
 [73]  77  88 100 123 146 125 123 118 144 150 179 172 141 161 167 172 204 173
 [91] 173 183 247 223 236 251 268 273 288 301 334 320 332 330 370 420 404 396
[109] 403 397 419 439 481 521 537 525 557 565 577 579 592

[[103]]
  [1]   10   28   53   50   44   41   53   69   75   59   48   42   54   72   88
 [16]   81   78   65   72   86   85   96  119   94   99  135  123  121  122  123
 [31]  142  147  178  174  185  197  222  203  229  252  250  247  247  264  253
 [46]  258  294  276  272  288  369  338  315  327  354  374  381  399  444  441
 [61]  464  515  518  536  530  555  609  634  692  734  712  692  709  740  802
 [76]  871  900  990 1039 1026 1020 1052 1043 1105 1182 1197 1217 1169 1177 1303
 [91] 1332 1403 1481 1506 1575 1740 1776 1828 1915 1897 1959 2092 2131 2179 2219
[106] 2347 2343 2526 2603 2702 2841 3099 3225 3267 3056 3268 3486 3544 3613 3677
[121] 3871

[[104]]
  [1]   10   25   26   23   25   26   20   23   31   34   35   32   32   23   19
 [16]   37   40   35   37   46   48   56   54   62   44   54   54   57   56   47
 [31]   57   50   49   59   59   58   40   48   52   51   57   68   75   76   91
 [46]   86   77   69   64   77   89   91  104   94  129  140  125  129  117  141
 [61]  143  174  178  201  189  195  206  252  242  228  264  302  348  314  346
 [76]  340  389  429  407  421  403  452  473  523  537  567  564  596  601  657
 [91]  675  703  707  804  796  773  851  845  889  933  968 1018 1073 1122 1178
[106] 1176 1250 1254 1292 1389 1355 1387 1494 1508 1546 1702 1778 1758 1943 2024
[121] 2083

[[105]]
  [1]   10   25   28   31   24   25   30   25   25   18   18   13   15   17   18
 [16]   19   31   25   19   26   20   24   31   51   39   35   42   55   57   52
 [31]   54   59   60   59   61   54   69   65   66   71   66   65   69   62   57
 [46]   70   84   68  100  108  112   90   99  122  118  113  129  121  151  148
 [61]  169  195  169  191  203  242  235  243  239  240  294  262  263  278  317
 [76]  297  284  294  294  304  343  353  356  377  348  372  359  417  437  434
 [91]  426  463  484  483  491  544  521  524  546  511  507  562  604  586  611
[106]  686  744  754  770  814  851  835  889  891  936  973  947  976 1007 1076
[121] 1106

[[106]]
  [1]   10   22   15   10    9   13   11   16   26   19   32   36   44   29   33
 [16]   28   30   24   24   35   38   36   46   44   48   39   30   42   52   48
 [31]   52   51   64   67   62   50   53   57   68   78   73   88  101  106  115
 [46]  127  106  104  122  115  143  125  114  114  140  170  176  188  193  186
 [61]  181  176  168  198  193  217  217  250  241  261  248  289  279  258  265
 [76]  310  354  318  343  333  333  350  387  382  388  427  455  457  427  469
 [91]  459  465  463  505  541  602  577  558  561  581  643  661  701  748  771
[106]  783  881  873  875  827 1025  998 1049 1113 1079 1142 1243 1259 1282 1350
[121] 1477

[[107]]
  [1]   10   20   33   30   28   26   26   30   25   29   27   27   19   16   36
 [16]   56   41   41   39   45   42   42   48   47   54   55   41   44   36   34
 [31]   45   38   32   57   65   65   58   73   74   81   79   79   92   89  100
 [46]  124  124  123  126  121  173  182  211  181  178  185  202  214  225  217
 [61]  224  239  226  237  298  313  303  317  298  316  367  377  389  367  422
 [76]  453  483  479  491  479  456  472  511  565  570  503  541  633  599  579
 [91]  609  604  604  681  730  768  787  806  750  807  824  943  958 1028  993
[106] 1051 1092 1170 1215 1183 1189 1249 1413 1387 1417 1536 1576 1578 1662 1766
[121] 1931

[[108]]
  [1] 10 43 42 40 35 40 42 45 39 35 48 39 41 39 35 37 32 33 32 36 31 22 20 18 15
 [26] 20 16 22 24 17 21 15 25 22 15 16 20 14 13  9  8  7 13  9  5  3  8  6  5  3
 [51]  3  3 11 16 17 10 13  8 15 10 17 23 21 13 10 10 12 21 17 11  9 16 16 10  8
 [76]  9  9  7  7 13 13 10 16 12 16 12 15 11 11  9 15 12 14 10 15 19 15 10  8  7
[101]  9 12 16 14 17 12  9  9  7  6  5  2  2  0  0  0  0  0  0  0  0

[[109]]
  [1]   10   28   18   13   11   10   19   21   16   21   18   17   12   17   18
 [16]   17   26   29   25   24   27   32   25   26   37   41   45   34   39   33
 [31]   32   30   53   61   42   35   35   41   40   33   46   52   55   73   75
 [46]   64   61   60   71   73   84   85   98   88   99   79   77   89  100   88
 [61]   92  101  102  120  128  135  127  148  159  175  158  164  190  248  241
 [76]  248  266  284  320  293  303  329  346  333  347  373  378  411  401  404
 [91]  433  461  522  540  546  547  554  559  610  630  655  646  704  696  775
[106]  784  775  797  806  920  905  883  917 1017 1104 1094 1161 1228 1236 1350
[121] 1460

[[110]]
  [1]   10   60   53   49   42   43   66   49   52   51   49   65   54   41   50
 [16]   62   61   63   73   70   61   69   58   73   80   99   88   79   81  100
 [31]  115  114   99   97  112  129  149  157  163  147  170  173  208  226  236
 [46]  225  239  252  304  293  290  300  287  292  307  356  339  321  365  353
 [61]  346  418  407  423  448  477  533  526  574  588  561  548  577  642  708
 [76]  665  642  723  815  850  878  855  908  894  958  978 1078 1055 1042 1068
 [91] 1081 1153 1259 1328 1320 1397 1464 1563 1587 1623 1673 1790 1844 1980 2048
[106] 2153 2264 2361 2504 2529 2706 2746 2841 2949 2984 3169 3302 3382 3394 3520
[121] 3646

[[111]]
  [1]   10   51   43   33   31   46   59   65   57   55   48   48   58   61   51
 [16]   56   58   75   73   62   68   64   53   81   78   77   75   88   84   78
 [31]   81   84  103  116  111   83   88  105  112  118  132  146  126  131  173
 [46]  170  176  178  192  211  247  284  268  254  254  251  272  277  262  288
 [61]  299  304  337  328  339  364  343  352  355  367  375  390  411  436  508
 [76]  504  533  558  586  631  690  703  703  704  757  796  877  890  891  925
 [91]  966 1010 1083 1046 1090 1157 1184 1208 1303 1380 1460 1490 1496 1525 1706
[106] 1924 1909 1985 2027 2151 2299 2300 2364 2488 2626 2820 2852 2969 3056 3216
[121] 3428

[[112]]
  [1]   10   23   25   16   11   10   22   19   13   15   18   18   15   19   17
 [16]   12   20   15   10   16   15   23   20   25   47   66   53   45   54   64
 [31]   74   62   78   96   92   81   97   92  108  121  106  134  162  178  189
 [46]  204  208  187  209  212  226  262  285  285  293  282  323  312  280  278
 [61]  297  332  342  341  360  419  431  415  418  450  462  455  542  564  593
 [76]  625  623  621  651  715  714  785  743  774  817  916  962 1003 1021 1047
 [91] 1096 1246 1292 1279 1269 1450 1497 1536 1607 1702 1817 1772 1891 1877 1947
[106] 2016 2197 2216 2230 2292 2384 2515 2622 2637 2765 2917 2866 2942 3012 3160
[121] 3307

[[113]]
  [1] 10 20 21 13 10  9 12  8  6  6  6  5  5  5  3  3  3  3  3  2  2  2  1  4  3
 [26]  2  1  1  1  9 10  8  6 10 15 14 10 10  6  4  5  3 12  8  5  5  4  3  2  0
 [51]  0  0  0  0  0  0  0  0  0  0  0  0  0  0  0  0  0  0  0  0  0  0  0  0  0
 [76]  0  0  0  0  0  0  0  0  0  0  0  0  0  0  0  0  0  0  0  0  0  0  0  0  0
[101]  0  0  0  0  0  0  0  0  0  0  0  0  0  0  0  0  0  0  0  0  0

[[114]]
  [1]  10  14  14  13  11  10  13   9  10   8  13  13  11  18  12   8   7  13
 [19]  16  13  10   9  17  14  17  12  12  23  20  15  32  34  31  26  30  22
 [37]  26  38  37  32  32  41  55  60  47  43  48  47  44  67  68  59  62  68
 [55]  81  76  72  66  75  94  70  68  66  66  75  89  64  74  64  72  93  91
 [73]  81  89  86 122 123 132 138 132 121 115 138 165 162 129 103 102 130 118
 [91] 136 139 138 134 127 124 136 178 185 170 167 167 186 198 206 206 199 203
[109] 213 193 208 245 252 270 278 299 305 301 314 324 365

[[115]]
  [1]  10  18  11  18  14  11   9   8   7  11  18  21  19  18  13   9   8  15
 [19]  17  17  13  10   9  16  40  27  18  12  11  16  24  19  18  25  23  19
 [37]  20  20  18  29  20  27  37  40  29  27  26  27  36  40  38  48  45  37
 [55]  27  34  24  28  31  25  26  45  33  37  28  25  21  24  26  33  35  34
 [73]  29  24  42  50  43  44  39  44  47  53  53  56  40  37  39  52  48  51
 [91]  61  63  53  71  63  58  79  81  83  74  63  66  66  89 101  95 105  93
[109] 110 100 106 110 112 131 136 163 179 168 169 176 200

[[116]]
  [1]   10   25   20   13   10    9   11   20   27   17   23   14   17   16   14
 [16]   16   15   20   17   20   26   41   34   30   23   26   37   28   24   23
 [31]   19   23   26   34   44   57   52   46   50   61   79   67   67   67   65
 [46]   66   65   68   70   59   83   99  103   90  107  112  104  102  115  138
 [61]  119  119  108  115  136  131  110  121  131  133  138  133  161  169  163
 [76]  170  157  175  177  188  223  237  212  221  257  285  300  327  318  345
 [91]  342  402  386  336  339  403  395  402  407  469  491  548  616  614  611
[106]  642  677  731  750  770  833  944  975 1007 1012 1102 1082 1099 1213 1263
[121] 1287

[[117]]
  [1]  10  25  10   7   5   7  14  10  15  15  17  16   9  16  15  14  15  12
 [19]   9  15  17  18  13  14  11   9  17  20  29  24  27  26  22  21  20  20
 [37]  31  40  31  31  32  32  40  44  35  37  51  42  36  36  37  36  33  27
 [55]  24  25  34  39  32  28  24  37  25  37  47  49  63  54  49  71  75  83
 [73]  83  78  93 101 106  90  98 104 125 119 122 119 108 143 166 139 148 180
 [91] 195 168 187 186 187 192 208 206 213 206 264 246 281 304 265 291 284 335
[109] 343 359 367 387 451 426 388 395 445 481 478 464 494

[[118]]
  [1]  10  32  27  19  20  35  29  26  25  25  31  28  44  37  30  25  28  32
 [19]  26  20  18  38  42  36  39  36  35  38  43  62  66  59  51  36  38  43
 [37]  38  39  45  47  43  54  52  58  44  51  38  40  58  60  52  50  54  68
 [55]  64  60  62  54  68  75  62  67  65  69  71  86  96  89 103 102 115 114
 [73] 102  88 115 132 110 110 135 137 143 138 146 136 183 191 203 206 191 167
 [91] 159 160 160 164 167 181 189 194 196 213 207 211 224 239 241 268 266 258
[109] 266 273 323 303 318 331 336 401 400 396 384 402 436

[[119]]
  [1]   10   18   21   22   21   18   21   25   22   17   24   28   37   50   46
 [16]   41   51   40   41   52   52   38   35   44   61   45   44   45   53   52
 [31]   64   71   86   79   85  103  102  100  105  116  139  118  132  141  128
 [46]  130  157  161  141  144  148  177  151  153  133  133  155  164  159  139
 [61]  139  127  149  163  149  167  168  201  201  216  248  259  265  275  282
 [76]  287  301  304  303  323  347  349  403  413  429  438  454  460  517  489
 [91]  513  523  534  597  579  581  638  653  612  564  634  689  740  732  754
[106]  770  779  826  889  871  917  979 1018 1056 1118 1150 1182 1187 1254 1299
[121] 1361

[[120]]
  [1]   10   34   34   41   35   32   28   31   30   41   54   48   47   56   46
 [16]   50   45   46   59   70   64   50   43   45   63   59   61   57   60   51
 [31]   44   50   43   65   65   60   61   59   61   64   62   63   62   68   89
 [46]   67   83   83  118  102  103  124  122  127  118  118  128  149  158  158
 [61]  173  163  189  221  192  198  175  182  191  234  229  213  210  208  204
 [76]  210  234  235  245  243  283  349  332  313  312  298  332  363  364  396
 [91]  426  421  453  530  505  504  482  511  560  545  634  671  681  691  731
[106]  763  810  839  877  953 1019  979 1092 1116 1185 1154 1260 1227 1292 1323
[121] 1353

[[121]]
  [1]   10   46   31   24   20   23   22   21   28   26   43   29   39   34   37
 [16]   49   68   70   63   69   51   63   69   67   60   75   79   73   75   69
 [31]   78   81   80  105  128  142  133  160  159  173  170  171  192  216  194
 [46]  197  228  226  252  248  247  270  306  291  284  279  256  265  280  311
 [61]  323  325  360  361  376  414  473  446  442  461  518  513  559  607  642
 [76]  624  612  643  721  751  843  851  817  863  913  936  960  960  995 1103
 [91] 1088 1145 1241 1277 1346 1413 1460 1478 1527 1530 1702 1711 1793 1845 1933
[106] 2099 2118 2058 2242 2408 2455 2564 2547 2551 2795 2906 3105 3271 3376 3444
[121] 3541

[[122]]
  [1]  10  16  21  13  13  11  10  10  13  17  15  11  19  11   9  10  11  11
 [19]   6   4  11   7   3   3   3   4   8   5  10   8   8   7   7  12   9  19
 [37]  17  13  17  20  18  24  17  23  27  30  33  41  42  35  42  55  53  38
 [55]  46  48  58  69  66  55  64  60  62  42  37  42  40  54  51  72  61  61
 [73]  58  63  67  64  65  77  85  93  81  90 104 119 118 110  99 105 114 140
 [91] 138 138 141 146 119 164 166 156 153 165 158 132 167 186 203 176 193 232
[109] 213 200 213 222 270 257 260 267 305 297 296 299 345

[[123]]
  [1]   10   42   41   23   20   20   46   34   37   28   39   36   41   58   54
 [16]   55   44   42   33   40   39   59   55   60   47   55   50   54   48   66
 [31]   54   68   65   66   60   82   90   86   79   76   78   74  100   97  103
 [46]  106   89  103   90  107  118  111  131  135  146  163  136  151  158  158
 [61]  150  142  173  189  197  219  224  210  235  262  260  228  221  253  303
 [76]  296  298  325  370  379  396  384  380  382  470  421  441  481  455  462
 [91]  493  509  546  572  607  591  628  651  635  684  755  725  773  790  898
[106]  930  936  999 1035 1098 1195 1247 1291 1293 1254 1302 1413 1481 1465 1516
[121] 1650

[[124]]
  [1]   10   54   43   33   28   34   23   35   44   44   26   31   31   24   26
 [16]   33   39   53   57   54   61   43   38   46   53   62   62   60   55   49
 [31]   42   64   92   77   84   91   94   99   99   94   91  109  115   97   96
 [46]   99  112  102   86   74   86  110  105  101   83   74   80   95  112  121
 [61]  119  126  148  132  126  146  137  147  163  179  183  196  180  203  213
 [76]  198  215  202  234  225  211  248  271  261  270  272  304  352  324  300
 [91]  308  264  281  309  345  353  378  383  434  451  424  440  501  507  532
[106]  545  556  615  680  629  688  718  763  826  807  841  898  985 1013 1056
[121] 1061

[[125]]
  [1]   10   22   17   14   12   11    9   11   11   25   30   41   38   28   23
 [16]   38   36   33   28   39   28   30   24   17   15   32   43   32   23   22
 [31]   50   34   30   35   33   31   37   39   46   39   35   52   67   54   57
 [46]   72   70   76   72   94  105  108   90   77   76  102  104   96   95  116
 [61]  100   99   94  112  130  127  112  113  102   85  106  149  185  166  149
 [76]  151  156  149  162  167  169  147  176  171  204  196  213  262  272  281
 [91]  276  276  317  371  384  426  442  413  476  512  521  557  582  644  643
[106]  678  695  768  782  769  859  873  967  993 1058 1116 1115 1126 1163 1241
[121] 1230

[[126]]
  [1]   10   38   58   46   31   30   27   33   31   24   26   37   36   32   28
 [16]   27   41   26   42   31   28   30   34   25   36   45   50   46   43   47
 [31]   61   69   54   52   59   63   53   69   70   65   63   63   77   64   67
 [46]   80  117   98   90   88  103  113   97   89  111  117  144  152  147  149
 [61]  145  182  166  220  218  220  217  225  234  284  273  308  313  284  340
 [76]  347  359  374  426  492  465  417  434  472  477  529  537  549  567  610
 [91]  640  632  613  686  760  790  792  797  872  851  912  967 1050 1071 1086
[106] 1148 1267 1303 1352 1312 1445 1468 1457 1580 1635 1715 1712 1761 1680 1916
[121] 2054

[[127]]
  [1]   10   29   32   25   20   22   17   20   35   37   44   31   46   34   41
 [16]   30   47   46   45   40   66   63   56   44   45   48   50   53   38   36
 [31]   50   52   57   60   60   57   46   45   47   54   57   63   70   62   65
 [46]   77   72  100  101  110  120  111  106  130  151  157  158  152  153  195
 [61]  165  166  171  168  180  167  180  186  196  222  228  225  208  245  246
 [76]  244  253  307  321  350  352  386  376  348  399  431  434  430  447  489
 [91]  491  504  575  585  594  571  586  642  699  719  750  801  799  863  814
[106]  901  938  900  980 1009 1052 1108 1111 1162 1202 1259 1224 1345 1383 1498
[121] 1467

[[128]]
  [1] 10 31 17 15 17 23 16 20 21 27 27 13 15 18 21 22 13 20 14 16 24 14 14 23 16
 [26] 10 13  7  7  6 10  8  8  7 13  9  7  7  4  3  3  3  3  3  3  4  3  3  8  3
 [51]  3  2  2  4  3  3  3  3  7  6  4  3  8  5  5  9  7  6  6  6  4  3  3  3  3
 [76]  3 12  6  9  6  3  2  7  5  5  5  4  4  3  7  3  7  6  9  6  3  2  2  2  4
[101]  2  0  0  0  0  0  0  0  0  0  0  0  0  0  0  0  0  0  0  0  0

[[129]]
  [1]   10   45   36   43   41   38   29   39   51   51   64   53   49   61   69
 [16]   73  101   98   86   69   96   72   76   79   82   75   76   65   73   77
 [31]   67   89   76   83   85   79   86   97  112  116   91   90  102  103   82
 [46]   82   91  112  136  109  109  123  110  127  137  146  159  166  154  169
 [61]  173  172  166  169  157  167  171  169  177  197  189  196  207  205  209
 [76]  218  241  286  291  264  289  303  324  350  319  334  342  372  399  400
 [91]  421  485  500  508  517  542  603  537  571  647  649  635  599  659  724
[106]  762  738  803  807  849  863  861  864  908  945 1062 1049 1083 1069 1132
[121] 1236

[[130]]
  [1] 10 25 20 15 14 12 10 18 17 15 12 16 11 12  8 14 19 14 11  8 17 13 10  9  7
 [26]  7  5  4  4  4 11 10 15 13 15 18 14 19 26 22 22 19 16 20 21 17 21 14 11 10
 [51] 14  8 16 18 13 15 12 15 13 13 26 22 14 17 21 22 19 16 22 27 28 25 19 20 22
 [76] 18 12 17 12 19 14 10  9 17 27 17 16 10 13 17 21 31 25 19 24 23 20 27 19 20
[101] 15 11  9 10  7  6  6  6 11  8  6  6  5 11 13 18 17 24 35 45 40

[[131]]
  [1]   10   34   31   30   31   37   29   41   44   40   31   33   28   27   42
 [16]   48   49   43   50   51   41   51   64   67   62   65   82   94   88   72
 [31]   84   80   69   77   90  101   93   85  103  119  136  151  153  154  180
 [46]  183  171  159  193  213  220  228  235  255  258  250  259  252  258  274
 [61]  277  290  311  332  318  336  335  322  298  346  368  398  391  365  432
 [76]  413  398  425  445  493  509  508  522  535  585  646  618  707  652  668
 [91]  735  781  779  819  783  782  884  887  929  948 1058 1119 1121 1153 1204
[106] 1247 1262 1295 1331 1444 1455 1536 1588 1669 1790 1863 1974 2028 2063 2072
[121] 2146

[[132]]
  [1]   10   34   32   26   22   20   40   27   23   19   25   28   40   39   33
 [16]   29   35   37   48   42   42   58   70   56   56   57   75   63   55   44
 [31]   48   59   51   60   59   53   61   59   77   75   72   77   72   82   87
 [46]  124  113  110  108  117  119  158  161  173  179  168  184  180  204  187
 [61]  191  193  196  237  207  196  189  181  233  242  287  293  278  291  304
 [76]  320  317  322  367  359  393  396  418  469  437  464  483  515  505  529
 [91]  538  549  585  595  620  648  651  678  739  715  754  815  800  842  886
[106]  938 1010  986 1054 1083 1130 1144 1221 1262 1342 1429 1463 1477 1617 1723
[121] 1801

[[133]]
  [1] 10 23 14 12 10 10 10 15 15 15  9 13 10  9  5  5  3  3 10 13 12 16 12 11 15
 [26] 24 22 23 23 27 18 13 12  8  8  7  6  7  5  4  4  5  6  5  5  4  9  9 15 19
 [51] 12  9 11  9  6  5  3  4  2  1  1  1  0  0  0  0  0  0  0  0  0  0  0  0  0
 [76]  0  0  0  0  0  0  0  0  0  0  0  0  0  0  0  0  0  0  0  0  0  0  0  0  0
[101]  0  0  0  0  0  0  0  0  0  0  0  0  0  0  0  0  0  0  0  0  0

[[134]]
  [1] 10 46 36 20 16 15 16 14 17 11 21 23 18 15 17 15 20 15 14 17 26 17 19 13 15
 [26] 10  8  7 10  8 11 10  9 12 10 10 12  7  7  4  4  4 11  8  6  5 10  6  4  2
 [51]  2  2  2  2  3  3  3  1  1  1  1  1  1  1  5  4  3  2  2  2  1  1  1  1  1
 [76]  4  2  2  2  2  0  0  0  0  0  0  0  0  0  0  0  0  0  0  0  0  0  0  0  0
[101]  0  0  0  0  0  0  0  0  0  0  0  0  0  0  0  0  0  0  0  0  0

[[135]]
  [1]  10  39  24  29  22  26  25  32  30  28  39  32  26  38  33  38  61  71
 [19]  53  56  58  59  45  51  66  63  53  52  62  70  65  59  65  86  82  92
 [37]  84  91 116 114 105  85  98 113 110 109 112 116 131 149 137 164 136 131
 [55] 147 147 137 139 143 133 136 113 138 146 164 175 148 133 141 156 191 202
 [73] 221 192 224 240 228 231 209 215 221 233 241 254 265 270 290 304 314 302
 [91] 316 317 321 339 359 364 366 359 371 385 389 420 410 437 460 479 498 501
[109] 531 555 560 511 582 654 678 664 677 722 753 801 804

[[136]]
  [1]   10   44   42   37   32   34   35   32   44   49   37   30   51   68   72
 [16]   83   78   68   73   75   78   76   81   96  114  122  115  176  171  154
 [31]  173  156  178  157  184  183  210  230  226  210  220  239  248  249  258
 [46]  281  299  318  353  371  356  372  362  372  408  410  393  411  438  460
 [61]  495  477  490  532  560  592  583  635  706  781  803  773  800  837  920
 [76] 1011  958 1023 1049 1113 1174 1163 1232 1239 1262 1354 1438 1513 1533 1629
 [91] 1708 1705 1736 1850 1902 1968 2016 2132 2266 2309 2416 2527 2549 2685 2801
[106] 2884 2928 2941 3152 3331 3503 3675 3644 3810 3942 4085 4215 4369 4541 4724
[121] 4799

[[137]]
  [1]   10   21   14   19   15   12   12   16   20   12   13   17   16   12   17
 [16]   17   22   30   25   27   43   52   43   56   59   56   60   67   59   67
 [31]   71   76   74   74  100  134  155  146  138  125  129  143  170  160  152
 [46]  144  178  160  203  193  215  203  209  211  244  219  254  262  258  246
 [61]  268  284  292  305  292  285  277  338  383  409  415  397  395  405  424
 [76]  490  463  489  444  487  543  507  495  507  575  607  658  666  644  626
 [91]  680  682  727  808  834  881  834  888  893 1019 1066 1121 1147 1158 1217
[106] 1264 1309 1405 1526 1529 1568 1567 1636 1693 1698 1791 1844 1885 1956 2108
[121] 2077

[[138]]
  [1]   10   28   24   18   17   14   16   29   32   29   30   30   31   46   42
 [16]   35   37   38   29   29   45   50   38   26   28   34   39   49   42   38
 [31]   40   44   34   41   38   48   38   51   50   56   58   73   76   65   69
 [46]   92   94  101  112  124  149  161  154  141  166  199  195  212  241  255
 [61]  249  249  262  289  284  292  272  291  355  371  411  403  345  379  474
 [76]  438  399  442  461  472  494  533  528  552  622  629  758  767  769  788
 [91]  786  767  890  891  888  905  909 1038  995  987 1005 1064 1184 1203 1192
[106] 1259 1301 1338 1392 1430 1546 1538 1578 1569 1737 1829 1827 1974 2065 2104
[121] 2148

[[139]]
  [1]  10  21  23  26  25  20  25  25  23  22  17  22  17  22  30  30  37  30
 [19]  26  27  36  42  45  42  41  37  50  47  51  44  58  47  44  42  40  43
 [37]  57  63  59  49  61  62  72  62  52  60  67  59  79  63  60  50  91  93
 [55] 103 110  85  88  97 106 110 105 116 136 152 136 149 158 169 159 150 200
 [73] 206 196 190 191 208 204 237 213 209 193 209 206 204 181 191 212 195 193
 [91] 202 278 262 280 285 316 334 338 348 337 357 414 430 435 413 429 468 507
[109] 501 511 537 551 570 589 651 617 616 642 735 772 741

[[140]]
  [1]   10   29   25   22   21   24   30   47   38   42   36   47   55   44   34
 [16]   35   36   46   59   55   46   52   37   67   61   61   57   55   53   70
 [31]   66   56   52   56   63   75   86   82   83   90   80   82   79   98  100
 [46]  117  107  110  114  124  151  125  116  139  178  169  155  159  159  166
 [61]  173  185  196  218  188  176  183  203  200  186  180  204  199  219  227
 [76]  228  226  241  244  260  256  264  299  295  254  230  281  252  268  307
 [91]  315  316  313  341  367  382  455  464  476  478  489  533  575  600  625
[106]  657  680  699  735  745  812  848  884  860  881  965  975 1043 1134 1144
[121] 1209

[[141]]
  [1]   10   22   34   30   22   17   22   19   21   19   18   21   21   21   32
 [16]   24   35   39   33   34   39   44   60   41   43   56   46   57   49   52
 [31]   56   76   76   71   69   63   74   59   60   73   69   64   64   59   72
 [46]   76   84  119  132  112  108  113   99  114  126  141  141  162  152  165
 [61]  154  160  187  208  206  187  194  203  223  222  265  265  222  221  234
 [76]  241  238  208  231  258  265  274  270  265  303  336  348  323  318  356
 [91]  379  386  426  461  481  456  476  486  523  570  611  612  596  600  682
[106]  690  682  744  765  758  804  772  898  900  937  928  994 1053 1125 1197
[121] 1277

[[142]]
  [1]  10  31  25  24  16  21  23  20  32  37  28  24  21  30  31  40  39  31
 [19]  29  32  34  38  41  39  44  58  54  67  54  42  43  54  57  55  77  67
 [37]  70  63  63  71  60  75  68  75  59  70  75  80  82  77  76  56  56  61
 [55]  47  48  42  46  39  45  42  38  33  51  62  61  61  56  63  80  70  80
 [73]  79  91 100  88  83  96 104 104 109  97 116 113 124 147 146 133 160 208
 [91] 209 199 209 257 283 262 265 282 282 293 312 347 372 348 346 338 382 405
[109] 464 473 484 478 510 532 553 597 622 667 658 611 638

[[143]]
  [1]   10   14   19   23   19   15   17   16   33   39   34   25   48   47   51
 [16]   49   34   46   47   63   56   66   50   60   65   64   68   62   67   72
 [31]   61   71   91  102  103   91   83   97  104  123  105   95  106  119  140
 [46]  138  154  182  151  161  161  168  182  184  215  235  225  234  237  241
 [61]  263  262  306  292  309  383  371  398  364  363  370  404  466  475  504
 [76]  581  562  538  559  586  652  669  691  614  682  663  709  732  737  745
 [91]  803  835  865  848  943  957 1024 1088 1152 1287 1298 1332 1394 1405 1426
[106] 1450 1577 1685 1798 1773 1842 1876 1907 1975 2047 2143 2217 2343 2362 2414
[121] 2499

[[144]]
  [1]  10  22  25  22  18  29  27  26  23  25  21  23  21  19  19  25  22  23
 [19]  19  16  26  25  19  19  20  23  26  30  25  22  27  25  25  27  25  22
 [37]  20  25  29  28  19  14  20  12   8   9   9   6   4   3  14  11   8   9
 [55]   8  12  14  10   7   5   5  17  24  17  12  12  15  17  19  19  27  24
 [73]  21  26  22  24  19  34  31  27  26  40  25  25  37  27  29  30  34  57
 [91]  47  43  59  41  44  48  46  48  67  53  52  50  58  62  73  80  88  81
[109]  77  85  67  76  87 105 114 126 127 154 149 155 167

[[145]]
  [1]   10   31   42   41   32   33   39   31   29   46   45   44   54   40   42
 [16]   59   47   35   47   53   66   65   53   48   65   83   80   97   86   95
 [31]  105   98  122  128  116  130  144  141  137  142  140  171  162  155  159
 [46]  169  151  193  237  247  251  237  225  243  227  249  301  338  373  343
 [61]  316  302  317  338  342  400  441  413  414  428  495  462  538  546  522
 [76]  489  514  546  573  630  612  631  685  748  752  782  824  844  888  872
 [91]  941  948 1028 1069 1023 1036 1096 1139 1206 1197 1328 1382 1433 1486 1544
[106] 1581 1659 1781 1846 2020 2046 2124 2195 2350 2446 2570 2617 2610 2772 2931
[121] 2983

[[146]]
  [1]   10   29   17   16   12   13   10    9   13   19   30   20   24   26   40
 [16]   38   50   39   39   44   47   62   51   56   51   63   64   66   46   37
 [31]   50   64   69   77   75   60   68   73   84   91   94   96   88   84  120
 [46]  127  136  134  148  161  150  150  160  155  158  151  154  159  181  183
 [61]  194  203  203  197  254  265  269  299  329  323  362  362  403  369  402
 [76]  429  446  469  458  500  551  558  548  597  632  644  665  686  712  768
 [91]  802  804  860  913  917  979 1034 1002 1021 1102 1182 1176 1227 1326 1345
[106] 1410 1506 1660 1697 1732 1827 1947 1993 2070 2153 2169 2388 2536 2530 2536
[121] 2687

[[147]]
  [1]   10   30   36   26   23   25   33   24   32   36   37   50   51   53   45
 [16]   54   52   53   52   75   88   85   80  101  106  118  137  135  128  152
 [31]  152  151  163  160  154  157  167  172  166  203  169  173  167  197  205
 [46]  202  219  188  195  188  216  223  241  249  241  251  262  300  271  304
 [61]  335  327  289  285  320  312  317  346  349  337  395  416  423  425  457
 [76]  488  487  557  510  557  540  640  698  675  644  720  801  769  866  842
 [91]  936  949 1028 1073 1087 1176 1242 1270 1231 1297 1295 1310 1376 1453 1514
[106] 1545 1685 1685 1804 1858 1973 2049 2144 2222 2282 2349 2367 2589 2683 2820
[121] 2958

[[148]]
  [1]   10   22   23   15   15   23   25   19   14   24   24   28   26   32   25
 [16]   28   35   25   38   36   39   36   37   51   47   51   44   38   35   37
 [31]   35   39   35   29   25   19   20   26   35   26   23   34   30   47   42
 [46]   37   39   29   53   55   66   77   69   70   68   78  104  126  108  120
 [61]  118  120  126  142  139  150  155  158  159  139  158  171  196  185  166
 [76]  200  202  189  189  212  231  228  233  265  260  277  276  306  294  282
 [91]  297  295  326  310  322  350  407  482  453  451  408  419  475  583  667
[106]  687  633  661  699  783  828  852  897  948  949  963 1022 1072 1124 1052
[121] 1107

[[149]]
  [1]  10  35  27  21  19  15  24  17  21  15  18  15  19  24  22  20  19  17
 [19]  15  13  13  18  19  24  20  24  21  12   9   6  15  10   9  14   9   9
 [37]   8   7   9   7  11   7  13  15  13   8   8  20  23  24  18  26  19  29
 [55]  17  20  15  18  13  17  25  26  26  18  29  26  24  30  22  24  25  20
 [73]  19  16  12  22  25  39  27  31  38  33  32  54  48  41  51  45  56  56
 [91]  62  63  65  49  53  53  57  62  70  59  60  69  50  51  53  51  47  43
[109]  46  38  45  48  51  68  78  72  79  83 104  82  95

[[150]]
  [1]   10   38   33   21   18   15   31   28   33   26   22   23   25   27   27
 [16]   34   30   35   59   65   55   62   67   67   85   84   77   96   85   78
 [31]  102  109   95  121  104  120  116  126  132  132  133  149  159  164  171
 [46]  181  171  208  204  240  277  293  295  308  284  317  307  321  324  356
 [61]  370  424  426  469  502  506  540  553  625  695  680  668  705  732  784
 [76]  770  768  778  848  993 1056 1039 1013 1081 1120 1142 1149 1306 1431 1439
 [91] 1447 1510 1572 1642 1681 1782 1867 1960 2076 2189 2289 2393 2569 2581 2703
[106] 2844 2933 3068 3176 3247 3367 3399 3525 3736 3916 4063 3991 4255 4451 4743
[121] 4789

> save(reslist, file=paste("output",iter,".rda",sep=""))
> 
> 
> ###############################################################
> 
> 
> # Clear the workspace and turn off graphics.
> #  Load all the functions you need by sourcing the provided demographic.R file
> #  Read in the job number from the cluster. To do this, your code should include a new
> # variable iter and should start with the line:
> # iter <- as.numeric(Sys.getenv(PBS_ARRAY_INDEX))
> #  Control the random number seeds so that each parallel simulation takes place with a
> # different seed. Your function should therefore set the random number seed as iter so that
> # each parallel simulation has a unique random seed.
> #  In each parallel run, select the initial condition to be used. Ensure that 25 of the parallel
> # simulations are allocated to each of the initial conditions.
> #  Create a variable which is the filename to store your results. The end of the filename
> # should be the number iter to ensure that simulation files do not overwrite one another on
> # the cluster.
> #  Initialise a list which will contain the results of your 150 simulations.
> #  Call the stochastic_simulation function to do the appropriate simulation 150 times,
> # appending the output to the results list, and then save the results list.
> 
> #four initial conditions (25 cluster runs per)
> #each cluster run runs simulation 150 times
> #1) large population of 100 adults
> #2) small population of 10 adults
> #3) 100 individuals spread
> #4) small population of 10 individuals
> 
R has finished running

============================================

        Job resource usage summary 

                 Memory (GB)    NCPUs
 Requested  :         1             1
 Used       :         0 (peak)   0.81 (ave)

============================================
