R is about to run

R version 4.4.1 (2024-06-14) -- "Race for Your Life"
Copyright (C) 2024 The R Foundation for Statistical Computing
Platform: x86_64-conda-linux-gnu

R is free software and comes with ABSOLUTELY NO WARRANTY.
You are welcome to redistribute it under certain conditions.
Type 'license()' or 'licence()' for distribution details.

R is a collaborative project with many contributors.
Type 'contributors()' for more information and
'citation()' on how to cite R or R packages in publications.

Type 'demo()' for some demos, 'help()' for on-line help, or
'help.start()' for an HTML browser interface to help.
Type 'q()' to quit R.

> 
> 
> growth_matrix <- matrix(c(0.1, 0.0, 0.0, 0.0,
+ 0.5, 0.4, 0.0, 0.0,
+ 0.0, 0.4, 0.7, 0.0,
+ 0.0, 0.0, 0.25, 0.4),
+ nrow=4, ncol=4, byrow=T)
> 
> reproduction_matrix <- matrix(c(0.0, 0.0, 0.0, 2.6,
+ 0.0, 0.0, 0.0, 0.0,
+ 0.0, 0.0, 0.0, 0.0,
+ 0.0, 0.0, 0.0, 0.0),
+ nrow=4, ncol=4, byrow=T)
> 
> clutch_distribution <- c(0.06,0.08,0.13,0.15,0.16,0.18,0.15,0.06,0.03)
> 
> #=========================================================================================
> rm(list=ls())
> graphics.off()
> source("Demographic.R")
> source("kl2621_HPC_2024_main.R")
[1] 0 0 0 0 3
[1] 3 3 2 2 2
[1] 1 1
 [1] 7 5 4 3 3 3 2 2 1 1 1 1 1 1 1 1 1 1 1 1 1
> 
> 
> ###4 initial conditions
> 
> ############################################################
> 
> 
> 
> #VVVVVVVVVVVV-------------COMMENT ME OUT WHEN RUNNING THE THING
> #iter <- 5
> #VVVVVVVVVVV--------------UNCOMMENT ME OUT
> iter <- as.numeric(Sys.getenv("PBS_ARRAY_INDEX"))
> set.seed(iter)
> 
> 
> if (iter <= 25) {
+ initial_state <- state_initialise_adult(4,100) #100 adults
+ } else if (iter >25 && iter <= 50) {
+ initial_state <- state_initialise_adult(4,10) #10 adults
+ } else if (iter >50 && iter <= 75) {
+ initial_state <- state_initialise_spread(4,100) #100 spread
+ } else {
+ initial_state <- state_initialise_spread(4,10) #10 spread
+ }
> 
> reslist <- list()
> 
> ####100 cluster runs
> ###################################################
> ####150 runs of stochastic_simulation per cluster run
> for (i in 1:150) {
+     #################################
+     ###120 steps of stochastic_simulation per simulation
+     stochasticresult <- stochastic_simulation(initial_state,growth_matrix,reproduction_matrix,clutch_distribution,120)
+     reslist[[i]] <- stochasticresult
+     #################################
+ }
> ###################################################
> 
> print(reslist)
[[1]]
  [1]   10   38   27   22   18   23   21   23   23   32   32   27   37   49   48
 [16]   47   38   40   43   57   64   62   75   92   72   70   94   75   93   88
 [31]  110  130  110  128  141  138  146  125  130  137  166  174  148  175  187
 [46]  177  167  192  181  180  189  198  203  184  192  190  224  238  257  283
 [61]  293  326  301  359  399  368  402  368  427  415  377  408  417  424  420
 [76]  418  430  428  524  597  584  627  654  618  593  647  652  689  739  812
 [91]  848  829  818  856  981 1009  981 1057 1052 1163 1252 1286 1265 1347 1501
[106] 1536 1643 1731 1754 1932 1995 2020 2074 2216 2330 2412 2381 2521 2476 2661
[121] 2816

[[2]]
  [1] 10 20 23 13  8  7  7  6  9  8  8 10  7 15 10  9 13  9  7 15 11  6  8  7  6
 [26]  6  5  5 12 12 18 13 12 10  9  7  5  5  4  3  2  6  5  4  3  8  5  4  4  3
 [51]  3  3  5  3  3  2  2  2  2  2 10  4  3  6  6 11 10 15 13  9 18 12  8 11 11
 [76] 18 14 12 14 14 12 10 10  8 16 17 13 11 11 10  7 12 16 22 16 13 16 13  6  5
[101]  8  8 11 14 17 17 26 22 22 38 26 20 26 23 31 41 45 46 53 43 56

[[3]]
  [1]   10   47   44   23   19   25   28   45   29   35   35   42   33   31   36
 [16]   41   43   54   43   43   41   42   34   37   34   46   33   40   37   43
 [31]   59   50   59   51   54   57   56   47   51   43   64   47   50   57   70
 [46]   66   92   84   95   90  103  112  105  127  118  147  161  168  176  177
 [61]  178  187  193  228  235  230  241  279  296  256  259  304  323  334  334
 [76]  369  357  365  391  388  476  459  527  505  503  519  578  623  605  613
 [91]  630  722  790  765  768  842  913 1002  999  975 1040 1063 1091 1114 1145
[106] 1169 1284 1288 1417 1386 1524 1606 1560 1656 1681 1785 1873 2020 1985 2055
[121] 2086

[[4]]
  [1]   10   30   35   23   19   25   27   31   37   39   40   46   36   31   28
 [16]   29   22   27   25   37   39   38   34   39   47   61   44   45   48   69
 [31]   60   51   82   78   79   74   83   88   87  137  143  157  120  125  152
 [46]  204  176  191  187  196  205  226  245  215  246  224  252  309  307  270
 [61]  271  282  291  296  320  330  349  362  380  380  406  367  440  456  509
 [76]  500  510  498  511  519  578  648  633  652  681  687  753  817  788  753
 [91]  744  822  839  906  954 1011 1116 1175 1268 1251 1317 1366 1395 1530 1551
[106] 1617 1591 1764 1858 2000 2073 2092 2222 2326 2396 2416 2494 2473 2661 2827
[121] 2972

[[5]]
  [1] 10  9 11 10  6  5  4  3  7  7  2  0  0  0  0  0  0  0  0  0  0  0  0  0  0
 [26]  0  0  0  0  0  0  0  0  0  0  0  0  0  0  0  0  0  0  0  0  0  0  0  0  0
 [51]  0  0  0  0  0  0  0  0  0  0  0  0  0  0  0  0  0  0  0  0  0  0  0  0  0
 [76]  0  0  0  0  0  0  0  0  0  0  0  0  0  0  0  0  0  0  0  0  0  0  0  0  0
[101]  0  0  0  0  0  0  0  0  0  0  0  0  0  0  0  0  0  0  0  0  0

[[6]]
  [1]   10   16   16   20   19   17   14   16   18   38   35   30   21   18   19
 [16]   35   32   30   33   43   49   45   43   54   54   53   46   45   51   58
 [31]   54   62   79   82   94   99  120  117  133  145  120  112  130  143  170
 [46]  165  164  153  139  133  148  156  170  200  200  224  270  286  276  288
 [61]  323  350  341  360  383  450  450  446  468  499  519  487  518  583  599
 [76]  622  611  698  677  693  669  703  713  799  807  828  838  962  977  914
 [91]  978 1061 1165 1178 1166 1288 1345 1401 1413 1499 1548 1520 1674 1719 1738
[106] 1833 1911 1992 2048 2131 2232 2250 2272 2304 2421 2520 2653 2725 2823 2960
[121] 3113

[[7]]
  [1]   10   32   33   27   29   20   34   38   41   33   26   31   39   50   43
 [16]   34   29   20   35   36   50   49   70   51   69   81   79   76   75   68
 [31]   71   74   84  110  135  110  106  104   98  117  135  140  145  141  155
 [46]  150  172  173  199  233  217  243  255  244  284  302  270  293  284  311
 [61]  317  368  413  407  481  492  523  474  519  530  539  587  659  621  611
 [76]  669  711  756  799  788  824  830  856  875  970  990  963 1009 1113 1137
 [91] 1212 1253 1367 1408 1360 1437 1468 1575 1615 1720 1725 1779 1824 1930 2042
[106] 2108 2271 2342 2463 2522 2486 2666 2842 2851 2932 2959 3088 3331 3579 3709
[121] 3783

[[8]]
  [1]  10  44  35  23  15  16  12  11   9  23  17  12   9   9  13  18  22  24
 [19]  22  17  18  13  17  19  21  16  15  27  35  32  19  19  19  29  28  23
 [37]  23  15  32  30  27  25  20  24  17  21  18  29  25  27  26  29  15  26
 [55]  31  29  30  23  25  33  32  37  40  43  46  54  72  80  67  60  86 103
 [73] 109 129 128 128 127 130 143 167 164 144 166 173 217 206 199 208 229 238
 [91] 262 244 233 232 258 250 269 273 317 303 331 368 385 370 403 382 412 462
[109] 488 527 517 582 600 560 653 689 687 735 784 804 806

[[9]]
  [1]  10  11  14   7   7   7   6  10   8   6   2   2   2   2   2  10   5   4
 [19]   3   3   3   3  15  12   8   8   7   7  14  16  13  12  20  19  18  17
 [37]  25  16  15  16  14  17  17  17  17  12  27  21  14  11  10  12  20  15
 [55]  26  31  26  33  28  26  27  32  22  34  27  31  30  29  21  20  29  33
 [73]  46  40  36  29  43  32  43  46  59  69  62  59  63  49  56  58  44  38
 [91]  66  47  44  57  55  70  55  57  75  82  71  68  78  91  99  91  79  87
[109]  77  94 112 118 116 117 131 141 126 153 167 158 162

[[10]]
  [1] 10 11 10 15 14  9  7 13 13 17 10 10  9 21 21 15 11 15 11  9  8 17 15 11  8
 [26]  7  9  6  6 12 22 26 18 11  9  6  6  3 13 12 11 11 11 18 23 16 12 11 12 10
 [51]  7  6 11  7 10  8  3  2  1  1  1  1  1  1  0  0  0  0  0  0  0  0  0  0  0
 [76]  0  0  0  0  0  0  0  0  0  0  0  0  0  0  0  0  0  0  0  0  0  0  0  0  0
[101]  0  0  0  0  0  0  0  0  0  0  0  0  0  0  0  0  0  0  0  0  0

[[11]]
  [1]   10   36   41   39   38   38   36   44   41   41   41   38   33   37   39
 [16]   35   39   42   49   46   52   45   42   50   68   52   58   49   45   47
 [31]   52   53   50   51   65   66   67   61   59   74  112  101  111  113  109
 [46]  117  117  112  131  119  128  114  123  142  176  169  149  165  155  185
 [61]  188  190  166  200  182  179  176  206  210  243  279  280  305  303  322
 [76]  314  315  367  366  364  350  345  381  407  402  388  487  451  482  539
 [91]  517  575  592  579  600  677  655  648  684  717  772  841  858  911  896
[106]  897 1006  989 1084 1122 1207 1173 1259 1324 1321 1368 1452 1498 1577 1623
[121] 1704

[[12]]
  [1]   10   24   16   13   11   15   18   18   14   18   20   15   20   29   28
 [16]   21   27   31   42   31   29   32   39   28   36   38   37   44   41   46
 [31]   38   37   26   24   47   68   60   54   49   67   79   67   60   68   66
 [46]   84   92  100  100   98  113  119  131  127  114   99  121  130  149  163
 [61]  149  180  174  174  207  213  216  203  216  208  256  312  345  319  296
 [76]  316  321  359  366  371  333  408  389  400  440  451  435  465  451  423
 [91]  431  465  479  526  537  587  603  599  616  621  630  719  740  744  733
[106]  721  736  793  832  858  841  944  966 1042 1073 1038 1082 1131 1142 1116
[121] 1108

[[13]]
  [1]   10   25   16   12   12   14   24   22   17   21   22   21   27   31   32
 [16]   27   34   32   31   50   52   51   40   60   71   58   67   79   76   98
 [31]   91  120  107  110  109  117  139  134  159  185  176  184  198  183  180
 [46]  193  202  217  214  215  241  249  273  317  303  273  283  313  346  332
 [61]  356  384  425  446  417  443  507  511  540  568  562  596  617  654  697
 [76]  723  721  745  750  760  778  818  799  922  897  956  932  967 1084 1089
 [91] 1045 1133 1207 1208 1256 1312 1416 1419 1413 1569 1668 1731 1806 1771 1821
[106] 1941 2083 2260 2244 2273 2431 2528 2790 2981 2926 3183 3131 3296 3390 3599
[121] 3719

[[14]]
  [1]  10  21  25  19  15  13  11  13  15  11   9  14  15  25  13  15  13  12
 [19]  10   8   7  17  13  14  13  11  10   7   7   6   5  10   8  10   8   6
 [37]   4   3   8   5  11  12  11   7   5   4   4   8   7   7   7   9   6   4
 [55]   4   4   5   7   4  10   8   7  10  19  26  15   9   9  20  18  18  22
 [73]  26  34  35  42  33  29  34  37  38  62  54  51  55  46  49  51  55  52
 [91]  66  43  42  38  37  48  48  48  55  66  55  55  63  66  55  64  72  95
[109]  96  95  99 107 104 104 117 109 135 135 127 135 133

[[15]]
  [1]   10   29   28   27   31   29   28   25   41   41   36   33   50   48   50
 [16]   47   50   52   65   59   57   48   68   50   62   60   66   62   79   62
 [31]   69   73   87   82   75   65   81   67   75   72   64   52   77  104   77
 [46]   86   91   92   98  100  111   89  113  106  122  119  123  134  157  187
 [61]  215  213  216  203  219  241  240  285  280  299  329  285  322  341  366
 [76]  376  432  446  436  504  484  522  559  552  551  570  559  553  579  540
 [91]  523  558  577  621  693  762  730  802  810  882  965 1043 1045 1039 1088
[106] 1099 1089 1188 1178 1225 1275 1352 1411 1389 1406 1511 1607 1708 1850 1931
[121] 1987

[[16]]
  [1]   10   50   61   39   34   37   50   47   49   52   50   58   92   88   90
 [16]   83   82   93  107  116  120  138  125  132  147  142  146  141  148  150
 [31]  168  186  208  222  214  249  278  310  337  338  319  344  360  342  324
 [46]  354  374  418  455  476  448  443  480  512  529  568  548  524  517  569
 [61]  594  652  658  702  685  711  796  827  867  838  795  863  899  971 1032
 [76] 1068 1102 1090 1183 1304 1351 1396 1340 1350 1470 1587 1582 1594 1605 1691
 [91] 1752 1890 1989 2079 2060 2064 2168 2311 2414 2482 2662 2663 2838 2978 3108
[106] 3222 3437 3546 3673 3955 4118 4233 4420 4473 4755 5056 5250 5460 5645 5839
[121] 6029

[[17]]
  [1]   10   28   27   25   18   16   17   15   25   31   29   20   22   28   21
 [16]   25   19   23   19   19   18   33   19   17   14   17   14   27   13   15
 [31]   24   17   19   17   14   15   32   32   34   38   39   44   42   37   37
 [46]   45   42   39   59   47   76   72   68   54   64   64   87   78   74   60
 [61]   67   95   92   76   88   80   98  103   96  119  136  140  118  128  137
 [76]  139  140  150  144  129  122  149  154  177  175  208  191  210  240  240
 [91]  269  298  355  366  341  384  373  379  411  418  465  440  480  471  478
[106]  484  541  639  635  676  655  733  766  850  863  902  880  911 1038 1113
[121] 1161

[[18]]
  [1]   10   36   24   18   19   17   17   18   24   26   38   25   33   22   20
 [16]   39   36   25   50   46   49   46   49   38   39   67   83   65   66   58
 [31]   60   56   62   74   85   69   81   90   81   94  101  105  115  110  108
 [46]  118  133  118  110  108   98  121  138  141  156  146  154  161  152  171
 [61]  167  175  182  175  217  239  246  239  218  237  264  248  258  300  379
 [76]  322  339  373  434  449  460  515  546  511  495  565  612  623  683  713
 [91]  772  770  783  872  914  929 1003 1023 1015 1102 1119 1101 1200 1234 1327
[106] 1452 1456 1486 1553 1591 1625 1723 1820 1912 1994 1994 2080 2266 2448 2533
[121] 2466

[[19]]
  [1]   10   23   19   13   10   11   11    8    8    7   13   14   17   17   14
 [16]   17   19   26   21   15   18   15   13   10   26   18   14   12   16   20
 [31]   37   46   57   52   50   42   49   64   74   60   77   75   81   70   81
 [46]   97  108  109  121  108  121  132  152  141  144  149  157  182  172  205
 [61]  214  201  173  177  186  191  219  249  238  262  289  340  313  314  334
 [76]  417  422  436  409  436  466  447  493  482  480  490  487  525  545  552
 [91]  512  553  607  644  596  639  622  657  648  701  751  800  831  870  940
[106]  976  990 1025 1112 1144 1207 1286 1307 1252 1302 1426 1500 1549 1619 1667
[121] 1753

[[20]]
  [1]   10   28   41   32   30   29   25   29   38   26   34   34   42   37   38
 [16]   46   38   39   55   61   40   40   32   35   48   56   56   63   64   85
 [31]   68   75   71   75   70   85  106  100  104  122  119  110  123  127  137
 [46]  127  138  175  175  189  198  212  221  214  274  282  275  297  294  294
 [61]  283  311  327  368  324  374  385  388  377  404  452  428  477  461  456
 [76]  545  532  562  583  657  696  744  742  792  807  814  852  962 1014 1008
 [91] 1065 1068 1110 1118 1153 1159 1228 1257 1259 1293 1333 1426 1544 1548 1669
[106] 1731 1704 1875 1960 2028 2111 2188 2301 2369 2353 2403 2470 2726 2764 3006
[121] 3175

[[21]]
  [1]   10   32   17   22   23   35   41   45   41   34   40   47   35   44   38
 [16]   48   37   50   46   44   53   41   43   63   68   74   78   75   89   90
 [31]   97  110  121  125  143  127  145  142  134  145  174  211  171  188  201
 [46]  219  205  196  182  217  242  260  248  237  253  263  306  333  319  335
 [61]  340  333  364  395  375  358  400  456  456  474  513  548  541  578  672
 [76]  644  573  664  683  714  734  784  819  855  859  877  884  962  997 1064
 [91] 1057 1085 1103 1180 1199 1245 1301 1354 1400 1327 1344 1454 1513 1619 1614
[106] 1795 1851 1917 1907 1880 2049 2170 2330 2474 2574 2558 2644 2740 2884 3030
[121] 3234

[[22]]
  [1]   10   31   29   24   15   12   17   26   19   16   32   36   27   25   20
 [16]   19   20   33   34   37   40   32   36   55   46   53   45   57   65   50
 [31]   54   46   56   79   89   71   89   91  106  102   93   94  120  106  119
 [46]  109  122  142  164  184  182  148  149  139  133  142  178  209  223  241
 [61]  228  235  236  251  277  270  283  274  299  277  295  344  355  329  362
 [76]  398  442  387  446  436  449  462  474  494  515  514  559  583  536  633
 [91]  667  671  703  753  799  885  934  904  971 1015 1021 1106 1103 1216 1219
[106] 1238 1214 1354 1425 1465 1494 1591 1625 1713 1783 1839 1852 1966 1959 1982
[121] 2163

[[23]]
  [1]  10  16  19  16  10   7  15  11   6   6  13  11  22  17  13  14  16  26
 [19]  19  16  20  17  24  24  23  23  27  23  28  29  27  25  27  42  55  45
 [37]  48  40  43  46  61  64  43  68  52  49  57  65  60  46  50  51  61  61
 [55]  45  46  50  59  79  81  71  82  96 113  91  99 105 125 119 137 126 120
 [73] 130 167 166 192 205 212 197 208 244 209 222 253 230 260 240 251 253 266
 [91] 246 272 251 271 248 270 279 349 353 344 366 359 373 388 376 381 403 415
[109] 408 455 442 448 537 572 615 611 641 643 700 659 707

[[24]]
  [1]  10  19  30  16  13  11  16  12  15  12  13  11   9   8  19  17  11   8
 [19]   9   7   7  12   6   5   5   8   9   7  12   9   8   8   7  18  13  19
 [37]  13  10  19  20  16  19  31  33  28  29  29  27  24  20  28  34  28  42
 [55]  42  29  31  44  47  42  52  44  66  68  66  75  86 104  96  78  81  84
 [73] 100  92  88 110 134 107 119 141 132 138 128 168 170 151 157 167 184 187
 [91] 204 224 206 225 236 245 254 280 295 300 299 344 364 379 381 379 403 405
[109] 445 442 480 531 509 544 613 603 603 644 636 718 758

[[25]]
  [1]   10   31   21   16   16   15   26   25   23   24   19   41   37   32   49
 [16]   50   53   57   64   44   37   47   62   70   67   63   69   55   64   95
 [31]   95   87   81   84   90   93   88   79   90  111  100  105   97  107  141
 [46]  143  164  156  168  161  183  166  172  199  183  177  150  182  176  215
 [61]  188  198  203  233  224  234  238  263  251  276  277  325  346  315  310
 [76]  327  323  367  366  426  431  431  392  416  454  446  473  471  527  570
 [91]  569  619  640  654  700  729  785  814  826  803  831  826  842  949 1020
[106] 1077 1142 1184 1199 1228 1391 1454 1525 1589 1658 1725 1756 1775 1820 1815
[121] 1955

[[26]]
  [1]   10   39   48   46   43   43   39   54   55   61   58   65   78   71   96
 [16]  125  125  113  103   90   97  119  138  128  152  134  156  160  163  205
 [31]  223  223  258  226  259  250  250  222  299  326  310  295  330  310  325
 [46]  351  390  388  413  399  414  434  407  386  420  476  521  563  601  588
 [61]  626  630  673  725  744  765  823  893  902  886  930 1016 1112 1167 1170
 [76] 1196 1241 1360 1349 1421 1498 1624 1677 1737 1860 1943 1989 2111 2200 2295
 [91] 2417 2586 2684 2886 2933 2922 2981 3234 3430 3555 3618 3773 3919 3995 4064
[106] 4376 4481 4520 4484 4654 4948 5099 5297 5456 5756 5990 6220 6256 6616 6915
[121] 7267

[[27]]
  [1]   10   40   30   24   20   17   23   29   22   17   17   29   38   41   41
 [16]   47   42   50   60   60   59   71   87   84   75   76   85  105  103  104
 [31]  107  104  126  116  122  120  139  190  201  211  226  225  227  226  241
 [46]  279  287  291  291  329  335  386  387  456  486  479  521  506  509  559
 [61]  604  601  563  552  613  620  682  651  649  716  768  798  862  892  882
 [76]  897  980 1045 1112 1093 1152 1214 1259 1331 1381 1398 1469 1463 1508 1598
 [91] 1652 1699 1616 1674 1787 1831 1857 1921 1968 2172 2163 2261 2354 2470 2571
[106] 2624 2634 2814 2869 2963 3077 3212 3261 3355 3467 3548 3606 3797 3840 3992
[121] 4210

[[28]]
  [1]  10  26  17  16  12   8   8  12  13  16  24  14  10   7  11  18  19  12
 [19]  11  10  15  29  22  27  32  30  33  37  31  30  36  43  40  38  39  38
 [37]  38  32  35  31  37  38  35  35  40  41  42  39  45  50  52  45  41  33
 [55]  48  43  55  54  46  55  55  54  53  60  80  78  82  97 110 109  94 133
 [73] 132 125 120 110 126 138 133 131 158 192 213 206 235 232 229 237 256 309
 [91] 318 302 312 306 340 356 345 352 363 365 368 351 389 440 448 460 438 482
[109] 525 588 613 558 561 601 609 641 713 726 735 805 787

[[29]]
  [1]   10   21   17   10   10   19   31   34   32   25   26   31   37   40   50
 [16]   67   50   66   60   71  114  120  116  123  130  148  164  182  184  193
 [31]  189  193  206  237  242  242  268  272  277  280  315  299  277  295  378
 [46]  369  352  396  392  401  447  442  473  470  536  549  555  597  610  564
 [61]  561  591  684  643  636  617  654  685  744  818  883  892  931  953  950
 [76]  937  985 1131 1163 1253 1377 1335 1388 1409 1459 1481 1635 1660 1666 1765
 [91] 1793 1907 1967 1912 1995 2158 2273 2360 2377 2458 2599 2661 2828 2974 3061
[106] 3052 3164 3251 3374 3533 3722 3949 3994 4009 4304 4512 4536 4827 4939 5087
[121] 5380

[[30]]
  [1]   10   32   32   24   18   22   23   33   38   34   34   31   43   42   32
 [16]   33   47   40   51   38   38   41   52   60   72   76   75   70   76   94
 [31]   96  103  121  111  125  128  129  117  146  152  166  166  167  193  185
 [46]  176  203  219  223  204  186  188  185  217  197  217  249  306  301  300
 [61]  311  343  352  378  422  400  423  449  456  491  501  480  495  529  571
 [76]  579  639  588  628  687  706  701  702  778  853  841  880  859  944 1007
 [91] 1028 1079 1064 1093 1134 1115 1204 1262 1302 1361 1409 1492 1594 1571 1681
[106] 1779 1810 1902 1997 2190 2348 2442 2511 2692 2833 2923 2952 3133 3210 3361
[121] 3503

[[31]]
  [1]   10   36   29   21   17   24   30   29   19   19   15   20   20   13    9
 [16]   16   20   14   18   23   33   19   21   24   27   28   38   47   61   67
 [31]   68   61   71   70   63   64   56   70   69   72   79   57   64   64   88
 [46]  104   85   81   78  117  123  131  137  130  151  171  179  191  192  200
 [61]  215  191  180  212  258  211  227  225  278  289  285  274  294  297  331
 [76]  323  380  443  397  421  405  416  452  517  487  463  496  509  547  557
 [91]  589  634  672  650  687  702  776  755  749  808  918  924  878  888  993
[106] 1011 1065 1054 1149 1162 1169 1245 1308 1402 1441 1514 1555 1548 1611 1678
[121] 1716

[[32]]
  [1]  10  39  27  20  18  27  25  22  29  21  34  27  21  23  30  31  41  41
 [19]  35  36  30  31  24  16  26  20  18  27  29  26  29  27  18  16  22  27
 [37]  24  27  23  31  24  25  34  45  48  44  39  36  33  43  32  37  50  68
 [55]  61  56  53  58  80  84  78  77  91  88 103  93  86  86  85  94  96 122
 [73] 114  94  90 128 114 121 116 115 131 131 156 147 150 126 142 169 146 188
 [91] 158 182 165 151 151 154 161 185 197 209 204 233 269 271 289 283 318 284
[109] 316 344 372 324 345 331 356 373 402 372 429 431 488

[[33]]
  [1]   10   20   25   18   15   13   14   23   23   21   18   17   17   25   26
 [16]   34   42   37   28   28   47   48   57   52   57   56   56   74   78   72
 [31]   71   77   76   86   90   95   95   98  104  121  141  147  156  163  169
 [46]  159  161  165  171  186  226  243  234  237  235  252  277  287  306  339
 [61]  352  344  340  365  326  357  378  389  382  379  393  387  431  452  490
 [76]  470  511  540  587  601  603  624  637  711  717  708  795  816  805  778
 [91]  841  914  920  918  955 1002 1098 1134 1157 1250 1295 1273 1287 1352 1406
[106] 1472 1556 1635 1699 1819 1803 1813 1947 2054 2048 2142 2245 2345 2254 2348
[121] 2421

[[34]]
  [1]  10  28  29  18  11   8   8   7   9  10   9   9   8   9  20  15  25  20
 [19]  16  25  30  28  26  23  25  29  25  35  31  31  35  38  41  41  38  42
 [37]  52  53  43  45  49  49  54  56  75  70  55  59  82  76  81  94  98  73
 [55]  67  73 100 110 106 101 121 118 148 135 136 130 144 167 145 166 153 143
 [73] 175 181 156 141 133 168 202 189 177 189 192 182 170 195 201 212 232 239
 [91] 249 251 265 281 283 303 318 348 358 403 401 413 435 432 448 447 495 513
[109] 531 551 636 664 649 659 763 770 771 812 880 911 984

[[35]]
  [1]   10   35   43   46   33   27   39   44   35   41   29   30   32   28   38
 [16]   31   47   75   67   73   64   62   64   78   81   89  102   80   79   90
 [31]  114   92  138  145  158  155  147  149  142  184  201  207  196  200  238
 [46]  265  271  304  341  329  321  347  348  358  352  346  379  363  389  454
 [61]  425  415  428  446  471  497  530  581  608  580  602  636  614  605  608
 [76]  661  729  723  754  804  870  892  916  945 1002 1096 1099 1154 1209 1281
 [91] 1334 1368 1430 1522 1614 1680 1795 1851 1825 1945 1971 2128 2154 2250 2297
[106] 2422 2540 2597 2729 2836 2932 3202 3308 3462 3517 3619 3770 4060 4090 4295
[121] 4440

[[36]]
  [1]   10   23   14   12   15   29   31   24   23   18   28   24   38   30   27
 [16]   36   32   27   37   44   48   51   51   65   83   78   82   73   78   83
 [31]   68   61   65   66   84   85   97   98   98   90  109  116  131  122  142
 [46]  133  172  151  142  139  169  160  157  190  181  182  202  206  213  222
 [61]  262  241  274  254  253  281  336  308  323  377  339  344  387  443  452
 [76]  422  487  494  493  530  544  532  598  577  634  694  726  749  735  759
 [91]  798  800  816  832  891  903  942 1038 1025 1083 1118 1224 1325 1426 1461
[106] 1484 1516 1730 1834 1958 1926 1964 2064 2149 2200 2304 2328 2443 2630 2817
[121] 2821

[[37]]
  [1]  10  36  21  16  13  11  14  17  19  19  16  15  19  24  22  20  31  35
 [19]  39  32  35  37  33  20  37  46  42  45  41  39  32  30  29  49  56  56
 [37]  47  51  48  42  41  43  63  74  58  46  41  49  62  64  52  59  61  52
 [55]  65  55  57  58  60  59  68  54  71  79  84  86  80  81  78  92  80  92
 [73]  65  56  62  71  89  87  83  72  78  87  89  90  97  78 105  96  82  80
 [91]  90  88 111 104 122 140 155 159 149 153 153 189 176 161 172 182 160 150
[109] 151 151 171 210 191 166 176 190 205 205 206 220 241

[[38]]
  [1]   10   18   15   12   11   11   10   12   16   15   15    9    9    8    6
 [16]    6   11   14   20   11   11   11   10   13   19   17   20   17   27   29
 [31]   33   29   39   39   48   54   53   51   46   48   53   56   79   61   62
 [46]   51   75   57   64   81   69   72   65   64   70   82   86   74   84   92
 [61]   87   82   91   94  117   98  122  121  125  122  147  158  167  178  198
 [76]  231  212  221  225  227  236  253  259  278  262  288  294  287  336  309
 [91]  293  340  322  354  361  352  367  416  450  473  523  525  550  546  610
[106]  620  637  611  627  726  827  839  800  848  990 1014 1073 1052 1145 1100
[121] 1191

[[39]]
  [1]  10  22  20  12  12  13  18  16  14  17  19  25  26  28  22  23  21  25
 [19]  28  29  26  27  35  29  38  43  48  50  35  35  31  31  37  40  32  33
 [37]  38  46  47  45  37  42  50  48  44  32  36  48  40  39  43  51  57  46
 [55]  48  51  51  52  59  57  47  61  57  44  49  56  59  56  79  71  75  75
 [73]  90  87  91  90 108  98 117 115 124 119 127 122 130 141 134 123 109 117
 [91] 159 160 147 144 156 139 167 171 199 202 225 227 222 217 240 252 279 261
[109] 292 314 338 365 355 314 319 361 351 438 447 460 515

[[40]]
  [1]   10   35   23   18   14   19   19   20   26   21   23   16   22   20   25
 [16]   29   24   33   24   34   36   42   32   29   36   33   33   29   47   47
 [31]   40   40   42   43   44   53   39   48   58   77   75   54   62   69   80
 [46]   99  112  100   92  101   99  131  141  142  163  179  177  156  171  162
 [61]  180  191  221  215  211  226  240  253  260  316  307  318  327  350  388
 [76]  432  392  435  467  428  488  500  501  499  541  545  579  610  606  629
 [91]  676  740  722  752  806  777  804  844  835  814  848  880  943 1007 1073
[106] 1097 1142 1198 1274 1285 1412 1429 1439 1391 1423 1488 1580 1546 1716 1702
[121] 1749

[[41]]
  [1]  10  26  23  17  14  13  13   7  31  33  22  26  24  28  22  38  22  34
 [19]  25  17  20  20  23  20  15  13  11  12   7  13  10  15  20  16  14  13
 [37]  24  20  15  20  23  24  31  22  21  28  37  28  28  41  39  30  28  40
 [55]  36  33  23  24  26  29  37  43  29  29  34  32  27  28  26  41  29  40
 [73]  63  59  55  42  50  58  65  77  64  52  58  82  94  99  92  85  99 118
 [91] 100 100 109 130 138 129 120 122 103 110 119 126 132 142 142 140 159 151
[109] 140 175 191 200 203 193 187 187 196 204 192 231 218

[[42]]
  [1]   10   53   46   28   24   31   52   46   39   57   56   44   42   31   39
 [16]   32   30   36   29   31   28   28   21   32   29   34   34   40   36   43
 [31]   42   33   34   43   35   36   41   40   48   49   57   44   58   74   85
 [46]   89   87   83   84   92  111  107  104  101  104   97  119  122  136  139
 [61]  155  172  163  167  178  173  172  177  198  187  184  198  207  283  253
 [76]  246  226  243  240  260  280  332  374  358  371  392  429  475  491  530
 [91]  547  515  538  602  592  637  632  650  703  684  742  755  770  774  804
[106]  849  865  898  915  992  956  998 1066 1115 1146 1160 1189 1292 1317 1329
[121] 1362

[[43]]
  [1]   10   42   42   42   31   32   49   44   43   47   46   43   42   40   50
 [16]   54   68   63   51   66   63   64   76   70   72  110  149  124  115  121
 [31]  122  117  148  159  172  155  175  169  172  200  194  193  246  243  228
 [46]  219  223  247  303  267  277  258  274  281  292  290  311  324  361  366
 [61]  379  367  380  404  419  402  433  452  454  474  520  498  531  554  608
 [76]  619  576  617  675  694  712  721  763  759  831  870  917  984  987 1024
 [91] 1005 1108 1079 1184 1171 1199 1245 1334 1308 1326 1274 1371 1472 1494 1573
[106] 1739 1737 1714 1807 1835 1941 1993 2064 2172 2206 2390 2466 2472 2553 2640
[121] 2737

[[44]]
  [1]  10  31  19  12  11  14  10   9   8  15  11  11   9  10   9   8  15  16
 [19]  12  16  25  22  29  28  20  19  22  16  16  20  19  24  19  16  29  43
 [37]  32  31  36  35  34  35  29  25  43  42  32  41  48  47  41  47  42  55
 [55]  43  60  53  68  69  90  70  78  69  65  86 117 131 117 128 160 148 155
 [73] 168 161 174 168 144 163 163 161 173 209 208 195 212 210 209 244 245 262
 [91] 269 294 320 340 384 420 434 449 461 467 467 478 471 505 514 508 548 562
[109] 591 597 607 620 672 655 723 739 719 735 739 798 809

[[45]]
  [1]   10   30   18   21   11   11   24   39   39   24   21   32   40   52   48
 [16]   57   51   55   52   60   69   72   78   75   93   73   88   81   78   78
 [31]   84   76   62   88   77   86   92   98  106  121  110  114  145  125  151
 [46]  160  132  120  143  163  186  209  204  194  204  228  245  244  263  273
 [61]  290  300  310  316  350  358  337  324  344  384  439  382  356  380  392
 [76]  419  425  457  474  439  487  571  575  584  587  606  653  692  716  720
 [91]  712  775  805  817  783  843  903  979  975 1036 1012 1120 1191 1244 1261
[106] 1232 1280 1346 1408 1441 1385 1536 1550 1651 1785 1779 1836 1870 2104 2140
[121] 2278

[[46]]
  [1] 10  4  8 14  9  7  5  5  3  3  3  2  1  4  2  1  1  1  1  1  1  1  1  8  7
 [26]  4  4  3  7  8  5  3  3  3  1  1  1  0  0  0  0  0  0  0  0  0  0  0  0  0
 [51]  0  0  0  0  0  0  0  0  0  0  0  0  0  0  0  0  0  0  0  0  0  0  0  0  0
 [76]  0  0  0  0  0  0  0  0  0  0  0  0  0  0  0  0  0  0  0  0  0  0  0  0  0
[101]  0  0  0  0  0  0  0  0  0  0  0  0  0  0  0  0  0  0  0  0  0

[[47]]
  [1]  10  28  35  27  26  33  26  26  21  28  19  24  15  11  13   7   8   6
 [19]   5   9   8  20  17  15  17  12   7  10   7  10   9  13  11  11   8  10
 [37]  14   7  11   8   7   8   8   7   4   2   2   7   7   4   3   3   2   2
 [55]   2   2   2   4   1   1   1   1   7   4   4   3   3  11  11  18  16  15
 [73]  20  12  15  10  10  24  22  20  15  12   8  16  14  22  17  22  18  20
 [91]  26  35  35  28  29  20  30  30  30  35  32  38  45  49  46  57  58  52
[109]  65  52  65  69  89  73  82  97  98  87 122 121 116

[[48]]
  [1]  10  24  33  20  18  13  18  19  18  17  19  26  24  24  28  30  38  33
 [19]  24  24  35  26  25  23  18  15  22  25  22  20  24  32  26  16  16  21
 [37]  38  29  38  24  21  19  30  41  40  50  44  46  50  50  57  60  56  53
 [55]  58  58  69  55  67  78  82  82  91  95  85  93  93 100  80  84 106  91
 [73] 101 120 117  97 114 110 110 111 136 145 146 121 151 153 164 168 163 167
 [91] 157 189 209 215 191 200 216 233 219 247 233 228 265 280 300 326 318 368
[109] 369 397 410 441 474 518 564 596 568 597 648 687 664

[[49]]
  [1]   10   16   22   32   36   21   22   51   48   40   38   49   50   43   54
 [16]   56   53   56   49   64   90   81   77   74   82   69   78   75   87   88
 [31]   94   91   81   94   94   82   85   73  103  114  121  115  100   94  101
 [46]  103  135  150  137  153  154  196  190  171  177  168  184  189  198  212
 [61]  228  245  210  201  225  224  243  295  297  285  321  287  320  288  344
 [76]  338  379  371  396  367  400  412  448  468  452  474  503  529  535  546
 [91]  568  566  563  574  606  626  685  686  672  651  670  687  740  723  765
[106]  778  808  872  871  890  937  979 1026 1134 1094 1151 1213 1269 1303 1376
[121] 1411

[[50]]
  [1]  10  35  24  15  13  12  17  10   9   5   3   2   2   2   2   5   3   2
 [19]   2   7   8   6  12  22  18  15  19  25  23  28  25  23  33  38  42  34
 [37]  35  48  49  46  41  55  53  52  44  37  34  46  38  49  47  41  58  53
 [55]  54  48  53  54  74  73  61  61  62  55  71  90  79  70  67  73  81  74
 [73]  79  81  79  69  80  83 126 109 100  82  98 107 127 165 153 148 162 176
 [91] 183 218 211 210 240 256 278 287 323 322 357 370 376 375 414 386 418 454
[109] 488 490 484 508 529 487 599 599 616 601 568 662 692

[[51]]
  [1]  10  23  13  11  11   9  15  21  16  27  20  26  14  19  15  27  22  18
 [19]  19  25  16  15  14  16  17  20  18  15  17  18  18  26  16  14  17  19
 [37]  18  20  14  11  16  16  16  10   7   6   7  16   9   8   7   5   4   4
 [55]  19  19  20  17  11  12  11  11   9  20  21  21  15  22  27  28  24  39
 [73]  25  26  27  31  36  43  36  27  30  29  27  29  32  38  37  38  46  49
 [91]  55  44  40  40  36  39  32  44  46  49  51  43  47  37  34  47  46  52
[109]  49  52  50  55  46  43  49  75  72  75  69 115 132

[[52]]
  [1]  10  40  24  22  15  23  19  14  17  17  35  38  36  28  30  23  51  49
 [19]  47  71  78  65  72  75  83  85  82  82  92  93  86  78  78  95  82  82
 [37]  80  64  84  85  98 112 100  97 121 111 128 119 126 129 118 103 107 130
 [55] 133 127 131 138 131 113 118 120 139 140 139 156 156 163 144 158 162 169
 [73] 174 182 175 177 193 206 244 239 241 216 250 245 263 263 249 264 292 308
 [91] 301 304 308 324 310 360 378 424 441 440 423 434 479 525 540 568 603 627
[109] 626 642 672 635 616 689 732 802 841 878 891 912 983

[[53]]
  [1]   10   50   38   42   35   33   34   42   47   36   39   34   39   31   32
 [16]   34   37   73   54   64   57   57   68   63   66   63   80   76   82   71
 [31]   59   72   70   79   82  100   91   99  123  116  129  134  132  116  120
 [46]  114  116  145  141  151  149  168  191  192  189  203  202  213  208  216
 [61]  188  226  218  204  223  219  215  224  173  195  205  220  242  233  230
 [76]  233  271  271  268  270  281  343  309  329  347  343  414  445  479  530
 [91]  556  563  559  604  631  616  584  624  713  734  753  851  864  910  957
[106]  967 1075 1129 1097 1151 1199 1243 1304 1363 1362 1412 1486 1602 1686 1701
[121] 1697

[[54]]
  [1]   10   32   24   26   25   20   22   29   31   36   47   42   43   41   30
 [16]   35   43   49   38   47   39   41   37   44   44   39   56   49   56   41
 [31]   46   42   42   51   64   49   45   43   63   52   65   69   76   85   83
 [46]   73   97   93  129  148  141  144  149  133  162  152  163  138  136  163
 [61]  180  182  171  197  235  237  236  247  253  267  266  259  290  299  320
 [76]  317  300  307  356  389  417  413  394  463  450  487  432  454  459  455
 [91]  454  486  523  588  579  571  611  655  678  695  712  807  750  736  727
[106]  834  904  910  881  930  952 1049 1084 1109 1122 1159 1261 1356 1383 1397
[121] 1434

[[55]]
  [1]   10   26   18   11   11    9    8   22   24   19   24   14   11   35   32
 [16]   22   21   19   21   28   36   41   37   29   33   43   40   31   46   70
 [31]   66   47   43   64   84   87  113  118  122   96  104  100  111  104  109
 [46]  115  133  140  133  140  154  165  157  162  193  210  219  258  290  262
 [61]  315  298  380  333  362  380  372  367  407  410  453  488  528  513  496
 [76]  528  529  613  695  682  686  773  786  864  868  845  934  964  946 1079
 [91] 1108 1168 1159 1163 1271 1399 1427 1430 1411 1509 1519 1551 1664 1642 1705
[106] 1760 1844 1859 1961 2037 2075 2200 2280 2355 2444 2567 2750 2889 3019 3092
[121] 3081

[[56]]
  [1]   10   18   11   10    9   10   15    9    9    6    6    5   18   17    9
 [16]    6    6   18   26   33   32   34   39   50   40   53   42   48   69   89
 [31]   87   71   72   77   90   96  103   82   96  100   94   96   85   99  122
 [46]  131  137  142  139  115  117  128  147  158  172  182  169  200  187  210
 [61]  237  272  263  268  312  310  306  295  294  293  349  401  380  360  373
 [76]  367  376  458  490  491  473  509  521  576  583  609  687  775  798  804
 [91]  798  839  886  874  954  993 1003 1026 1067 1116 1139 1179 1222 1260 1319
[106] 1355 1350 1391 1423 1594 1684 1766 1822 1809 1908 1991 2046 2088 2211 2301
[121] 2411

[[57]]
  [1]   10   24   35   34   26   31   51   38   42   52   48   43   46   45   47
 [16]   48   63   75   61   78   67   84   89  100  104   87   83  109  100  111
 [31]   98   94  116  141  142  131  157  143  144  131  139  126  118  157  175
 [46]  163  158  169  194  188  195  209  242  235  269  295  273  248  262  270
 [61]  291  314  312  353  365  378  414  442  470  466  492  494  531  575  607
 [76]  623  672  702  737  811  917  907  846  849  951 1024 1125 1150 1208 1214
 [91] 1284 1426 1449 1439 1490 1507 1593 1645 1602 1749 1768 1743 1930 1919 2106
[106] 2086 2186 2247 2335 2481 2577 2733 2834 2904 2974 3108 3124 3397 3631 3691
[121] 3780

[[58]]
  [1]   10   35   34   22   19   15   19   18   15   23   40   25   26   40   28
 [16]   40   39   40   32   47   51   46   53   68   50   46   48   61   76   99
 [31]   82   84   80   87   92   94  111  106   94  138  126  132  132  170  159
 [46]  160  167  145  135  141  168  140  127  148  153  148  138  175  187  189
 [61]  181  201  210  224  232  243  279  300  340  323  329  335  409  409  421
 [76]  440  486  448  474  509  538  589  619  633  675  662  733  790  815  815
 [91]  870  906  955 1052 1011 1007 1030 1038 1129 1144 1196 1194 1256 1315 1324
[106] 1374 1419 1494 1447 1482 1555 1614 1728 1808 1908 1970 2008 2138 2239 2233
[121] 2330

[[59]]
  [1]   10   27   19   16   14   14   12   13   14   11   22   18   24   24   17
 [16]   20   18   19   31   34   44   33   31   33   39   32   30   28   23   36
 [31]   30   48   30   30   30   30   21   34   30   27   38   31   50   48   45
 [46]   56   54   40   36   29   43   45   44   34   49   55   56   54   54   67
 [61]   61   68   58   70   68   72   71   78   76   81   67   66   86  104  108
 [76]  124  106   91  130  148  117  161  173  182  210  240  213  199  248  278
 [91]  301  310  322  404  378  413  408  417  443  445  501  578  511  522  533
[106]  593  550  590  628  619  672  690  657  691  760  798  865  886  894  976
[121] 1093

[[60]]
  [1]   10   32   28   20   17   17   19   25   38   25   25   27   25   25   18
 [16]   21   26   25   26   19   21   17   40   41   45   37   40   40   44   54
 [31]   36   29   57   62   63   64   69   68   63   76   82   88   77  107  121
 [46]  129  115  112  116  120  124  118  158  152  150  141  149  147  156  153
 [61]  155  173  198  176  166  157  166  197  217  245  268  261  234  238  267
 [76]  324  289  295  315  284  309  348  372  403  414  414  411  435  484  510
 [91]  520  612  631  664  688  727  720  689  745  788  893  872  903  932 1016
[106] 1085 1081 1129 1104 1183 1220 1235 1299 1368 1447 1530 1605 1678 1767 1852
[121] 1934

[[61]]
  [1]   10   21   25   27   24   30   30   32   31   33   40   42   37   45   36
 [16]   40   36   31   44   41   30   33   34   27   34   45   49   68   47   53
 [31]   58   70   69   72   64   60   67   75   76   79   79   78   80   88   97
 [46]   98  118  111  129  148  130  124  145  141  154  182  207  189  167  159
 [61]  182  243  226  226  251  268  290  280  324  316  378  381  372  340  362
 [76]  371  367  399  400  419  445  460  469  511  522  563  572  554  580  680
 [91]  674  653  640  672  753  798  806  818  872  819  857  918  905 1034 1110
[106] 1140 1170 1167 1215 1237 1342 1369 1405 1524 1636 1656 1677 1848 1980 2020
[121] 2154

[[62]]
  [1]   10   37   41   38   30   27   42   34   35   48   48   41   30   35   47
 [16]   51   59   40   40   45   68   69   63   80   71   62   68   82   76   68
 [31]   77   85  105  140  125  108  100  131  112  164  188  161  155  155  147
 [46]  146  157  165  171  183  200  210  205  205  182  226  245  250  258  258
 [61]  243  257  261  272  280  255  326  342  380  382  379  393  451  488  478
 [76]  483  504  535  584  597  651  663  765  851  856  884  885 1027 1077 1106
 [91] 1117 1181 1210 1337 1465 1466 1534 1584 1509 1573 1711 1732 1883 1906 1969
[106] 1991 2025 2114 2236 2266 2244 2465 2458 2524 2574 2619 2810 3105 3201 3272
[121] 3461

[[63]]
  [1]  10  26  14  10  10   9   8  14  11  17  15  13  14  21  36  26  25  28
 [19]  27  19  19  15  16  15  10  14  14  11  14  11  10   9  10  15   8   7
 [37]   5   3   9  17  12  16  17  14  12  23  29  27  20  19  17  18  21  25
 [55]  39  32  24  23  31  25  37  61  60  51  58  56  50  51  64  68  84  89
 [73]  85  78  80  83  72  80  82  65  66  85  79  80 101 100 108 114 112 109
 [91]  91  80 108 121 126 113 117 121 140 137 134 136 140 176 194 182 173 160
[109] 183 201 251 263 260 271 252 288 281 345 386 387 399

[[64]]
  [1]   10   46   41   30   25   24   36   30   37   46   43   54   57   54   70
 [16]   72   89   72   58   66   80   70   96   79  103  109  125  140  158  152
 [31]  170  152  143  147  187  205  221  233  221  243  237  262  268  262  277
 [46]  305  352  355  345  362  373  429  413  449  419  402  444  510  495  541
 [61]  622  631  672  709  751  739  735  746  842  866  922 1026 1043 1119 1142
 [76] 1222 1250 1297 1371 1402 1496 1534 1535 1542 1608 1718 1837 1853 1902 1968
 [91] 1963 2122 2216 2325 2421 2401 2454 2676 2759 3053 3081 3131 3355 3443 3557
[106] 3684 3723 3954 4154 4437 4507 4708 4959 5063 5324 5590 5787 5869 6134 6332
[121] 6702

[[65]]
  [1]   10   34   38   31   27   23   22   44   26   30   36   29   34   32   31
 [16]   28   33   31   26   31   23   34   40   57   49   61   56   66   76   55
 [31]   66   66   83   69   59   75   71   87   85   87   79   62   83   94   78
 [46]   71   93   97   83   93   93  102   97   81   80   88   82   95  117  114
 [61]  120  107  108  124  156  160  158  177  172  192  199  200  218  203  219
 [76]  221  233  257  254  303  299  276  294  282  303  315  338  330  337  373
 [91]  393  385  387  375  422  435  413  442  488  459  503  543  565  535  568
[106]  575  560  546  597  646  674  665  731  794  746  803  823  926  992 1009
[121] 1090

[[66]]
  [1]  10  36  36  21  17  29  34  31  27  30  24  20  14  13  22  24  24  23
 [19]  25  26  42  32  19  18  25  35  27  27  21  20  19  18  14  16  20  24
 [37]  25  19  21  19  29  27  18  15  16  26  24  24  20  29  29  29  22  24
 [55]  30  29  41  34  35  35  51  44  43  34  24  33  34  47  48  49  41  71
 [73]  62  70  61  52  49  61  62  68  57  60  68  69  60  60  71  75  84  97
 [91]  76  72  68 100 104 105  91  92  88  97 114 129 127 113 118 144 130 124
[109] 116 141 127 156 172 160 162 184 212 207 198 211 216

[[67]]
  [1]   10   21   24   18   25   31   34   41   41   40   33   56   38   51   64
 [16]   67   73   55   46   52   73   77   79   70   72   83   97  124  118  108
 [31]   97  157  156  136  128  140  167  176  177  207  210  218  226  231  228
 [46]  235  243  247  241  236  238  265  266  249  262  284  315  358  350  335
 [61]  363  381  391  451  449  430  455  458  486  471  479  498  529  585  568
 [76]  641  625  692  744  729  835  799  838  884  909  932  944  976 1088 1099
 [91] 1134 1159 1246 1332 1362 1475 1454 1560 1656 1738 1753 1769 1853 1945 2118
[106] 2196 2336 2358 2395 2429 2594 2822 2872 2968 3117 3219 3384 3541 3710 3786
[121] 3958

[[68]]
  [1]   10   44   27   16    9    7   16   10   10   14   31   16   14   19   36
 [16]   34   26   29   26   18   20   15   34   30   38   39   45   75   54   57
 [31]   67   68   70   84   81   93   75   80   76  100  112  111   96   96  121
 [46]  108   99  107  105  120  116  114   92  128  135  144  169  173  171  179
 [61]  200  227  181  169  159  212  211  208  186  214  226  215  225  227  267
 [76]  266  253  260  278  245  259  266  287  275  312  321  354  350  376  419
 [91]  431  455  446  506  490  517  563  577  647  600  656  675  664  721  780
[106]  841  840  871  886  938  933 1021  988 1106 1144 1155 1206 1189 1218 1269
[121] 1462

[[69]]
  [1]   10   28   30   25   23   20   27   21   25   25   27   24   27   45   34
 [16]   32   36   55   57   45   51   43   44   39   47   40   47   44   42   46
 [31]   53   52   42   63   53   67   54   69   79   78   65   73   78   84   88
 [46]  104   89   90   96   98  123  121  154  141  145  157  162  161  169  190
 [61]  243  217  237  238  262  285  311  299  318  332  348  360  319  330  334
 [76]  362  377  373  400  446  441  478  522  517  567  549  571  582  613  670
 [91]  669  709  690  707  760  840  898  904  923  954  900  936 1053 1091 1160
[106] 1148 1159 1256 1372 1421 1424 1449 1573 1637 1599 1775 1933 2033 2000 2074
[121] 2206

[[70]]
  [1]   10   27   36   37   26   26   20   28   29   25   19   16   26   21   22
 [16]   14   12   12   30   52   59   39   31   28   32   31   50   43   41   61
 [31]   44   45   69   64   63   63   59   63   64   44   39   50   69   82   91
 [46]   64   58   82   95  100  104  125  122  149  116  106  103  108  130  145
 [61]  170  173  153  169  161  159  189  227  211  213  194  201  220  218  241
 [76]  259  298  316  293  330  333  320  343  427  439  449  465  448  536  541
 [91]  564  556  531  564  632  613  637  691  763  787  713  737  828  820  886
[106]  889  910  906  933  976 1069 1074 1073 1176 1255 1344 1379 1437 1422 1458
[121] 1581

[[71]]
  [1]   10   37   38   34   30   32   38   29   41   54   55   55   63   61   49
 [16]   60   74   71   78   68   68   88   95   95   94   98  110   91  105  122
 [31]  109  104  103  138  135  143  149  141  139  138  140  160  163  183  148
 [46]  139  154  149  172  206  193  222  252  247  270  312  299  278  270  316
 [61]  307  280  299  295  320  375  363  359  380  367  388  427  438  449  416
 [76]  414  443  474  511  424  471  541  547  577  594  558  562  624  642  702
 [91]  755  755  781  764  761  805  852  890  848  885  980  999 1001 1003 1036
[106] 1073 1136 1161 1179 1263 1346 1354 1359 1434 1511 1597 1695 1743 1813 1832
[121] 1862

[[72]]
  [1]   10   31   15   18   13   19   28   36   27   19   16   25   33   34   26
 [16]   37   43   48   40   55   48   55   50   54   69   58   61   61   66   67
 [31]   65   84   88   80   82   91   69   64   67   96  105   91   83  106  124
 [46]  139  114  121  116  134  140  146  139  163  157  152  174  161  182  188
 [61]  180  212  219  215  236  232  243  265  285  264  297  321  312  299  338
 [76]  355  355  322  314  316  295  312  345  352  382  372  410  416  426  445
 [91]  476  472  504  525  535  584  580  573  573  657  734  758  825  785  860
[106]  930  965  962  914 1005 1039 1051 1089 1105 1249 1231 1231 1279 1329 1433
[121] 1429

[[73]]
  [1]   10   32   38   33   31   26   29   33   38   46   30   57   57   57   49
 [16]   46   53   47   51   64   61   78   91   85   79   88   90   93  105  100
 [31]  100  104  128  134  122  124  133  142  158  160  137  134  141  163  189
 [46]  170  162  145  189  186  168  175  183  176  177  209  237  226  241  255
 [61]  250  255  261  258  256  281  297  300  308  311  358  329  352  405  394
 [76]  425  483  495  499  552  510  547  620  606  618  733  713  676  723  766
 [91]  743  797  858  941  950  976 1044 1044 1131 1099 1103 1220 1280 1391 1491
[106] 1487 1590 1621 1702 1733 1831 1925 2020 2023 2240 2290 2385 2456 2595 2766
[121] 2792

[[74]]
  [1]   10   47   29   20   18   19   29   38   32   34   25   31   34   44   51
 [16]   51   51   52   48   46   42   62   77   88  102   79  100   99  107  120
 [31]  121  122  112  137  134  144  173  174  190  220  195  196  212  233  217
 [46]  232  236  230  239  279  299  324  350  365  390  428  445  525  532  573
 [61]  590  591  632  668  660  650  726  702  704  741  774  863  849  829  866
 [76]  921  963  957  973 1034 1029 1078 1133 1166 1254 1246 1235 1301 1368 1526
 [91] 1719 1758 1732 1742 1853 2062 2043 2053 2152 2270 2334 2489 2663 2746 2700
[106] 2709 2917 2914 3112 3115 3371 3521 3475 3743 3912 3968 4141 4378 4449 4621
[121] 5115

[[75]]
  [1]   10   36   25   24   24   23   29   23   31   27   25   32   27   27   34
 [16]   43   38   34   30   51   48   46   39   35   30   43   38   30   32   35
 [31]   31   25   24   38   41   45   40   43   47   54   52   46   46   40   41
 [46]   60   61   62   56   65   75   78   84   88   91  103   88   96  111  120
 [61]  112  106  114  154  143  151  135  162  159  186  211  224  244  236  262
 [76]  258  260  269  294  286  272  252  267  282  267  322  334  389  406  434
 [91]  438  469  487  494  495  522  614  553  575  603  687  729  750  812  800
[106]  848  917  959  992  986 1059 1219 1234 1298 1408 1424 1471 1597 1608 1758
[121] 1858

[[76]]
  [1]  10  20  18  18  20  28  30  37  25  35  35  34  46  38  38  37  35  29
 [19]  32  36  36  40  54  46  39  31  34  32  34  31  24  35  28  41  34  29
 [37]  28  23  26  28  27  23  34  34  43  46  61  60  62  50  49  40  60  69
 [55]  84  83  78  86  93  82  67  61  59  69  77  77  73  74  88 102 110 106
 [73]  94  80  84  71  84 103  88 100  78  79  90  92  90  76  83  90 100 105
 [91]  97  79  74  68  79  71  65  69 100  79  73  84 104  89 112 103 110  87
[109]  92 107 120 144 127 140 138 136 147 146 167 186 154

[[77]]
  [1]  10  43  30  27  24  34  41  35  38  28  42  30  47  59  61  47  38  36
 [19]  41  42  54  51  43  43  42  53  52  65  55  51  65  84  69  65  66  67
 [37]  77  71  78  79  67  70  65  59  68  71  88  96  89  94  97 122 118 102
 [55] 122 141 142 139 128 128 174 143 128 112 137 130 138 165 152 145 193 231
 [73] 197 218 242 233 245 226 228 236 251 291 308 312 308 305 312 336 342 310
 [91] 373 337 358 397 401 400 392 435 432 440 485 458 516 528 589 573 654 641
[109] 614 648 672 702 680 740 744 794 858 852 881 877 923

[[78]]
  [1]   10   35   34   33   28   34   26   29   30   28   22   18   22   23   21
 [16]   28   28   35   34   39   51   45   47   52   51   57   62   58   58   70
 [31]   62   57   60   63   85   92   91   83  107  100  111  123  129  150  128
 [46]  120  130  120  137  140  144  147  164  163  180  189  173  215  200  178
 [61]  173  200  242  224  215  208  232  246  241  258  238  243  254  303  311
 [76]  322  309  344  334  331  366  406  386  437  420  456  437  493  459  517
 [91]  550  542  509  535  563  552  596  571  618  601  628  728  652  704  746
[106]  763  798  872  809  888  962 1007 1023 1067 1128 1198 1280 1300 1323 1459
[121] 1466

[[79]]
  [1]   10   30   25   17   15   18   26   19   17   22   22   26   20   12   13
 [16]   21   15   18   17   23   23   20   27   27   39   41   44   49   53   61
 [31]   62   75   59   74   75   76  107   97  108  113   99  108  139  148  171
 [46]  180  159  173  185  161  169  198  205  209  206  229  269  286  309  316
 [61]  301  291  323  352  329  336  335  325  363  375  393  415  387  455  460
 [76]  457  453  484  536  581  543  552  530  530  639  689  720  741  801  876
 [91]  884  978  968 1063 1042 1042 1069 1119 1195 1322 1366 1412 1427 1481 1642
[106] 1638 1703 1748 1811 1917 1972 2118 2169 2202 2414 2450 2530 2589 2663 2757
[121] 2785

[[80]]
  [1]   10   33   29   18   16   22   15   12   17   25   28   23   19   18   38
 [16]   46   44   30   31   41   41   61   50   49   41   44   59   39   33   51
 [31]   40   41   41   53   69   78   89   66   75   88   76  105  105  115  111
 [46]  128  124  140  134  134  125  118  119  137  163  183  164  156  165  161
 [61]  182  214  219  203  223  229  209  217  218  245  245  277  288  272  254
 [76]  292  315  325  322  376  393  361  404  426  431  396  410  438  422  439
 [91]  485  504  515  581  568  564  557  642  654  663  656  731  793  841  831
[106]  814  852  843  922  947  904  998  978 1055 1095 1227 1190 1240 1289 1294
[121] 1298

[[81]]
  [1]   10   34   37   37   30   30   36   41   50   62   50   50   58   61   72
 [16]   65   65   72   93   92   85   75   73   72   66   99   97   90   96   99
 [31]   92   95   86   90  114   92  108  109  100  109  127  116  138  117  139
 [46]  137  136  154  174  158  178  186  184  195  190  183  207  216  209  214
 [61]  247  237  260  239  261  243  275  277  286  291  262  302  344  351  357
 [76]  359  338  357  375  428  455  430  433  407  444  446  479  488  537  514
 [91]  536  575  645  644  671  689  701  729  770  845  854  862  932  938  992
[106] 1039 1172 1262 1141 1273 1399 1465 1412 1498 1555 1616 1731 1873 2032 2122
[121] 2040

[[82]]
  [1]   10   24   20   17   11    9   15   10    8    7    5   23   29   22   17
 [16]   16   21   16   14   15   13   17   23   27   24   25   36   50   46   44
 [31]   55   64   55   57   77   74   74   88   83   92   79   82   89   76   89
 [46]   88   78   96  114  133  136  107  112  140  148  130  124  153  180  194
 [61]  212  183  218  252  272  238  221  268  327  367  370  374  350  378  347
 [76]  345  419  506  492  465  446  448  447  489  508  532  518  583  677  668
 [91]  729  750  780  797  838  915  942  936  955 1043 1128 1183 1315 1319 1355
[106] 1401 1445 1519 1641 1646 1731 1842 1971 2008 2080 2165 2263 2314 2357 2382
[121] 2537

[[83]]
  [1]   10   24   28   29   26   18   15   13   19   20   21   23   17   18   27
 [16]   21   29   21   28   32   29   39   34   29   29   22   31   30   38   31
 [31]   30   23   18   29   39   39   38   32   32   46   56   65   67   53   63
 [46]   81   83  117  104  110   99  113  130  149  152  137  131  166  154  183
 [61]  201  225  243  246  239  278  273  274  322  341  325  317  330  348  361
 [76]  410  384  363  388  363  365  396  433  445  459  492  492  504  497  514
 [91]  512  546  595  671  716  728  792  764  797  810  872  916  988 1052 1136
[106] 1208 1222 1232 1350 1326 1424 1503 1544 1604 1750 1792 1909 1918 1990 2074
[121] 2137

[[84]]
  [1]  10  26  17  12  15  30  28  24  31  34  31  42  43  32  24  25  23  26
 [19]  21  38  32  30  22  20  22  17  20  11  13  10  10   8   6  11   7  10
 [37]   6   3   3   3   7   5   5  10   9   8  19  20  26  21  30  19  14  12
 [55]  18  18  15  24  24  20  27  36  30  23  20  30  30  24  34  27  33  36
 [73]  36  26  22  48  42  42  55  57  55  64  55  69  65  87  83  65  72  98
 [91]  98  93  97  97 132 134 117 123 126 147 156 129 150 156 136 166 189 188
[109] 192 200 210 217 249 282 289 313 290 324 348 336 354

[[85]]
  [1]   10   36   27   29   27   22   21   24   27   30   33   38   31   23   28
 [16]   19   23   27   47   43   24   24   52   50   38   40   45   53   45   42
 [31]   48   46   48   64   67   56   50   48   45   42   36   44   45   46   48
 [46]   45   36   38   59   53   56   45   62   59   81   77   70   88   92   79
 [61]   86   97   88   78   90  108   96  115  127  142  150  148  150  190  160
 [76]  171  198  186  193  208  200  242  264  305  334  322  337  325  355  357
 [91]  401  415  430  392  387  387  474  547  590  539  583  599  599  599  621
[106]  715  668  746  770  798  849  836  840  886  928  936  987 1054 1101 1169
[121] 1158

[[86]]
  [1]   10   26   12    6    4   10    5    5    4    4    9    8   15   10    9
 [16]    9    8   12   17   10   19   16   24   34   27   23   25   23   28   31
 [31]   31   38   47   35   45   48   56   67   67   68   73   68  104   72   84
 [46]   81   95  107   75   75  100  104  119  119  111  109  123  100  124  143
 [61]  126  129   94  109  139  157  139  146  155  166  181  207  184  199  173
 [76]  185  185  203  206  227  239  243  237  278  291  301  283  305  343  358
 [91]  408  359  345  362  394  415  466  455  503  490  506  566  611  601  654
[106]  678  733  748  756  766  817  887 1001 1011  964 1040 1056 1115 1150 1152
[121] 1212

[[87]]
  [1]   10   24   15    9    8    8    8   15   27   19   17   15   24   27   22
 [16]   28   41   34   38   39   42   38   41   41   50   62   71   65   77   73
 [31]   57   73   87   96  102  109   94  127  120  121  135  123  102  130  126
 [46]  120  115  115  128  129  129  127  141  160  164  177  171  168  164  140
 [61]  147  174  196  222  246  263  270  244  250  267  253  276  284  288  301
 [76]  321  321  325  375  358  364  389  414  425  408  429  437  460  462  477
 [91]  501  541  558  584  588  566  584  595  642  670  682  643  704  732  732
[106]  742  773  802  820  897  923  946  964  975  983 1094 1139 1207 1217 1270
[121] 1352

[[88]]
  [1]  10  25  23  21  13  16  13  21  20  13  22  12  14  11  14  10  15  10
 [19]  16  16  12  14  10   6   4   9   6   3   3   3   2   6  10   7   6   6
 [37]   4   8  15  14  17  15  11   9  14  11   9  15  19  27  27  14  25  27
 [55]  20  36  52  58  47  38  45  55  77  67  62  74  62  82  72  80  74  83
 [73]  82  77  89  84  96 109  98 110 103 104 113 120 123 101 104  96 110 127
 [91] 127 132 167 164 164 196 187 170 190 168 181 163 182 220 213 200 207 230
[109] 270 269 264 251 244 280 288 305 336 349 381 424 433

[[89]]
  [1]   10   33   35   31   21   19   17   31   28   24   36   28   24   30   26
 [16]   30   34   35   27   57   58   42   61   49   46   50   43   42   43   41
 [31]   48   42   43   33   27   35   56   44   38   32   50   47   48   48   47
 [46]   74   61   58   63   60   63   67   60   60   57   62   63   76   74   81
 [61]  104  114  123  110  114  134  140  170  182  164  202  201  223  218  217
 [76]  234  231  239  282  275  279  270  283  343  355  338  362  382  409  412
 [91]  420  448  462  454  482  558  535  590  589  661  661  724  779  807  823
[106]  896  896  939  976 1055 1076 1121 1185 1255 1332 1389 1415 1511 1609 1701
[121] 1745

[[90]]
  [1]   10   36   24   16   12   16   11   10   25   12   14   14    9   13   11
 [16]    9    7   10   13   15   15   16   15   18   28   30   25   37   26   34
 [31]   43   38   33   37   54   43   42   51   35   39   43   48   55   61   66
 [46]   80   76   80   77   98  104  110  114  119  101  116  135  123  145  151
 [61]  150  189  195  189  180  164  178  194  206  216  224  204  209  203  188
 [76]  205  235  252  217  240  258  253  279  321  319  319  346  407  369  423
 [91]  446  465  450  481  526  613  613  656  673  658  660  722  769  837  862
[106]  854  892  919  968  987 1071 1129 1177 1198 1158 1181 1352 1273 1333 1416
[121] 1451

[[91]]
  [1]   10   17   27   23   17   18   19   18   28   40   47   42   41   54   44
 [16]   69   84   77   78   90   91   98  121  125  132  123  132  164  164  179
 [31]  214  199  194  200  224  221  256  314  352  398  354  320  321  312  322
 [46]  360  395  384  404  351  375  368  401  412  468  451  453  432  432  401
 [61]  434  482  493  525  538  581  596  660  661  626  682  739  819  790  785
 [76]  803  796  794  896  964  975 1021 1016 1062 1078 1145 1141 1207 1248 1192
 [91] 1271 1306 1301 1437 1484 1514 1543 1691 1810 1815 1821 1922 2071 1975 2008
[106] 2052 2225 2374 2459 2543 2642 2793 2969 3118 3247 3423 3386 3409 3502 3588
[121] 3892

[[92]]
  [1]  10  17  13  13  10  13  15  22  14  10   8   8   6  10   7   7   5   2
 [19]   9   5   4   4   4   1   1   1   1   1   1   6   5   4   4   8   5  12
 [37]  16   9  12   9  11  14  11  13  11  11   7   7  15  20  20  27  28  29
 [55]  25  27  37  27  23  17  15  37  45  41  45  58  57  60  63  68  68  70
 [73]  63  66  72  84  67  70  74  69  65  81  91  79  77 105  97  94 102 106
 [91] 119 122 129 130 136 123 138 169 176 178 188 189 226 200 229 237 209 221
[109] 238 252 237 283 308 295 340 336 337 356 338 345 350

[[93]]
  [1]   10   32   22   23   18   22   20   25   19   24   15   18   21   17   30
 [16]   21   28   35   34   49   44   43   34   31   41   40   50   36   45   43
 [31]   52   49   55   55   51   58   68   68   71  110  110  107  113  122  175
 [46]  163  198  181  161  177  184  207  223  210  202  183  225  219  226  253
 [61]  281  300  285  299  355  361  347  371  382  442  447  478  488  492  497
 [76]  550  540  581  596  620  663  713  695  765  778  849  857  849  897  970
 [91]  967 1004 1025 1065 1185 1232 1303 1298 1302 1341 1447 1521 1597 1691 1805
[106] 1877 1965 2055 2274 2290 2339 2450 2616 2689 2808 2912 3103 3262 3448 3541
[121] 3567

[[94]]
  [1]   10   37   36   31   35   27   41   37   42   38   35   33   47   42   46
 [16]   42   52   50   46   39   44   48   44   49   43   70   65   67   74   70
 [31]   92   84   88   72   70  107  105   99  105   93  103   97  104  128  115
 [46]   97  113  121  125  142  163  171  156  187  177  175  194  193  207  255
 [61]  248  252  255  287  318  331  354  377  363  414  412  435  447  437  469
 [76]  522  539  558  564  587  680  658  737  690  717  733  743  793  844  878
 [91]  898  957  964 1018 1008 1079 1186 1174 1240 1325 1299 1352 1433 1426 1538
[106] 1566 1606 1702 1749 1816 1933 2068 1975 2073 2133 2249 2504 2548 2643 2694
[121] 2964

[[95]]
  [1]   10   31   28   23   14   12   16   12   15   15   17   18   21   31   24
 [16]   23   39   37   45   38   46   70   64   68   55   71   88   88   99   96
 [31]   98   95  105  120  133  134  115  144  138  137  145  125  140  148  156
 [46]  142  141  156  166  191  206  206  200  213  220  215  284  272  288  287
 [61]  290  299  342  301  350  419  433  396  396  486  532  531  533  517  507
 [76]  597  674  744  718  740  695  740  823  879  893  897  990 1034 1076 1174
 [91] 1165 1170 1258 1282 1338 1430 1485 1553 1565 1623 1716 1807 1899 2143 2160
[106] 2219 2339 2364 2427 2485 2628 2809 2940 3062 3059 3217 3356 3547 3683 3846
[121] 3863

[[96]]
  [1]   10   15   14    9   13   11   12   19   16   20   14   28   34   31   31
 [16]   28   31   33   51   53   43   39   48   40   43   50   42   49   43   48
 [31]   53   61   55   55   62   54   55   71   64   59   58   75   97   89   91
 [46]  117  104  115  129  149  177  154  144  163  152  172  175  194  197  253
 [61]  299  306  279  291  286  296  327  328  315  312  368  371  374  383  412
 [76]  420  427  452  465  510  538  518  559  568  556  578  626  639  693  709
 [91]  673  692  685  724  749  733  750  824  892  901  931  947 1024 1057 1147
[106] 1190 1250 1265 1299 1390 1465 1494 1448 1540 1653 1655 1609 1625 1807 1973
[121] 2064

[[97]]
  [1]   10   32   24   28   20   29   31   26   22   26   22   17   28   35   58
 [16]   55   40   38   43   35   35   49   67   65   74   76   78   77   84   87
 [31]   88  115  117  111  113  135  118  130  147  152  142  151  192  215  250
 [46]  245  220  224  232  275  267  241  277  258  262  248  276  273  296  285
 [61]  294  295  313  343  356  376  334  348  411  396  399  441  477  435  433
 [76]  481  521  526  517  578  557  568  587  574  627  658  745  792  818  792
 [91]  791  797  873  924  941 1000 1055 1112 1117 1130 1227 1299 1331 1387 1424
[106] 1450 1567 1608 1622 1710 1742 1786 1857 1950 2009 2005 2175 2229 2327 2416
[121] 2509

[[98]]
  [1]  10  28  20  25  25  22  26  23  27  31  25  29  27  24  23  21  22  34
 [19]  41  36  29  24  34  33  40  37  33  30  25  26  35  29  45  39  27  25
 [37]  23  37  30  34  28  23  27  57  63  60  67  58  50  65  88  81  80  56
 [55]  53  84  65  67  58  65  81 101  98 108  92  82  89  72  72  85  89  87
 [73]  88  84  96 107 103 112  98  80  87 105 115 125 147 147 150 145 177 153
 [91] 157 124 143 151 158 148 147 188 221 220 225 231 281 335 325 296 322 336
[109] 320 357 429 402 405 412 469 442 490 529 515 559 544

[[99]]
  [1]   10   41   29   24   22   36   49   44   42   36   45   41   52   55   67
 [16]   62   47   48   62   59   63   69   80   69   61   79   68   69   71   83
 [31]   84   82   92  106  122  106  101  114  108   92   86  111   98  110   88
 [46]   91   96   94  117  130  145  121  127  138  151  150  158  169  155  148
 [61]  165  169  201  247  209  194  242  238  259  265  292  276  302  318  364
 [76]  373  366  341  379  403  408  431  451  447  451  480  517  556  604  558
 [91]  609  632  660  721  769  802  870  868  878  910 1003  948  999 1067 1044
[106] 1032 1141 1224 1227 1258 1305 1323 1398 1450 1519 1567 1637 1651 1763 1885
[121] 1899

[[100]]
  [1]   10   50   38   28   24   21   22   24   23   24   18   22   34   25   33
 [16]   28   33   45   42   49   35   27   28   42   52   77   74   70   61   73
 [31]   77   86   85   88   90  103  123  139  142  167  162  137  131  146  141
 [46]  178  206  203  198  200  185  180  204  239  242  245  250  231  218  233
 [61]  257  281  294  294  286  276  313  344  376  415  427  433  405  438  469
 [76]  521  559  512  536  593  592  600  687  712  741  795  830  838  882  906
 [91] 1007 1041 1049 1030 1121 1202 1270 1249 1290 1364 1414 1478 1537 1565 1579
[106] 1634 1780 1742 1883 1902 2011 2122 2267 2254 2491 2616 2734 2802 2823 2886
[121] 3093

[[101]]
  [1]   10   22   30   20   18   19   29   21   26   43   39   33   32   34   36
 [16]   59   77   90   85   90   76   78   75   72   84   84   82   68   78   77
 [31]   98   74   79   90  103  102   94   92  113  112  108  121  117  118  111
 [46]  122  130  126  169  145  155  147  157  180  163  194  197  201  231  197
 [61]  209  223  279  302  284  302  326  350  395  436  405  415  450  464  475
 [76]  528  544  558  547  611  594  661  676  711  741  803  823  779  847  902
 [91]  954 1052 1017 1064 1099 1069 1121 1191 1271 1357 1330 1404 1384 1466 1543
[106] 1625 1672 1746 1784 1864 1839 1851 1891 1998 2101 2133 2189 2238 2468 2543
[121] 2578

[[102]]
  [1]   10   35   29   24   20   19   19   29   43   39   36   28   40   30   37
 [16]   43   40   37   36   36   56   60   57   50   65   67   55   61   64   72
 [31]   85   74   63   62   67   74   65   85   87   98   88   86   93   95  135
 [46]  117  127  128  122  115  156  168  160  173  176  190  203  213  209  206
 [61]  239  265  263  254  267  302  329  321  300  322  345  406  371  398  391
 [76]  384  419  441  437  507  510  544  649  649  588  602  676  730  809  831
 [91]  893  947 1008  980 1018 1000  953  994 1097 1248 1319 1257 1283 1316 1402
[106] 1434 1487 1547 1626 1723 1756 1809 1869 1952 2031 2111 2192 2216 2292 2402
[121] 2505

[[103]]
  [1]   10   29   21   16   13   15   22   27   22   27   18   12   10   23   28
 [16]   23   22   23   23   30   31   37   33   34   36   34   41   44   39   36
 [31]   45   53   64   65   76   63   70   75   87   94   98  121  104  117  127
 [46]  149  161  176  171  166  172  182  184  199  177  163  173  208  223  202
 [61]  213  240  207  228  261  278  293  316  337  321  291  316  324  330  367
 [76]  356  367  403  409  465  468  455  422  495  528  539  549  590  648  606
 [91]  631  706  666  633  658  617  680  745  782  755  725  775  839  839  886
[106]  894  949  985 1068 1062 1123 1146 1245 1335 1346 1335 1432 1411 1543 1670
[121] 1631

[[104]]
  [1]  10  35  29  25  22  24  45  39  24  26  21  23  21  25  43  33  40  26
 [19]  23  26  19  14  23  30  36  29  28  39  35  29  26  26  37  29  25  35
 [37]  38  41  42  32  26  23  29  34  27  21  19  23  31  36  34  37  36  48
 [55]  51  44  45  44  35  29  40  27  47  54  44  41  40  38  36  45  54  48
 [73]  46  51  49  52  43  54  44  75  55  68  60  72  76  91  80  74  66  74
 [91]  74  95 103  87 101 105 125 116 110 151 140 131 129 125 138 145 160 170
[109] 187 163 187 229 272 287 295 293 290 290 339 360 391

[[105]]
  [1]   10   29   38   25   19   22   21   22   23   22   30   32   22   33   31
 [16]   21   25   23   21   18   19   20   19   27   28   25   39   36   26   33
 [31]   41   46   49   45   39   37   32   32   45   59   54   42   52   72   73
 [46]   70   78   70   57   64   87   88   80   77   77   76   89   93   96   88
 [61]  112  123  145  140  145  174  176  190  187  197  196  227  205  233  213
 [76]  262  245  286  322  335  319  319  363  366  336  356  371  438  389  379
 [91]  390  376  424  437  478  481  533  584  570  570  564  626  622  678  695
[106]  674  736  780  825  855  913  983  988 1020 1023 1059 1037 1133 1189 1275
[121] 1311

[[106]]
  [1]   10   38   25   18   18   18   18   17   20   23   29   36   33   43   34
 [16]   23   24   19   21   33   36   26   26   31   35   26   22   32   29   31
 [31]   38   41   66   63   61   50   68   79   80   78   76  101  115  144  130
 [46]  122  112  111  100  107  115  134  115  122  120  113  102   99  117  122
 [61]  134  128  143  145  136  149  150  168  190  191  189  216  216  202  194
 [76]  198  218  224  259  269  274  284  295  272  322  303  331  340  379  381
 [91]  400  402  433  492  513  528  574  638  670  708  717  777  778  784  820
[106]  860  894  907  931  991 1008 1051 1082 1152 1162 1159 1295 1390 1482 1461
[121] 1492

[[107]]
  [1]   10   20   26   35   29   37   40   47   36   36   46   36   54   62   53
 [16]   60   67   70   89   91   77   79   88   91   84  105   86   87  116  138
 [31]  122  113  139  134  120  116  117  113  122  116  118  129  116  132  156
 [46]  154  143  143  136  151  194  187  191  181  198  175  174  190  235  208
 [61]  223  233  245  266  268  311  331  320  315  301  306  299  288  325  371
 [76]  373  381  397  404  438  525  546  518  547  549  581  608  603  597  626
 [91]  629  678  652  732  786  782  801  836  838  903 1022 1031 1102 1143 1142
[106] 1263 1278 1322 1370 1478 1475 1625 1652 1770 1709 1852 1931 1974 2043 2146
[121] 2323

[[108]]
  [1]   10   33   27   31   23   21   23   26   35   35   25   28   30   32   39
 [16]   28   23   27   23   28   20   26   27   33   30   29   33   41   37   34
 [31]   43   49   47   43   54   66   52   57   68   97   87   74   69   77   98
 [46]  105  100   91  113  113  112  141  137  137  143  123  138  136  141  143
 [61]  127  145  165  179  186  183  190  185  201  184  181  209  189  194  226
 [76]  202  255  285  303  257  242  275  276  304  292  297  299  331  348  342
 [91]  389  394  411  415  432  456  451  477  527  510  528  547  543  545  639
[106]  617  624  663  720  759  807  845  908  866  930  921  990 1014 1096 1137
[121] 1134

[[109]]
  [1]   10   39   33   25   24   30   27   27   25   29   52   53   46   40   31
 [16]   32   23   28   34   35   46   39   36   31   54   48   40   45   39   44
 [31]   48   58   57   38   64   58   71   65   64   64   60   57   56   55   57
 [46]   56   68   57   70   71   75   74  105   88   88   98  104  108  108  128
 [61]  142  118  105  105  115  127  120  108  115  120  133  156  170  173  196
 [76]  197  211  232  265  255  255  265  300  332  337  343  374  358  369  409
 [91]  384  351  422  408  378  380  433  476  499  458  476  510  591  573  617
[106]  634  641  661  673  697  784  841  831  857  963  985 1038 1058 1136 1219
[121] 1259

[[110]]
  [1]   10   50   57   58   45   40   42   55   45   44   39   49   65   60   65
 [16]   58   63   82  101  101   86   86   80   98  108  130  118  131  126  126
 [31]  149  153  148  135  135  163  148  158  160  155  156  163  173  169  159
 [46]  165  149  143  189  209  197  198  174  205  208  201  200  208  236  251
 [61]  275  248  283  323  309  310  367  368  377  399  443  417  433  443  461
 [76]  499  493  498  561  567  568  646  683  687  663  740  838  814  891  908
 [91]  971  951 1007 1072 1158 1223 1224 1379 1392 1442 1453 1586 1667 1648 1750
[106] 1879 1936 1951 2015 2144 2165 2289 2332 2448 2537 2647 2809 2918 3162 3229
[121] 3372

[[111]]
  [1] 10 29 32 18 15 10 11 19 12 12 10  8  5  4  4  3  9  4  3  7  9 10 12  9  7
 [26] 11 11  9 11 10  5  7  5  5  5  9  9  9 15 18 13 11 18 20 16 14 15 11  9 11
 [51] 10  8 16 10  5  5  5  5  8 15 13 12 17 12  8  4 13  8  6  6 10 17 29 25 21
 [76] 19 34 31 36 36 32 19 19 31 24 41 33 32 31 28 39 31 29 21 20 25 34 31 41 44
[101] 47 41 52 60 64 58 67 71 87 71 68 60 70 80 77 75 84 79 64 80 98

[[112]]
  [1]   10   36   20   19   12   11   14   15   18   26   29   25   25   23   28
 [16]   26   24   27   29   23   31   31   21   20   39   32   25   21   26   23
 [31]   40   44   41   60   57   61   48   51   51   80   78   76   59   65   59
 [46]   68   74   76   64   95   96  104  114  115  104  115  124  116  117  133
 [61]  132  132  163  157  168  166  178  196  183  193  228  263  263  248  277
 [76]  266  292  334  327  345  365  395  433  448  488  466  522  592  543  577
 [91]  626  636  672  656  718  728  755  775  816  842  842  800  846  920  971
[106]  994 1026 1047 1129 1216 1273 1243 1314 1359 1395 1370 1435 1551 1620 1723
[121] 1761

[[113]]
  [1]   10   26   25   12    9    8   11   18   12   12   11   39   29   34   20
 [16]   17   22   32   36   29   23   29   45   57   57   57   65   53   63   70
 [31]   78   85   80   81   77   83   64   70   74   90   85   92   84   82   97
 [46]   99  111  103   96  108  121  129  118  124  133  145  134  165  150  128
 [61]  140  160  141  160  193  202  205  223  218  226  217  229  256  281  278
 [76]  296  310  335  351  349  338  372  421  435  454  411  445  454  467  503
 [91]  477  450  476  534  575  606  616  633  692  713  747  778  861  836  877
[106]  893  969  961 1042 1143 1145 1178 1205 1235 1286 1286 1377 1273 1409 1502
[121] 1602

[[114]]
  [1]   10   33   36   32   24   24   16   29   37   51   40   34   42   53   48
 [16]   68   59   59   69   79   70   69  102   69   64   66   58   75   72   77
 [31]   84  110  111  104  118  139  122  116  114  127  134  133  135  143  132
 [46]  114  137  152  151  160  138  171  173  198  192  203  213  213  209  208
 [61]  243  311  268  261  286  291  281  318  312  321  320  318  393  415  457
 [76]  492  526  523  542  633  710  668  740  795  795  841  892  903  976 1079
 [91] 1038 1041 1068 1071 1160 1152 1192 1276 1313 1297 1438 1443 1465 1515 1575
[106] 1656 1807 1857 1906 1948 2073 2134 2217 2245 2451 2545 2622 2675 2672 2832
[121] 2965

[[115]]
  [1]  10  43  40  32  24  26  28  20  26  30  29  22  27  24  45  42  50  60
 [19]  66  71  79  73  79  69  96  97  91  72  76  55  59  64  60  67  61  64
 [37]  97  65  58  70  75  69  77  69  64  63  68  63  52  70  73  63  58  50
 [55]  66  63  61  57  59  63  56  82  89  67  77  90  95 108 102 117  99 110
 [73] 131 130 152 140 155 148 157 141 120 144 169 187 195 184 201 190 213 190
 [91] 209 212 222 222 237 242 243 266 259 251 230 240 254 259 279 313 326 305
[109] 291 306 295 330 393 403 412 406 409 454 427 439 464

[[116]]
  [1]   10   31   26   19   16   34   21   19   18   15   26   30   40   34   35
 [16]   40   45   58   53   46   47   52   64   50   56   58   63   76   75   60
 [31]   72   84   90   94   93  102   94  133  122  110  112  138  148  135  131
 [46]  141  146  132  123  126  109  120  129  142  141  160  153  161  159  174
 [61]  174  192  192  206  239  225  228  203  234  254  287  309  339  344  317
 [76]  338  391  418  391  445  447  462  489  529  532  533  577  576  544  566
 [91]  547  618  645  630  620  625  684  731  740  809  796  779  853  846  877
[106]  862  851  933 1000  989  996 1107 1133 1276 1267 1341 1440 1395 1431 1492
[121] 1543

[[117]]
  [1]   10   24   20   17   23   29   26   22   21   26   47   42   50   41   69
 [16]   77   86   76   68   73  107  127  137  141  141  161  171  172  152  149
 [31]  165  196  224  217  226  221  233  227  260  262  306  320  339  338  346
 [46]  327  350  387  400  446  466  411  437  454  450  450  479  520  543  550
 [61]  603  590  666  696  684  713  734  797  815  842  866  851  910  952 1013
 [76] 1046 1103 1212 1225 1315 1332 1388 1399 1453 1518 1512 1546 1654 1746 1886
 [91] 1909 1951 2031 2106 2142 2356 2370 2450 2521 2582 2630 2903 2956 3073 3163
[106] 3330 3395 3624 3736 3775 4064 4211 4320 4455 4790 5035 5082 5244 5411 5776
[121] 5994

[[118]]
  [1] 10 21 32 21 11  8 10  6  7  9  7  5  5  5  5  9  8  5  4  4  8 10  6  4  4
 [26]  3  7  7 12  8  9  7  5  4  2  2  1  1  1  3  1  1  1  1  1  1  7 12 12  7
 [51]  4  3  7  5  3  6 11  7  9  6 15 16 16 19 12 10  9  7 11 12 18 13 12 10 13
 [76]  9 14 10 11 10  7  7  3  2  2  2  1  1  1  7  4  3  2  2  2  2  5  2  1  1
[101]  7  4  4  4  2  2  1  1  1  1  1  1  1  1  1  1  1  7  3  2  2

[[119]]
  [1] 10  9  5  2  0  0  0  0  0  0  0  0  0  0  0  0  0  0  0  0  0  0  0  0  0
 [26]  0  0  0  0  0  0  0  0  0  0  0  0  0  0  0  0  0  0  0  0  0  0  0  0  0
 [51]  0  0  0  0  0  0  0  0  0  0  0  0  0  0  0  0  0  0  0  0  0  0  0  0  0
 [76]  0  0  0  0  0  0  0  0  0  0  0  0  0  0  0  0  0  0  0  0  0  0  0  0  0
[101]  0  0  0  0  0  0  0  0  0  0  0  0  0  0  0  0  0  0  0  0  0

[[120]]
  [1]   10   39   48   32   21   22   33   32   32   28   45   27   27   27   35
 [16]   38   35   40   41   47   47   39   33   35   55   52   58   57   60   52
 [31]   50   62   55   57   64   52   42   40   37   53  100   98   93  111   99
 [46]  120  138  170  144  141  132  143  149  157  183  193  186  175  178  204
 [61]  226  251  266  273  254  293  284  301  311  307  314  323  388  400  390
 [76]  427  455  491  485  487  509  580  598  658  659  657  615  667  829  896
 [91]  846  890  905  931  906 1029 1011 1094 1178 1166 1242 1200 1232 1249 1340
[106] 1340 1328 1380 1472 1507 1569 1588 1661 1792 1867 1955 2061 2135 2164 2231
[121] 2386

[[121]]
  [1]   10   28   25   22   23   15   12   25   38   42   38   35   29   26   31
 [16]   36   60   56   54   64   86   90   96   84  109   92  108   95  112   96
 [31]  100   99  105   99  103  107  118  153  157  159  160  165  171  181  168
 [46]  191  170  178  209  241  216  259  250  248  239  252  258  262  265  281
 [61]  281  273  294  316  328  354  351  408  389  400  434  436  427  449  446
 [76]  492  493  461  491  503  580  649  670  638  700  718  710  798  801  784
 [91]  808  844  879  927  967  983 1128 1252 1273 1239 1280 1340 1413 1480 1650
[106] 1597 1736 1754 1868 1926 1937 1977 2089 2157 2198 2252 2294 2319 2401 2550
[121] 2571

[[122]]
  [1]   10   18   46   38   32   41   39   53   46   49   36   60   64   42   37
 [16]   42   48   44   41   39   37   49   65   54   55   50   52   69   79   75
 [31]   94   91  101   97  119  131  127  106  103  102  119   97  115  114  124
 [46]  144  143  140  145  139  148  192  199  185  174  191  202  186  181  172
 [61]  187  197  227  225  216  226  250  213  239  263  325  326  346  338  374
 [76]  378  434  458  505  544  514  528  520  570  602  671  731  707  676  729
 [91]  784  816  846  935 1065 1060 1076 1095 1122 1193 1365 1300 1384 1391 1500
[106] 1542 1582 1630 1701 1769 1849 1906 1958 2009 2034 2110 2167 2257 2253 2377
[121] 2440

[[123]]
  [1]   10   36   24   24   27   28   35   20   17   14   20   16   18   17   12
 [16]   13   18   22   22   15   20   28   39   34   24   19   26   22   17   21
 [31]   21   17   29   22   27   24   28   26   32   28   24   25   24   40   41
 [46]   48   38   40   51   58   62   60   51   64   67   54   55   64   52   62
 [61]   75   70   79   67   74   85   75   87  103  130  122  147  157  157  172
 [76]  166  169  169  191  220  206  229  225  256  230  235  233  284  297  286
 [91]  294  316  377  362  345  392  417  401  444  480  474  501  518  548  585
[106]  604  653  669  678  686  759  798  817  823  864  902  958  915  979 1096
[121] 1152

[[124]]
  [1]   10   29   24   15   13   16   13   32   25   29   24   17   14   25   43
 [16]   40   30   43   45   36   33   31   39   48   58   51   56   49   41   56
 [31]   58   66   51   53   55   58   54   58   57   68   65   93  111  111  111
 [46]   95  134  135  131  129  128  125  141  151  138  168  161  170  175  170
 [61]  168  184  194  256  289  274  254  258  302  321  326  358  383  373  411
 [76]  505  469  467  502  504  593  594  573  577  628  652  706  735  719  706
 [91]  766  796  831  910  898  919 1003 1040 1054 1138 1136 1160 1250 1303 1397
[106] 1458 1422 1555 1654 1719 1741 1757 1861 2045 2187 2308 2266 2389 2463 2555
[121] 2786

[[125]]
  [1]  10   2  12  16  23  16  18  23  26  26  29  24  21  32  36  26  28  42
 [19]  47  49  35  34  32  29  44  33  34  29  27  26  20  28  27  34  27  29
 [37]  29  32  37  30  25  27  19  26  22  24  18  17  22  36  25  21  20  16
 [55]  16  26  15  28  21  18  18  18  15  25  33  28  32  33  39  32  39  40
 [73]  40  49  49  48  47  47  51  61  53  49  49  77  77  76  56  65  71  72
 [91]  65  61  81  59  76  68  79  79  83  79  97  93  93  92  99 103 118 108
[109] 109 163 178 173 164 159 142 142 152 148 162 173 183

[[126]]
  [1]  10  26  17  19  13  17  14  17  21  21  33  40  37  36  43  35  25  26
 [19]  23  29  28  33  39  38  33  39  45  42  57  52  48  58  61  49  48  68
 [37]  56  41  45  63  70  53  75  65  81  83  89  87  74  78 104 103  79  86
 [55]  95  91  87  95 104 116 111 122 131 141 130 124 148 144 150 171 192 185
 [73] 192 209 182 218 226 230 238 220 270 254 242 262 293 342 305 322 328 330
 [91] 331 351 346 342 400 404 390 378 395 434 471 506 505 488 476 499 587 610
[109] 585 574 575 616 704 682 663 709 754 756 782 796 834

[[127]]
  [1] 10 37 31 23 18 18 35 26 18 21 16 20 23 24 17 19 18 13 12 14 14 20 20 27 19
 [26] 14 12  9  7  8  7 10  6  5  5  8  5  4 11 11  7  6  5  5  4  5  5  2  2  2
 [51]  0  0  0  0  0  0  0  0  0  0  0  0  0  0  0  0  0  0  0  0  0  0  0  0  0
 [76]  0  0  0  0  0  0  0  0  0  0  0  0  0  0  0  0  0  0  0  0  0  0  0  0  0
[101]  0  0  0  0  0  0  0  0  0  0  0  0  0  0  0  0  0  0  0  0  0

[[128]]
  [1]   10   19   17   14   13   21   22   27   30   27   26   32   33   38   52
 [16]   58   55   48   50   53   42   31   40   44   54   67   71   74   57   59
 [31]   80   91   81   86   94  108  104  111   97   98  107  128  137  143  155
 [46]  149  138  201  209  177  181  199  226  244  234  220  265  260  295  302
 [61]  301  317  328  372  350  343  360  386  399  410  444  455  484  495  483
 [76]  474  480  508  521  533  523  513  525  566  567  610  603  615  637  656
 [91]  721  734  780  800  805  845  942  925  945 1043 1011 1111 1181 1276 1322
[106] 1364 1466 1504 1502 1571 1641 1652 1815 1873 1878 1877 1958 2022 2093 2219
[121] 2300

[[129]]
  [1]   10   26   32   20   18   17   28   25   38   46   47   46   42   47   36
 [16]   38   47   49   46   57   60   59   55   42   48   57   61   68   56   70
 [31]   71   87   92   81   84  105  115  115  115  116  112  118  113  110  121
 [46]  125  146  151  139  147  182  176  179  176  190  194  199  206  217  229
 [61]  235  230  227  241  255  263  306  331  299  302  317  344  374  387  372
 [76]  382  394  412  436  402  408  447  490  500  549  542  575  625  694  702
 [91]  719  745  760  711  805  844  870  845  912  974 1040 1065  999 1032 1074
[106] 1140 1252 1313 1360 1400 1420 1545 1627 1657 1791 1855 1964 2028 2182 2142
[121] 2299

[[130]]
  [1]   10   36   21   14   11   10   12   22   27   22   24   28   23   21   28
 [16]   35   26   30   30   23   23   45   48   55   60   49   37   41   59   66
 [31]   59   74   83   80   59   75   82   81   85   81   69   75   86  104  106
 [46]  120  131  131  124  132  119  128  146  138  141  132  156  158  177  188
 [61]  195  178  205  218  227  258  248  256  249  290  274  329  351  359  357
 [76]  354  397  423  416  452  457  461  512  484  496  517  467  510  509  579
 [91]  614  587  633  640  656  696  693  735  758  829  855  898  907  841  901
[106]  997 1033 1031 1091 1084 1112 1168 1260 1292 1415 1400 1402 1491 1518 1669
[121] 1693

[[131]]
  [1]   10   34   38   30   25   22   30   21   19   23   30   20   32   43   35
 [16]   34   26   30   30   46   31   23   24   36   32   18   16   24   22   28
 [31]   23   17   14   13   32   29   43   32   40   30   44   54   47   44   53
 [46]   53   64   67   55   53   59   60   66   84   85   82   91   85  105  102
 [61]  110  149  148  162  133  151  160  161  174  169  176  197  220  245  239
 [76]  220  225  240  254  226  255  260  301  350  352  371  385  368  389  433
 [91]  427  487  494  531  553  592  597  602  695  724  737  728  744  785  868
[106]  878  901  916  957  988 1074 1144 1211 1226 1275 1362 1431 1512 1623 1621
[121] 1699

[[132]]
  [1]   10   29   23   26   28   30   35   39   44   56   55   53   50   49   59
 [16]   80   73   69  104   88   95   86  112  103   98  104   85   87   88   80
 [31]   77   85   89   86   96  111  118  105  127  129  121  134  134  128  135
 [46]  128  139  148  166  186  190  190  189  224  214  227  276  317  306  321
 [61]  313  324  330  356  355  363  361  383  364  398  413  409  468  449  491
 [76]  494  563  558  553  586  604  652  693  710  683  762  833  878  894  930
 [91]  990 1093 1146 1165 1203 1248 1317 1364 1428 1445 1464 1552 1667 1725 1852
[106] 1962 1988 2059 2249 2355 2369 2510 2658 2748 2741 2838 3037 3098 3304 3391
[121] 3596

[[133]]
  [1]  10  44  50  45  37  38  45  38  36  41  26  28  25  29  25  21  17  25
 [19]  42  39  33  29  38  34  27  24  23  22  31  34  47  36  42  50  45  49
 [37]  51  53  60  53  62  68  60  79  53  52  59  67  73  72  57  45  53  72
 [55]  62  49  58  59  64  53  63  68  97  80  86  72  97 111 121 123 106 122
 [73] 168 171 151 129 157 146 146 148 161 150 156 175 161 188 194 189 201 206
 [91] 205 240 269 257 242 239 253 266 305 262 278 292 292 329 310 325 332 350
[109] 381 379 405 407 424 415 431 477 541 532 548 520 520

[[134]]
  [1]   10   44   29   21   17   16   22   36   29   32   30   22   19   29   39
 [16]   42   36   37   38   39   48   47   46   48   57   59   60   41   63   68
 [31]   62   56   74   70   87   94  107  102  108  125  140  140  138  151  149
 [46]  154  144  148  164  162  197  223  195  192  187  249  298  312  259  274
 [61]  312  372  368  404  436  425  457  436  462  460  487  538  573  576  616
 [76]  604  617  634  623  646  665  700  727  746  786  835  903  921  951  987
 [91] 1081 1048 1084 1173 1164 1136 1200 1286 1338 1401 1397 1482 1528 1591 1711
[106] 1798 1755 1792 1917 1947 2095 2140 2296 2483 2509 2493 2601 2639 2790 2865
[121] 2918

[[135]]
  [1]   10   34   33   26   20   19   24   27   24   17   18   27   36   46   36
 [16]   33   36   45   44   70   64   54   44   51   69   78   62   76   89   91
 [31]   88   83   88  115  122  125  152  150  138  146  136  142  153  159  176
 [46]  157  158  178  192  179  201  185  189  223  211  239  241  237  222  224
 [61]  245  256  260  284  282  309  310  358  392  377  427  381  402  475  453
 [76]  489  466  461  466  439  484  528  546  543  548  580  639  613  736  715
 [91]  759  775  847  866  932  954  935  948 1048 1096 1143 1204 1254 1331 1378
[106] 1422 1468 1516 1604 1616 1749 1807 1917 1984 1998 2052 2030 2121 2195 2277
[121] 2380

[[136]]
  [1]   10   34   29   31   31   36   32   35   26   36   36   27   31   32   32
 [16]   60   53   51   52   62   71   74   69   76   79   85   93  101  117  113
 [31]  103  116  108  144  118  113  132  128  141  136  127  165  169  191  175
 [46]  192  202  195  203  228  219  262  268  276  302  299  349  370  409  457
 [61]  485  490  513  551  549  568  611  611  611  593  694  711  768  829  829
 [76]  861  908  945  981  973 1049 1035 1086 1163 1209 1339 1377 1439 1498 1457
 [91] 1510 1589 1631 1826 1860 1896 1966 2084 2203 2327 2447 2444 2453 2583 2686
[106] 2852 2922 2924 3157 3161 3325 3441 3523 3732 3830 3986 4111 4204 4392 4463
[121] 4695

[[137]]
  [1]   10   31   34   24   19   24   33   42   29   26   34   33   27   25   36
 [16]   41   34   29   35   34   33   34   56   63   56   52   64   76   72   78
 [31]   67   64   56   50   41   50   68   74   64   60   54   71   88   81   66
 [46]   67   75   77   82   83  100  104  116  108   95  100   86  117  114  142
 [61]  173  147  173  164  177  163  160  183  170  185  179  208  205  221  223
 [76]  212  201  222  243  233  241  252  289  323  317  298  320  364  363  360
 [91]  373  397  380  360  431  442  444  491  549  566  603  600  675  716  712
[106]  773  791  783  828  864  930 1025 1049 1053 1111 1182 1305 1351 1357 1449
[121] 1505

[[138]]
  [1]   10   28   24   14   12   17   22   17   15   21   15   16   26   29   21
 [16]   22   18   22   31   39   33   24   26   33   38   36   32   38   35   36
 [31]   56   42   38   32   34   42   48   47   39   42   40   43   43   32   31
 [46]   32   22   31   41   39   52   52   56   62   67   74   70  109   94   90
 [61]  100  101  115  109  113  108  122  144  147  165  182  191  200  204  220
 [76]  209  200  222  242  241  267  271  259  259  273  242  250  304  335  346
 [91]  332  339  341  348  416  412  467  493  494  490  509  493  541  580  603
[106]  652  696  697  698  728  771  833  915  898  871  863  939 1009 1078 1106
[121] 1109

[[139]]
  [1]   10   54   52   31   26   22   24   33   42   34   24   19   18   35   37
 [16]   46   49   43   32   43   71   55   63   72   73   90  100  101   93  113
 [31]  114  103  112   89  107  145  171  155  148  171  184  159  165  172  190
 [46]  229  197  233  241  238  254  302  313  298  296  290  328  342  342  351
 [61]  383  427  442  474  456  498  480  504  526  506  548  537  582  644  679
 [76]  665  664  716  730  759  792  882  920  960 1021 1012 1061 1124 1154 1230
 [91] 1169 1260 1304 1272 1295 1442 1426 1503 1536 1702 1728 1856 1840 1870 1957
[106] 2110 2237 2298 2265 2401 2419 2605 2630 2771 2957 2954 3056 3103 3317 3424
[121] 3634

[[140]]
  [1]  10  13  14  17  17  13  10   9   8   8   6   4   4  11   9   7   8   6
 [19]   8   7  11  10   8   7   7   8  13  11   6  10   6   3   8   5   5   4
 [37]   9   7  14  10  10  10   9  16  12  16  14  15  12  12  14  40  31  28
 [55]  34  37  47  36  51  49  59  51  52  39  48  53  70  69  71  56  56  75
 [73]  82  91  90  84  68  68  63  66  83  79  75  74  69  66  66  76  75  66
 [91]  72  79  94  80  88  70  60  65  90  75  66  54  63  70  64  76  83  88
[109]  81 103 117 109 106 118 108 110 131 130 114 120 124

[[141]]
  [1]   10   43   46   37   35   23   23   32   39   38   39   36   41   43   40
 [16]   40   44   46   46   60   55   54   60   54   60   71   63   67   69   88
 [31]   89   86   89   97  116  101  104   91   89   81   99  126  139  130  136
 [46]  125  123  127  139  160  183  184  153  151  166  172  185  215  227  255
 [61]  237  250  298  291  272  251  274  278  275  279  304  351  335  336  333
 [76]  327  362  382  406  412  409  408  417  443  450  472  500  489  503  469
 [91]  505  580  543  574  549  592  596  603  586  614  667  684  689  728  744
[106]  782  767  833  859  886  948  911  904 1051 1059 1173 1180 1224 1271 1318
[121] 1366

[[142]]
  [1]   10   32   29   24   22   19   25   26   21   22   17   17   24   18   20
 [16]   19   27   36   42   35   39   43   46   47   38   33   39   43   39   43
 [31]   41   55   59   68   69   60   75   92   94  107  102  107   99   77   86
 [46]   90  104  126  142  126  122  109  109  134  135  111  122  148  169  209
 [61]  183  165  173  167  188  210  228  239  223  212  210  223  211  224  262
 [76]  273  261  280  311  344  331  363  395  383  403  400  468  446  460  496
 [91]  524  563  586  589  555  624  706  748  796  749  800  912  924  902  919
[106]  897 1047 1033 1022 1101 1141 1155 1151 1149 1226 1209 1262 1345 1411 1477
[121] 1525

[[143]]
  [1]   10   28   25   36   32   29   44   40   54   60   48   48   56   53   58
 [16]   86   90  105   87  110  104   91   81   98   94   94   89   95   96  100
 [31]  119  131  113  129  133  122  110  123  127  114  122  114  137  140  127
 [46]  121  154  152  136  154  157  205  199  203  219  213  209  209  262  277
 [61]  248  276  292  263  338  358  379  372  368  363  403  463  488  488  479
 [76]  474  462  527  554  608  642  630  717  740  785  806  797  841  846  788
 [91]  838  890  961  937 1076 1105 1160 1147 1119 1208 1281 1285 1411 1505 1480
[106] 1559 1581 1658 1782 1882 1951 2060 2076 2124 2198 2391 2468 2584 2700 2769
[121] 2789

[[144]]
  [1] 10 30 29 26 22 19 17 21 20 15 13 12 15  4  4  6  2  5  3  2  6  2  2  2  2
 [26]  2  1  1  1  3  1  0  0  0  0  0  0  0  0  0  0  0  0  0  0  0  0  0  0  0
 [51]  0  0  0  0  0  0  0  0  0  0  0  0  0  0  0  0  0  0  0  0  0  0  0  0  0
 [76]  0  0  0  0  0  0  0  0  0  0  0  0  0  0  0  0  0  0  0  0  0  0  0  0  0
[101]  0  0  0  0  0  0  0  0  0  0  0  0  0  0  0  0  0  0  0  0  0

[[145]]
  [1]  10  26  26  28  17  14  20  15  13   9   8  20  13  14  17  15  12  19
 [19]  26  35  26  30  27  31  37  47  43  47  67  59  74  67  58  77  93  87
 [37]  62  63  65  76  73  76  70  64  83  88  72  86  85  90  87  77 100  88
 [55]  83  81 111 131 111 110 110 115 108 130 155 144 110 135 118 118 145 160
 [73] 179 169 194 199 210 215 199 215 241 214 238 264 269 284 240 288 288 305
 [91] 311 334 315 333 357 383 403 379 393 416 461 457 430 436 449 488 478 521
[109] 544 596 590 581 672 661 685 742 770 809 803 855 871

[[146]]
  [1]   10   30   27   31   20   23   29   25   36   27   34   43   33   35   30
 [16]   40   40   44   50   49   50   58   73   75   95   78   78   79   88   85
 [31]  102  124  111  111   99  106  112  122  119  115  159  121  135  139  141
 [46]  146  156  197  197  197  190  193  207  221  251  283  308  293  316  368
 [61]  375  442  421  441  441  493  554  636  645  639  663  686  722  744  761
 [76]  723  772  845  975  973  942  952 1052 1115 1159 1215 1252 1207 1218 1345
 [91] 1442 1360 1486 1555 1636 1720 1735 1832 1835 1892 1972 2082 2152 2188 2247
[106] 2402 2577 2667 2709 2802 3010 3040 3072 3266 3416 3674 3789 3859 4051 4375
[121] 4645

[[147]]
  [1]   10   42   38   33   31   31   36   48   55   55   68   67   71   78   93
 [16]  110   98   98  101  106  110  119  121  110  121  152  169  148  160  177
 [31]  172  227  230  226  190  197  213  222  258  255  238  222  232  250  292
 [46]  294  307  332  354  353  385  408  402  443  475  505  510  508  539  601
 [61]  645  659  621  650  697  689  719  778  800  852  858  928  962 1007 1090
 [76] 1102 1122 1171 1178 1230 1246 1374 1419 1399 1450 1449 1614 1643 1722 1752
 [91] 1810 1850 1986 2094 2170 2245 2302 2416 2597 2654 2714 2796 2884 3105 3203
[106] 3324 3633 3670 3935 4032 4085 4014 4255 4366 4470 4551 4870 5131 5361 5513
[121] 5894

[[148]]
  [1]   10   39   29   21   16   31   28   20   19   14   20   22   17   14   33
 [16]   29   32   32   28   36   37   39   41   50   51   49   64   69   66   55
 [31]   56   51   62   58   57   48   59   65   57   55   70   75   80   83   84
 [46]   79  100  112  136  115  129  144  170  160  165  161  186  187  187  178
 [61]  192  181  209  214  219  215  196  195  228  243  214  218  194  212  268
 [76]  254  328  298  320  305  364  399  395  413  442  438  479  492  492  494
 [91]  521  572  569  532  610  643  621  615  670  703  738  758  790  856  850
[106]  903  880  902 1020 1093 1031 1021 1111 1170 1240 1269 1270 1307 1341 1492
[121] 1596

[[149]]
  [1]  10  38  21  15  12   8   8  19  14  13  10  10   9  12  14   9  14  15
 [19]  21  16  12  15  10  15  16  12  16  10   9   7  28  38  24  24  17  18
 [37]  16  18  15  18  21  29  30  31  31  23  29  27  22  38  39  42  36  33
 [55]  37  40  56  38  47  67  78  85  84  86 102 111 119 101 100 108 107 106
 [73] 114 108 112 112 127 124 120  97  98  88 113 127 136 135 132 169 170 190
 [91] 156 175 163 164 170 160 164 181 191 206 182 188 186 181 218 225 235 241
[109] 240 259 255 268 323 326 307 272 299 357 398 395 432

[[150]]
  [1]   10   24   19   15   11   10   16   18   17   22   18   15   25   28   32
 [16]   38   42   41   34   47   40   53   55   66   47   44   51   50   48   42
 [31]   37   54   43   63   55   52   41   44   52   37   46   37   38   32   53
 [46]   48   56   50   44   41   48   47   39   41   66   62   48   46   53   51
 [61]   62   61   66   60   73   74   75   88   90   97  114  126  104   91  102
 [76]  124  121  143  136  128  145  167  189  211  235  218  250  249  248  311
 [91]  309  313  341  338  369  450  456  440  454  474  511  518  558  583  592
[106]  600  619  642  678  715  749  773  785  783  839  926  943  964 1103 1113
[121] 1228

> save(reslist, file=paste("output",iter,".rda",sep=""))
> 
> 
> ###############################################################
> 
> 
> # Clear the workspace and turn off graphics.
> #  Load all the functions you need by sourcing the provided demographic.R file
> #  Read in the job number from the cluster. To do this, your code should include a new
> # variable iter and should start with the line:
> # iter <- as.numeric(Sys.getenv(PBS_ARRAY_INDEX))
> #  Control the random number seeds so that each parallel simulation takes place with a
> # different seed. Your function should therefore set the random number seed as iter so that
> # each parallel simulation has a unique random seed.
> #  In each parallel run, select the initial condition to be used. Ensure that 25 of the parallel
> # simulations are allocated to each of the initial conditions.
> #  Create a variable which is the filename to store your results. The end of the filename
> # should be the number iter to ensure that simulation files do not overwrite one another on
> # the cluster.
> #  Initialise a list which will contain the results of your 150 simulations.
> #  Call the stochastic_simulation function to do the appropriate simulation 150 times,
> # appending the output to the results list, and then save the results list.
> 
> #four initial conditions (25 cluster runs per)
> #each cluster run runs simulation 150 times
> #1) large population of 100 adults
> #2) small population of 10 adults
> #3) 100 individuals spread
> #4) small population of 10 individuals
> 
R has finished running

============================================

        Job resource usage summary 

                 Memory (GB)    NCPUs
 Requested  :         1             1
 Used       :         0 (peak)   0.82 (ave)

============================================
