R is about to run

R version 4.4.1 (2024-06-14) -- "Race for Your Life"
Copyright (C) 2024 The R Foundation for Statistical Computing
Platform: x86_64-conda-linux-gnu

R is free software and comes with ABSOLUTELY NO WARRANTY.
You are welcome to redistribute it under certain conditions.
Type 'license()' or 'licence()' for distribution details.

R is a collaborative project with many contributors.
Type 'contributors()' for more information and
'citation()' on how to cite R or R packages in publications.

Type 'demo()' for some demos, 'help()' for on-line help, or
'help.start()' for an HTML browser interface to help.
Type 'q()' to quit R.

> 
> 
> growth_matrix <- matrix(c(0.1, 0.0, 0.0, 0.0,
+ 0.5, 0.4, 0.0, 0.0,
+ 0.0, 0.4, 0.7, 0.0,
+ 0.0, 0.0, 0.25, 0.4),
+ nrow=4, ncol=4, byrow=T)
> 
> reproduction_matrix <- matrix(c(0.0, 0.0, 0.0, 2.6,
+ 0.0, 0.0, 0.0, 0.0,
+ 0.0, 0.0, 0.0, 0.0,
+ 0.0, 0.0, 0.0, 0.0),
+ nrow=4, ncol=4, byrow=T)
> 
> clutch_distribution <- c(0.06,0.08,0.13,0.15,0.16,0.18,0.15,0.06,0.03)
> 
> #=========================================================================================
> rm(list=ls())
> graphics.off()
> source("Demographic.R")
> source("kl2621_HPC_2024_main.R")
[1] 0 0 0 0 3
[1] 3 3 2 2 2
[1] 1 1
 [1] 7 4 4 3 2 1 1 1 1 1 1 1 1 1 1 1 1 1 1 1 1
> 
> 
> ###4 initial conditions
> 
> ############################################################
> 
> 
> 
> #VVVVVVVVVVVV-------------COMMENT ME OUT WHEN RUNNING THE THING
> #iter <- 5
> #VVVVVVVVVVV--------------UNCOMMENT ME OUT
> iter <- as.numeric(Sys.getenv("PBS_ARRAY_INDEX"))
> set.seed(iter)
> 
> 
> if (iter <= 25) {
+ initial_state <- state_initialise_adult(4,100) #100 adults
+ } else if (iter >25 && iter <= 50) {
+ initial_state <- state_initialise_adult(4,10) #10 adults
+ } else if (iter >50 && iter <= 75) {
+ initial_state <- state_initialise_spread(4,100) #100 spread
+ } else {
+ initial_state <- state_initialise_spread(4,10) #10 spread
+ }
> 
> reslist <- list()
> 
> ####100 cluster runs
> ###################################################
> ####150 runs of stochastic_simulation per cluster run
> for (i in 1:150) {
+     #################################
+     ###120 steps of stochastic_simulation per simulation
+     stochasticresult <- stochastic_simulation(initial_state,growth_matrix,reproduction_matrix,clutch_distribution,120)
+     reslist[[i]] <- stochasticresult
+     #################################
+ }
> ###################################################
> 
> print(reslist)
[[1]]
  [1] 10 19 14 14 13 13 11 10 16  8 15  9  8  6  5  5 19 13 11 11 11 17 14  9  8
 [26]  6  4  9 13 17 12  7 13 11 12  9 14 11 26 15 15 13 18 21 25 25 19 19 17 26
 [51] 20 22 29 23 24 33 18 17 22 25 21 21 24 29 26 22 13 27 26 23 17 15 14 19 23
 [76] 15 24 19 18 20 31 33 28 25 18 13 13 31 30 20 22 17 35 25 24 21 15 24 20 17
[101] 29 26 22 16 21 18 13 16 20 22 20 25 24 19 18 25 18 18 21 16 18

[[2]]
  [1]   10   38   36   24   20   23   35   41   35   30   30   26   47   43   37
 [16]   36   42   53   47   64   63   53   54   68   59   54   79   65   79   94
 [31]   93   88   87   93  122  112  114  118  126  168  185  171  163  155  191
 [46]  201  213  218  217  205  210  218  224  210  228  242  248  246  278  274
 [61]  290  308  330  319  328  344  375  409  420  453  466  469  438  457  503
 [76]  550  555  543  587  629  657  646  742  794  812  880  910  900  969 1024
 [91] 1133 1087 1088 1106 1196 1307 1324 1336 1465 1428 1487 1611 1692 1743 1817
[106] 1894 1876 1986 2029 2194 2188 2262 2345 2541 2493 2551 2728 2899 3050 3188
[121] 3196

[[3]]
  [1]  10  28  21  15  11   9  13  16  14   7  12   8   8  20  16  11   9   7
 [19]  25  23  29  30  37  40  38  35  37  35  28  33  29  35  39  34  30  38
 [37]  46  53  51  42  39  51  60  59  67  74  66  71  63  74  86  95  91  89
 [55] 112 117 106 144 111 125 117 126 126 147 148 152 170 179 211 204 203 207
 [73] 182 190 226 238 212 230 223 247 256 252 253 273 270 261 257 280 266 261
 [91] 283 312 301 299 336 342 351 364 378 380 396 416 423 476 474 511 530 565
[109] 520 568 565 531 583 650 647 660 692 682 724 738 795

[[4]]
  [1]   10   35   19   12   11   15   16   13   12   18   14   18   19   19   15
 [16]   16   29   31   26   23   45   45   60   58   65   64   58   49   47   54
 [31]   43   64   73   68   67   72   81   90   69   69   77   87   83   92   84
 [46]   64   70   73  103   97   97  102   75   96  117  120  117  123  128  138
 [61]  122  109  117  132  164  192  201  193  206  208  235  265  261  277  297
 [76]  312  306  339  348  392  398  372  372  364  367  402  401  420  439  511
 [91]  553  529  552  575  641  674  708  707  745  815  833  858  929  967  944
[106]  915 1039 1132 1146 1223 1187 1308 1338 1420 1408 1493 1519 1618 1728 1712
[121] 1876

[[5]]
  [1]   10   32   25   27   27   19   21   22   27   29   29   33   35   36   40
 [16]   27   37   38   37   39   44   40   55   38   49   62   50   63   67   69
 [31]   60   88   71   70   65   92   82   66   72   74   73   63   70   76   73
 [46]   77   73   78   71   74   92   95   93   96  113  101   97  128  126  116
 [61]  142  132  152  138  146  168  201  200  165  173  206  239  240  251  252
 [76]  245  239  263  293  284  273  258  278  324  289  302  339  349  352  380
 [91]  373  401  402  437  424  425  437  504  506  534  609  637  610  604  665
[106]  696  701  728  739  810  800  853  788  834  948  968 1012  992  986 1094
[121] 1134

[[6]]
  [1]   10   21   40   31   25   17   13   19   22   19   23   16   13   15   21
 [16]   24   21   17   25   29   30   43   39   37   38   40   38   39   50   63
 [31]   63   66   54   58   49   55   70   81   84   99  121  107   99   93  104
 [46]  147  164  138  142  124  120  142  133  134  136  155  183  201  206  202
 [61]  212  251  264  268  258  278  311  324  310  322  342  385  362  394  440
 [76]  460  474  454  470  470  522  510  554  523  624  623  681  639  675  638
 [91]  731  764  829  792  804  843  945 1009 1052 1113 1169 1193 1192 1257 1341
[106] 1467 1506 1471 1515 1619 1736 1859 1926 1948 1886 2002 2145 2177 2293 2402
[121] 2408

[[7]]
  [1]   10   44   30   27   23   23   26   26   18   22   20   28   32   31   33
 [16]   40   50   37   59   58   56   62   61   55   46   55   58   81   58   52
 [31]   60   66   78   75   64   69   75   86   82  102  102  123  111  110  128
 [46]  118  132  110  118  149  170  163  165  187  203  201  227  243  266  273
 [61]  280  311  344  335  345  397  436  488  505  576  619  613  605  598  689
 [76]  685  640  711  740  768  773  749  754  785  829  858  920  947  945 1028
 [91]  978 1096 1195 1188 1176 1235 1250 1350 1371 1422 1459 1573 1531 1544 1598
[106] 1732 1831 1932 2031 2029 2095 2215 2316 2287 2409 2501 2489 2632 2765 2932
[121] 3120

[[8]]
  [1]  10  34  27  23  19  25  22  21  23  20  12  10  11   7   9  17  14  11
 [19]  10  15  15  11   9  10  11  14  12  10   8   7   7  14   8  12  24  25
 [37]  28  26  32  26  22  17  20  21  24  20  20  24  24  31  39  43  36  37
 [55]  45  41  34  28  40  33  38  44  48  35  49  50  60  53  76  84  70  79
 [73]  73  90  98 105 111 119 121 110 137 103  98  91  87  98  82  89 103  93
 [91]  95 101 105 123 114 123 134 145 144 154 150 158 188 200 207 188 190 229
[109] 208 227 239 283 291 273 297 313 320 352 342 378 411

[[9]]
  [1]  10   6   7   3   2   8   6   4   3   3   5   5   8   5   4   4   3   3
 [19]   8   5   3   3   3   2   2   9   9   6   6  11  12  10  15  17  22  26
 [37]  23  23  31  24  26  26  33  38  39  33  30  37  49  39  33  34  46  30
 [55]  46  58  55  64  59  74  70  65  75  87  71  73  74  79  76  66  87  87
 [73] 112 105 109 101 118  99 114 103 141 150 135 155 149 171 141 137 132 139
 [91] 115 132 165 200 178 142 160 208 186 194 198 243 288 278 274 286 296 326
[109] 359 383 390 394 405 444 410 444 410 399 454 483 492

[[10]]
  [1]  10  21  19  12   8   8   9  15   9   8   5   5   4   7   3   6   5  10
 [19]  15   9  20  23  18  12   9  16  12  26  22  19  25  17  24  29  26  23
 [37]  22  31  33  26  31  35  29  53  36  36  35  32  34  26  43  55  71  68
 [55]  47  55  54  60  63  96  91  80  75  95 101  99  89  94 116 125 111 107
 [73]  88 108  94  95 114 103 106 110 138 129 153 178 167 142 175 192 193 198
 [91] 237 248 270 285 313 286 311 326 359 353 402 405 370 375 375 408 435 467
[109] 494 523 511 559 546 612 650 681 682 701 778 787 783

[[11]]
  [1]   10   11   18    8    7    6   14    9    7   11   18   19    9    9   18
 [16]   15   11    8    7    7   10    8    7    6    5    4   11    6    4    8
 [31]    6    5   12    5    8    6    4    3    3    9   11    9   17   23   27
 [46]   22   26   37   36   33   47   40   57   41   43   52   61   88   92   97
 [61]   83   90  113  143  141  140  153  153  144  159  153  205  207  195  222
 [76]  231  233  246  237  222  260  283  284  307  275  306  283  301  352  374
 [91]  333  338  335  358  408  405  412  381  404  435  455  457  490  518  583
[106]  624  650  631  694  706  754  828  878  900  901  916 1003  983 1013 1106
[121] 1119

[[12]]
  [1]  10  34  21  15  12  11  10  13  10  10  17  10   8  13  10   8  15  13
 [19]  21  26  17  33  22  20  22  18  16  14  28  26  25  28  28  38  35  26
 [37]  24  25  23  35  25  28  23  29  28  31  24  36  31  33  39  35  42  33
 [55]  35  41  40  41  50  55  63  72  75  65  61  67  74  89  98 107 103 112
 [73] 127 109 117  95  87 107 110 106  96 116 143 164 157 144 170 144 152 178
 [91] 170 188 175 195 186 182 207 216 223 212 209 219 224 203 224 237 249 296
[109] 355 369 398 421 443 418 438 482 543 545 551 553 560

[[13]]
  [1] 10 36 22 15 11 12 12 12  8  6  6  6  3  8  6  5 10  6  6  5  5  8 17  9  7
 [26]  5  5  8  3  6  3  2  2  0  0  0  0  0  0  0  0  0  0  0  0  0  0  0  0  0
 [51]  0  0  0  0  0  0  0  0  0  0  0  0  0  0  0  0  0  0  0  0  0  0  0  0  0
 [76]  0  0  0  0  0  0  0  0  0  0  0  0  0  0  0  0  0  0  0  0  0  0  0  0  0
[101]  0  0  0  0  0  0  0  0  0  0  0  0  0  0  0  0  0  0  0  0  0

[[14]]
  [1]  10  28  21  21  16  19  23  19  15  18  17  14  17  26  23  14  14  15
 [19]  17  24  37  28  26  23  30  33  51  56  49  38  38  38  29  37  43  44
 [37]  55  54  50  51  65  61  59  59  88  94  87  79  89  82  64  78  80  69
 [55]  63  53  63  61  58  56  63  62  68  80  54  65  79  75  73  62  87  82
 [73]  80  96 103 143 114  95 101 119 134 141 134 116 135 119 123 127 140 114
 [91] 129 132 137 158 155 154 177 182 187 179 186 218 216 216 215 229 218 251
[109] 276 295 292 277 311 305 317 312 342 350 369 355 372

[[15]]
  [1]  10  18   9   7   7   4   3   3   3   8   6   4   4   4   9  14  10   8
 [19]  12  10  14  20  26  28  36  47  33  30  44  44  54  56  37  36  28  29
 [37]  22  35  39  41  29  38  29  28  41  37  35  34  51  44  45  70  60  55
 [55]  59  51  52  45  48  46  43  68  69  73  86  87  86  83  73  74  85 108
 [73] 109  93 114 122 163 174 163 158 164 187 233 239 219 259 275 301 271 268
 [91] 297 321 294 324 341 398 370 384 390 365 407 436 469 485 505 526 582 564
[109] 539 560 615 616 626 632 632 663 691 713 720 806 836

[[16]]
  [1] 10 21 17  8  6 11  8  7  9  4  3 11 11  8  8  6  6  6  4  4  7  5  9 10  7
 [26]  8 11  4  2  2  2  2  2  1  1  1  5  3  2  2  1  0  0  0  0  0  0  0  0  0
 [51]  0  0  0  0  0  0  0  0  0  0  0  0  0  0  0  0  0  0  0  0  0  0  0  0  0
 [76]  0  0  0  0  0  0  0  0  0  0  0  0  0  0  0  0  0  0  0  0  0  0  0  0  0
[101]  0  0  0  0  0  0  0  0  0  0  0  0  0  0  0  0  0  0  0  0  0

[[17]]
  [1]   10   17   27   10    8    7    7    6    9   25   23   18   16   19   23
 [16]   41   31   32   33   43   42   43   52   35   42   47   50   48   50   61
 [31]   56   70   51   49   45   54   65   63   66   70   79   76   84   81  100
 [46]  132  131  111  113  107  112  115  136  143  133  132  151  178  177  184
 [61]  159  186  198  217  251  237  268  234  272  313  302  307  320  324  331
 [76]  368  363  357  392  415  439  526  495  530  520  567  589  616  674  708
 [91]  764  690  710  727  792  826  847  864  904  927 1037 1115 1126 1132 1172
[106] 1235 1252 1281 1358 1424 1461 1550 1597 1630 1653 1698 1790 1810 1805 1818
[121] 1927

[[18]]
  [1]   10   34   25   20   14   12   22   24   25   18   23   25   17   30   29
 [16]   23   24   32   49   53   55   50   60   67   69   78   90  110   93  114
 [31]  115  114  141  128  139  147  185  191  203  216  240  267  291  324  315
 [46]  305  352  351  347  401  461  465  457  432  444  461  535  513  537  515
 [61]  508  539  558  597  633  600  602  659  623  618  610  624  705  738  768
 [76]  715  840  920  942  928  957 1039 1071 1074 1144 1262 1318 1392 1397 1438
 [91] 1562 1673 1673 1735 1891 1999 2005 2096 2088 2286 2283 2489 2541 2621 2726
[106] 2845 2878 3050 3250 3457 3495 3697 3741 3808 4040 4203 4483 4608 4988 5227
[121] 5240

[[19]]
  [1]  10  27  26  22  19  32  22  24  36  29  28  28  25  18  19  16  20  24
 [19]  15  12  12  17  12  11  11   7   7   6  18  23  23  14  19  11   9  12
 [37]  10   8   6   6   8  18  26  20  22  21  20  25  28  27  24  27  32  48
 [55]  58  56  58  65  57  75  71  73 107 114  97  97 110 131 125 115 112 125
 [73] 113 125 124 109 111 127 143 130 121  94 104 107 110 133 127 119 108 111
 [91] 127 122 136 128 172 195 183 174 168 157 185 185 198 232 230 246 273 262
[109] 272 314 317 289 306 346 351 354 381 400 397 429 400

[[20]]
  [1]  10  39  30  25  23  26  27  36  35  31  24  27  34  36  34  41  35  28
 [19]  40  30  32  36  55  42  39  45  43  69  59  58  50  52  61  53  77  62
 [37]  59  67  49  55  44  47  53  55  43  49  31  41  37  41  57  62  41  36
 [55]  53  67  60  60  70  63  81  67  72  82 100  89 102 110 118 119 125 109
 [73] 119 128 126 144 177 173 150 147 157 186 190 186 197 178 178 206 202 254
 [91] 214 238 295 266 261 283 321 324 299 322 348 336 423 452 466 446 445 475
[109] 517 483 499 524 559 602 642 632 708 769 739 807 831

[[21]]
  [1]   10   31   16   12   11   10   14   17   19   41   45   37   43   44   42
 [16]   50   56   71   69   61   59   78  104  106  106  113  111   91  118  110
 [31]  127  132  128  133  131  156  168  180  209  207  276  250  272  309  319
 [46]  303  285  298  298  339  380  389  358  382  405  439  434  476  462  486
 [61]  573  534  595  604  618  605  630  645  681  688  710  705  850  823  877
 [76]  948 1029 1082 1071 1137 1194 1276 1411 1427 1472 1443 1512 1593 1592 1693
 [91] 1751 1830 1909 1939 2002 2143 2181 2287 2328 2422 2493 2624 2795 2850 3076
[106] 3200 3356 3451 3650 3633 3706 3980 4111 4414 4659 4714 4753 4938 5126 5453
[121] 5698

[[22]]
  [1]   10    6    9    8    8    8    6   15   11    8    6    6    5    7    4
 [16]    5    3    2    2    2    6    4    4    4   10   19    9   14   10   12
 [31]   10   15   11   10   31   35   28   22   28   36   34   48   45   52   49
 [46]   39   50   67   76   84   87   77   82   93   89   96   82  105   90   90
 [61]   97   92  121  109  128  154  144  136  160  157  170  145  151  130  145
 [76]  143  153  163  181  191  173  193  191  225  226  219  226  235  250  309
 [91]  344  314  325  336  392  421  430  455  476  525  594  620  640  642  630
[106]  715  795  778  783  810  903  886  834  946  991 1050 1073 1068 1209 1274
[121] 1348

[[23]]
  [1]   10   40   42   44   35   29   38   32   30   44   60   51   53   61   45
 [16]   52   58   70   65   74   69   64   62   80   71   84   80   87   66   63
 [31]   75  100  120  103  106   93   91  100   94  105  103  113  119  126  144
 [46]  124  143  137  150  158  151  212  194  188  208  187  184  212  215  224
 [61]  221  196  218  242  236  250  289  347  322  312  344  350  373  357  385
 [76]  415  448  460  450  485  515  538  573  590  591  587  610  630  621  697
 [91]  792  797  855  893  904  912  929  973 1013 1050 1089 1148 1131 1225 1209
[106] 1269 1250 1250 1341 1360 1393 1509 1502 1552 1598 1730 1945 1992 1952 1917
[121] 1968

[[24]]
  [1]   10   41   38   34   31   27   32   52   63   56   56   47   59   55   43
 [16]   62   63   92   91   98  123  130  131  121  129  161  157  130  138  143
 [31]  137  159  186  185  159  195  183  190  203  238  215  212  230  258  262
 [46]  247  254  269  299  309  326  349  360  402  396  398  404  387  409  449
 [61]  491  498  480  478  479  500  564  563  615  606  708  697  706  683  740
 [76]  794  839  868  828  823  833  858  897  903  939 1018 1053 1082 1145 1117
 [91] 1184 1277 1399 1363 1450 1492 1474 1518 1511 1668 1563 1659 1765 1824 1914
[106] 1991 2028 2097 2161 2300 2331 2369 2525 2618 2734 2824 3032 3126 3243 3363
[121] 3411

[[25]]
  [1]   10   26   25   19   15   16   22   15   19   26   22   26   35   38   33
 [16]   32   24   25   25   29   25   28   20   23   30   20   18   33   30   40
 [31]   32   24   16   16   33   47   50   44   47   49   51   54   51   47   61
 [46]   55   64   64   66   68   93  112  101  108  118  102  105  104   92   97
 [61]  136  149  145  121  138  138  136  158  176  165  165  186  189  192  196
 [76]  210  218  179  169  212  275  258  264  276  286  296  310  313  325  375
 [91]  371  332  383  386  399  404  448  430  466  438  475  511  521  559  566
[106]  573  593  629  688  723  702  653  757  778  886  902  902  896  926  994
[121] 1055

[[26]]
  [1]   10   36   26   37   27   30   45   55   46   59   66   62   62   68   65
 [16]   80   90   93   92  106   96  108  118  123  124  131  124  136  135  151
 [31]  160  141  157  192  193  183  186  192  200  219  239  221  236  264  229
 [46]  232  243  239  263  281  269  253  246  318  312  304  313  319  367  330
 [61]  329  402  397  431  472  476  467  507  511  569  607  636  630  634  613
 [76]  730  727  757  735  741  788  813  795  779  880  932  976 1003 1079 1123
 [91] 1085 1124 1215 1325 1347 1463 1528 1539 1612 1747 1860 1986 2044 2048 2153
[106] 2309 2429 2543 2488 2550 2650 2890 3014 3147 3354 3465 3693 3851 3879 4158
[121] 4298

[[27]]
  [1]  10  35  28  20  16  16  15  10  17  17  33  26  24  20  20  18  13  13
 [19]  15  14  11   9  12  13  16  19  23  19  16  35  31  30  33  39  33  30
 [37]  33  35  34  36  26  19  32  28  37  42  43  32  28  35  26  24  31  41
 [55]  40  28  32  29  36  37  43  38  33  37  39  49  48  76  82  74  85  93
 [73] 136 104 114 110 103 111 118 158 160 135 170 177 206 230 257 291 284 280
 [91] 307 324 321 351 356 374 374 413 404 412 433 494 476 466 502 464 518 550
[109] 556 543 544 526 563 572 565 625 687 683 683 716 717

[[28]]
  [1]   10   37   27   23   13   11   18   12   22   24   24   25   25   32   29
 [16]   41   42   30   24   25   39   42   27   28   34   38   36   38   31   48
 [31]   52   65   59   73   68   77   79   88   93   88   96  102  126  139  117
 [46]  127  137  134  139  143  147  123  132  164  175  172  180  204  218  219
 [61]  250  254  284  287  325  304  313  291  317  323  288  352  348  358  381
 [76]  415  417  392  413  437  438  474  505  571  571  575  608  648  700  705
 [91]  692  693  730  763  832  794  880  917  900 1005 1015  999  975 1067 1106
[106] 1170 1262 1346 1317 1398 1380 1370 1418 1603 1699 1790 1792 1812 1867 1941
[121] 2094

[[29]]
  [1]   10   27   33   21   15   22   31   30   24   22   25   20   16   16   21
 [16]   18   13   20   33   28   34   48   52   54   49   50   61   57   72   77
 [31]   71   69   86  103  101   96  105  126  113  126  125  146  151  154  187
 [46]  182  160  176  193  202  216  233  215  240  236  247  273  294  316  314
 [61]  329  360  344  352  380  418  416  403  425  474  527  507  483  529  565
 [76]  594  584  578  595  638  709  666  679  699  718  746  776  847  909  976
 [91]  951  976  997 1065 1026 1080 1173 1196 1194 1162 1184 1288 1438 1436 1439
[106] 1431 1465 1608 1639 1721 1861 1898 2006 2064 2162 2334 2381 2298 2510 2617
[121] 2817

[[30]]
  [1]   10   26   19   18   13    9    8   19   21   25   31   22   22   18   34
 [16]   23   29   26   41   39   49   42   48   45   48   48   47   51   79   78
 [31]   79   73   69   70   53   73   66   77   86   89   92   81   77   88  116
 [46]  104   87   88  118  120  125  117  145  145  161  158  163  159  198  218
 [61]  206  194  223  214  238  233  246  243  310  302  321  296  341  381  401
 [76]  384  426  445  486  479  512  589  617  644  649  655  671  678  698  770
 [91]  758  785  795  818  846  847  904  996 1040 1043 1059 1196 1209 1263 1260
[106] 1325 1454 1523 1595 1653 1789 1829 2008 2052 2074 2152 2304 2366 2464 2618
[121] 2605

[[31]]
  [1]  10  29  30  19  17  17  12  28  20  12  10  18  18  11   9   8  13  16
 [19]  15  19  18  16  14  20  41  37  25  23  26  27  29  27  37  35  49  47
 [37]  52  44  49  50  57  52  42  54  54  41  44  40  31  38  30  55  47  53
 [55]  42  49  49  54  45  60  60  52  58  46  43  47  45  36  36  42  38  47
 [73]  47  52  45  56  53  51  40  50  46  50  63  51  63  55  63  45  46  68
 [91]  71  73  70  79  84  83  83  96 109 107 107 135 142 171 150 161 173 177
[109] 164 183 214 208 205 223 249 243 271 294 314 300 336

[[32]]
  [1]   10   38   42   24   23   18   16   32   42   35   29   46   61   66   63
 [16]   86   90   89   98   94   72   76   94  101  108  106  116  131  111  120
 [31]  127  123  112  137  142  128  128  121  132  143  172  163  160  138  153
 [46]  171  178  188  210  214  174  157  145  195  180  179  154  158  184  186
 [61]  221  193  205  237  246  262  253  255  273  268  330  308  344  332  359
 [76]  368  401  435  449  457  438  443  462  478  510  530  595  579  568  682
 [91]  625  674  706  725  748  779  803  837  897  972 1054 1098 1112 1112 1128
[106] 1211 1351 1361 1406 1356 1455 1577 1647 1712 1736 1760 1883 1987 2007 2064
[121] 2122

[[33]]
  [1]  10  28  14  15  18  15  11  11   9  11  12  38  32  17  14  20  24  20
 [19]  21  29  33  37  26  35  41  44  54  55  49  42  54  62  54  58  58  67
 [37]  68  60  67  54  45  82  74  83  68  68  83  84 100  88  77  93  92  94
 [55]  99 100  99  93 107 114 124 134 143 134 123 130 137 176 156 155 192 184
 [73] 184 180 194 197 199 209 205 206 231 221 213 200 247 259 275 260 281 285
 [91] 309 338 363 387 359 355 377 399 431 474 501 482 474 500 516 568 634 593
[109] 623 569 637 673 659 690 757 817 805 823 783 836 931

[[34]]
  [1]   10   29   31   28   25   20   23   37   27   33   42   54   69   54   58
 [16]   55   51   57   57   58   56   62   65   74   78   74   71   82  102   95
 [31]  110  115  145  141  116  114  154  146  185  181  159  125  154  167  189
 [46]  181  201  184  199  215  217  228  259  270  246  280  258  270  290  328
 [61]  337  353  332  418  389  414  477  479  493  473  543  552  601  637  643
 [76]  701  694  684  792  844  881  856  860  821  876  950 1052 1076 1027 1082
 [91] 1082 1152 1190 1250 1301 1306 1359 1431 1455 1516 1614 1529 1643 1818 1893
[106] 1967 1906 2063 2102 2250 2249 2342 2478 2621 2766 2843 2866 2949 2981 3055
[121] 3248

[[35]]
  [1]  10  37  24  14  11  11   8   8   7  13  12   9   7  14   5   5   6  10
 [19]  11   7   6   5   5  11  23  25  19  17  22  20  14  13  10   7   6  12
 [37]  14  14   8   8   8  16  14  11  18  14  11  10  11  20  17  15  17  21
 [55]  21  14  15  13  14  11  13  22  11   7  15  16  12  10  10  14  24  20
 [73]  22  28  32  30  22  29  26  44  44  41  51  48  36  39  54  47  38  47
 [91]  45  48  55  50  40  48  56  41  50  45  60  86  84  65  75  77  80  81
[109]  77  87  88  90  95  96 144 150 139 133 123 138 151

[[36]]
  [1]   10   33   32   20   16   16   24   32   46   34   28   24   40   36   50
 [16]   55   59   61   49   46   40   46   39   47   55   60   50   55   62   72
 [31]   83   65   56   52   51   54   64   73   72   73   71   73   89  104  124
 [46]  122   96  116  111  126  137  119  115  111  114  167  175  192  176  196
 [61]  215  242  252  260  295  326  326  338  326  349  343  399  424  403  388
 [76]  471  488  517  532  514  547  581  585  645  636  673  731  801  762  820
 [91]  870  904  963 1055 1135 1175 1250 1266 1336 1388 1369 1367 1401 1479 1543
[106] 1603 1690 1696 1785 1941 2090 2146 2111 2345 2415 2545 2578 2651 2774 2909
[121] 3081

[[37]]
  [1]   10   18   15   13   11   19   19   20   26   17   28   40   34   26   24
 [16]   22   23   25   32   30   28   39   38   33   37   31   44   54   50   52
 [31]   54   45   38   57   74   67   75   77   74   74   70   81   87   85  109
 [46]   97   94  112  101  111  126  109  121  126  147  143  143  141  162  178
 [61]  168  194  214  206  223  215  270  244  266  297  294  278  293  297  308
 [76]  306  304  322  325  340  326  325  355  349  372  429  450  527  489  534
 [91]  515  576  651  662  654  719  728  786  763  816  881  975  929  927 1001
[106] 1022  999 1026 1005 1076 1111 1183 1299 1353 1340 1391 1530 1561 1664 1707
[121] 1785

[[38]]
  [1]   10   24   27   23   16   13   20   19   27   16   20   21   26   24   30
 [16]   41   42   51   50   41   39   55   61   74   80   76   88   92   95   83
 [31]   71   71   91  102  112  118  131  121  123  117  117  129  142  128  142
 [46]  154  186  170  164  186  189  199  219  199  192  192  177  208  231  234
 [61]  245  238  259  278  296  311  297  315  319  365  371  385  428  456  432
 [76]  437  460  454  452  454  479  552  510  522  579  582  621  649  653  693
 [91]  705  720  725  735  728  818  859  866  879  851  968  984 1016 1053 1110
[106] 1192 1245 1305 1335 1413 1438 1523 1627 1728 1670 1738 1756 1812 1981 2097
[121] 2159

[[39]]
  [1]  10  25  32  23  26  18  35  34  25  21  32  26  20  22  26  32  39  39
 [19]  50  42  41  33  27  25  40  43  53  44  44  50  47  50  65  45  43  37
 [37]  35  32  29  31  40  50  51  42  32  38  46  57  44  49  53  58  77  69
 [55]  77 128 117 105 116 110 106 123 132 138 138 151 144 151 143 165 167 158
 [73] 164 154 139 161 150 182 184 182 180 206 178 193 202 241 227 220 227 234
 [91] 256 277 250 263 300 308 334 329 315 340 372 391 392 414 424 433 469 511
[109] 518 480 483 520 496 537 571 612 622 627 697 689 690

[[40]]
  [1]   10   29   30   19   17   20   26   25   22   25   32   34   25   27   30
 [16]   27   30   25   21   18   17   18   26   28   25   27   35   48   40   49
 [31]   41   42   55   61   67   70   67   76   78   85   90  101  119  106  118
 [46]  127  126  148  135  126  126  133  118  144  127  150  133  126  123  130
 [61]  147  173  154  203  189  175  175  176  205  225  227  218  247  248  265
 [76]  307  289  304  297  325  326  350  341  351  336  367  393  405  419  421
 [91]  464  443  471  472  501  507  544  598  548  545  594  598  654  670  608
[106]  623  666  737  720  785  748  801  865  895  962  967 1035 1055 1146 1100
[121] 1176

[[41]]
  [1]  10  18  23  16   9   6   8  11  10  22  12   8   7   8   6   8   6   7
 [19]   5  19  18  20  19  14  16  30  19  23  16  24  41  38  33  44  41  35
 [37]  41  43  49  74  51  43  43  44  45  47  56  57  53  59  59  58  53  51
 [55]  69  77  70  58  74  83  81  79  91  85  86  82  72  76  87  82  83  70
 [73]  96  88  83  82  94 105  97 115 130 114 125 105 118 127 160 157 163 148
 [91] 173 171 174 172 163 193 214 215 254 254 295 328 260 310 329 361 339 398
[109] 405 401 388 390 447 515 536 519 542 513 533 551 559

[[42]]
  [1]   10   46   50   32   24   23   25   30   32   26   37   40   35   51   40
 [16]   31   35   48   42   43   47   47   56   55   42   67   69   69   65   78
 [31]   81   72   79   88   81   90  108  109   99  109  141  171  165  138  139
 [46]  148  146  159  147  155  184  182  186  175  185  170  163  168  153  186
 [61]  189  197  221  226  255  254  256  291  291  294  299  345  340  371  389
 [76]  397  444  440  469  455  516  489  504  576  600  600  603  655  648  732
 [91]  767  739  720  745  802  874  856  891  891  936  979 1058 1081 1164 1157
[106] 1169 1224 1346 1401 1457 1523 1562 1664 1746 1870 1927 2076 2123 2219 2286
[121] 2398

[[43]]
  [1]   10   23   25   12   12   12   15   20   20   19   14   17   16   20   12
 [16]   22   28   21   18   18   17   19   30   43   34   29   39   36   44   44
 [31]   42   38   53   51   38   48   43   37   56   56   53   48   47   61   69
 [46]   66   62   56   54   96   97   88   84   90   94  109  129  109  111  110
 [61]  126  125  122  133  128  158  166  161  141  162  159  152  152  187  179
 [76]  181  161  193  175  197  192  235  240  239  241  268  288  291  308  321
 [91]  298  319  377  396  397  442  438  438  388  413  467  492  503  565  591
[106]  590  604  657  728  752  756  777  840  846  880  948  983 1033 1090 1154
[121] 1080

[[44]]
  [1]   10   19   18   23   19   14   22   16   27   22   27   24   40   35   40
 [16]   55   46   48   58   72   54   46   62   66   62   76   66   61   76   78
 [31]   93  115  106   74   81   80  113  131  111  101   93   86   78   95   86
 [46]   97  103   83  103  117  133  160  156  142  148  170  194  160  169  217
 [61]  219  219  215  219  289  299  281  306  313  308  308  319  361  367  373
 [76]  406  349  387  410  396  455  486  495  474  469  525  570  570  594  612
 [91]  634  648  674  726  763  826  781  836  898  936  867  974  949 1036 1077
[106] 1160 1225 1181 1258 1303 1418 1460 1486 1570 1546 1584 1604 1787 1804 1762
[121] 1952

[[45]]
  [1]   10   35   37   44   42   33   28   38   45   41   48   51   52   49   54
 [16]   56   61   69   70   70   73   78   67   72   65   61   66   71   91   83
 [31]   77   97   96   87   84   87   94   92   77   88   84   83   69   68   69
 [46]   82   72   67   63   72   78   86   95  103  104  120  113  108  101  103
 [61]  118  131  121  118  146  142  154  156  161  164  194  197  202  215  198
 [76]  212  231  218  218  258  261  254  259  218  267  255  255  294  278  256
 [91]  277  317  316  369  354  411  432  477  465  445  473  508  589  608  587
[106]  589  638  617  654  693  684  740  763  837  879  928 1052 1080 1074 1088
[121] 1190

[[46]]
  [1]   10   37   38   39   32   28   33   44   34   38   46   50   55   50   56
 [16]   58   52   47   56   63   55   49   45   58   65   64   83   96  112   93
 [31]   97   96  109  114  124  110  122  109  101  124  129  112  119  137  124
 [46]  143  148  162  176  148  139  163  192  210  206  189  206  195  204  235
 [61]  254  232  269  266  297  275  317  324  339  319  321  324  345  348  347
 [76]  363  361  399  388  439  457  483  467  488  539  529  563  557  551  529
 [91]  558  546  591  655  732  768  720  778  796  833  868  864  879  895 1007
[106] 1021 1105 1106 1166 1160 1179 1272 1350 1389 1414 1515 1519 1617 1572 1602
[121] 1692

[[47]]
  [1]  10  31  40  23  27  22  20  30  36  30  24  17  24  16  18  23  29  22
 [19]  28  20  17  15  19  24  27  16  14  16  11  16  14  15  11  16  19  14
 [37]  11  15  18  17  21  29  26  29  24  20  22  21  23  33  29  29  31  43
 [55]  58  39  35  36  37  55  53  66  72  50  69  67  57  74  96  80  77  79
 [73]  57  49  68  73  80  66  77  73  96 105  96  87  86 104 112 113 113 138
 [91] 169 157 141 162 152 168 171 209 223 234 207 208 243 268 273 286 283 328
[109] 335 340 354 371 362 357 369 436 474 429 445 454 528

[[48]]
  [1]   10   16   22   18   15   12   16   30   35   40   39   40   31   36   61
 [16]   44   41   39   54   57   47   44   44   48   44   43   49   47   44   51
 [31]   92   73   70   71   68   69   72   76   96  102   95  105  105  116  110
 [46]  136  162  166  133  139  133  142  172  168  180  146  155  174  158  150
 [61]  146  152  160  188  213  226  202  216  219  221  273  276  296  330  341
 [76]  322  350  355  375  387  371  404  458  461  511  541  552  581  552  582
 [91]  635  684  709  736  730  815  822  876  912  900  908  999 1043 1083 1074
[106] 1075 1098 1145 1292 1313 1362 1458 1481 1599 1553 1570 1671 1819 1902 1960
[121] 2042

[[49]]
  [1]   10   34   26   18   16   24   39   40   48   32   25   32   32   36   44
 [16]   42   27   42   43   48   42   51   40   36   39   30   26   33   30   27
 [31]   27   21   40   52   62   46   47   55   61   61   58   58   73   69   85
 [46]   89   84   85   87   89   93  119  124  136  144  139  117  111  131  129
 [61]  139  147  139  130  125  140  147  159  179  225  191  187  184  216  234
 [76]  236  220  237  258  255  252  214  227  266  270  301  327  366  341  393
 [91]  367  412  431  434  440  507  498  505  492  522  537  580  550  575  658
[106]  737  715  710  689  775  804  833  854  875  928  944  958  991 1033 1171
[121] 1225

[[50]]
  [1]   10   37   45   36   31   37   31   33   39   46   47   34   39   42   51
 [16]   46   35   45   40   54   51   46   49   44   48   44   51   55   56   47
 [31]   55   58   66   61   86   93   89  100  112  105  110  116  124  133  140
 [46]  125  153  161  149  135  158  146  155  154  186  180  198  196  197  198
 [61]  185  230  247  234  246  246  270  265  296  279  353  320  326  326  327
 [76]  382  392  402  390  388  481  441  526  525  549  556  551  592  674  632
 [91]  673  734  813  846  836  866  907  960  995 1079 1043 1036 1074 1182 1264
[106] 1223 1191 1341 1457 1546 1673 1680 1778 1876 1967 2085 2110 2200 2289 2353
[121] 2511

[[51]]
  [1]   10   35   32   32   27   32   36   34   38   42   40   43   53   66   60
 [16]   63   58   57   63   88   83   72   81   65   76   91   77   85   81   69
 [31]   74   72   78   75   73   65   96  102  112   94  103  102  110  121  137
 [46]  123  129  134  145  148  148  153  141  161  156  188  258  277  246  237
 [61]  209  226  263  261  263  239  231  276  295  276  311  325  325  343  353
 [76]  361  357  366  364  437  452  450  440  439  504  567  602  591  594  644
 [91]  670  644  696  721  866  850  875  861  977 1031 1079 1193 1184 1164 1213
[106] 1261 1352 1424 1407 1493 1506 1569 1713 1759 1819 1877 2042 2126 2217 2245
[121] 2270

[[52]]
  [1]  10  53  26  29  22  18  15  19  15  15   9   8   7   7   7  10  10  11
 [19]   9   5   5   5   8   6   9  17  12  14  16  21  20  14  18  19  15  20
 [37]  33  34  40  38  29  31  34  41  39  49  54  42  41  53  68  78  61  77
 [55]  78  88  78  76  84  90  66  71  98 112 105  98 121 120 122 117 114 119
 [73] 165 157 200 188 199 187 179 178 167 200 210 236 239 241 204 236 246 285
 [91] 282 302 293 317 320 327 304 349 367 382 354 376 457 442 449 466 425 446
[109] 524 522 537 589 611 688 692 657 672 704 754 780 778

[[53]]
  [1]  10  35  49  35  26  21  23  26  30  29  36  26  22  23  31  45  29  35
 [19]  26  36  40  47  32  35  29  35  39  61  72  67  67  71  64  80  74  69
 [37]  67  67  59  77  95  85  69  72  58  63  57  48  62  62  59  58  65  55
 [55]  68  54  64  80  86  72  68  84  79  78  76  67  87  82  90 108 107 110
 [73] 108 103 116 120 139 175 155 174 177 173 192 212 209 188 192 190 211 217
 [91] 267 289 231 238 260 261 248 296 298 321 315 343 374 383 416 422 460 410
[109] 421 446 514 571 557 560 594 620 648 630 682 674 738

[[54]]
  [1]   10   24   33   25   21   19   22   30   24   19   26   38   32   28   33
 [16]   35   28   30   44   45   40   47   46   46   47   55   44   63   79   71
 [31]   74   76   87   96   85   76   93  103  101  103   99  111  123  125  119
 [46]  111  127  128  133  148  153  141  161  135  152  166  154  177  196  202
 [61]  205  201  195  213  207  168  230  241  286  274  274  264  276  327  336
 [76]  376  381  429  428  455  445  459  472  491  473  548  515  551  561  586
 [91]  600  627  615  628  659  698  758  773  795  805  842  850  865  928  938
[106] 1007  994  985 1089 1198 1282 1287 1298 1317 1404 1478 1527 1572 1693 1813
[121] 1869

[[55]]
  [1]   10   30   27   15   14   13   15   23   16   17   20   25   17   18   19
 [16]   22   21   15   27   31   38   32   31   41   52   47   42   53   47   39
 [31]   58   59   62   58   61   51   62   57   64   51   51   74   68   63   85
 [46]   75   75   93  108   95   98  104  111  121  143  154  153  170  208  218
 [61]  229  243  257  280  251  282  302  303  348  387  364  356  375  354  361
 [76]  386  400  436  414  408  427  452  495  522  574  633  660  672  730  775
 [91]  793  808  768  788  865  886  914  980  991  997 1041 1109 1148 1246 1330
[106] 1378 1409 1453 1550 1531 1592 1779 1840 1867 1916 1979 2177 2214 2283 2429
[121] 2367

[[56]]
  [1] 10 17 29 25 17 15 20 13 10  7  7  7  5  4  7  4  3  2  2  1  1  0  0  0  0
 [26]  0  0  0  0  0  0  0  0  0  0  0  0  0  0  0  0  0  0  0  0  0  0  0  0  0
 [51]  0  0  0  0  0  0  0  0  0  0  0  0  0  0  0  0  0  0  0  0  0  0  0  0  0
 [76]  0  0  0  0  0  0  0  0  0  0  0  0  0  0  0  0  0  0  0  0  0  0  0  0  0
[101]  0  0  0  0  0  0  0  0  0  0  0  0  0  0  0  0  0  0  0  0  0

[[57]]
  [1]   10   22   23   17   20   10    8   14   18   20   26   32   36   29   45
 [16]   44   51   55   46   54   49   75   80   75   65   57   77   72   66   71
 [31]   84   72   73   73   70   85  118  105  110  113  112  111  134  172  194
 [46]  161  189  207  233  228  247  260  283  273  265  297  317  361  375  398
 [61]  344  389  416  434  412  431  523  510  573  577  583  551  572  630  611
 [76]  644  675  759  747  834  865  908  905  928  930 1011 1033 1110 1132 1199
 [91] 1228 1292 1422 1372 1389 1501 1519 1557 1694 1724 1798 1850 1909 2025 2229
[106] 2182 2321 2287 2448 2433 2621 2772 2893 2959 2956 3105 3180 3268 3394 3583
[121] 3693

[[58]]
  [1]  10  38  29  22  17  17  26  14  19  12   9   9   8   5  13  21  23  23
 [19]  24  22  27  26  19  17  20  18  27  29  35  29  28  28  45  38  47  54
 [37]  46  36  34  37  27  33  29  32  25  23  15  34  45  36  28  26  38  25
 [55]  25  37  29  33  45  35  32  46  47  40  39  40  44  42  42  45  60  75
 [73]  67  82  67  91  98 113 151 148 110 114 109 112 133 155 155 145 160 156
 [91] 153 165 172 160 170 194 185 182 174 203 218 267 251 241 268 290 331 308
[109] 316 324 342 340 383 388 398 452 469 464 474 528 546

[[59]]
  [1]   10   31   30   22   18   27   26   25   33   29   33   43   33   36   41
 [16]   41   40   43   59   59   60   50   53   52   81   55   65   59   75   64
 [31]   82   76   66   82   85   96   86   96  112   97   89  102  106  103   89
 [46]   90   94  100  107  103  135  137  162  176  184  189  208  197  203  206
 [61]  223  204  240  232  256  313  306  340  306  323  347  371  383  397  384
 [76]  479  504  501  465  512  561  567  534  555  533  573  646  662  674  702
 [91]  744  753  793  935  934  887  915  970  949  980 1037 1046 1104 1137 1172
[106] 1203 1318 1298 1398 1454 1456 1622 1770 1787 1779 1888 2076 2166 2306 2372
[121] 2470

[[60]]
  [1]   10   42   32   27   23   21   38   69   54   40   34   30   47   60   60
 [16]   56   47   63   65   67   71   82   86   68   60   53   54   60   57   55
 [31]   55   53   57   68   63   82   87   96   97   78   66   80   87  101  100
 [46]   76   73   79   79   93  106  106   87   99   96  107   99  119  150  148
 [61]  135  147  159  162  160  165  140  163  149  155  190  227  228  217  211
 [76]  218  249  243  290  253  276  340  316  341  388  364  395  380  429  435
 [91]  482  496  494  546  589  592  585  638  703  759  733  795  827  823  942
[106] 1015  984 1047 1137 1129 1188 1246 1240 1298 1358 1424 1445 1585 1576 1632
[121] 1739

[[61]]
  [1]   10   38   36   31   26   24   24   31   60   60   50   48   60   63   71
 [16]   73   74   59   53   61   62   92   99   89  101   92  102  106  108  113
 [31]  108  129  123  131  151  150  135  132  157  174  158  156  150  159  183
 [46]  217  214  211  227  220  205  191  259  256  292  288  293  289  331  362
 [61]  371  370  379  370  376  412  386  333  352  406  455  435  471  442  476
 [76]  519  567  570  548  589  557  603  645  693  762  749  824  861  908  981
 [91]  929  933  961  935 1035 1085 1146 1160 1198 1215 1227 1319 1410 1468 1497
[106] 1569 1684 1643 1818 1886 1948 2027 2046 2146 2250 2366 2358 2537 2565 2783
[121] 2887

[[62]]
  [1]  10  25  18  14  13  16  12  11  18   9   7  17  11  10   8   6   8   7
 [19]  11   9   4   5   3   3   3   3   9   7   6   8  15  10   9   9   8  12
 [37]  17  13  13  10  10  12  15  23  21  14  13  22  14  23  21  26  20  23
 [55]  25  18  19  17  24  23  39  31  39  34  43  38  42  38  36  46  62  97
 [73]  76  70  64  63  74  70  78  79 106  83  83  92 102 105 113 128 126 127
 [91] 128 121 141 141 136 128 140 158 171 179 203 196 180 200 206 222 242 264
[109] 273 263 269 255 249 267 304 344 328 362 350 354 393

[[63]]
  [1]   10   30   32   21   26   20   17   12   15   23   23   28   29   29   27
 [16]   32   24   32   25   22   33   32   42   36   53   46   43   52   44   42
 [31]   64   50   45   39   45   39   33   40   38   31   28   40   42   58   63
 [46]   56   50   64   82   80   90  109  107   91   92   78   96  108  110  126
 [61]  114  124  102  101  113   97   93  109  125  139  144  158  149  166  171
 [76]  198  197  238  247  216  245  257  256  280  284  311  289  305  321  318
 [91]  371  376  389  416  463  471  480  508  485  571  596  628  649  658  673
[106]  703  750  783  808  861  859  875  940  989 1055 1130 1175 1190 1216 1292
[121] 1269

[[64]]
  [1] 10 30 10 15 10 13  8 30 24 20 29 23 24 19 22 18 22 25 37 31 35 26 37 26 29
 [26] 27 27 18 21 22 22 17 19 19 22 16 15 14 12  9 14 19 20 13 19 14 14 16 11 12
 [51] 20 32 20 16 11 10 14 25 23 15 11 14 11 15 18 17 18 19 16 19 24 24 18 12 11
 [76]  7  6 12 13  9  5  5 12 10  8  7 15  9  4  4  7 11  8 10  6  5  7  6  5  5
[101]  5  5  4  3  6  3  1  1  1  0  0  0  0  0  0  0  0  0  0  0  0

[[65]]
  [1]   10   34   32   22   19   23   20   35   31   28   22   26   36   42   43
 [16]   47   42   49   52   52   55   60   88   87   95   86   74   99  117   92
 [31]   94  102  128  150  138  135  150  154  178  148  171  193  182  214  222
 [46]  236  247  250  241  236  250  246  301  319  319  312  303  334  331  337
 [61]  333  331  379  411  433  507  495  492  519  567  582  590  612  617  652
 [76]  740  791  809  779  814  860  894  880  905  902  914  962 1095 1141 1129
 [91] 1176 1113 1153 1209 1222 1326 1335 1405 1512 1556 1609 1667 1673 1666 1717
[106] 1791 1987 1993 1958 2020 2168 2210 2295 2358 2387 2450 2614 2882 2980 3027
[121] 3128

[[66]]
  [1]   10   42   44   36   32   39   49   51   62   59   61   73   72   70   61
 [16]   60   81   69   80   83   82   74   84  100   81   71   81  114  116   96
 [31]   94  106   94   79   97   89   81   87  102  127  122  129  148  137  127
 [46]  128  136  161  177  185  207  211  236  254  270  288  262  265  286  320
 [61]  359  398  429  402  418  440  433  521  574  573  585  621  702  782  797
 [76]  800  830  836  810  907  917  909  983 1068 1100 1172 1216 1278 1276 1299
 [91] 1464 1553 1627 1706 1813 1822 1922 2031 2133 2242 2295 2357 2410 2595 2699
[106] 2741 2810 2851 2909 3078 3257 3403 3465 3595 3875 3968 4065 4235 4277 4520
[121] 4590

[[67]]
  [1]  10  45  37  29  25  31  32  37  37  43  27  29  27  38  27  24  20  26
 [19]  21  23  16  21  17  18  15  18  17  13  10  18  20  10   6   5  11   7
 [37]   4   9   7   7  10  13  11  15  11  12   9  11  15  10   8   8   5   4
 [55]  14   8   9   7  12   9  17   9  13   9   9   9   7  10  20  16  13  17
 [73]  11  12  17  15  19  18  15  11   9   6   6   6  17   9   8   7   7  20
 [91]  21  16  15  13  13  28  27  30  24  34  31  29  28  25  38  38  33  31
[109]  31  45  50  56  53  70  60  59  60  74  72  98 100

[[68]]
  [1] 10 15 10 10  8  8  8 20 21 27 25 17 24 16 13 16 12 13 17 23 18 19 17 14 20
 [26] 10  7  6  9 12 10 11  7  6 13  9  9 14 17  8  5  3  3  2  1  1  1  1  7  5
 [51]  5  3  3  5  3  3  2  4  4  3  0  0  0  0  0  0  0  0  0  0  0  0  0  0  0
 [76]  0  0  0  0  0  0  0  0  0  0  0  0  0  0  0  0  0  0  0  0  0  0  0  0  0
[101]  0  0  0  0  0  0  0  0  0  0  0  0  0  0  0  0  0  0  0  0  0

[[69]]
  [1]   10   34   52   32   28   30   36   44   50   53   54   62   44   67   72
 [16]   79   71   87   82   71   73   80   79  106  135  111  108  120  133  158
 [31]  159  153  157  149  165  176  205  226  232  241  254  272  336  342  311
 [46]  352  333  403  406  439  447  457  456  494  515  515  545  568  558  565
 [61]  556  600  557  594  652  630  657  702  708  768  793  884  899  948  983
 [76]  978 1016 1122 1184 1167 1275 1248 1320 1344 1437 1542 1620 1712 1689 1692
 [91] 1761 1809 1783 1837 1941 2052 2098 2285 2397 2517 2535 2638 2847 2989 3039
[106] 3162 3282 3567 3641 3757 3843 3985 4192 4427 4502 4755 4773 5202 5425 5729
[121] 5816

[[70]]
  [1]   10   28   34   27   15   19   21   22   38   37   28   23   19   31   24
 [16]   32   45   44   37   44   55   57   47   55   64   73   84   70   76   70
 [31]   97  104  107   91   98  131  139  166  139  138  136  144  134  172  169
 [46]  185  196  183  184  197  202  214  227  212  254  247  264  258  266  283
 [61]  271  285  314  325  302  299  369  385  428  440  438  452  491  545  553
 [76]  561  553  592  662  726  702  759  741  826  821  833  877  940  928 1012
 [91] 1060 1099 1068 1071 1197 1278 1354 1328 1304 1415 1533 1577 1578 1616 1733
[106] 1773 1789 1832 1894 2054 2048 2158 2257 2385 2413 2466 2615 2780 2875 3018
[121] 3047

[[71]]
  [1] 10 18 11  5  2  1  0  0  0  0  0  0  0  0  0  0  0  0  0  0  0  0  0  0  0
 [26]  0  0  0  0  0  0  0  0  0  0  0  0  0  0  0  0  0  0  0  0  0  0  0  0  0
 [51]  0  0  0  0  0  0  0  0  0  0  0  0  0  0  0  0  0  0  0  0  0  0  0  0  0
 [76]  0  0  0  0  0  0  0  0  0  0  0  0  0  0  0  0  0  0  0  0  0  0  0  0  0
[101]  0  0  0  0  0  0  0  0  0  0  0  0  0  0  0  0  0  0  0  0  0

[[72]]
  [1]   10   32   32   28   21   23   32   36   37   34   59   38   33   32   36
 [16]   51   40   35   24   39   32   42   43   45   41   51   48   51   51   40
 [31]   76   60   53   52   64   79   69   72   82   84   91  110  103  111  107
 [46]  130  130  136  141  182  182  203  209  180  201  202  221  222  234  232
 [61]  250  236  260  252  250  314  297  292  314  340  361  367  338  371  353
 [76]  398  401  416  456  450  466  481  421  462  492  505  499  492  557  585
 [91]  597  603  642  686  663  642  731  714  720  823  852  876  864  964  964
[106] 1023 1007 1073 1144 1177 1192 1258 1337 1384 1400 1448 1486 1589 1669 1794
[121] 1711

[[73]]
  [1]  10  22  18  13  17  16  12  11  10  10  11  16  19  13  11   9  20  22
 [19]  24  20  30  30  24  15  29  27  26  25  19  20  26  31  28  21  22  35
 [37]  34  31  28  45  31  31  28  21  22  17  18  28  37  33  23  23  19  31
 [55]  28  34  23  33  29  30  32  30  36  35  25  51  41  47  45  48  52  50
 [73]  43  45  43  42  47  46  51  56  71  75  79  90  88  78 119 110 130 128
 [91] 150 133 157 151 191 200 172 174 226 185 183 208 225 247 265 242 265 269
[109] 280 320 314 307 340 375 362 366 357 409 403 386 395

[[74]]
  [1]   10   23   18   20   13   12   28   19   22   26   19   17   20   32   34
 [16]   35   21   20   23   27   37   43   52   38   43   36   29   27   32   36
 [31]   37   36   36   39   45   61   71   62   60   62   82   93   84   86   93
 [46]  110  100  134  151  126  126  144  148  166  160  163  136  150  148  173
 [61]  183  172  162  159  184  182  198  209  228  222  242  246  268  259  288
 [76]  304  307  322  345  354  360  407  377  397  383  416  422  410  461  445
 [91]  484  467  464  489  559  566  557  601  624  640  659  714  850  809  872
[106]  888  919  967  967 1001 1046 1113 1199 1288 1342 1393 1451 1413 1466 1482
[121] 1651

[[75]]
  [1]  10  31  15  20  18  29  24  26  18  33  28  45  33  21  19  26  24  25
 [19]  28  31  26  32  35  51  44  41  45  48  49  69  70  81  84  84  82  85
 [37]  93  85  67  76  77  82  98  94  98 100  83  63  76  57  76  74  86  90
 [55]  74  88  88 109 102 102 100  89 101 109 114 121 112 127 144 159 172 188
 [73] 162 172 142 174 171 174 176 192 193 220 194 214 225 273 232 253 266 283
 [91] 268 265 282 273 328 289 340 340 341 365 356 394 425 453 471 440 473 528
[109] 503 516 525 530 591 612 609 593 605 680 682 732 775

[[76]]
  [1]   10   28   36   32   38   38   38   44   34   41   24   33   40   37   33
 [16]   28   36   38   48   42   34   26   23   30   29   57   58   54   58   65
 [31]   62   65   72   77   84   89   85   93  107  119  140  124  142  119  132
 [46]  155  189  184  178  160  227  199  239  248  292  330  329  310  324  366
 [61]  390  378  383  401  427  473  473  512  563  551  583  528  542  603  590
 [76]  592  617  639  699  738  787  798  860  828  855  936 1012 1088 1093 1136
 [91] 1220 1235 1322 1340 1367 1395 1580 1609 1710 1760 1884 1877 1977 2059 2188
[106] 2297 2357 2500 2617 2708 2893 2970 3054 3289 3380 3496 3741 3904 3888 4012
[121] 4135

[[77]]
  [1]   10   21   24   13   16   20   13   11   18   22   18   22   23   22   22
 [16]   25   28   33   28   22   17   34   30   43   33   41   48   39   56   87
 [31]   63   70   54   57   62   59   69   63   63   74   97   79  101  112  122
 [46]  109  104  117  120  144  133  143  155  140  156  136  137  142  143  139
 [61]  158  174  181  205  189  178  173  201  209  213  226  234  299  296  274
 [76]  290  294  300  357  384  317  326  374  372  408  406  363  390  391  412
 [91]  458  488  496  553  532  576  643  657  679  696  700  674  748  848  842
[106]  900  909  961  951 1003 1041 1094 1114 1177 1181 1289 1300 1380 1398 1490
[121] 1507

[[78]]
  [1]  10  31  35  26  22  14  14  12  15  15  18  12  15  12  22  18  13  24
 [19]  17  19  29  24  18  14  14  17  20  27  21  23  21  36  32  42  29  33
 [37]  40  34  68  59  56  56  57  56  48  56  61  57  75  79  65  73  82  66
 [55]  87  78  74  71  78  82  83  92  82 104 100 103 100 128 127 118 112 105
 [73] 141 120 120 123 131 140 154 131 128 115 156 151 141 136 130 166 176 174
 [91] 179 202 219 217 203 247 272 254 263 286 311 324 320 304 338 317 349 347
[109] 357 402 447 420 493 434 422 480 488 542 531 561 553

[[79]]
  [1]   10   28   26   17   13   11   14   11   18   17   20   12   14   18   25
 [16]   23   19   15   18   21   36   39   32   31   26   27   23   43   51   46
 [31]   36   38   44   39   37   46   49   49   44   71   73   72   61   90   86
 [46]   72   74   67   87   87   79   84   99  107  103  118  124  138  133  128
 [61]  114  133  146  157  161  145  174  203  233  245  232  230  304  319  314
 [76]  342  351  337  310  319  364  388  402  422  411  408  434  437  463  472
 [91]  474  515  528  549  623  634  636  677  674  644  757  783  789  872  928
[106]  928  948 1059 1049 1107 1192 1236 1308 1318 1343 1367 1510 1670 1665 1599
[121] 1776

[[80]]
  [1]   10   30   36   25   20   23   19   25   31   36   38   40   40   60   62
 [16]   57   71   61   60   74   77   64   70   74   72   70   82   79   76   89
 [31]   88  117   99  100  100  127  115  105  101  108  139  129  138  132  153
 [46]  157  152  162  191  191  207  223  254  211  245  228  217  238  250  253
 [61]  299  323  324  325  321  356  362  379  402  410  436  471  486  508  519
 [76]  504  565  560  571  617  612  627  675  722  763  764  740  733  726  775
 [91]  883  932  974  956  986 1078 1160 1236 1290 1365 1306 1442 1405 1422 1449
[106] 1535 1605 1733 1784 1839 1928 1941 1987 2103 2245 2341 2493 2533 2597 2592
[121] 2729

[[81]]
  [1]   10   28   21   19    9    9   22   27   25   25   22   22   20   15   21
 [16]   29   24   19   25   29   35   26   24   19   18   13   18   24   28   21
 [31]   19   19   20   34   30   26   33   39   47   55   51   37   47   48   48
 [46]   44   49   50   78   94  112  116  111  105  120  119  118  116  138  161
 [61]  166  170  164  156  179  170  195  185  210  205  220  253  270  252  254
 [76]  285  268  337  330  357  321  319  343  364  333  367  403  411  413  445
 [91]  433  429  469  530  558  556  604  645  686  766  776  740  771  831  850
[106]  901  905  950  998 1137 1118 1185 1165 1167 1200 1365 1466 1544 1609 1587
[121] 1692

[[82]]
  [1]  10  24  31  21  15  13  13  19  24  27  29  22  16  21  14  20  22  19
 [19]  13  11  17  35  26  19  13  14  13  11  22  15  19  19  18  26  32  38
 [37]  40  27  27  31  35  33  49  44  36  33  41  28  40  31  31  31  35  33
 [55]  41  30  29  22  35  40  38  42  43  42  40  44  41  40  42  53  54  61
 [73]  57  62  49  61  74  85 101  98  92 113 107 144 125 144 168 149 147 173
 [91] 200 198 183 189 214 235 257 247 270 303 300 302 282 364 376 332 387 440
[109] 440 484 516 531 514 495 506 552 601 635 606 645 692

[[83]]
  [1]   10   11   23   12   11   11   11   13   22   29   39   33   27   27   19
 [16]   21   21   29   31   22   28   24   30   40   44   30   30   30   35   37
 [31]   50   38   37   40   44   36   46   53   52   80   73   77   83   83   74
 [46]  106  103  100   91  107  106  108  102  117  107   99   92   99  113  120
 [61]  117  106  131  145  134  119  119  160  141  154  148  166  168  170  201
 [76]  185  194  172  208  224  229  221  225  231  251  238  238  239  274  299
 [91]  288  309  307  305  370  340  359  403  402  482  525  461  574  566  588
[106]  562  578  601  685  707  695  721  737  753  799  845  899 1015 1042 1079
[121] 1100

[[84]]
  [1]   10   42   31   29   27   30   29   30   30   32   19   20   38   37   24
 [16]   23   29   38   38   29   38   55   49   53   38   55   47   33   31   31
 [31]   37   50   39   47   54   51   45   57   68   58   61   52   55   47   70
 [46]   77   75   68   80   87   83   79   76   63   71   92   93   92   96  102
 [61]  102  125  137  120  125  140  139  153  154  159  170  204  225  231  222
 [76]  213  239  228  230  219  248  276  251  268  309  320  338  297  295  363
 [91]  349  404  415  410  426  427  441  499  501  480  507  498  532  570  660
[106]  681  665  657  681  755  795  844  925  911  920  893  952 1020  992  985
[121]  993

[[85]]
  [1]   10   38   53   38   26   32   27   52   51   52   58   53   63   66   69
 [16]   77   57   57   60   67   56   46   62   55   60   75   88   79   67   88
 [31]  105  107  100   83   98   89   91  102   96  118  118  133  146  144  136
 [46]  129  142  159  160  159  200  207  216  207  204  233  261  283  270  287
 [61]  294  336  359  361  366  357  374  412  405  422  435  489  500  529  503
 [76]  489  542  513  515  503  527  581  628  696  660  711  752  738  778  846
 [91]  931  923  981  989 1042 1073 1094 1222 1231 1256 1311 1300 1403 1525 1628
[106] 1624 1613 1655 1694 1859 1892 1954 2007 2107 2107 2316 2317 2407 2568 2743
[121] 2815

[[86]]
  [1]   10   45   28   22   18   21   27   41   43   41   42   34   37   35   40
 [16]   29   33   44   60   57   55   59   80   73   69   62   65   66   68   62
 [31]   61   73   61   79   76   75   72   55   65   70  100   71   68   76  105
 [46]   92   79   90   99  110  129  127  117  100  122  130  132  124  133  140
 [61]  161  164  191  199  232  210  242  272  272  291  275  294  312  332  355
 [76]  364  361  355  389  424  385  425  405  448  454  526  535  524  592  617
 [91]  585  619  667  671  719  697  781  793  841  857  910  938  932  987 1075
[106] 1145 1173 1163 1266 1343 1323 1398 1509 1578 1625 1717 1711 1787 1950 2086
[121] 2226

[[87]]
  [1]   10   36   32   23   18   23   28   31   20   35   31   25   37   37   39
 [16]   41   26   29   25   18   24   35   38   35   40   31   30   23   42   35
 [31]   40   37   48   64   52   53   53   59   62   81   94  102   95   95   83
 [46]  100  116  100  118  124  113  125  128  134  136  126  139  155  180  199
 [61]  192  166  184  211  247  269  264  290  315  283  303  349  323  320  364
 [76]  385  420  416  419  419  447  449  462  491  487  464  517  535  508  554
 [91]  548  636  668  711  706  747  794  799  814  812  917  933  898  896 1083
[106] 1144 1208 1205 1210 1230 1246 1329 1368 1442 1453 1517 1519 1598 1727 1825
[121] 1812

[[88]]
  [1]  10  28  33  22  19  21  30  42  30  29  38  26  44  44  45  57  52  47
 [19]  62  61  48  45  55  52  50  38  42  45  60  64  80  84  81  76  65  68
 [37]  67  74  66  84  78  69  85  76  78  90  84 125 126 110 100 100  98 139
 [55] 136 104 139 128 111 120 138 123 116 120 107 102 121 135 131 144 138 132
 [73] 144 150 130 110 142 182 203 217 186 198 232 246 221 237 234 246 249 258
 [91] 265 295 286 339 319 308 352 359 383 416 452 552 525 523 581 633 649 611
[109] 634 704 800 806 808 818 848 911 923 962 921 960 982

[[89]]
  [1]   10   45   30   31   24   33   24   33   40   45   46   50   40   48   42
 [16]   64   58   76   64   66   80   77   83   88  116  107  114  126  147  142
 [31]  131  125  118  141  156  150  155  172  193  176  194  186  204  200  187
 [46]  236  225  282  280  274  279  299  334  346  340  377  396  472  451  477
 [61]  482  552  562  561  620  654  695  779  821  916  902  908  909  949  992
 [76] 1032 1074 1089 1224 1231 1188 1227 1315 1395 1400 1426 1445 1478 1559 1628
 [91] 1691 1725 1827 1906 1947 1986 2097 2161 2216 2323 2407 2483 2535 2634 2734
[106] 2774 2949 3042 3230 3347 3333 3522 3636 3933 4022 4249 4374 4650 4863 5052
[121] 5183

[[90]]
  [1]   10   32   37   22   19   25   32   21   34   36   43   41   46   42   53
 [16]   60   52   60   71   77   63   65   68   65   79   75   82  102  130  117
 [31]  120  123  136  134  130  149  188  163  183  168  180  229  199  194  208
 [46]  228  216  202  211  240  247  244  226  229  294  268  316  335  328  344
 [61]  320  370  391  425  448  462  443  459  437  467  548  519  557  551  567
 [76]  559  650  701  698  718  746  736  748  839  882  882  932  991 1080 1098
 [91] 1157 1112 1184 1300 1312 1336 1393 1464 1465 1482 1572 1674 1680 1738 1853
[106] 1931 1986 2023 2181 2306 2437 2613 2619 2725 2873 3143 3277 3468 3516 3639
[121] 3737

[[91]]
  [1]   10   38   30   23   20   27   22   19   26   25   26   31   38   42   48
 [16]   42   40   39   36   38   37   43   45   48   48   43   44   68   66   69
 [31]   61   63   67   73  117  112  110  119  112  127  140  145  146  160  156
 [46]  148  163  174  172  187  190  208  215  266  246  285  263  259  259  305
 [61]  310  297  304  308  316  334  343  371  427  432  412  405  471  515  515
 [76]  522  511  602  625  612  661  704  701  746  745  818  905  947  943  953
 [91] 1041 1149 1135 1226 1244 1190 1299 1373 1491 1442 1522 1650 1722 1724 1725
[106] 1816 1971 1948 1956 2071 2210 2260 2397 2481 2625 2672 2732 2684 2857 2992
[121] 3221

[[92]]
  [1]   10   47   41   41   35   35   53   40   43   66   57   61   56   64   70
 [16]   65   69   86   75   76   75   99   89   95   97  106   95   98  100  114
 [31]  105  106   84   95  122  108  124  151  147  143  185  173  184  179  189
 [46]  201  213  193  199  218  235  233  227  263  261  284  308  320  289  318
 [61]  367  371  380  363  376  424  417  400  419  422  428  445  441  429  421
 [76]  438  435  457  455  528  517  535  587  625  650  673  720  825  846  843
 [91]  895  966 1031 1073 1106 1141 1177 1310 1285 1337 1398 1476 1564 1620 1582
[106] 1682 1744 1819 1856 1988 2032 2173 2255 2334 2396 2519 2690 2728 2898 2950
[121] 3164

[[93]]
  [1]   10   27   36   39   30   23   24   27   48   35   31   26   31   35   37
 [16]   34   35   47   43   43   60   54   49   56   68   72   59   60   69   66
 [31]   72   93   71   59   73   82   86   85  101  112   88  113  103  121  110
 [46]  115  122  122  142  152  135  158  158  153  162  184  191  195  182  206
 [61]  225  217  235  229  242  266  268  275  335  352  369  376  409  389  395
 [76]  440  528  624  570  598  576  628  627  684  727  749  765  770  836  888
 [91]  897 1007 1041 1049 1076 1110 1286 1268 1210 1249 1286 1368 1449 1512 1593
[106] 1623 1797 1900 1906 1972 2001 2162 2182 2280 2491 2532 2574 2668 2944 3053
[121] 3137

[[94]]
  [1]  10  28  32  22  21  19  28  17  26  22  26  27  23  18  21  13  19  17
 [19]  11  19  14  12  16  15  14  15  23  25  16   9  11  14  17  14  23  23
 [37]  19  16  25  21  19  16  13  27  21  22  24  20  18  24  23  20  24  21
 [55]  31  43  47  36  32  51  55  69  54  50  44  66  82  81  76 110  92  96
 [73]  89  82  99  84  95 104 124 107 143 118 122 123 146 139 138 158 152 169
 [91] 160 156 185 202 187 203 225 237 246 244 240 231 302 325 316 312 350 323
[109] 355 317 318 352 367 351 364 351 404 394 437 449 488

[[95]]
  [1]   10   23   17   34   32   23   24   30   30   35   38   39   47   51   45
 [16]   50   47   43   45   37   39   44   42   48   50   50   42   42   46   51
 [31]   42   33   33   30   50   49   44   56   68   69   63   59   54   70   73
 [46]   75   67   63   61   76   91   69   81   77   85   80  114  119  125  121
 [61]  115  131  157  161  155  183  205  196  177  199  232  241  256  229  269
 [76]  239  270  299  313  308  329  321  318  322  375  387  420  411  434  414
 [91]  406  434  516  507  522  527  524  560  562  587  591  625  658  751  775
[106]  765  773  811  842  914  960  969  960  992 1070 1052 1105 1132 1153 1173
[121] 1255

[[96]]
  [1] 10 26 28 17 16 18 33 21 22 27 27 30 30 45 42 37 28 26 37 29 25 27 23 26 33
 [26] 26 16 15 22 16 10  8 12 10  7  4  3  8  8  7  5  4  4  4  4  2  2  2  0  0
 [51]  0  0  0  0  0  0  0  0  0  0  0  0  0  0  0  0  0  0  0  0  0  0  0  0  0
 [76]  0  0  0  0  0  0  0  0  0  0  0  0  0  0  0  0  0  0  0  0  0  0  0  0  0
[101]  0  0  0  0  0  0  0  0  0  0  0  0  0  0  0  0  0  0  0  0  0

[[97]]
  [1] 10 11  8 13 13  8 10  5 11  6  6  4  4  3  6  5  4  4  3  3  2  2 10 10  4
 [26]  2  1  1  1  1  1  1  1  1  0  0  0  0  0  0  0  0  0  0  0  0  0  0  0  0
 [51]  0  0  0  0  0  0  0  0  0  0  0  0  0  0  0  0  0  0  0  0  0  0  0  0  0
 [76]  0  0  0  0  0  0  0  0  0  0  0  0  0  0  0  0  0  0  0  0  0  0  0  0  0
[101]  0  0  0  0  0  0  0  0  0  0  0  0  0  0  0  0  0  0  0  0  0

[[98]]
  [1]   10   44   35   36   32   28   29   23   32   30   40   31   42   47   40
 [16]   51   45   47   37   41   42   35   31   51   63   68   57   47   42   52
 [31]   54   59   57   66   65   56   61   70   71   64   57   58   87  115  119
 [46]  115  103   96   93  104  153  172  166  162  152  174  176  153  157  152
 [61]  154  159  171  151  158  193  204  208  197  223  217  240  240  249  273
 [76]  258  258  312  283  350  362  357  408  444  455  470  451  440  478  504
 [91]  543  565  552  565  617  667  666  711  764  790  832  878  891  968 1040
[106]  992 1025 1061 1113 1179 1217 1203 1217 1281 1399 1467 1490 1530 1629 1584
[121] 1660

[[99]]
  [1]  10  28  17  14  13  18  15  14  20  28  25  30  28  23  39  35  35  35
 [19]  32  26  26  34  31  29  26  28  34  40  39  48  38  30  27  36  35  37
 [37]  38  28  36  54  58  58  41  39  36  53  43  37  42  53  45  56  53  48
 [55]  41  49  58  53  59  72  65  61  79  80  93  75  99 103 101  88 104 130
 [73] 131 138 137 144 177 200 191 190 198 217 250 241 224 235 231 243 268 293
 [91] 293 302 317 364 375 398 389 386 432 431 470 458 467 487 485 532 529 601
[109] 599 622 624 629 633 663 670 754 757 730 692 762 763

[[100]]
  [1]   10   21   17   20   13   16   27   25   28   20   18   16   10   14   25
 [16]   17   23   24   22   21   23   37   38   46   33   33   41   32   38   33
 [31]   39   49   45   52   57   58   69   62   67   71   76   70   88   99   98
 [46]  110  109  104  123  135  174  175  176  169  178  199  194  193  211  224
 [61]  249  238  251  310  300  297  281  312  334  373  382  371  420  391  429
 [76]  438  468  456  547  534  586  589  624  688  717  711  788  802  849  875
 [91]  882  914  977  993 1050 1047 1145 1110 1179 1231 1214 1254 1346 1425 1563
[106] 1644 1660 1755 1871 2017 1996 2179 2279 2361 2406 2479 2588 2732 2794 2988
[121] 2937

[[101]]
  [1] 10 23 28 15 16 13 19 22 18 20 21 12 19 13 10  7 16  9  7  5  9 10  8 10 12
 [26] 10  8  8 12 16 18 18 21 27 31 21 24 29 23 19 16 23 32 34 30 27 24 22 20 25
 [51] 29 20 20 18 28 19 14 13 11 16 18 12 25 19 19 20 21 20 18 20 29 24 28 27 28
 [76] 32 24 25 33 36 23 32 24 28 23 25 36 48 34 33 31 30 27 27 33 30 19 31 37 39
[101] 35 27 35 47 45 48 48 55 55 66 51 60 48 44 55 56 35 34 27 33 56

[[102]]
  [1]   10   29   23   27   26   21   20   40   28   35   38   27   27   36   44
 [16]   46   39   53   62   54   43   56   75   61   72   64   59   74   80   74
 [31]   92   85   79  111  111   91  109  137  112  135  118  127  147  163  166
 [46]  173  150  162  161  164  229  218  239  213  235  237  286  298  314  345
 [61]  373  400  388  365  394  398  410  437  477  468  482  548  526  539  620
 [76]  632  698  687  738  728  720  757  825  872  937  996  968  970 1014 1060
 [91] 1082 1176 1170 1223 1343 1403 1445 1460 1510 1582 1649 1679 1764 1826 1854
[106] 1914 2018 2124 2270 2363 2508 2517 2594 2645 2789 2961 2988 3134 3230 3268
[121] 3607

[[103]]
  [1]   10   34   32   27   21   25   21   37   42   36   31   36   42   42   46
 [16]   60   35   55   57   63   57   66   67   48   51   41   52   35   40   56
 [31]   70   57   61   48   62   65   63   63   51   40   39   37   74   56   62
 [46]   62   74   91   81  130  124  137  141  145  143  148  139  146  139  165
 [61]  174  192  201  183  164  156  186  177  203  224  263  274  292  285  288
 [76]  271  332  360  366  374  402  415  424  418  426  481  463  460  513  612
 [91]  620  620  639  655  720  704  693  716  799  865  898  895  952  983 1059
[106] 1035 1117 1179 1242 1341 1384 1376 1485 1556 1640 1778 1829 1933 2039 2040
[121] 2131

[[104]]
  [1]   10   23   20   21   19   20   16   23   26   27   33   32   31   43   58
 [16]   48   35   34   35   38   37   52   61   45   42   37   51   63   78   64
 [31]   63   63   65   68   62   78   72   74   81   91   94  109  150  124  117
 [46]  139  156  149  151  136  129  162  182  171  170  181  207  192  164  174
 [61]  200  195  235  259  236  208  240  191  185  212  225  209  195  214  222
 [76]  220  220  223  234  286  308  300  302  316  341  403  434  429  450  465
 [91]  464  468  455  446  519  518  510  536  599  628  646  629  660  643  679
[106]  757  720  738  813  839  854  903  898  970 1015 1009 1086 1138 1093 1151
[121] 1248

[[105]]
  [1]   10   15   17   16   16   11   11   20   34   27   31   29   31   22   18
 [16]   16   17   24   27   19   18   25   31   28   26   22   29   27   25   33
 [31]   33   33   34   36   34   29   38   41   50   51   42   26   25   23   20
 [46]   25   25   25   22   30   32   38   36   41   49   35   37   50   45   36
 [61]   51   42   57   67   77  102   87   96  105   90   94  102  108   89   88
 [76]   97  116  100  111  117  138  140  193  212  211  236  232  259  293  292
 [91]  327  346  356  336  353  394  408  471  464  442  464  470  508  547  592
[106]  636  704  636  658  739  747  789  845  837  881  905 1027  961 1052 1002
[121] 1107

[[106]]
  [1]   10   38   38   38   31   43   49   55   56   72   60   68   82   81   78
 [16]   74   77   72   88   96  108  110  105  116  139  167  175  155  148  159
 [31]  156  156  199  201  221  219  220  212  246  295  324  313  313  314  301
 [46]  356  370  415  445  437  445  473  549  586  579  619  665  697  672  719
 [61]  749  815  795  810  886  876  962 1020 1071 1139 1154 1245 1307 1302 1385
 [76] 1478 1565 1523 1568 1674 1783 1959 1910 2058 2127 2201 2337 2470 2479 2612
 [91] 2664 2762 2904 3020 3160 3288 3499 3385 3586 3789 4002 4133 4179 4367 4447
[106] 4545 4760 4896 5077 5171 5495 5783 5866 6085 6372 6702 7115 7549 7652 7953
[121] 8168

[[107]]
  [1]  10  13  12  14   9   9  12  20  23  19  24  18  18  21  19  20  14  18
 [19]  18  13  13   9   8   9  16  14  11  16  14  23  18  20  26  19  32  32
 [37]  34  31  37  43  33  38  31  28  35  39  31  38  39  32  32  46  50  39
 [55]  35  39  55  53  60  62  73  80  94 101 117 114 139 150 137 124 140 156
 [73] 155 148 137 153 158 179 170 172 187 217 186 194 205 253 276 288 269 257
 [91] 267 258 266 261 276 295 354 360 379 362 389 381 412 431 422 387 403 441
[109] 455 504 517 518 629 631 638 703 700 728 703 770 750

[[108]]
  [1]   10   52   42   37   34   28   43   68   57   57   51   64   78   61   54
 [16]   68   55   51   64   85   83   86   91   88   81   91  103  173  152  134
 [31]  129  119  113  147  138  154  177  186  179  214  222  241  235  267  310
 [46]  322  288  301  312  315  329  335  313  338  328  353  331  359  385  465
 [61]  444  452  467  447  481  555  557  552  566  547  571  573  612  599  646
 [76]  680  756  747  799  828  850  967 1003 1028 1052 1050 1157 1136 1238 1362
 [91] 1412 1345 1299 1430 1447 1503 1628 1638 1695 1757 1826 1855 2045 2143 2294
[106] 2332 2408 2512 2499 2663 2724 2874 2981 3179 3206 3334 3426 3506 3776 3865
[121] 4107

[[109]]
  [1]   10   33   26   24   24   23   21   24   28   25   20   15   21   22   24
 [16]   25   31   18   30   22   37   31   41   38   55   42   54   52   59   68
 [31]   65   77   80   81   70   70   67   74   98   80   85   86   80   71  103
 [46]  105  117  141  141  129  135  154  158  150  175  200  179  166  211  203
 [61]  202  201  217  211  223  230  231  226  208  213  236  272  258  243  269
 [76]  294  269  263  233  237  260  285  274  278  287  274  297  318  312  310
 [91]  332  385  391  399  432  432  446  432  458  432  462  534  511  533  498
[106]  554  575  606  598  616  651  692  749  824  901  879  928  926  987 1021
[121] 1062

[[110]]
  [1]   10   27   28   31   19   21   25   21   29   25   30   47   34   37   35
 [16]   35   32   44   54   45   46   46   71   77   95   86   95  104  120  106
 [31]   94  109  107  123  117  112  131  116  146  149  130  153  160  198  181
 [46]  183  177  199  171  173  206  217  218  194  179  213  251  265  221  248
 [61]  266  255  249  300  281  264  337  335  346  361  371  423  438  454  454
 [76]  508  521  596  602  575  545  561  594  648  679  662  725  712  734  794
 [91]  793  834  858  962  927  956 1036 1139 1149 1320 1275 1382 1459 1493 1554
[106] 1623 1636 1765 1812 1894 1963 1987 2100 2207 2322 2361 2343 2445 2480 2589
[121] 2727

[[111]]
  [1]  10  34  30  47  35  26  31  26  34  35  26  30  22  19  19  29  28  24
 [19]  23  32  23  24  16  15  22  19  31  25  34  34  22  21  16  25  32  27
 [37]  26  37  46  40  38  28  25  37  49  47  39  45  41  46  52  40  40  39
 [55]  59  66  60  70  69  74  91  89  83  82 104 114 130 134 139 131 103 134
 [73] 125 139 147 179 168 171 150 156 154 180 176 184 191 179 224 232 232 204
 [91] 216 281 260 322 343 343 356 377 417 461 430 423 441 468 494 479 559 500
[109] 544 575 586 666 695 708 733 734 763 818 800 835 919

[[112]]
  [1]  10  37  46  33  24  19  33  26  31  48  56  34  28  27  40  30  45  52
 [19]  49  49  42  38  32  42  55  44  46  29  29  34  33  30  21  27  29  24
 [37]  26  23  21  28  29  29  23  34  31  47  39  41  46  46  44  48  43  60
 [55]  65  60  77  68  64  71  79  84  79  63  75  52  70  57  56  60  68  52
 [73]  48  45  41  52  71  73  51  64  51  67  68  67  57  53  52  62  75  76
 [91]  79  80  62  65  82  70  65  76  71  73  76  82 104  90  98  89 121 112
[109] 142 162 168 142 155 148 160 156 146 160 151 198 186

[[113]]
  [1]   10   16   20   24   31   26   29   32   43   42   38   37   39   43   60
 [16]   57   43   36   42   58   71   85   69   60   75   83   88   88   87   93
 [31]   84   75   95  127  114  110  122  150  155  174  187  195  219  236  215
 [46]  228  223  243  244  281  248  280  294  299  313  296  288  322  335  344
 [61]  367  343  334  376  390  386  426  419  397  434  434  443  435  442  439
 [76]  458  499  508  545  556  570  561  628  636  675  708  707  741  799  846
 [91]  872  930  948  981 1077 1024 1065 1134 1175 1290 1280 1293 1319 1403 1455
[106] 1580 1625 1708 1728 1826 1903 1978 2110 2229 2163 2330 2359 2480 2575 2584
[121] 2642

[[114]]
  [1]   10   24   26   32   32   28   29   29   40   52   47   43   39   45   52
 [16]   65   51   57   78   81   73   71   88   90  115  112  102  114  117  127
 [31]  124  123  146  141  137  165  182  155  186  215  193  229  218  220  214
 [46]  245  252  255  282  314  303  304  296  359  360  397  433  428  428  434
 [61]  460  443  395  483  505  498  514  510  541  585  562  591  608  648  696
 [76]  696  730  768  851  851  857  982 1005 1066 1063 1151 1252 1394 1443 1469
 [91] 1600 1619 1655 1786 1756 1764 1884 1915 1968 2134 2259 2207 2382 2500 2584
[106] 2640 2778 2911 2999 3164 3355 3356 3540 3660 3743 3841 4022 4347 4368 4456
[121] 4566

[[115]]
  [1]  10  15  22  23  14  14  14  24  22  18  29  26  35  25  31  42  48  37
 [19]  42  44  34  27  35  40  49  37  36  41  39  48  45  41  39  44  55  43
 [37]  53  61  56  47  58  42  38  47  56  49  51  53  70  94  85  91  96 123
 [55] 134 140 142 132 153 171 180 163 182 181 152 161 184 173 165 177 163 152
 [73] 178 200 186 211 206 208 188 168 195 232 270 255 289 267 259 290 305 298
 [91] 318 312 380 394 394 366 392 420 479 576 535 522 549 593 643 629 694 715
[109] 666 702 730 824 783 747 780 860 893 989 960 983 969

[[116]]
  [1]  10  31  28  18  12  11  14  34  28  18  22  21  33  24  19  34  27  33
 [19]  44  38  27  27  34  39  38  37  37  29  37  44  55  53  60  55  46  48
 [37]  46  38  35  61  55  61  46  54  47  48  58  52  44  51  65  61  56  46
 [55]  41  44  52  60  50  66  73  94 114 111  91  97  97  93  91 105 114 117
 [73] 108  95 108 130 133 173 170 186 184 182 187 173 206 172 205 229 229 240
 [91] 248 281 273 265 258 273 291 289 326 339 348 376 355 408 428 437 455 464
[109] 486 516 541 549 612 607 585 618 695 689 691 705 798

[[117]]
  [1]   10   44   23   17   11   13   11   19   18   15   11   12   21   30   26
 [16]   34   25   34   47   42   32   34   33   46   44   61   57   59   59   71
 [31]   57   63   61   75   69   66   64   78   92   91   87  103   94  102  120
 [46]  125  122  113  113  146  146  128  149  147  130  137  139  159  163  163
 [61]  149  150  153  161  207  228  204  212  209  254  272  270  254  277  317
 [76]  309  365  355  344  352  377  372  362  397  401  442  456  443  463  489
 [91]  447  506  558  557  561  559  673  703  661  694  686  741  758  801  844
[106]  863  981 1037 1103 1119 1142 1251 1329 1340 1398 1496 1551 1634 1666 1755
[121] 1844

[[118]]
  [1]   10   31   20   22   16   17   23   16   16   12   13   15   18   21   26
 [16]   27   35   38   40   31   52   63   52   50   56   51   46   59   61   41
 [31]   40   50   51   46   63   72   56   43   58   62   77   74   78   73   60
 [46]   60   56   46   48   49   66   75   78   79  101  111  110  106  107   98
 [61]  128  136  130  139  164  170  171  168  186  171  201  210  228  230  240
 [76]  260  259  298  318  359  342  370  390  456  443  473  474  510  514  527
 [91]  557  544  567  616  677  724  693  722  713  778  855  890  948  953  999
[106] 1013 1069 1148 1174 1175 1249 1292 1390 1309 1369 1468 1519 1589 1660 1711
[121] 1830

[[119]]
  [1]   10   36   41   33   23   26   25   29   48   44   47   47   45   42   43
 [16]   37   34   31   36   33   39   31   32   34   34   36   33   36   45   50
 [31]   44   52   51   40   46   51   63   61   60   69   72   74   94   97  110
 [46]  106  111  134   98  115  109  142  136  137  131  131  150  171  157  147
 [61]  167  170  194  194  223  207  218  255  283  268  253  300  319  315  312
 [76]  353  334  360  406  435  435  448  465  502  500  535  544  589  617  647
 [91]  646  704  700  728  776  779  819  840  839  896  918  923  944 1036 1078
[106] 1162 1225 1206 1244 1365 1384 1448 1423 1523 1522 1535 1604 1599 1702 1708
[121] 1796

[[120]]
  [1] 10 42 25 16 13 13 16 11 17 13 13 18 21 26 25 20 19 24 28 21 14 26 14 20 14
 [26] 27 27 23 27 25 21 21 30 21 15 13 10 15  9  6  5 19 15  9  8  6 16 16 10  9
 [51] 17 17 13 14 11 15 24 22 23 18 21 24 36 31 23 22 41 32 23 19 22 32 19 32 54
 [76] 58 60 53 43 52 55 48 68 72 72 76 60 59 52 47 53 63 68 61 64 69 66 66 82 85
[101] 91 78 81 76 60 57 49 56 69 68 53 42 40 53 59 62 55 40 38 44 47

[[121]]
  [1]   10   26   22   30   31   44   34   33   32   41   45   50   56   76   72
 [16]   62   76   78   91   75   68   77   91  111  116  114  149  145  142  161
 [31]  186  167  168  191  210  217  198  175  203  217  247  242  224  231  259
 [46]  291  318  314  306  321  321  344  418  416  417  435  431  433  444  461
 [61]  441  475  535  557  555  594  596  644  680  698  770  802  814  884  894
 [76]  939  910  969 1078 1155 1188 1267 1300 1387 1375 1375 1473 1505 1556 1664
 [91] 1713 1725 1836 1915 2002 2080 2257 2312 2291 2377 2495 2755 2763 2849 2867
[106] 2935 3071 3252 3298 3446 3539 3686 3830 3998 4140 4398 4424 4692 4837 4981
[121] 5209

[[122]]
  [1]   10   38   25   19   16   33   35   49   27   21   26   25   37   32   40
 [16]   49   52   48   61   65   72   68   73   72   57   57   56   55   56   58
 [31]   55   54   69   60   52   43   54   54   57   49   52   68   78   73   87
 [46]   84   99  121   94   86  100   91  101   97  108  104   94  107  112  111
 [61]  103   94  102  107  129  135  124  140  144  144  126  130  149  171  188
 [76]  186  189  205  220  222  219  277  270  334  309  307  290  332  367  358
 [91]  376  393  460  461  458  485  472  491  501  515  536  531  595  607  565
[106]  659  682  663  772  735  747  776  797  818  873  939  931 1008  986  994
[121] 1080

[[123]]
  [1]   10   60   53   40   28   30   40   39   39   44   50   58   59   68   69
 [16]   63   52   78   65   55   67   76   88  101  116  119  104   97  114  119
 [31]  124  107  130  132  165  173  148  177  175  190  176  201  201  216  202
 [46]  197  184  199  228  226  246  258  235  252  256  305  326  341  337  355
 [61]  371  359  399  442  463  466  502  486  503  541  589  603  602  615  643
 [76]  679  709  700  738  798  834  829  859  873  905  952  974 1060 1097 1144
 [91] 1162 1210 1226 1274 1223 1308 1366 1568 1629 1668 1740 1723 1697 1833 1939
[106] 2076 2219 2417 2501 2531 2559 2768 2987 3027 3092 3215 3206 3504 3644 3785
[121] 3981

[[124]]
  [1]   10   27   23   18   22   23   24   18   13   15   17   21   26   17   26
 [16]   34   32   39   45   48   44   52   66   65   60   70   79   77   77  110
 [31]  133  129  119  110  115  141  154  145  146  172  181  189  190  186  195
 [46]  228  248  285  285  249  274  261  300  346  375  368  405  368  390  436
 [61]  462  449  472  485  504  535  528  515  545  572  607  577  677  638  628
 [76]  678  732  787  792  832  832  821  845  911  933  981  963  989  948 1000
 [91] 1047 1084 1128 1128 1167 1239 1314 1453 1401 1487 1485 1532 1595 1641 1730
[106] 1884 1936 1909 2009 2089 2181 2194 2264 2428 2425 2544 2600 2648 2673 2782
[121] 2925

[[125]]
  [1]   10   26   16    9    8   12   19   19   14   14   13   19   21   24   26
 [16]   31   30   49   56   59   51   53   63   57   56   49   52   70   61   65
 [31]   63   78   80   91   87   81   81   97  112  130  108  106  106  105  111
 [46]   91  122  121  124  129  136  159  161  137  130  129  130  165  175  183
 [61]  194  213  223  244  260  270  290  304  314  365  334  309  363  368  402
 [76]  456  457  462  433  456  515  490  515  499  531  539  578  594  665  727
 [91]  707  723  735  766  791  817  869  962  901  928  948  992 1104 1173 1208
[106] 1198 1294 1401 1436 1478 1492 1603 1749 1764 1815 1851 1821 1880 2000 2093
[121] 2227

[[126]]
  [1] 10 22 23 20 15 10 12 17 15 15 12 12 19 14 10  9  8  7  4  9  7  5  4  7 10
 [26]  6 14 15 10  8  7  6 10  4  7 12  8  6  7  8  5  5  5 13  7 15 18 10 10 13
 [51] 11 16 18 13 15 20 13 11 17 27 26 23 25 20 17 21 21 24 31 31 28 31 31 29 27
 [76] 32 41 29 24 36 31 38 26 41 46 42 38 40 56 47 44 54 63 64 56 46 47 76 73 74
[101] 66 65 72 69 68 65 48 52 54 69 81 69 65 46 57 69 81 76 75 71 75

[[127]]
  [1]  10  32  23  21  17  24  18  14  16  23  23  18  27  32  34  22  17  30
 [19]  21  18  22  16  25  26  33  35  40  43  49  42  44  46  34  43  37  49
 [37]  49  52  50  65  63  67  65  52  71  70  72  55  75  75  78  89  96 101
 [55]  86  92  98  86  83  88 113 121 124  98 108 118 118 118 119 143 130 162
 [73] 178 156 164 174 177 178 175 215 214 208 244 245 254 246 289 262 286 304
 [91] 316 302 329 342 384 361 370 413 413 485 523 545 565 584 614 578 647 675
[109] 627 652 705 715 724 768 792 812 901 868 832 861 872

[[128]]
  [1]   10   38   37   23   22   23   30   44   35   22   20   22   26   33   42
 [16]   34   29   34   30   41   39   55   52   41   34   47   36   35   33   35
 [31]   48   55   52   53   55   70   50   57   50   43   41   32   37   25   25
 [46]   34   27   37   39   52   62   51   41   49   61   74   81   77   83   82
 [61]   88   71   86   99  124  144  146  126  108  111  127  147  152  166  159
 [76]  188  204  193  197  216  211  213  206  251  250  280  286  264  284  298
 [91]  320  331  329  360  369  429  455  461  430  440  475  458  452  531  593
[106]  646  613  628  673  645  632  669  687  734  798  820  887  967  984 1039
[121] 1083

[[129]]
  [1]   10   27   29   22   14   13   13   26   23   31   33   34   39   43   33
 [16]   54   37   32   38   44   29   53   57   60   60   64   52   51   66   69
 [31]   65   57   61   72   86   87   97   84  100  114  123  112  106  117  127
 [46]  126  155  164  145  180  153  147  162  140  163  177  217  213  228  253
 [61]  274  292  317  307  309  318  345  352  332  333  376  347  391  381  391
 [76]  411  427  425  470  512  512  530  523  633  661  729  654  695  731  796
 [91]  886  799  897  828  886  919  970 1054 1133 1150 1187 1191 1344 1382 1427
[106] 1404 1418 1551 1597 1724 1711 1724 1760 1866 1949 1913 2016 2064 2206 2272
[121] 2380

[[130]]
  [1]   10   26   19   25   18   16   15   12   26   16   21   17   19   22   23
 [16]   24   26   36   35   32   37   39   53   48   41   36   44   32   38   62
 [31]   71   48   50   51   71   71   70   64   62   73   76   64   58   65   86
 [46]  110   95   86   86  120   97   97  106   93   97   96   93  108  115  136
 [61]  131  135  144  169  174  171  165  136  191  206  178  198  218  240  235
 [76]  250  289  306  307  303  298  330  353  323  365  396  443  455  454  483
 [91]  482  536  592  535  540  564  615  602  643  685  721  747  781  766  775
[106]  829  877  935  946 1032 1028 1114 1170 1204 1214 1246 1349 1408 1478 1548
[121] 1579

[[131]]
  [1]   10   41   37   34   33   35   44   59   62   64   67   68   45   50   60
 [16]   62   72   68   87   79   96  104  113  105   87   83   77   93   86   84
 [31]   85   86  104  154  140  143  121  132  147  159  171  147  156  146  148
 [46]  158  175  163  171  148  159  156  160  166  171  181  187  153  156  152
 [61]  167  192  182  187  190  196  199  193  195  177  189  185  200  200  191
 [76]  213  202  226  260  311  296  286  275  298  293  316  349  315  354  333
 [91]  344  323  332  382  382  380  411  444  446  482  528  479  493  526  526
[106]  521  536  580  602  613  596  636  706  719  719  770  856  881  937  956
[121] 1033

[[132]]
  [1]   10   28   30   35   39   37   33   34   38   49   56   50   36   35   48
 [16]   48   35   36   36   46   64   44   57   56   52   91   98   92   94  104
 [31]   96   87   80   90   91   82   88  113  127  114  111  113  105  134  166
 [46]  165  157  148  162  168  161  189  183  183  206  177  188  175  195  231
 [61]  196  235  239  226  226  228  240  261  264  249  249  252  304  351  394
 [76]  405  392  372  382  424  429  449  481  522  539  632  629  666  659  680
 [91]  688  696  750  737  728  804  838  853  854  893  929  947 1052 1062 1099
[106] 1111 1192 1236 1289 1391 1371 1471 1499 1596 1662 1749 1829 1823 1945 1965
[121] 2060

[[133]]
  [1] 10 23 19 12 10  7 10  6  9  6 13 14 14 14 10 11 14 15 12 20 18 22 21 15 13
 [26] 12 17 13 13 17 21 16 12 20 24 20 22 27 19 16 15 24 23 27 27 24 21 15 13 11
 [51] 19 16 10 10 10  6  5  5  4  7 27 22 18 15 22 18 22 15 12  9 15 12 19 28 23
 [76] 19 17 15 21 22 24 21 19 23 17 15 13 13 15 11 17 14 16 15 14 12 12  8  9 12
[101]  7  6 11 15  6  9 18 11  9  8 10  9 14 10  9  9 16 12  9  5  8

[[134]]
  [1]  10  33  26  25  19  23  30  28  23  20  25  28  27  22  31  35  31  40
 [19]  36  34  53  45  50  64  52  57  67  59  52  59  54  61  53  75  73  80
 [37]  65  64  52  77  81  90  81  92  98 119 120 102 101 102 112 120 132 103
 [55] 119 110 106 116 134 162 151 130 131 141 131 164 157 168 182 191 186 186
 [73] 214 220 241 243 232 229 209 250 240 270 235 244 266 296 271 282 310 340
 [91] 363 351 366 416 435 452 445 470 515 504 538 563 546 563 573 601 633 644
[109] 631 690 676 716 729 702 710 740 838 789 852 853 978

[[135]]
  [1]   10   29   34   25   19   17   19   19   41   31   33   35   44   30   34
 [16]   33   36   32   46   46   36   35   36   43   57   55   58   68   55   94
 [31]  110  101   98   94  105   95  101  110  128  137  144  152  156  158  161
 [46]  187  193  190  166  162  196  253  234  251  253  251  249  280  292  338
 [61]  343  345  337  370  371  405  394  453  437  442  497  533  526  533  546
 [76]  574  594  625  662  669  742  769  783  803  853  942  963  995 1074 1092
 [91] 1106 1110 1189 1253 1397 1399 1380 1387 1422 1531 1643 1681 1782 1907 1937
[106] 1985 2063 2026 2329 2468 2588 2632 2677 2866 2990 3153 3293 3350 3469 3501
[121] 3613

[[136]]
  [1]   10   31   22   20   17   12    9   15   14   22   17   18   18   17   19
 [16]   15   14   19   31   35   31   25   38   41   43   37   34   38   46   38
 [31]   51   65   79   66   64   52   51   69   70   67   67   77   72   77   87
 [46]   77   71   69   87  125  125  106  113  140  135  142  151  137  136  146
 [61]  168  178  160  159  156  183  198  230  246  242  262  294  318  298  325
 [76]  335  333  350  348  355  400  414  392  397  407  484  487  464  461  554
 [91]  564  565  611  626  684  682  728  801  797  858  916  873  955  999 1139
[106] 1181 1220 1265 1277 1372 1380 1453 1551 1535 1545 1592 1774 1839 1911 1929
[121] 2052

[[137]]
  [1]   10   19   22   19   22   15    9    9   15   11    6    6    8   13   11
 [16]   10   10    8    7   14   27   21   16   16   13   11   31   22   20   19
 [31]   29   37   32   38   32   46   56   60   52   63   57   63   52   49   61
 [46]   70   62   73   66   84   70   83   88   82   71   87   89   92  104   98
 [61]   88  106  102  104   95  119  153  143  136  130  106  153  176  145  147
 [76]  161  169  182  201  202  215  217  207  232  266  274  281  256  254  295
 [91]  341  342  342  356  363  367  412  408  437  434  470  445  494  502  497
[106]  519  567  604  628  625  632  683  698  716  781  862  811  821  945 1059
[121] 1042

[[138]]
  [1]  10   6  19  17  11   8  18  12  13  10  15  16  17   8   8  12   8   6
 [19]   6   7   7   7   6   8   5   6  13   7   6   5   5   5   5   3   3   7
 [37]   4  13  11  10   9   7  12  15  12  10   9  12  19  17  12  14  16  13
 [55]  15  12  11   5   8   8   6   5   5  10  13  15  16  10   8  15  17  24
 [73]  14  13  20  14  22  24  22  22  32  23  21  24  28  35  48  43  36  35
 [91]  34  41  47  56  53  51  61  83  77  61  82  81  80  82  87  89  84  84
[109]  72 101 115 107 110 126 124 123 134 152 170 178 178

[[139]]
  [1]  10  15  23  15  12  11  11  14  20  27  34  27  22  29  32  23  20  26
 [19]  24  16  17  14  13  23  21  15  12  12  13  20  12  17  21  21  23  28
 [37]  28  26  24  24  26  41  33  30  25  28  20  26  42  46  50  58  55  63
 [55]  56  53  66  65  53  66  59  59  72  76  89  80  69  56  71  89  70  75
 [73]  63  80  89  74  76  93  82  99  92 104 102 102 113 115 160 145 136 130
 [91] 138 147 153 154 156 183 219 217 249 219 242 262 289 258 261 282 286 267
[109] 279 273 278 295 327 314 348 381 389 430 496 512 544

[[140]]
  [1]   10   50   43   33   23   21   18   25   29   28   22   23   28   37   32
 [16]   26   24   29   32   39   38   37   31   36   39   45   56   65   68   58
 [31]   91   84   78   66   79   80   83   88  110  104  112  137  113  108  145
 [46]  135  145  140  138  143  155  186  184  181  221  225  220  244  257  272
 [61]  237  236  236  234  272  293  340  325  355  343  357  385  416  460  428
 [76]  450  483  438  538  534  590  637  607  662  662  685  681  792  798  780
 [91]  838  844  864  909  920  951  995 1035 1133 1199 1230 1281 1329 1393 1468
[106] 1615 1658 1685 1706 1791 1903 1989 2092 2190 2235 2281 2426 2548 2728 2668
[121] 2807

[[141]]
  [1]   10   22   17   17   21   19   22   40   35   32   29   31   39   40   46
 [16]   51   48   44   38   33   37   50   48   45   48   66   75   82   80   83
 [31]   63   69   70   80   90   85   97   85   97  101  131  132  138  134  127
 [46]  151  164  172  186  173  145  161  174  179  212  204  182  178  187  190
 [61]  243  258  253  269  256  260  260  288  301  301  340  339  352  392  397
 [76]  392  409  453  473  503  500  498  516  562  560  595  650  723  823  799
 [91]  789  795  833  862  908  956  910  890  948  982 1063 1085 1092 1110 1154
[106] 1236 1339 1344 1483 1440 1508 1598 1610 1820 1927 1971 1959 1986 2102 2242
[121] 2253

[[142]]
  [1]   10   46   44   31   26   25   34   37   35   23   29   32   48   44   35
 [16]   43   43   51   43   41   38   34   45   50   58   53   53   70   74   85
 [31]  103   93   85   79   83   75   68   86   95   77   71   84  112   99  100
 [46]  106  105  101  108  105   97  107   87  116  143  145  129  134  125  122
 [61]  111  121  132  158  152  145  133  181  199  211  193  177  206  206  235
 [76]  208  192  215  225  230  280  307  272  296  306  324  339  349  383  388
 [91]  406  418  391  429  440  504  510  549  601  583  626  662  678  675  788
[106]  830  830  882  921  945  973 1068 1186 1097 1163 1193 1310 1322 1368 1359
[121] 1542

[[143]]
  [1]  10  26  45  33  19  16  28  41  40  50  44  39  32  45  66  66  53  53
 [19]  69  62  50  47  43  46  67  76  55  52  45  44  39  32  41  38  32  24
 [37]  37  31  27  28  23  32  37  37  39  37  34  38  47  41  42  48  44  37
 [55]  54  73  80  68  89  64  75  93  81  86  71 100 112 115 109  89 102 107
 [73] 113 139 141 140 122 123 137 135 150 192 186 191 232 211 243 224 217 201
 [91] 227 259 253 249 250 243 282 296 291 318 355 358 365 371 381 428 490 498
[109] 470 490 525 519 561 594 622 611 606 640 674 729 815

[[144]]
  [1]   10   28   21   11   11   14   12   14   10    9   18   21   21   17   23
 [16]   17   22   20   15   17   20   17   29   33   30   24   29   36   44   32
 [31]   36   37   49   47   54   34   33   41   37   43   48   53   65   83   98
 [46]   80   89   93   92  104  133  152  138  166  158  158  170  153  166  185
 [61]  189  171  167  191  209  184  194  181  177  207  224  210  221  249  264
 [76]  280  305  298  303  323  345  355  437  449  457  432  447  448  489  486
 [91]  502  549  536  546  569  627  684  670  632  677  709  699  773  799  846
[106]  870  955  933  964  976  999 1005 1048 1092 1179 1185 1223 1249 1389 1365
[121] 1448

[[145]]
  [1]   10   31   21   16   18   23   29   33   31   33   31   25   40   37   36
 [16]   44   37   49   54   48   67   71   77   66   68   62   85   81   93   87
 [31]   97   74   84  102  107  128  139  143  137  152  173  164  207  170  183
 [46]  185  201  195  210  228  225  214  254  302  305  339  355  346  371  368
 [61]  336  373  384  358  360  367  383  389  366  424  454  464  478  466  470
 [76]  482  503  516  471  551  576  558  596  633  628  645  664  640  672  653
 [91]  704  761  857  906  894  982  980 1045 1052 1120 1105 1123 1174 1251 1265
[106] 1356 1512 1552 1656 1706 1732 1860 1825 1955 1985 2096 2225 2406 2393 2607
[121] 2768

[[146]]
  [1]   10   40   34   32   32   33   36   47   46   38   36   39   47   34   43
 [16]   39   45   47   42   43   37   30   35   32   30   37   47   50   48   40
 [31]   43   52   61   59   62   54   64   84   64   63   89   78   89   89  101
 [46]   89  104  105  130  123  146  155  177  170  172  181  194  202  200  223
 [61]  249  242  254  244  240  228  266  258  272  302  312  335  361  361  385
 [76]  339  376  410  433  416  450  491  500  508  554  563  583  629  680  681
 [91]  687  708  783  803  888  890  970  969 1029 1007 1039 1121 1199 1200 1196
[106] 1249 1280 1340 1334 1441 1433 1408 1528 1574 1726 1796 1871 1968 2082 2081
[121] 2233

[[147]]
  [1]   10   45   37   36   36   30   39   32   40   31   46   50   47   42   34
 [16]   54   36   40   56   71   78   68   57   67   70   81  106  124  101   81
 [31]  110  116  129  106  104   99  117  121  140  156  177  162  140  161  177
 [46]  187  216  232  212  195  196  173  221  243  246  241  271  305  292  319
 [61]  339  371  354  398  383  416  434  407  436  458  427  467  477  479  464
 [76]  527  590  637  607  684  665  688  696  761  852  884  940 1020 1024 1120
 [91] 1076 1087 1117 1234 1292 1266 1356 1433 1499 1514 1636 1733 1777 1837 1954
[106] 2087 2082 2174 2301 2427 2522 2623 2862 2836 2844 3045 3131 3361 3644 3673
[121] 3810

[[148]]
  [1]   10   32   29   31   30   21   22   19   25   25   25   19   27   25   19
 [16]   28   26   28   26   32   59   46   38   32   36   44   59   69   71   75
 [31]   58   68   74   68   67   61   80   88   89   70   88   77   98  117  110
 [46]   89   89   93   81   92   91   89   91   80  104  108  111  103  108  112
 [61]  108  128  128  152  142  149  158  158  175  200  209  198  201  216  234
 [76]  222  244  261  295  260  277  277  311  354  375  351  354  378  412  460
 [91]  466  477  465  441  461  489  548  558  588  642  685  685  656  758  751
[106]  756  812  862  963 1052 1014 1083 1143 1212 1289 1380 1410 1468 1534 1631
[121] 1746

[[149]]
  [1]   10   28   18   19   19   18   14   20   14   22   15   19   19   28   33
 [16]   44   50   42   60   52   45   61   80   90   85   67   71   56   99  127
 [31]  118  124  104  103  129  120  131  117  146  173  158  158  198  209  190
 [46]  216  235  252  269  257  290  282  304  297  335  365  387  418  411  431
 [61]  444  458  508  496  501  502  521  566  533  592  661  647  634  671  706
 [76]  739  825  827  870  873  857  863  917  980 1044 1089 1076 1135 1071 1230
 [91] 1281 1435 1460 1500 1533 1624 1811 1836 1894 1898 1931 2099 2215 2302 2326
[106] 2335 2515 2712 2797 2995 3079 3100 3191 3365 3490 3485 3678 3883 4008 4176
[121] 4347

[[150]]
  [1]   10   29   26   18   16   27   30   36   29   39   29   38   51   46   36
 [16]   34   27   35   47   38   58   79   67   60   62   68   55   47   54   55
 [31]   67   64   72   67   69   49   54   76   76   88   88   90   88   93  114
 [46]  120  120  129  171  192  195  212  188  195  194  197  210  212  248  263
 [61]  275  269  295  264  287  277  272  282  302  331  344  353  376  375  378
 [76]  405  401  408  399  461  416  441  472  481  549  563  639  648  690  650
 [91]  672  751  783  795  845  866  885  901  946  987 1000 1087 1158 1199 1242
[106] 1292 1330 1344 1480 1450 1523 1557 1671 1701 1774 1818 1965 2061 2025 2043
[121] 2124

> save(reslist, file=paste("output",iter,".rda",sep=""))
> 
> 
> ###############################################################
> 
> 
> # Clear the workspace and turn off graphics.
> #  Load all the functions you need by sourcing the provided demographic.R file
> #  Read in the job number from the cluster. To do this, your code should include a new
> # variable iter and should start with the line:
> # iter <- as.numeric(Sys.getenv(PBS_ARRAY_INDEX))
> #  Control the random number seeds so that each parallel simulation takes place with a
> # different seed. Your function should therefore set the random number seed as iter so that
> # each parallel simulation has a unique random seed.
> #  In each parallel run, select the initial condition to be used. Ensure that 25 of the parallel
> # simulations are allocated to each of the initial conditions.
> #  Create a variable which is the filename to store your results. The end of the filename
> # should be the number iter to ensure that simulation files do not overwrite one another on
> # the cluster.
> #  Initialise a list which will contain the results of your 150 simulations.
> #  Call the stochastic_simulation function to do the appropriate simulation 150 times,
> # appending the output to the results list, and then save the results list.
> 
> #four initial conditions (25 cluster runs per)
> #each cluster run runs simulation 150 times
> #1) large population of 100 adults
> #2) small population of 10 adults
> #3) 100 individuals spread
> #4) small population of 10 individuals
> 
R has finished running

============================================

        Job resource usage summary 

                 Memory (GB)    NCPUs
 Requested  :         1             1
 Used       :         0 (peak)   0.88 (ave)

============================================
