R is about to run

R version 4.4.1 (2024-06-14) -- "Race for Your Life"
Copyright (C) 2024 The R Foundation for Statistical Computing
Platform: x86_64-conda-linux-gnu

R is free software and comes with ABSOLUTELY NO WARRANTY.
You are welcome to redistribute it under certain conditions.
Type 'license()' or 'licence()' for distribution details.

R is a collaborative project with many contributors.
Type 'contributors()' for more information and
'citation()' on how to cite R or R packages in publications.

Type 'demo()' for some demos, 'help()' for on-line help, or
'help.start()' for an HTML browser interface to help.
Type 'q()' to quit R.

> 
> 
> growth_matrix <- matrix(c(0.1, 0.0, 0.0, 0.0,
+ 0.5, 0.4, 0.0, 0.0,
+ 0.0, 0.4, 0.7, 0.0,
+ 0.0, 0.0, 0.25, 0.4),
+ nrow=4, ncol=4, byrow=T)
> 
> reproduction_matrix <- matrix(c(0.0, 0.0, 0.0, 2.6,
+ 0.0, 0.0, 0.0, 0.0,
+ 0.0, 0.0, 0.0, 0.0,
+ 0.0, 0.0, 0.0, 0.0),
+ nrow=4, ncol=4, byrow=T)
> 
> clutch_distribution <- c(0.06,0.08,0.13,0.15,0.16,0.18,0.15,0.06,0.03)
> 
> #=========================================================================================
> rm(list=ls())
> graphics.off()
> source("Demographic.R")
> source("kl2621_HPC_2024_main.R")
[1] 0 0 0 0 3
[1] 3 3 2 2 2
[1] 2 2
 [1] 7 4 3 3 2 1 1 1 1 1 1 1 1 1 1 1 1 1 1 1 1
> 
> 
> ###4 initial conditions
> 
> ############################################################
> 
> 
> 
> #VVVVVVVVVVVV-------------COMMENT ME OUT WHEN RUNNING THE THING
> #iter <- 5
> #VVVVVVVVVVV--------------UNCOMMENT ME OUT
> iter <- as.numeric(Sys.getenv("PBS_ARRAY_INDEX"))
> set.seed(iter)
> 
> 
> if (iter <= 25) {
+ initial_state <- state_initialise_adult(4,100) #100 adults
+ } else if (iter >25 && iter <= 50) {
+ initial_state <- state_initialise_adult(4,10) #10 adults
+ } else if (iter >50 && iter <= 75) {
+ initial_state <- state_initialise_spread(4,100) #100 spread
+ } else {
+ initial_state <- state_initialise_spread(4,10) #10 spread
+ }
> 
> reslist <- list()
> 
> ####100 cluster runs
> ###################################################
> ####150 runs of stochastic_simulation per cluster run
> for (i in 1:150) {
+     #################################
+     ###120 steps of stochastic_simulation per simulation
+     stochasticresult <- stochastic_simulation(initial_state,growth_matrix,reproduction_matrix,clutch_distribution,120)
+     reslist[[i]] <- stochasticresult
+     #################################
+ }
> ###################################################
> 
> print(reslist)
[[1]]
  [1]   10   35   31   32   31   26   20   19   36   35   40   37   41   39   29
 [16]   23   34   36   30   23   23   30   39   34   23   24   38   41   53   49
 [31]   54   50   55   53   77   77   73   68   72   93   93   89   86  114   99
 [46]   97   96  101   81   94   94   83   82  104  114  132  142  141  130  123
 [61]  112  142  139  149  157  172  181  180  186  187  189  214  187  208  215
 [76]  238  286  259  243  216  225  281  315  297  309  289  354  374  356  353
 [91]  383  390  419  416  430  459  461  467  518  559  553  578  617  664  682
[106]  710  709  719  774  786  836  822  889  958  901  921  908  907 1016 1057
[121] 1056

[[2]]
  [1]   10   17   17   13   15   13   12    8   19   19   19   22   15   10   16
 [16]   24   21   18   23   27   28   34   29   32   51   55   63   52   71   81
 [31]   68   83   78   98  114  105  107  113  105  130  153  166  167  182  179
 [46]  171  176  220  211  200  203  227  256  259  258  321  366  388  402  377
 [61]  422  456  484  472  485  528  562  554  597  623  599  640  646  686  737
 [76]  781  839  847  848  858  914  983 1029 1082 1096 1179 1237 1214 1305 1373
 [91] 1442 1464 1529 1551 1576 1709 1750 1770 1864 1973 2086 2186 2178 2336 2428
[106] 2581 2679 2758 2794 2914 3092 3141 3295 3462 3516 3628 3713 3886 4079 4268
[121] 4365

[[3]]
  [1]   10   27   30   31   22   19   18   29   32   26   28   21   24   22   17
 [16]   17   41   40   37   36   42   52   57   43   44   46   54   70   84   83
 [31]   95  109   94   93   94  112  125   88   95   84   89   91   80  117  126
 [46]  114  136  145  132  167  142  197  188  189  166  165  193  173  169  179
 [61]  184  180  178  193  233  216  245  256  313  288  254  259  254  271  322
 [76]  301  367  372  351  370  368  406  431  424  407  421  474  446  471  509
 [91]  511  545  542  605  598  639  615  617  658  693  729  750  837  867  820
[106]  850  960 1000 1030 1039 1108 1165 1180 1228 1227 1277 1273 1385 1393 1402
[121] 1515

[[4]]
  [1]   10   20   21   17   13   10    9   15   13   14   18   20   15    8    6
 [16]    6   12   17   14   17   26   36   41   45   39   40   59   47   52   55
 [31]   62   57   76   75   59   65   75   75   73   67   58   64   58   51   56
 [46]   76   93   79   75   66   79  109   92   86   78   83   98   70   81  101
 [61]   90  108   97   93   91  105   89  106  154  130  151  144  154  147  165
 [76]  169  168  161  180  194  196  210  227  224  215  228  250  308  328  301
 [91]  331  327  369  334  383  378  384  425  453  473  508  547  572  571  612
[106]  667  699  728  768  862  874  865  885  981  987 1010 1094 1082 1143 1161
[121] 1200

[[5]]
  [1]   10   36   28   21   19   26   33   31   36   42   40   56   48   70   55
 [16]   54   50   52   68   85   81   68   59   75  103  112   76   86   76   81
 [31]   95  105   94  101  109  129  141  129  129  132  135  158  181  195  192
 [46]  198  219  197  193  190  234  290  285  290  261  276  286  279  337  383
 [61]  391  370  432  437  500  442  440  469  506  517  528  544  616  633  664
 [76]  655  678  657  719  798  845  813  869  921  946 1057  997 1050 1075 1191
 [91] 1135 1279 1277 1366 1444 1455 1465 1502 1565 1651 1765 1831 1923 1997 2136
[106] 2092 2252 2339 2453 2475 2572 2663 2806 2924 3054 3070 3196 3374 3470 3486
[121] 3709

[[6]]
  [1]  10  33  24  19  13  13  16  14  10  11  14  11   8   5   6  10   7   5
 [19]   3   3   3   2   1   1   1   7  11   8   7   6  12   8  17  15  12   8
 [37]  21  22  17  18  16  31  34  37  50  52  47  41  56  57  85  60  57  67
 [55]  78  71  76  84  84  85 108 101  88 105 110 136 139 138 158 184 180 196
 [73] 209 188 220 210 206 215 227 225 219 209 188 197 231 249 302 284 285 274
 [91] 307 332 358 366 358 381 365 394 376 407 389 416 440 486 473 466 533 556
[109] 525 596 667 750 699 672 692 805 771 806 788 859 846

[[7]]
  [1]   10   26   30   26   19   18   16   22   14   21   18   22   28   33   23
 [16]   17   24   35   47   37   37   56   46   40   56   49   47   71   82   88
 [31]   90   78   74   77   93   94   93  113  130  127  111  113  127  129  138
 [46]  134  168  161  154  169  158  138  164  179  156  164  201  222  293  266
 [61]  262  266  306  282  264  281  314  338  391  405  349  332  347  377  390
 [76]  439  408  406  447  440  513  535  558  576  604  621  680  650  670  774
 [91]  760  799  817  814  840  892  957 1038 1124 1147 1230 1213 1263 1318 1466
[106] 1489 1515 1555 1577 1757 1717 1778 1767 1812 1945 1985 2107 2172 2219 2343
[121] 2446

[[8]]
  [1]   10   26   21   13   12   10   13   20   23   14   18   14   13   21   32
 [16]   25   23   25   18   23   40   33   38   38   34   24   50   58   58   63
 [31]   69   63   75   57   55   56   61   72   68   83   81   99  116  122  138
 [46]  118  155  169  216  197  185  178  214  234  265  263  301  312  336  349
 [61]  366  400  382  416  418  417  444  490  510  517  523  537  529  576  620
 [76]  650  677  696  690  694  737  777  822  844  845  919  988  973  990  983
 [91] 1049 1060 1091 1073 1078 1130 1228 1221 1296 1351 1385 1424 1437 1492 1557
[106] 1628 1726 1831 1966 2012 2039 2141 2179 2309 2315 2581 2662 2763 2856 2935
[121] 3098

[[9]]
  [1]   10   19   11   15   13   10   14   21   18   23   17   16   21   22   40
 [16]   26   36   42   44   39   43   51   53   49   43   41   62   43   35   34
 [31]   37   29   42   38   63   64   55   64   99  103  109   98   93   93  116
 [46]  148  146  126  130  138  111  129  176  156  184  159  190  208  201  231
 [61]  227  246  271  281  305  285  298  348  365  383  389  436  461  472  483
 [76]  502  608  618  691  716  685  714  714  741  779  798  882  941  962 1017
 [91] 1012 1062 1089 1133 1104 1139 1234 1323 1396 1494 1469 1550 1611 1504 1593
[106] 1643 1719 1724 1822 1866 1969 2024 2142 2330 2375 2409 2438 2547 2765 2863
[121] 3026

[[10]]
  [1]   10   27   31   26   20   16   16   14   15   12   15   20   24   27   22
 [16]   25   25   27   43   38   42   35   39   34   43   59   58   41   63   68
 [31]   63   61   74   80   67   62   76   86   90   87   92   95  105  123  131
 [46]  145  149  162  180  185  173  187  195  192  245  245  220  201  243  263
 [61]  283  277  281  293  304  333  382  378  394  396  404  454  442  466  471
 [76]  485  445  499  542  519  572  626  629  601  586  577  618  701  691  702
 [91]  698  764  812  906  894  897  859  915  970 1077 1116 1133 1144 1153 1187
[106] 1183 1301 1352 1411 1443 1484 1433 1533 1622 1629 1668 1667 1711 1776 1962
[121] 2025

[[11]]
  [1]  10  38  29  26  28  28  22  26  43  36  34  33  30  31  26  22  38  36
 [19]  42  35  46  31  40  46  50  58  64  62  52  57  50  47  48  57  70  73
 [37]  59  65  65  92  75  86  71  79  73  86  96 113 106 106 100 105 101 110
 [55] 113 146 112 126 132 128 118 103 112 136 148 146 151 134 142 158 160 147
 [73] 145 160 171 203 208 208 206 202 193 197 208 233 240 252 227 267 252 304
 [91] 344 353 356 332 321 345 387 391 419 439 471 460 466 476 543 506 487 558
[109] 574 644 653 678 685 703 742 779 792 810 821 882 945

[[12]]
  [1]   10   37   29   25   35   36   35   35   28   40   58   62   51   63   71
 [16]   70   66   68   94   89   90  100   93  110  117  118  121  132  149  156
 [31]  170  182  169  151  174  207  225  239  246  228  250  222  248  244  264
 [46]  274  327  304  287  291  335  320  328  323  361  375  401  445  440  447
 [61]  505  477  469  525  577  587  667  736  686  712  704  681  718  770  835
 [76]  855  915  926  973  980 1071 1238 1287 1293 1313 1388 1459 1464 1533 1603
 [91] 1653 1713 1907 1965 1941 2005 2100 2045 2187 2247 2499 2593 2642 2746 2776
[106] 2966 3076 3244 3425 3513 3708 3741 4021 4181 4317 4474 4609 4867 5032 5387
[121] 5590

[[13]]
  [1]   10   32   31   30   20   22   34   37   31   42   47   48   48   46   51
 [16]   86   76   81   83   78   75   83  100  103   86   95  116  110   92   98
 [31]   89  105  115  120  113  122  128  132  131  124  125  131  123  115  113
 [46]  106  114  107  104  134  120   93   86  120  124  128  106  119  142  146
 [61]  147  137  165  170  168  176  173  186  196  179  188  175  234  232  274
 [76]  271  259  270  283  302  333  355  337  357  382  390  423  432  421  465
 [91]  519  554  520  539  565  572  584  668  692  637  697  726  751  842  874
[106]  883  933  920  976  973 1020  977 1057 1121 1284 1384 1437 1347 1343 1464
[121] 1468

[[14]]
  [1]  10  37  40  25  22  25  25  21  28  34  30  25  22  38  43  39  33  37
 [19]  40  46  55  52  57  52  62  64  56  49  47  40  37  33  34  47  56  58
 [37]  50  42  45  51  56  63  61  57  54  62  69  63  75  81  84 101  95  86
 [55]  87 106 114 131 141 126 113 141 142 143 126 150 169 158 177 210 214 232
 [73] 230 220 194 220 238 227 229 238 240 290 291 307 329 342 352 332 371 331
 [91] 336 377 374 370 389 415 389 369 373 354 381 422 432 472 438 452 475 494
[109] 530 554 605 659 684 724 725 798 816 841 855 922 944

[[15]]
  [1]  10  24  24  26  18  20  22  22  24  16  26  16  31  20  30  30  20  24
 [19]  18  20  23  20  13  25  24  23  22  26  23  22  18  13  13  10  10  15
 [37]  24  26  27  20  23  23  46  54  45  58  61  60  58  64  60  55  68  63
 [55]  73  66  67  61  53  55  61  68  64  51  55  63  63  75  70  86  86 103
 [73] 104  98 108 106  97 102 149 123 114 138 147 153 147 144 137 144 149 188
 [91] 192 220 202 248 276 301 285 276 272 292 328 393 418 411 406 430 444 471
[109] 464 483 475 522 521 503 540 632 635 658 744 687 697

[[16]]
  [1]   10   25   13    9   13   11   17   24   26   25   22   35   28   24   20
 [16]   27   32   37   37   41   60   62   57   61   65   63   70   56   50   48
 [31]   53   65   44   60   48   57   58   46   75   70   69   63   71   74   71
 [46]   71   73  100  103   97  110   97  107  117  120  113  121  102  132  138
 [61]  157  160  144  119  136  150  134  129  139  129  172  166  161  168  208
 [76]  228  203  239  227  254  269  277  297  311  343  360  331  327  377  384
 [91]  408  420  426  458  461  481  509  544  556  567  577  574  628  616  647
[106]  605  620  625  685  634  677  716  763  829  907  944  935 1041 1139 1154
[121] 1166

[[17]]
  [1]   10   49   44   53   37   36   36   36   42   51   46   70   63   52   51
 [16]   66   73   90   77   87   97  107   86   96  110  107   90  101   89  111
 [31]  112  133  129  113  118  143  174  188  171  174  177  201  198  181  192
 [46]  213  235  243  254  235  276  255  305  298  299  331  364  349  393  387
 [61]  398  435  441  444  397  407  430  464  511  595  610  624  601  612  699
 [76]  787  814  752  767  792  894  859  890  936  896  917  964 1046 1128 1140
 [91] 1227 1156 1239 1283 1320 1417 1494 1561 1591 1614 1716 1814 1940 1993 2030
[106] 2129 2326 2408 2451 2460 2546 2673 2870 2947 3119 3237 3408 3451 3723 3755
[121] 3896

[[18]]
  [1]   10   41   31   23   19   17   34   41   49   41   31   34   33   45   70
 [16]   54   49   32   32   38   44   66   66   53   52   62   54   62   63   72
 [31]   71   88   67   65   58   80   97   96   84  105  115  119  102  116  118
 [46]  133  149  146  158  166  189  196  204  177  197  205  206  193  243  189
 [61]  200  223  221  222  224  233  244  239  263  287  308  310  311  319  334
 [76]  328  304  295  347  342  324  319  336  354  373  322  361  392  383  408
 [91]  410  396  408  495  541  525  548  524  580  614  637  663  652  643  693
[106]  748  774  781  840  790  892  856  950 1050 1032  999 1034 1045 1084 1188
[121] 1193

[[19]]
  [1]   10   33   25   17   11   19   13   17   24   24   24   24   22   22   19
 [16]   22   22   32   29   51   42   50   47   40   48   49   58   49   57   50
 [31]   49   56   59   61   65   59   70   58   78   67   78   80   77   96   94
 [46]  108   82   85  105  119  133  159  175  160  182  214  250  209  199  211
 [61]  257  268  289  259  272  271  293  296  305  319  315  309  323  344  362
 [76]  395  411  418  405  405  408  452  438  462  493  490  507  517  496  533
 [91]  550  563  612  563  636  663  659  741  752  804  852  880  835  890  935
[106]  998 1016 1066 1034 1151 1234 1297 1334 1396 1413 1477 1573 1737 1832 1943
[121] 1961

[[20]]
  [1]   10   27   12    9    8   11   11   14    7    5   10   12    7    5    5
 [16]   10   13   15   12    9    7    6    4    4   13   10    9    8    8   11
 [31]   12    8   12    7   12   12   15   18   12   22   23   20   20   15   25
 [46]   18   23   19   17   27   28   34   44   44   55   63   70   78   73   70
 [61]   83   70   80   79   89  107   90  115  111  133  138  154  171  167  167
 [76]  164  168  198  183  190  191  179  185  201  220  204  222  235  260  296
 [91]  278  306  334  324  340  399  451  453  484  490  503  552  601  641  672
[106]  721  702  793  828  803  864  936  909  891  936 1011 1036  971 1086 1130
[121] 1171

[[21]]
  [1]   10   29   27   27   19   23   39   34   28   37   41   52   62   53   51
 [16]   53   60   59   67   75   66   67   65   76   96   89   95   97   81   79
 [31]   89   98  117  139  125  132  117  115  129  125  123  134  115  114  132
 [46]  134  146  161  148  160  160  208  212  221  211  232  209  262  229  232
 [61]  214  211  227  255  274  287  314  331  311  309  335  333  362  352  365
 [76]  359  376  339  368  415  384  438  440  464  523  517  555  615  623  631
 [91]  656  692  687  726  723  730  773  878  901  932  891  893  854  918  986
[106]  987 1001 1057 1091 1134 1144 1158 1143 1205 1248 1400 1425 1520 1754 1831
[121] 1922

[[22]]
  [1]  10  25  39  23  18  15  14  16  18  18  14  13  12  26  27  32  24  16
 [19]  16  29  38  31  22  20  27  21  35  28  26  34  23  20  21  24  21  18
 [37]  15  23  22  39  39  54  38  27  23  32  29  36  33  37  35  36  50  41
 [55]  56  49  42  41  42  42  40  33  39  29  28  27  22  18  28  24  24  26
 [73]  22  17  24  22  31  37  27  31  45  43  36  43  41  48  45  46  60  51
 [91]  49  54  60  64  65  77  78  77  81  94  89  89  92 109 135 139 156 159
[109] 165 167 185 226 216 210 216 208 242 265 243 253 272

[[23]]
  [1]   10   17   18   22   20   21   23   34   32   27   25   29   42   26   25
 [16]   23   31   31   32   49   45   32   26   37   30   54   52   46   50   55
 [31]   65   81   85   69   75   78   82  103  128  109  116  110  113  122  123
 [46]  159  154  150  150  155  158  154  175  148  176  176  188  181  172  177
 [61]  184  210  226  250  237  257  300  296  300  376  395  404  413  424  401
 [76]  464  518  522  455  480  539  595  577  578  591  647  662  727  811  802
 [91]  815  811  813  892  938  949  978 1131 1184 1185 1185 1304 1244 1260 1342
[106] 1447 1402 1526 1571 1665 1619 1654 1814 1927 2033 2091 2194 2390 2391 2505
[121] 2586

[[24]]
  [1]   10   33   24   16   14   13   35   41   47   46   47   69   83   71   63
 [16]   77   76   71  104   92  100   84   93   91  109  135  127  130  112  115
 [31]  124  139  124  136  143  171  154  140  144  159  179  196  196  197  224
 [46]  228  241  250  252  301  307  327  326  332  378  365  362  386  404  415
 [61]  427  442  489  455  467  480  471  536  487  513  529  562  539  591  645
 [76]  673  712  705  725  713  753  781  781  819  876  910  962  994 1085 1078
 [91] 1124 1210 1300 1336 1401 1472 1501 1569 1716 1787 1873 1944 1924 1996 2026
[106] 2197 2289 2319 2433 2536 2585 2707 2758 2901 3014 3048 3311 3501 3538 3663
[121] 3770

[[25]]
  [1]  10  38  23  19  18  16  28  43  33  36  31  37  32  28  33  34  25  41
 [19]  35  33  33  40  44  44  43  39  58  56  45  68  73  51  75  68  63  70
 [37]  69  62  49  60  48  53  51  55  74  69  71  62  64  74  78  66  61  71
 [55]  70  71  70  79  94  77  76  89  99 100 104 107 121 112 109 115 136 128
 [73] 163 177 157 187 179 191 188 189 200 235 195 210 220 257 250 248 249 277
 [91] 244 294 288 283 291 298 302 332 311 344 359 376 388 412 435 443 423 422
[109] 486 495 521 510 522 529 528 568 568 593 616 689 676

[[26]]
  [1]  10  16  17  12  11  11  10  22  17  20  28  34  22  25  29  36  35  36
 [19]  31  30  28  24  28  37  40  32  31  27  33  45  37  53  44  37  48  43
 [37]  39  39  46  58  43  49  57  57  62  55  55  60  61  47  47  63  52  59
 [55]  68  63  73  73  66  99 100  91  96  93 104 100 117 108 130 112 107  96
 [73] 146 161 146 143 134 119 149 149 177 182 175 195 195 214 202 208 227 261
 [91] 301 296 283 311 320 342 360 354 374 358 362 409 405 410 458 428 443 466
[109] 476 471 509 502 480 589 625 636 610 640 694 721 829

[[27]]
  [1]  10  28  14  18  15  14  17  15  17  15  13  11  16  16  13  12  13  18
 [19]  16  17  13  11  12  15  21  15  16  21  28  31  30  26  29  23  29  38
 [37]  33  26  23  23  34  38  44  54  39  39  33  66  74  66  58  55  59  89
 [55]  85  83  71  94  85  88  93 113 140 128 127 140 151 159 156 137 114 135
 [73] 140 155 128 152 166 157 175 158 196 213 216 211 246 249 276 293 290 317
 [91] 316 306 309 305 333 349 367 384 394 419 430 456 476 498 521 567 606 569
[109] 604 658 698 663 672 678 797 828 855 851 802 883 917

[[28]]
  [1]   10   21   27   19   18   20   19   13   17   14    9   18   18   18   14
 [16]   17   23   18   15   16   20   22   21   21   27   38   44   34   31   43
 [31]   43   37   45   40   36   60   59   52   43   56   62   52   46   49   53
 [46]   59   76   60   69   72   79   81   94  107  104  109  111  134  126  113
 [61]  123  127  144  152  183  170  164  156  191  199  204  216  243  280  278
 [76]  315  260  274  296  300  316  314  326  378  399  401  410  442  449  511
 [91]  497  500  529  572  641  623  634  708  752  778  775  804  811  855  901
[106]  991 1064 1072 1088 1094 1175 1314 1401 1410 1435 1512 1664 1633 1751 1755
[121] 1762

[[29]]
  [1]   10   47   33   22   18   25   21   17   19   33   29   29   33   37   44
 [16]   51   55   47   50   50   62   54   49   60   43   42   77   81   50   42
 [31]   41   46   61   86   73   73   73   88   99   82   89   91   88   87   95
 [46]   73   71   73   85   88   75   78   87   77   76   78   75   60   90  104
 [61]  106  102   99   94   98  118  155  142  141  135  140  164  178  176  209
 [76]  227  247  232  249  255  271  289  296  329  310  317  325  358  357  348
 [91]  407  427  438  442  466  484  501  497  572  621  618  621  686  668  715
[106]  735  801  825  768  819  827  820  887  944  927  911  967 1110 1083 1132
[121] 1233

[[30]]
  [1] 10 23 21 19 14 10  9 14 16 15 12 15 21 16 15 16 13 12 12 14 18 13 11 13 15
 [26]  9 11  7  7  7  4  3  3  7  8  5  4  3  3  9  8  6  9  8  8 13  9 11 16 21
 [51] 11  8 11 11  9  7 10  3  3  6  3  1  0  0  0  0  0  0  0  0  0  0  0  0  0
 [76]  0  0  0  0  0  0  0  0  0  0  0  0  0  0  0  0  0  0  0  0  0  0  0  0  0
[101]  0  0  0  0  0  0  0  0  0  0  0  0  0  0  0  0  0  0  0  0  0

[[31]]
  [1]   10   39   43   34   31   31   37   38   34   47   53   47   37   43   58
 [16]   68   88   74   96   82   91   83   82  107  125  115  130  115  110  122
 [31]  139  146  155  187  174  177  179  195  192  211  232  232  245  276  286
 [46]  313  321  302  318  345  398  398  422  443  464  468  476  537  544  579
 [61]  622  655  647  698  700  762  769  864  896  950  977  991 1027 1036 1061
 [76] 1128 1151 1162 1161 1271 1331 1386 1441 1434 1415 1471 1527 1626 1584 1637
 [91] 1761 1756 1855 1921 2007 2038 2107 2313 2423 2494 2584 2634 2751 2925 2947
[106] 2960 3107 3234 3424 3554 3664 3912 3991 4090 4278 4611 4892 4870 4953 5191
[121] 5551

[[32]]
  [1]  10  30  26  22  20  18  13  17  20  18  14  13  24  26  22  25  25  28
 [19]  26  31  30  24  21  30  24  29  31  36  25  20  23  27  31  25  32  24
 [37]  30  29  36  30  38  35  40  38  36  24  36  30  29  36  38  34  34  30
 [55]  27  25  28  34  34  28  26  31  34  49  41  58  52  40  40  59  51  42
 [73]  34  44  39  47  54  41  53  68  71  55  54  53  45  43  50  52  57  52
 [91]  62  62  71  71  83  84  86 110  94 104  96 113 138 126 129 135 138 158
[109] 173 190 214 188 194 209 226 199 239 224 223 238 284

[[33]]
  [1]   10   33   35   30   24   23   31   32   45   46   35   49   44   52   76
 [16]   69   73   89   84   89   84   79   78   88   83   83   71   62   60   67
 [31]   71   54   65   62   95  111  104  136  127  128  131  134  130  128  134
 [46]  148  165  162  162  171  177  175  187  206  187  191  164  203  227  243
 [61]  247  251  273  303  311  310  338  323  325  347  374  395  409  460  484
 [76]  557  558  600  621  634  694  695  712  755  780  821  785  844  841  910
 [91] 1014 1019 1011 1132 1219 1195 1245 1255 1268 1399 1478 1587 1557 1575 1659
[106] 1759 1740 1820 1874 1950 1917 2081 2169 2358 2490 2538 2660 2756 2888 2941
[121] 3067

[[34]]
  [1]   10   29   25   22   16   18   27   34   42   42   47   46   52   57   55
 [16]   52   51   63   81   88   90  110   90   85  115  113   94  101  113  121
 [31]  125  118  132  140  150  148  167  151  155  143  142  161  170  179  211
 [46]  224  229  215  247  260  272  288  302  295  307  355  335  374  375  387
 [61]  404  445  499  450  523  593  558  642  597  635  643  689  656  706  697
 [76]  772  745  749  745  776  770  822  869  970  990 1055 1087 1105 1165 1156
 [91] 1158 1169 1227 1175 1284 1383 1322 1461 1451 1504 1559 1671 1704 1655 1756
[106] 1743 1894 1993 2212 2153 2215 2292 2316 2414 2515 2561 2734 2844 2963 3067
[121] 3256

[[35]]
  [1]   10   42   35   33   25   24   25   25   25   34   36   37   39   33   34
 [16]   33   27   45   55   41   50   43   51   47   61   90   77   72   66   70
 [31]   82   93  100  106   92  100  104  101  103  114  120  121  142  126  112
 [46]  108  102  123  149  149  142  176  206  178  212  209  244  274  261  269
 [61]  277  358  393  425  421  398  394  441  450  453  470  494  461  482  527
 [76]  564  559  612  643  662  705  729  778  816  836  837  881  965  914  995
 [91] 1046 1124 1172 1222 1224 1329 1359 1470 1402 1485 1486 1549 1596 1663 1748
[106] 1737 1796 1802 1973 2016 2089 2227 2269 2418 2491 2566 2613 2624 2918 3062
[121] 3118

[[36]]
  [1]   10   20   21   19   15   12   17   13   19   25   49   49   48   50   61
 [16]   53   70   72   68   89   91   98   94   99   95  116  115  118  146  135
 [31]  136  144  164  152  147  124  129  161  167  169  183  185  168  175  209
 [46]  210  233  232  253  225  263  222  231  243  248  265  263  273  278  303
 [61]  324  334  358  339  340  358  383  375  384  356  387  401  408  397  426
 [76]  468  499  537  545  528  565  571  599  615  617  634  650  688  719  704
 [91]  716  782  810  826  899  888  922 1005 1065 1115 1104 1054 1079 1168 1226
[106] 1284 1252 1195 1333 1441 1420 1448 1550 1538 1676 1795 1784 1923 1996 2064
[121] 2113

[[37]]
  [1]   10   45   35   27   21   32   42   29   28   27   31   38   36   33   37
 [16]   50   56   47   61   77   61   51   61   78   90   86   83   79   84   85
 [31]   95   86   74   75   59   63   81   88   93   91  114  114  110  103  127
 [46]  141  124  145  148  151  129  143  120  135  164  146  141  127  166  177
 [61]  179  201  212  203  223  210  204  248  256  272  279  282  275  313  295
 [76]  276  348  340  360  335  396  421  409  411  460  483  554  567  631  583
 [91]  553  578  579  639  670  680  698  696  724  832  874  881  914  904 1027
[106] 1006 1085 1083 1162 1176 1146 1205 1280 1343 1380 1427 1573 1544 1570 1590
[121] 1669

[[38]]
  [1]   10   31   27   22   18   14   18   34   20   23   30   26   38   30   26
 [16]   50   42   54   42   45   41   46   48   42   40   44   54   53   72   65
 [31]   55   62   73   61   62   57   68   67   64   81  104  118   98   97  117
 [46]  116  117   89  116  126  114  126  114  102  113  124  114  112  113  127
 [61]  129  159  182  147  175  186  192  191  165  199  192  196  206  222  234
 [76]  243  235  231  238  275  289  326  314  324  332  331  366  413  457  487
 [91]  479  471  469  561  586  594  627  689  696  730  691  731  809  848  916
[106]  950  923  941  976 1043 1128 1156 1178 1254 1343 1399 1492 1424 1480 1483
[121] 1592

[[39]]
  [1]   10   28   33   30   25   27   23   25   28   26   38   27   37   39   31
 [16]   37   28   31   62   61   65   58   50   48   68   58   59   56   51   53
 [31]   49   55   64   85   75   73   76   63   74   83   90   97  100  103  105
 [46]   94   92   96  102  104  123  130  119  110  144  155  169  168  165  135
 [61]  131  129  143  146  168  181  195  194  191  205  218  227  279  283  292
 [76]  314  308  304  326  405  418  465  445  449  442  505  519  506  555  562
 [91]  597  628  609  667  661  710  746  789  845  875  848  832  909  924  988
[106] 1046 1074 1064 1167 1243 1325 1305 1303 1350 1395 1395 1462 1564 1722 1749
[121] 1725

[[40]]
  [1]  10  32  21  18  15  21  23  27  32  24  32  39  30  33  42  51  59  65
 [19]  63  60  50  74  67  54  46  47  64  75  66  76  74  68  63  58  55  56
 [37]  50  51  55  54  53  62  55  62  50  57  50  46  67  59  64  62  53  75
 [55]  86  85  67  68  85  78  68  74  86  96  94  88  89  92  96 142 134 109
 [73] 112 112 116 111 106 141 128 109  90 113 141 166 146 171 190 189 204 218
 [91] 302 269 275 279 308 348 354 354 323 352 349 371 381 401 400 414 471 498
[109] 487 515 516 542 577 653 710 741 794 786 776 747 834

[[41]]
  [1]  10  15  18  15  11  11  12  18  21  25  21  27  21  32  48  34  39  37
 [19]  38  52  57  55  44  50  41  51  46  57  58  58  53  44  58  44  46  49
 [37]  59  55  47  57  65  65  58  61  68  81  90  82  77  75  88 100  84  76
 [55]  92  85  72  75  92  83 108  96 105  94 113 139 132 124 122 115 103 112
 [73] 107 104 122 138 153 136 136 147 150 163 153 180 210 210 225 227 227 208
 [91] 203 220 229 246 245 262 256 267 278 299 314 336 373 380 357 376 401 430
[109] 462 498 480 489 511 527 538 599 621 583 628 623 660

[[42]]
  [1]   10   15   14    9    7    7    7    7    7   13   20   15   19   15   21
 [16]   14   18   22   18   26   28   22   32   45   42   50   42   42   53   54
 [31]   58   55   49   52   61   73   65   67   73   64   57   80   75   61   62
 [46]   90   68   44   35   45   62   76   72   80   90   91   82   83   79   92
 [61]   89   93   94   84   76   84   90  103   98  101   97  111  130  155  158
 [76]  136  134  130  197  176  175  205  203  211  257  235  233  251  260  247
 [91]  268  252  270  271  269  272  309  331  372  382  410  419  428  489  526
[106]  555  521  544  613  596  621  668  739  754  755  798  810  846  910  948
[121] 1032

[[43]]
  [1]   10    9   15   13    6    6    3    6    8    9    9   15   19   18   19
 [16]   15   20   15   13   12   15   11   25   24   17   14   10    9   17   20
 [31]   23   34   32   35   41   54   51   40   49   50   41   53   57   64   78
 [46]   76   64   64   75   75   63   60   67   77   97   77   74   94  139  128
 [61]  129  140  145  171  173  236  249  265  280  287  337  383  370  383  411
 [76]  399  434  485  494  517  516  516  560  603  578  535  578  668  694  732
 [91]  710  706  757  805  890  887  950 1003 1021 1064 1041 1123 1237 1200 1279
[106] 1305 1379 1405 1412 1519 1549 1628 1685 1708 1836 2015 1997 2001 2064 2222
[121] 2206

[[44]]
  [1]   10   54   27   29   24   28   29   28   41   39   35   34   33   25   18
 [16]   23   34   31   26   29   27   29   43   37   39   32   31   60   66   49
 [31]   49   54   57   59   72   86   89   84   81  116  103  102  116  123  115
 [46]  129  120  126  112  123  128  152  152  191  171  178  201  213  203  190
 [61]  184  188  211  195  208  192  212  230  234  206  230  225  246  227  227
 [76]  240  239  223  244  251  245  262  278  264  298  281  294  303  309  306
 [91]  274  318  346  358  386  380  406  453  446  489  557  475  498  540  580
[106]  620  614  667  697  730  773  815  858  878  914  929  916  983 1017 1047
[121] 1085

[[45]]
  [1]   10   36   38   26   19   15   27   27   32   21   18   19   21   18   17
 [16]   19   15   20   28   25   47   35   34   32   37   27   28   24   31   28
 [31]   25   33   27   40   39   35   33   43   52   61   82   85   78   75   83
 [46]   82   65  100   85  108  103  105   97  105  126  136  168  175  221  207
 [61]  199  231  223  283  306  303  336  334  335  329  290  346  350  364  357
 [76]  362  367  406  391  398  427  429  480  537  517  536  577  643  623  631
 [91]  664  743  759  819  790  842  840  917  983 1032 1048 1118 1146 1217 1253
[106] 1249 1236 1273 1394 1410 1529 1528 1666 1676 1670 1711 1769 1871 1965 2017
[121] 2105

[[46]]
  [1]   10   41   43   40   30   45   38   46   38   61   53   55   65   57   57
 [16]   43   70   66   89   95   91   93  109   97  149  123  125  119  142  141
 [31]  136  149  148  143  142  155  168  195  206  253  243  218  225  281  281
 [46]  306  303  359  398  375  384  417  447  467  461  504  584  535  565  575
 [61]  550  630  684  689  698  729  800  833  780  822  909  952  949  927  979
 [76] 1000 1069 1118 1116 1154 1199 1368 1514 1505 1528 1600 1683 1761 1841 1872
 [91] 1935 1962 1964 2145 2275 2340 2347 2428 2511 2587 2745 2837 2829 2916 3089
[106] 3157 3387 3476 3630 3798 3983 4105 4185 4249 4591 4835 5074 5159 5292 5599
[121] 5910

[[47]]
  [1]   10   40   25   18   17   18   12   16   11   16   25   27   29   39   22
 [16]   37   29   41   41   48   43   60   60   67   60   59   62   76   81   77
 [31]   67   51   60   55   72   76   62   69   79   84   90  102   98  113  115
 [46]  115  115  146  150  129  147  137  121  141  146  146  136  177  207  220
 [61]  240  256  240  233  236  277  273  316  313  324  341  379  377  386  393
 [76]  445  407  455  458  462  459  478  510  534  551  596  582  657  743  722
 [91]  786  783  817  808  866 1003 1064 1015  981  982 1059 1125 1146 1210 1274
[106] 1275 1350 1403 1419 1505 1582 1571 1619 1723 1736 1879 1892 1923 2009 2002
[121] 2072

[[48]]
  [1]  10  31  35  25  23  27  21  29  34  32  26  24  25  23  35  42  44  39
 [19]  37  48  58  41  36  33  41  46  43  33  23  23  37  56  41  31  38  41
 [37]  40  46  42  47  52  53  50  54  58  70  70  60  50  67  83  60  50  50
 [55]  75  68  73  80  81  82 104  98 116 119 114 106  99  97 103 121 118 124
 [73] 116 118 134 131 123 132 138 163 168 170 194 185 182 213 213 236 205 234
 [91] 224 231 257 278 291 275 257 286 282 290 317 371 382 366 392 387 405 400
[109] 446 438 491 472 525 526 578 575 585 657 715 710 697

[[49]]
  [1]   10   51   45   33   23   18   21   25   32   34   26   28   36   31   33
 [16]   47   51   41   42   38   47   44   53   46   44   57   73   74   70   76
 [31]   73   58   72   71   78   83   74   75   61   69   66   79   82   92   85
 [46]   98  120  115  143  155  151  142  138  158  153  188  199  207  208  224
 [61]  225  238  275  299  273  300  299  305  318  339  306  276  305  300  338
 [76]  367  343  383  384  447  443  415  415  445  551  517  488  525  547  574
 [91]  616  602  617  636  691  757  773  786  763  840  874  872  914  915 1016
[106] 1109 1099 1106 1162 1220 1299 1288 1373 1437 1531 1540 1554 1562 1681 1947
[121] 1943

[[50]]
  [1]  10  19  26  19  11  14  11  15  29  22  24  23  22  21  27  38  27  24
 [19]  26  33  29  29  30  25  34  23  26  51  41  28  28  39  46  40  38  34
 [37]  30  38  47  45  44  40  47  51  44  37  50  59  55  48  52  60  75  83
 [55]  73  79  89  88  82  72  81  85  86  86  97  86 101 109 112  96 102 137
 [73] 137 148 126 134 127 113 136 126 152 131 137 143 142 148 156 162 160 179
 [91] 192 238 253 238 234 244 248 268 279 284 298 292 312 324 358 332 310 331
[109] 348 372 385 387 401 418 471 527 537 559 525 534 600

[[51]]
  [1]  10  23  17  15  11  10  11  13  15  13   9   9  11  15  16  20  12  17
 [19]  17  18  22  26  22  25  38  34  32  24  25  19  36  32  25  16  23  27
 [37]  21  23  31  22  44  36  34  26  30  38  26  27  33  38  28  32  47  46
 [55]  35  49  54  34  40  32  58  46  67  59  70  70  77  84  92 102  95  93
 [73]  95 112 121 116 103  98 110 123 142 138 166 156 148 137 159 186 196 176
 [91] 181 171 174 204 234 211 225 244 249 253 261 274 271 304 348 361 342 369
[109] 375 361 375 408 409 444 450 467 493 538 549 537 605

[[52]]
  [1] 10 12 12 13 17 24 12 14  8  7  5 11  4  3  3  2  2  3  1  1  1  1  1  1  1
 [26]  1  1  1  0  0  0  0  0  0  0  0  0  0  0  0  0  0  0  0  0  0  0  0  0  0
 [51]  0  0  0  0  0  0  0  0  0  0  0  0  0  0  0  0  0  0  0  0  0  0  0  0  0
 [76]  0  0  0  0  0  0  0  0  0  0  0  0  0  0  0  0  0  0  0  0  0  0  0  0  0
[101]  0  0  0  0  0  0  0  0  0  0  0  0  0  0  0  0  0  0  0  0  0

[[53]]
  [1]   10   29   26   17   19   27   34   43   43   30   23   25   28   36   45
 [16]   41   46   41   41   39   48   43   45   51   54   57   58   54   59   56
 [31]   55   48   63   74   78   64   65   61   62   70   82  104   94  101  115
 [46]  123  154  159  157  152  161  214  199  181  204  222  209  239  262  256
 [61]  258  269  262  265  284  286  278  310  295  324  324  305  322  374  370
 [76]  386  384  406  418  412  469  473  486  525  517  517  584  579  592  598
 [91]  611  608  628  578  613  726  779  783  770  789  849  815  878  935 1025
[106] 1067 1058 1094 1226 1243 1292 1421 1448 1423 1397 1561 1644 1714 1701 1818
[121] 1857

[[54]]
  [1]  10  24  13  11  10  11  10  12   9  12  10   8   7  14  19  17  14  13
 [19]  16  14  17  13  10   7  12   6  16  11   8   8  15  16  18  19  17  18
 [37]  17  13  13  20  21  24  26  20  21  16  29  42  42  45  54  47  52  68
 [55]  59  59  62  60  75  65  83 103 101  90  86  86 103  89 102 123 122  99
 [73] 128 121 152 150 144 166 185 153 159 188 188 189 168 177 198 173 195 182
 [91] 204 212 244 264 264 238 295 288 300 298 348 340 358 395 408 400 408 423
[109] 416 430 427 455 492 496 532 542 544 611 580 672 701

[[55]]
  [1]   10   30   40   28   20   27   23   21   28   30   22   28   20   22   25
 [16]   26   30   26   26   38   28   39   44   37   40   41   55   47   56   71
 [31]   45   48   48   52   47   50   67   60   70   78   68   60   86   85  114
 [46]  108   91   95   89  118  100   99  104  110  111  173  159  163  170  176
 [61]  182  220  228  254  273  288  285  290  292  338  328  340  353  396  440
 [76]  457  440  428  471  482  494  514  518  547  559  584  582  616  667  724
 [91]  763  747  809  850  911  947 1000 1054 1086 1136 1266 1330 1406 1474 1433
[106] 1499 1507 1679 1704 1875 1880 1981 2094 2188 2219 2278 2364 2378 2503 2795
[121] 2899

[[56]]
  [1]  10  42  28  20  18  22  14  15  33  29  30  29  23  26  39  53  45  38
 [19]  32  36  40  44  32  33  41  63  54  60  46  46  49  49  53  53  62  52
 [37]  60  46  56  66  74  67  66  78  83  81  71  85  89  95  87  81  79  74
 [55]  94 111 108 107  92 102 101 105  99  96  90  97 121 116 116 111 118 119
 [73] 113 115 117 107 121 111 137 136 144 134 122 146 130 148 135 162 176 202
 [91] 194 210 220 204 213 214 208 201 200 207 219 233 212 236 244 229 272 242
[109] 274 275 298 299 274 300 314 299 327 336 363 408 384

[[57]]
  [1]   10   31   22   24   16   15   12   19   21   19   28   27   16   14   18
 [16]   21   20   14   20   26   19   32   30   29   35   26   30   47   43   37
 [31]   52   52   50   66   61   68   65   74   64   82   69   98  114  129  123
 [46]  116  128  104  131  147  154  141  113  151  182  167  184  195  208  191
 [61]  175  181  229  266  279  269  316  292  285  297  327  322  361  361  329
 [76]  332  374  417  395  394  442  450  492  555  578  542  593  635  655  750
 [91]  751  754  795  857  834  868  867  974  992 1020 1083 1108 1109 1150 1138
[106] 1176 1234 1268 1311 1348 1409 1457 1399 1521 1530 1621 1723 1784 1852 1916
[121] 2024

[[58]]
  [1]   10   28   32   26   19   20   23   36   40   42   40   38   38   31   33
 [16]   35   46   57   44   42   37   41   51   53   74   60   59   60   72   63
 [31]   63   58   61   71   71   86   72   85   98  112  117  117  131  122  134
 [46]  145  151  193  186  180  165  215  241  231  253  246  272  287  288  302
 [61]  310  343  343  338  366  331  321  348  378  371  395  402  399  415  417
 [76]  455  454  478  553  562  582  620  675  682  675  686  714  754  801  847
 [91]  879  918  904  968 1072 1101 1087 1132 1152 1143 1248 1379 1440 1495 1533
[106] 1512 1590 1734 1691 1700 1749 1800 1908 2026 2156 2210 2257 2259 2379 2444
[121] 2508

[[59]]
  [1]  10  16  15  11  11  11  18  20  17  28  28  28  24  33  23  30  20  20
 [19]  31  31  29  29  22  18  18  18  29  34  39  44  36  37  27  28  39  51
 [37]  49  46  50  69  75  90 103  85  76  82  75  78  79  62  85  98  76  98
 [55]  95  97  94  94 103 104 113 122 112 100 113 124 128 132 118 114 163 149
 [73] 137 140 171 156 151 148 165 164 189 201 203 212 224 217 193 200 220 195
 [91] 185 167 197 185 198 190 209 214 194 228 228 244 238 299 289 275 289 279
[109] 299 335 312 325 328 305 361 377 379 407 391 409 401

[[60]]
  [1]  10  26  30  22  17  14  28  32  20  21  15  23  22  34  25  19  14  16
 [19]  12  18  14  11  27  31  21  14  19  30  22  23  24  17  21  18  22  23
 [37]  21  36  25  22  17  12  22  19  10  16  23  20  15  14  20  22  14  15
 [55]  27  39  36  30  32  40  38  36  34  39  31  26  49  42  37  29  24  35
 [73]  38  38  45  34  45  42  54  45  40  47  57  62  56  59  62  54  77  81
 [91]  90  96  96  86  81 102 111 105 118 137 115 147 133 124 136 128 139 146
[109] 176 206 211 202 226 224 209 191 216 231 260 259 258

[[61]]
  [1]   10   31   24   19   15   11   10   29   22   17   15   11   15   13   13
 [16]   21   18   15   24   26   21   23   33   35   39   41   41   40   30   41
 [31]   38   38   37   30   36   43   43   57   51   40   32   29   41   46   49
 [46]   54   75   67   67   74   62   78   88  112  106   96  109  124  136  166
 [61]  151  149  138  151  181  172  172  144  187  177  217  222  238  219  231
 [76]  261  254  277  311  345  363  345  357  358  360  395  431  419  444  504
 [91]  506  523  570  630  658  694  732  692  776  774  821  863  928  929  975
[106] 1028 1045 1107 1121 1201 1284 1302 1301 1367 1531 1622 1597 1643 1734 1855
[121] 1982

[[62]]
  [1]   10   37   34   21   16   14   20   33   21   19   15   14   21   19   17
 [16]   13   15   10   12    6   10   13   10    6    6   15   21   18   14   16
 [31]   13   12   17   23   23   28   20   22   20   23   26   23   30   25   22
 [46]   30   36   45   51   38   37   41   42   51   50   52   56   62   46   44
 [61]   41   44   49   60   52   44   63   61   55   64   61   71   78   95   94
 [76]  108   86  101  131  149  155  172  177  176  178  224  216  229  222  257
 [91]  254  281  282  305  317  321  336  349  365  388  412  483  492  525  572
[106]  615  616  699  692  762  803  844  848  828  865  936  992 1024 1046 1156
[121] 1215

[[63]]
  [1]   10   32   33   23   21   25   25   32   33   34   33   29   35   29   31
 [16]   29   31   47   47   35   29   29   30   30   24   35   39   44   41   39
 [31]   34   44   46   53   48   51   37   40   57   58   66   79   64   81   83
 [46]   91   96  134  107  103   96  118  120  125  132  133  123  153  157  142
 [61]  167  156  181  162  149  162  203  201  186  187  202  204  219  251  269
 [76]  237  247  257  232  265  225  243  299  321  317  302  323  315  364  384
 [91]  426  426  443  414  438  467  475  497  546  549  572  562  608  582  572
[106]  588  656  693  696  662  706  737  819  848  867  930 1037 1042 1016 1074
[121] 1129

[[64]]
  [1]   10   40   26   21   17   15   22   19   32   28   28   21   21   23   21
 [16]   19   23   18   20   19   13   10   13   17   27   23   17   13   20   22
 [31]   34   41   39   38   47   46   38   39   40   30   46   43   30   30   36
 [46]   50   48   49   40   41   36   51   41   72   57   71   75   71   69   84
 [61]   95   95  100  111  133  131  106  106  133  155  147  143  141  152  158
 [76]  183  161  202  217  225  253  222  254  275  275  305  277  327  317  383
 [91]  369  375  368  405  475  504  521  520  565  542  580  688  709  679  725
[106]  786  844  846  849  968  944 1029 1067 1116 1112 1128 1102 1219 1344 1342
[121] 1344

[[65]]
  [1]   10   28   24   23   23   27   21   19   25   34   33   26   25   24   29
 [16]   48   49   44   31   52   47   33   59   60   50   50   62   82   95   90
 [31]  104  113  110  117  102  124  128  114  105  102  111  124  123   95  114
 [46]  135  136  153  148  155  141  176  171  194  204  212  250  275  260  285
 [61]  324  363  358  388  365  386  432  437  478  461  443  478  523  538  566
 [76]  549  565  580  598  617  673  690  692  773  819  839  855  959 1008 1031
 [91] 1046 1102 1157 1198 1241 1335 1471 1457 1491 1494 1549 1664 1635 1758 1873
[106] 1984 2165 2237 2231 2383 2465 2523 2739 2829 2933 3035 3130 3161 3315 3438
[121] 3521

[[66]]
  [1]   10   32   31   29   23   29   35   42   35   30   29   44   38   50   60
 [16]   61   56   53   69  102   88   74  100  111  136  119  104  111  112  106
 [31]  117  126  119  147  172  172  166  148  149  168  209  208  200  192  228
 [46]  271  275  267  259  298  319  321  326  368  385  382  369  383  423  442
 [61]  418  392  406  433  463  463  494  570  629  587  582  646  744  765  886
 [76]  889  879  856  903  985 1004 1062 1151 1150 1256 1345 1377 1385 1443 1560
 [91] 1539 1616 1630 1764 1813 1928 2082 2155 2224 2343 2414 2392 2385 2520 2643
[106] 2830 2868 2932 3011 3035 3252 3453 3578 3755 3945 4030 4227 4402 4570 4671
[121] 4864

[[67]]
  [1]  10  26  14  16  14  11  10   8  21  11  13  16  11  12   6   9   8   9
 [19]  10  19  14  17  17  11   9   9  10  20   8  12  18  22  17  14  11  22
 [37]  24  23  27  33  25  27  20  19  22  42  36  55  46  45  50  51  56  55
 [55]  63  62  75  78  98  92  77  85  98 102 100 110 115 115 120 104 120 128
 [73] 145 134 151 137 131 155 178 155 151 158 186 196 166 177 198 206 212 218
 [91] 215 237 260 249 242 251 255 265 253 234 251 279 279 279 316 332 358 386
[109] 423 357 396 445 444 481 549 566 546 548 595 630 605

[[68]]
  [1]   10   42   31   28   20   31   30   47   39   39   40   45   59   51   54
 [16]   52   74   85   68   91   95   84   88  116   98  101  105  119  118  100
 [31]  103   96  100   90  129  123  120  133  153  174  179  182  164  230  211
 [46]  202  189  197  247  253  224  259  248  327  319  295  277  305  333  361
 [61]  373  445  456  475  461  455  468  462  540  526  534  554  523  521  549
 [76]  564  597  630  680  675  725  778  809  856  924 1001 1015 1016 1102 1092
 [91] 1183 1196 1319 1426 1437 1462 1457 1525 1572 1668 1733 1807 1902 2009 2088
[106] 2161 2235 2327 2537 2695 2744 2922 3042 3145 3236 3463 3542 3758 4008 4071
[121] 4334

[[69]]
  [1]  10  25  20  18  19  16  15  14  24  17  18  16  17  26  28  22  18  34
 [19]  29  31  20  31  32  29  23  23  23  28  25  22  28  25  15  18  16  14
 [37]  13  27  22  17  19  29  18  15  15  12  12  25  16  18  20  19  26  22
 [55]  36  32  27  31  34  35  36  24  31  32  37  31  24  27  45  79  60  51
 [73]  59  82  83  86 102  99  89 103 106 108 110 102 126 126 140 151 153 171
 [91] 156 155 142 143 178 178 180 173 179 211 227 280 279 282 325 320 324 369
[109] 372 385 404 437 475 542 519 498 563 576 591 637 687

[[70]]
  [1]   10   26   28   25   29   36   28   55   38   32   41   41   58   59   66
 [16]   56   53   70   80   73   67   74   94   93   97   99  108  107   91   96
 [31]  111  121  129  129  141  146  139  162  155  174  183  199  171  165  189
 [46]  203  213  203  218  204  228  233  222  244  292  307  302  299  312  308
 [61]  344  335  363  375  426  425  492  518  534  486  494  524  605  634  630
 [76]  706  732  732  762  865  862  906  880  896  931  941  959 1029 1146 1200
 [91] 1206 1275 1247 1377 1499 1402 1467 1573 1681 1730 1793 1913 1945 2013 2258
[106] 2320 2240 2427 2483 2657 2674 2769 2814 2868 2998 3257 3411 3484 3541 3667
[121] 3858

[[71]]
  [1]  10  16  14  11   9   9  12  10  12   8  15  19  18  26  18  14  29  24
 [19]  22  18  35  39  28  27  23  31  30  25  45  36  29  20  23  33  30  27
 [37]  34  28  25  26  27  21  24  19  18  25  36  35  27  21  34  41  30  35
 [55]  40  39  40  46  45  42  39  39  40  56  46  59  62  77  78  72  54  86
 [73]  94  89  89  77  96  89  97 113 108  87 111 125 138 131 129 135 139 137
 [91] 144 148 161 164 169 175 168 192 205 228 239 244 245 301 287 273 289 278
[109] 303 295 314 366 340 329 338 395 396 420 396 412 444

[[72]]
  [1]   10   24   18   10    8   13   15   13   13   10   18   24   17   18   28
 [16]   25   17   13   16   24   28   25   21   36   36   34   29   29   28   33
 [31]   34   30   34   35   45   53   53   59   70   70   72   80   85   96   65
 [46]   87   85   98  116  133  119  106  112  101  131  160  135  132  157  138
 [61]  158  146  187  158  147  149  164  155  138  167  171  194  182  191  199
 [76]  215  231  213  237  274  263  259  211  241  268  289  310  328  344  342
 [91]  350  357  404  413  406  428  423  416  481  471  474  542  582  592  560
[106]  582  622  663  689  751  783  841  882  843  865  852  983  982 1066 1202
[121] 1211

[[73]]
  [1]  10  31  32  25  17  17  15  27  44  37  28  27  23  22  22  28  19  20
 [19]  18  22  17  16  16  12  25  24  18  16  29  30  33  26  23  22  26  30
 [37]  44  36  26  31  27  27  30  41  41  35  24  44  39  51  60  70  64  68
 [55]  67  67  67  75  71  94  91  98 100  83  93 101 124 106 113 120 117 115
 [73] 132 107 132 127 143 142 134 156 142 168 168 190 189 170 180 187 194 191
 [91] 205 234 250 220 231 247 267 249 275 311 307 328 285 307 324 353 399 403
[109] 416 410 437 465 513 537 508 485 523 543 572 584 599

[[74]]
  [1]  10  39  23  18  14  19  12  16  16  24  19  20  23  21  20  19  15  23
 [19]  24  23  24  27  14  15  23  20  20  15  11   9  15  22  15  13  16  22
 [37]  16  14  23  22  26  22  23  27  31  36  33  38  47  37  37  29  34  38
 [55]  42  41  50  48  40  49  54  62  66  66  56  62  77  73  77  60  75  90
 [73]  83  93  87 113 113 118 123 130 137 137 149 125 170 173 198 199 252 273
 [91] 274 292 291 295 324 313 331 381 391 399 461 489 476 466 516 521 537 535
[109] 549 561 610 635 660 750 705 786 798 778 755 853 858

[[75]]
  [1]  10  30  24  26  16  17  14  11   8   9   8   7  12  10  22  20  17  20
 [19]  17  12  18  18  24  17  21  18  24  25  18  20  24  24  20  26  36  29
 [37]  26  30  23  26  42  54  76  66  55  56  62  68  79  57  61  40  62  56
 [55]  70  61  67  81  57  54  69  60  61  61  58  59  54  73  88  97  94  79
 [73] 101 113 113 127 154 164 159 176 163 193 208 213 211 230 231 248 280 264
 [91] 252 257 280 288 278 347 329 323 336 354 384 413 465 451 431 445 457 444
[109] 558 588 601 645 621 650 685 751 757 816 856 898 952

[[76]]
  [1]  10  30  34  32  27  25  35  29  32  24  24  19  23  21  26  26  44  33
 [19]  26  30  52  36  50  59  72  67  47  41  43  33  38  32  41  55  50  48
 [37]  41  60  62  56  56  75  80  55  59  69  79  75  84  79  77  90  74  88
 [55] 121  91 101 119 128 145 129 122 124 130 154 163 139 153 152 171 186 195
 [73] 189 216 199 195 203 204 207 197 193 190 228 228 237 217 268 243 256 280
 [91] 324 312 318 361 385 400 416 445 473 489 476 502 534 563 565 575 630 624
[109] 629 591 672 690 702 722 759 770 831 876 936 897 931

[[77]]
  [1]  10  31  18  15  12  18  19  13  12  20  18  28  23  17  19  25  22  35
 [19]  40  35  26  25  29  22  34  34  34  33  33  31  24  25  33  34  34  37
 [37]  48  43  40  42  42  47  68  62  57  50  43  50  64  71  88 105  99  88
 [55]  92 108 108 107 104 111 113 130 134 131 111 131 131 144 139 148 171 180
 [73] 184 179 171 187 165 151 141 169 165 196 185 168 184 202 229 263 234 247
 [91] 248 287 307 342 320 315 389 392 410 393 426 424 446 474 521 501 526 581
[109] 589 633 737 748 753 813 826 883 892 847 861 961 984

[[78]]
  [1]   10   34   30   22   19   24   20   19   22   15   19   28   29   30   27
 [16]   15   26   16   30   24   22   24   36   36   31   39   53   59   65   61
 [31]   53   52   62   59   67   75   74   75   75   89   74   67   78   83   80
 [46]   70   77  108  105  120   98   87   84   85  100  105  118  116  121  132
 [61]  140  160  194  231  221  206  204  218  240  267  275  251  254  284  275
 [76]  263  285  307  322  334  348  366  378  420  440  451  443  452  500  498
 [91]  537  500  554  627  647  636  694  725  695  731  781  842  832  844  849
[106]  960  977 1023 1049 1071 1117 1193 1282 1277 1269 1301 1366 1459 1530 1553
[121] 1639

[[79]]
  [1] 10 30 31 18 15 12 15 22 20 18 11  8 11  7 11 11  8  7  9 18 10  8  8 18 19
 [26] 13 11 12 15 14 15 21 19 16 14 13 13 17 28 33 21 18 17 21 17 17 20 25 36 31
 [51] 27 20 22 21 27 39 45 33 32 32 30 38 34 32 50 36 41 40 39 38 37 31 31 31 39
 [76] 32 21 28 24 23 17 11 13 11  9 14 21 15 11 21 19 21 16 16 19 21 11  9  7 12
[101]  7  6  6  4  3  3  7  4  2  2  1  1  0  0  0  0  0  0  0  0  0

[[80]]
  [1]   10   34   30   21   17   28   27   20   22   18   20   16   13   16   16
 [16]   16   29   21   28   27   32   45   55   48   42   41   73   86   82   73
 [31]   81  110   97   96   77   85   74  105  103  112  107  113  140  145  148
 [46]  133  138  148  147  157  139  153  155  164  159  182  202  177  190  186
 [61]  225  230  228  236  270  286  253  287  303  319  325  352  276  291  325
 [76]  309  368  436  445  432  460  488  503  514  604  628  637  697  742  778
 [91]  819  784  835  906  933  950 1004 1056 1130 1155 1259 1254 1264 1330 1365
[106] 1325 1451 1567 1603 1654 1693 1812 1895 2042 2145 2131 2263 2330 2436 2496
[121] 2572

[[81]]
  [1]   10   40   46   38   45   54   40   47   48   39   37   51   49   61   65
 [16]   63   85   84   89   84  114  110  120  119  149  140  132  171  158  157
 [31]  175  178  202  202  193  189  214  225  223  259  307  285  272  270  263
 [46]  312  326  325  362  347  321  346  367  391  359  401  385  388  424  453
 [61]  478  487  442  438  459  485  529  516  495  505  547  547  556  605  646
 [76]  755  715  729  731  799  883  864  888  927 1001  992 1046 1096 1150 1174
 [91] 1193 1318 1404 1369 1524 1626 1690 1849 1823 1823 1907 1926 2036 2102 2259
[106] 2354 2406 2497 2632 2735 2873 2928 3112 3309 3453 3481 3551 3668 3893 4105
[121] 4199

[[82]]
  [1]   10   31   25   19   15   15   27   21   27   30   39   43   49   42   32
 [16]   40   41   34   43   34   42   32   31   27   31   33   50   46   45   39
 [31]   32   38   46   50   46   56   63   58   63   74   73   76   81  101   92
 [46]   76   90   91   98  119  127  107  110  101  110  138  150  129  113  119
 [61]  147  161  151  182  182  212  208  192  195  209  241  253  297  315  327
 [76]  311  311  314  332  342  360  401  398  402  382  438  435  420  424  477
 [91]  494  533  572  600  647  658  645  683  686  715  702  765  738  811  838
[106]  888  937  963 1008 1058 1062 1089 1124 1228 1410 1305 1394 1389 1503 1574
[121] 1581

[[83]]
  [1]  10  20  23  18  16  14  14  20  20  20  14  12  19  22  23  22  19  22
 [19]  26  32  25  20  26  21  17  17  13  18  21  14  17  15  25  22  19  19
 [37]  23  27  27  32  33  27  35  51  50  38  39  48  37  42  38  35  57  51
 [55]  55  49  49  70  61  51  55  79  83  82  68  67  77  89  75  69  80  87
 [73] 102  98  63  67  61  73  68  58  73  87  99  85 101 119 115 131 120 120
 [91] 119 126 132 106 119 133 131 162 137 160 160 152 153 184 200 219 239 232
[109] 238 220 246 224 219 211 203 203 220 243 248 260 295

[[84]]
  [1]  10  20  24  17  21  16  13  20  32  32  32  27  28  31  34  33  27  33
 [19]  33  30  33  46  42  49  38  42  36  35  38  39  54  48  47  63  62  60
 [37]  59  72  88  90  78  83  75  99 104  87 105 103  95  87  92 100  99 101
 [55] 103 113 116 127 115 112 160 162 157 151 162 174 159 175 170 196 175 184
 [73] 193 229 224 227 266 297 273 252 280 273 252 322 335 325 304 345 354 374
 [91] 382 392 426 427 422 464 483 497 511 533 545 524 542 530 575 544 573 602
[109] 641 637 641 614 731 790 777 870 832 871 920 957 979

[[85]]
  [1]   10   25   34   23   21   18   27   23   22   23   24   37   38   56   66
 [16]   54   63   57   62   56   69   70   92   78   80   96   84   90   96  108
 [31]  122  112  111  120  125  109  120  131  123  163  147  156  179  172  174
 [46]  198  193  220  197  207  218  219  236  241  256  291  292  283  317  342
 [61]  364  359  368  376  398  450  511  516  522  516  559  556  607  652  763
 [76]  738  740  770  806  809  857  947  961  983 1051 1075 1156 1162 1241 1244
 [91] 1394 1516 1649 1639 1712 1816 1934 2073 2157 2202 2358 2344 2356 2590 2708
[106] 2803 2793 3032 3215 3291 3356 3458 3686 3637 3869 3972 4158 4321 4598 4887
[121] 5123

[[86]]
  [1]   10   27   25   15   10   13   14   16   17   15   20   13   11   13    9
 [16]    9   19   15   12   14   23   17   26   27   31   25   20   26   21   24
 [31]   17   24   26   43   42   32   39   37   41   61   75   73   81   82   62
 [46]   79   90   90   83   91   96   97   94  101  102  106   80   93   87   96
 [61]  123  130  130  137  122  111  135  127  148  142  134  162  154  167  191
 [76]  218  198  223  200  212  222  281  284  281  300  297  280  318  361  351
 [91]  365  362  408  382  451  457  461  484  480  547  631  604  558  653  686
[106]  722  721  708  762  731  852  903  984 1014  998 1086 1113 1164 1168 1233
[121] 1306

[[87]]
  [1]   10   18   20   26   24   19   25   24   27   15   17   18   25   23   19
 [16]   25   24   16   17   24   21   22   18   30   32   31   32   28   29   27
 [31]   24   60   65   58   61   59   45   43   55   61   72   91  100  102  106
 [46]  108  113   96   89  110  116  115   95  117  132  147  140  127  136  137
 [61]  142  163  184  178  164  184  170  204  232  200  227  237  243  239  260
 [76]  279  277  305  352  333  330  352  400  412  436  420  441  499  499  498
 [91]  469  508  565  574  635  671  694  657  713  795  887  916  899  937  950
[106] 1039 1110 1209 1160 1317 1327 1370 1398 1442 1527 1586 1639 1841 1777 1771
[121] 1881

[[88]]
  [1]   10   25   37   32   21   26   31   35   37   34   28   37   32   32   39
 [16]   44   35   33   38   43   39   41   52   38   42   63   42   43   57   62
 [31]   60   68   79   85   79   72   76   68  104  105  114  127  128  110  116
 [46]  134  150  127  129  150  156  162  183  185  170  165  207  233  260  274
 [61]  289  283  273  268  306  332  337  352  325  323  364  381  382  403  396
 [76]  408  406  400  430  446  469  475  482  459  520  553  620  612  649  708
 [91]  752  684  724  826  812  817  800  843  898  968 1024 1082 1110 1157 1200
[106] 1256 1244 1391 1454 1509 1555 1599 1657 1750 1779 1831 2000 2044 2143 2284
[121] 2307

[[89]]
  [1]   10   32   23   28   29   24   34   30   49   36   33   36   35   36   28
 [16]   40   48   41   35   30   25   22   26   41   34   36   63   66   65   65
 [31]   76   75   89  103   90   91   97  123  127  141  138  127  119  121  131
 [46]  137  133  122  124  130  123  114  118  143  158  172  164  152  146  179
 [61]  200  188  194  202  217  235  263  245  282  300  327  300  323  327  341
 [76]  361  386  374  365  382  419  432  446  393  368  428  450  499  473  498
 [91]  565  580  599  648  691  704  739  779  759  834  903  846  862  928  998
[106] 1078 1156 1095 1126 1194 1210 1236 1386 1413 1431 1577 1693 1693 1760 1801
[121] 1890

[[90]]
  [1]   10   25   25   27   22   36   32   35   35   33   34   48   49   45   43
 [16]   49   54   34   47   53   57   58   44   49   63   67   60   60   82   97
 [31]   78   68   69   95   96  111  109  132  137  125  120  115  134  147  139
 [46]  147  139  138  159  163  171  163  222  186  199  181  184  216  216  235
 [61]  215  226  279  305  329  337  280  279  324  397  421  391  408  453  480
 [76]  476  512  511  557  622  667  683  678  795  754  785  892  840  943  944
 [91] 1019 1097 1114 1170 1211 1216 1329 1375 1531 1554 1676 1816 1815 1892 1863
[106] 1939 2011 2159 2253 2340 2392 2507 2619 2594 2895 2931 2998 3185 3352 3499
[121] 3657

[[91]]
  [1]   10   29   37   27   19   21   18   40   38   34   37   44   30   36   40
 [16]   55   60   90   76   59   56   65   86   88   80   69   66   92  107  119
 [31]  128  119  127  128  150  154  167  134  160  195  196  191  175  189  199
 [46]  207  216  215  220  220  236  282  272  293  314  335  385  408  424  440
 [61]  451  558  581  538  571  582  661  690  690  745  787  830  829  834  862
 [76]  892  969 1014 1005 1066 1097 1132 1151 1245 1289 1300 1401 1469 1548 1700
 [91] 1797 1720 1766 1809 1920 1986 2053 2033 2124 2090 2204 2266 2492 2582 2738
[106] 2751 2799 2845 3014 3255 3320 3354 3288 3487 3695 3937 3982 4151 4347 4666
[121] 5036

[[92]]
  [1]   10   40   34   30   38   35   38   49   42   46   35   43   39   45   44
 [16]   55   86   76   65   52   56   65   75   94   74   66   79   86   66   71
 [31]   89  112  129  107  104  114  112  144  154  155  156  138  154  204  207
 [46]  206  200  192  251  243  273  253  263  281  291  288  313  321  368  343
 [61]  431  382  374  380  403  417  392  473  508  532  511  530  547  572  664
 [76]  717  686  725  801  805  859  860  842  892  884  945 1036 1098 1133 1168
 [91] 1174 1213 1327 1349 1417 1499 1550 1614 1750 1822 1886 1903 2025 1997 1990
[106] 2088 2167 2250 2361 2583 2702 2768 2963 3034 3126 3258 3528 3719 3817 3938
[121] 4081

[[93]]
  [1]  10  28  25  21  20  21  21  23  19  15  13  10   8   6   9  12   7  12
 [19]  10  10   5   4   3   2   8   7   5   4  11   9   9  10  12  17  24  24
 [37]  16  16  20  24  27  20  14  12  28  33  24  20  20  15  14  25  33  34
 [55]  37  25  26  24  29  45  37  40  40  43  74  70  54  71  68  59  53  60
 [73]  49  48  65  55  49  51  58  82  79  65  71  73  92  84  73  93  94  91
 [91]  88 102 134 134 136 114 113 118 132 168 125 145 146 162 147 172 182 185
[109] 160 175 178 175 162 150 205 180 204 235 234 216 246

[[94]]
  [1]   10   38   37   49   39   33   29   56   51   60   65   55   69   91   85
 [16]   99  105  101   95   95   79   87   81   92  109  111  106  104   96  105
 [31]  106  111  128  146  129  166  159  152  147  168  181  185  184  172  178
 [46]  207  231  236  226  224  251  276  302  293  293  346  333  371  387  429
 [61]  453  476  482  503  484  513  570  642  670  689  677  731  736  758  792
 [76]  796  796  871  886  972  978 1043 1082 1058 1132 1156 1253 1294 1328 1432
 [91] 1557 1540 1589 1695 1743 1880 1975 2044 2119 2128 2177 2303 2396 2463 2579
[106] 2784 2729 2929 3037 3138 3204 3439 3457 3627 3681 3814 4059 4219 4332 4500
[121] 4701

[[95]]
  [1]   10   27   35   42   25   23   22   28   31   38   34   37   34   39   45
 [16]   49   58   57   55   56   48   38   37   68   63   64   72   97   85  101
 [31]   85   91   97  109  120  128  140  169  191  201  193  199  209  228  260
 [46]  241  297  309  292  318  329  299  319  348  355  335  378  438  456  455
 [61]  476  481  500  525  523  558  577  652  687  652  664  658  644  694  682
 [76]  752  838  836  933  987 1028 1024 1020 1133 1230 1239 1273 1234 1358 1432
 [91] 1442 1501 1517 1534 1574 1545 1698 1843 2084 2102 2124 2157 2330 2448 2550
[106] 2613 2597 2756 2797 3000 3057 3130 3241 3480 3647 3818 3907 4093 4397 4571
[121] 4737

[[96]]
  [1]  10  13  23  12  11  13  15  18  12  22  16  21  14  17  18  22  22  13
 [19]  13  16  10   7   7   5  15  19  15  20  23  18  25  22  28  28  20  17
 [37]  22  21  31  21  26  21  16  30  33  32  28  31  31  28  24  24  28  22
 [55]  30  26  26  32  30  34  32  41  29  32  28  34  42  55  53  43  55  67
 [73]  66  68  65  66  62  66  56  57  70  87  86  83  81  93  92 113 139 134
 [91] 133 131 146 142 115 153 170 177 204 209 210 221 233 266 268 299 290 309
[109] 301 345 357 344 383 367 407 399 484 513 491 499 464

[[97]]
  [1]   10   45   33   31   23   21   36   47   48   45   44   47   52   54   44
 [16]   42   38   38   50   59   68   70   62   67   68   69   63   68   76   85
 [31]   81   92  100   84   95   96  110  104  109  108  119  118  136  149  145
 [46]  166  148  146  133  138  154  170  189  185  177  190  213  206  210  214
 [61]  260  258  239  223  256  286  300  307  309  303  295  326  376  381  387
 [76]  363  407  445  457  481  502  493  501  506  520  593  608  628  692  733
 [91]  756  730  717  748  749  806  818  866  888  909  956  993 1014 1070 1115
[106] 1161 1186 1231 1224 1408 1398 1415 1439 1524 1586 1705 1682 1716 1761 1825
[121] 1837

[[98]]
  [1]   10   27   31   27   23   24   36   41   37   37   33   37   36   61   90
 [16]   73   55   66   82   59   70   60   71   74   68   71   73  100  108   89
 [31]   80   85   92  110  106  103   97   85   87   89   95   94  111  125  136
 [46]  133  147  132  133  159  156  151  164  164  175  185  180  227  208  209
 [61]  234  247  285  274  244  251  220  253  239  276  285  289  351  362  386
 [76]  379  403  456  474  485  505  481  518  554  578  596  618  615  666  677
 [91]  737  711  670  745  765  871  873  871  845  890  914  993  953 1012 1130
[106] 1199 1217 1345 1375 1458 1487 1527 1607 1720 1783 1918 1917 1998 2008 2132
[121] 2234

[[99]]
  [1]   10   38   36   23   20   30   46   57   43   37   32   49   46   40   34
 [16]   40   52   47   50   63   61   65   59   65   67   75   82   93   87   98
 [31]   84   89   88   98   90   98   95   94   90  104   88  103  116  131  106
 [46]  114   99  121  113  150  152  128  115  157  142  159  169  174  181  201
 [61]  205  197  213  209  211  246  271  287  308  335  320  293  322  340  370
 [76]  358  359  389  404  386  389  425  457  450  468  476  510  544  547  555
 [91]  580  557  559  627  652  613  687  748  758  715  763  854  884  907  927
[106]  951  983 1039 1103 1138 1202 1252 1240 1252 1353 1501 1512 1556 1614 1740
[121] 1731

[[100]]
  [1]   10   43   43   29   25   31   36   39   53   47   48   50   34   49   47
 [16]   50   64   74   63   94   93   95   94  102  100   88   81   91  108  117
 [31]  132  148  132  121  120  144  155  174  164  176  160  173  188  214  205
 [46]  221  213  223  236  254  264  310  276  284  290  309  320  316  314  316
 [61]  374  409  401  411  446  448  458  456  452  508  516  551  555  606  568
 [76]  535  542  605  652  711  759  775  792  773  771  831  856  885  844  929
 [91] 1007 1014 1109 1189 1235 1196 1185 1279 1339 1361 1386 1488 1626 1649 1770
[106] 1744 1871 1971 2045 2088 2136 2266 2280 2443 2554 2658 2811 2946 3055 3252
[121] 3385

[[101]]
  [1]   10   22   26   30   22   17   24   39   25   24   19   21   32   30   25
 [16]   36   33   40   52   31   39   45   69   67   50   64   87   79   66   58
 [31]   59   68   75   74   69   63   60   88   78   87  102   89   67   86  103
 [46]  100  117   95  123  127  133  157  134  126  139  142  168  190  174  162
 [61]  179  211  216  239  241  276  254  239  243  299  285  290  323  305  292
 [76]  361  362  361  396  385  427  426  413  405  407  477  500  501  543  591
 [91]  612  593  594  614  706  727  723  755  768  767  779  847  894  929  934
[106] 1006 1070 1060 1122 1204 1236 1283 1349 1410 1428 1394 1504 1517 1645 1820
[121] 1845

[[102]]
  [1]   10   38   27   18   14   19   22   34   25   31   28   35   51   56   54
 [16]   51   57   63   56   65   68   79   99  108  101   92   90  101  111  132
 [31]  155  147  131  143  159  181  163  163  197  193  191  224  256  234  244
 [46]  271  268  247  265  287  304  290  282  320  364  381  378  375  427  507
 [61]  513  478  521  513  554  575  596  608  659  681  655  681  667  682  736
 [76]  759  760  773  810  811  899  946 1024 1054 1077 1104 1113 1215 1230 1250
 [91] 1334 1348 1397 1418 1431 1505 1611 1748 1746 1858 1813 1973 2019 2182 2117
[106] 2276 2362 2485 2555 2714 2852 2968 3080 3192 3488 3731 3946 4162 4240 4304
[121] 4553

[[103]]
  [1]   10   30   35   35   33   31   32   43   45   44   43   43   37   45   31
 [16]   34   30   28   23   25   25   27   23   30   34   31   39   57   48   56
 [31]   77   46   59   74   89   95   82   86   75   93  101  108  119  126  123
 [46]  122  109  104  104  139  158  114  108  123  114  122  126  143  166  151
 [61]  152  171  186  164  186  224  239  266  246  273  319  315  330  335  314
 [76]  348  416  403  475  427  411  419  456  519  502  486  508  498  574  561
 [91]  659  676  694  720  735  774  745  794  807  772  793  872  894  954  987
[106] 1003 1039 1113 1186 1294 1290 1298 1321 1339 1342 1399 1547 1643 1775 1815
[121] 1756

[[104]]
  [1]   10   35   34   24   21   25   40   44   25   28   30   35   47   38   32
 [16]   28   34   51   49   39   37   49   52   51   69   56   46   51   55   62
 [31]   62   57   60   86   77   73   65   92  105  105  127  114  115  118  144
 [46]  137  122  122  133  136  159  167  180  174  195  200  239  227  237  218
 [61]  210  251  227  253  245  295  305  341  357  359  375  381  414  417  372
 [76]  416  403  447  481  456  513  495  514  554  556  565  566  590  581  630
 [91]  690  661  708  787  800  789  839  821  876  939  956  937 1005 1005 1064
[106] 1098 1099 1144 1284 1333 1418 1437 1496 1642 1677 1706 1809 1943 2029 2063
[121] 2160

[[105]]
  [1]  10  28  16  19  15  14  22  16  22  16  20  24  22  20  17  17  15  15
 [19]  13  25  35  33  33  37  28  24  23  19  22  36  39  31  26  27  25  30
 [37]  39  32  40  35  40  36  38  36  48  74  61  68  68  58  62  75  85  79
 [55]  77  79  85 101  82  86  95  99 103 104  93 100 103 106 105  98 102 113
 [73] 112 101  97 129 133 154 154 157 169 160 166 159 176 187 202 223 206 210
 [91] 213 215 218 255 237 246 244 263 261 283 282 305 300 345 353 399 428 455
[109] 462 431 456 474 535 615 569 622 643 710 714 706 816

[[106]]
  [1] 10 22 17 23 15 17 19 23 15 14 14 14 10 14 13 16 17 10  8 12 17 15 11 13  7
 [26]  7  4  4  4  6  5  3  3  7  8  8  5  6  3  3 11 12  7  5  4  3  3  3  3  2
 [51]  2  7  5  4  2  1  1  1  1  1  0  0  0  0  0  0  0  0  0  0  0  0  0  0  0
 [76]  0  0  0  0  0  0  0  0  0  0  0  0  0  0  0  0  0  0  0  0  0  0  0  0  0
[101]  0  0  0  0  0  0  0  0  0  0  0  0  0  0  0  0  0  0  0  0  0

[[107]]
  [1]   10   23   30   14   10   10   14   12   10    8    7   16   25   16   20
 [16]   21   21   19   16   29   24   16   40   41   39   41   45   49   43   61
 [31]   73   72   69   58   60   68   57   67   82  102   93   98   98  110  107
 [46]   91   84   87   87   94  109  131  148  137  136  139  160  175  193  163
 [61]  169  211  229  228  218  208  222  263  294  287  305  290  314  355  371
 [76]  374  325  363  381  433  410  444  449  465  515  509  555  576  597  593
 [91]  609  653  695  707  719  743  839  865  850  875  963  951 1035 1121 1138
[106] 1139 1227 1213 1246 1257 1311 1369 1501 1568 1636 1678 1728 1722 1768 1804
[121] 1877

[[108]]
  [1]   10   22   25   22   26   24   19   17   25   47   56   53   57   55   73
 [16]   84   79   94  113  123  115  146  147  133  152  141  144  162  170  161
 [31]  180  175  201  213  212  215  207  208  208  215  212  230  241  257  264
 [46]  260  330  373  317  318  349  348  374  433  442  447  475  459  510  520
 [61]  540  549  600  642  610  694  711  738  787  811  798  823  880  886  910
 [76] 1026 1053 1161 1230 1273 1295 1353 1382 1439 1567 1665 1731 1743 1991 2056
 [91] 2170 2181 2234 2436 2555 2639 2653 2800 2874 2966 3102 3207 3432 3566 3832
[106] 3884 4068 4075 4158 4366 4472 4439 4634 4641 4884 5102 5226 5447 5757 6070
[121] 6226

[[109]]
  [1]   10   32   21   20   24   26   32   37   30   30   45   36   24   35   30
 [16]   40   32   35   38   36   33   32   27   36   30   33   34   32   30   28
 [31]   20   30   37   24   33   28   23   21   40   42   48   68   64   66   75
 [46]   85   88   78   96   96  111  114  116  114  149  178  155  149  153  159
 [61]  221  219  214  201  199  225  223  229  281  278  252  317  334  355  365
 [76]  374  365  411  423  460  513  523  542  596  588  694  735  750  809  827
 [91]  807  856  903  930  957  939  958  989  999 1012 1121 1141 1097 1135 1151
[106] 1234 1244 1340 1361 1393 1464 1589 1677 1748 1817 1923 1913 2079 2184 2267
[121] 2431

[[110]]
  [1]  10  35  26  26  28  37  32  33  26  23  24  30  31  28  24  21  27  29
 [19]  37  31  49  45  47  40  36  29  36  38  36  48  60  56  48  60  66  64
 [37]  63  67  72  62  72  63  93  75  72  75  80  72  90  76  92  83  83  92
 [55]  98  84  97  94 105 110 119  98 114 135 125 107 133 159 153 166 159 158
 [73] 177 190 165 180 201 171 189 188 219 199 191 208 211 255 255 231 257 247
 [91] 255 254 252 280 297 318 312 329 350 358 406 435 418 451 471 450 473 460
[109] 517 537 549 560 603 622 621 678 705 704 686 706 758

[[111]]
  [1]  10  32  36  32  27  29  31  25  31  24  28  19  25  34  30  41  31  32
 [19]  28  30  22  19  24  23  34  38  35  36  38  33  32  37  32  43  41  40
 [37]  40  38  42  50  59  45  58  50  49  59  59  57  73  96 101  97  81  77
 [55]  82 103 120 121 129 131 120 122 132 119 124 118 159 134 136 136 132 119
 [73] 111 159 167 154 181 170 182 192 196 218 222 230 232 255 298 251 263 334
 [91] 329 325 329 330 393 430 432 481 462 444 517 544 558 584 592 595 576 592
[109] 655 649 715 697 706 750 761 850 876 901 851 871 945

[[112]]
  [1] 10 33 20 14 15 13 16 12 21 12 14 14 20 11  9  7  6  6  5 11  5  3  1  1  0
 [26]  0  0  0  0  0  0  0  0  0  0  0  0  0  0  0  0  0  0  0  0  0  0  0  0  0
 [51]  0  0  0  0  0  0  0  0  0  0  0  0  0  0  0  0  0  0  0  0  0  0  0  0  0
 [76]  0  0  0  0  0  0  0  0  0  0  0  0  0  0  0  0  0  0  0  0  0  0  0  0  0
[101]  0  0  0  0  0  0  0  0  0  0  0  0  0  0  0  0  0  0  0  0  0

[[113]]
  [1]   10   34   31   23   20   18   20   28   35   39   38   39   37   61   62
 [16]   62   62   53   54   51   58   56   53   58   52   77   77   69   75   91
 [31]   66   71   71   70   66   75   83  103  111  100  105  112  123  103  110
 [46]  118  122   98  107  101  144  150  142  121  146  158  176  191  193  212
 [61]  191  162  189  179  232  246  217  242  239  268  266  290  293  318  345
 [76]  357  366  371  403  422  429  441  450  447  511  543  537  576  588  615
 [91]  638  655  662  643  674  716  757  812  784  834  885  951  971  999 1029
[106] 1111 1056 1011 1020 1099 1184 1207 1266 1274 1341 1379 1468 1579 1558 1640
[121] 1727

[[114]]
  [1]   10   28   20   15   11   16   15   12   18   32   40   40   37   35   40
 [16]   35   38   49   46   46   53   58   53   56   66   70   60   63   55   60
 [31]   60   67   70   65   60   68   73   59   74   65   54   60   70   73   90
 [46]   90   76   79   72   78   89   89   77   82   87   80  106  138  139  146
 [61]  152  148  150  166  172  165  155  161  165  191  227  207  206  223  227
 [76]  231  269  248  242  270  272  282  305  332  339  345  370  384  350  338
 [91]  415  470  481  540  571  605  632  674  678  696  740  753  751  830  904
[106]  914  990 1003 1080 1061 1039 1148 1197 1273 1255 1247 1242 1372 1533 1555
[121] 1475

[[115]]
  [1] 10  8 18 14  9  7  6  5  4 10  6  4  3  3  2  1  1  4  1  1  1  4  3 10  5
 [26]  7  4  2  1  1  0  0  0  0  0  0  0  0  0  0  0  0  0  0  0  0  0  0  0  0
 [51]  0  0  0  0  0  0  0  0  0  0  0  0  0  0  0  0  0  0  0  0  0  0  0  0  0
 [76]  0  0  0  0  0  0  0  0  0  0  0  0  0  0  0  0  0  0  0  0  0  0  0  0  0
[101]  0  0  0  0  0  0  0  0  0  0  0  0  0  0  0  0  0  0  0  0  0

[[116]]
  [1]  10  24  18  23  20  15  19  16  11  14  15  20  31  23  19  24  21  16
 [19]  23  28  18  27  38  39  40  38  44  53  47  41  51  58  45  45  44  44
 [37]  47  41  43  47  43  45  43  50  75  65  60  56  51  44  34  45  55  52
 [55]  47  46  52  59  56  59  69  83  81  88  74  72  61  64  80  76 105  95
 [73] 115 118 106 128 126 131 127 150 156 158 168 154 190 189 195 220 227 221
 [91] 248 235 220 263 300 332 321 316 308 296 318 341 360 391 380 386 374 403
[109] 422 481 460 494 537 529 493 490 517 527 550 566 625

[[117]]
  [1]   10   33   26   25   19   23   19   29   35   24   41   44   42   35   32
 [16]   31   39   42   51   39   40   44   50   43   50   44   58   50   42   43
 [31]   44   48   52   43   43   50   60   78   77   77   66   89   76   83   74
 [46]   88   89   71   81   82  101  121  127   97  120  118  128  111  136  168
 [61]  173  153  176  208  220  200  217  220  250  219  240  242  238  228  258
 [76]  281  293  286  273  325  308  307  358  378  365  378  426  424  443  477
 [91]  487  472  510  511  505  542  532  574  603  637  671  732  782  879  922
[106]  879  922  929  983 1022 1068 1134 1164 1166 1138 1229 1369 1441 1429 1407
[121] 1465

[[118]]
  [1]  10  35  31  30  21  28  28  33  29  20  24  26  30  31  21  25  36  33
 [19]  37  42  33  49  42  43  43  59  54  47  39  37  51  56  36  38  35  46
 [37]  48  34  46  33  46  39  51  39  36  39  49  54  65  54  63  50  47  35
 [55]  41  36  51  52  46  38  46  36  26  37  40  53  53  45  50  48  47  41
 [73]  41  67  82  68  67  65  50  50  73  65  75  70  85  95  79  94  82  89
 [91] 102  93  91 108 103 107 113  97  93 116 123 101 107 100 108 127 130 120
[109] 129 132 118 115 111 120 136 134 152 174 174 182 173

[[119]]
  [1]   10   40   42   29   22   19   21   42   37   29   23   25   47   50   58
 [16]   44   38   43   51   66   64   49   54   61   53   66   75   60   60   75
 [31]   91   90   95   91   82   91   89  100  141  146  155  163  168  178  165
 [46]  164  182  209  197  210  210  222  193  204  223  236  256  247  265  278
 [61]  286  266  261  266  304  316  334  365  347  348  369  386  422  461  473
 [76]  486  538  545  548  590  567  612  621  601  587  615  700  774  811  842
 [91]  825  834  928  921 1002 1077 1180 1324 1340 1329 1409 1440 1570 1615 1690
[106] 1770 1827 1838 1920 2048 2085 2165 2175 2294 2455 2607 2702 2670 2856 3042
[121] 3167

[[120]]
  [1]   10   36   18   21   15   14   16   22   24   19   22   32   24   22   23
 [16]   26   41   40   40   52   56   67   65   64   54   54   70   62   52   62
 [31]   64   64   68   84   94   73   65   82  106  117  109  116  113  125  121
 [46]  126  149  159  174  160  205  231  234  236  219  238  245  260  243  281
 [61]  340  347  325  332  377  420  420  438  437  502  486  523  554  572  607
 [76]  612  597  607  632  701  730  773  769  749  771  733  769  863  867  863
 [91]  923  946 1024 1030 1078 1128 1242 1393 1477 1476 1480 1569 1591 1622 1785
[106] 1850 1835 1898 1930 2040 2049 2130 2268 2328 2493 2509 2556 2600 2762 2929
[121] 3109

[[121]]
  [1]   10   24   20   22   17   14   44   40   25   24   28   20   26   31   34
 [16]   34   27   26   25   39   40   38   46   42   52   42   40   51   58   75
 [31]   65   61   63   63   64   68   78   75   68   63   66   86  100   84  106
 [46]  102  118  135  114  144  147  161  144  161  168  154  193  243  257  253
 [61]  250  232  276  294  272  284  313  306  301  306  285  303  354  411  383
 [76]  408  430  432  492  529  549  516  556  560  589  648  630  600  585  608
 [91]  678  643  709  753  747  832  771  769  793  850  942  966 1018 1089 1141
[106] 1149 1156 1201 1259 1362 1466 1421 1489 1617 1646 1657 1808 1869 1905 1910
[121] 1940

[[122]]
  [1]   10   17    8    5    4    4    4    3    8   12   15   11   10   14    9
 [16]   22   15   22   22   23   15   20   19   27   24   27   20   21   27   29
 [31]   25   38   34   40   46   57   47   56   50   54   44   45   53   49   49
 [46]   40   61   57   68   76   78   77  112   98  114  114   94  119   99  105
 [61]  125  115  126  132  124  117  148  154  156  158  156  166  198  209  228
 [76]  231  228  213  246  256  249  268  269  288  292  302  337  382  374  391
 [91]  398  459  426  424  441  456  487  483  535  528  584  583  620  647  650
[106]  736  790  827  914  914  945  996  979 1111 1120 1227 1303 1277 1334 1373
[121] 1483

[[123]]
  [1]   10   40   32   28   25   28   43   32   28   32   41   56   44   37   30
 [16]   37   52   50   45   40   54   44   76   80   76   60   72   74   88   75
 [31]   80   96   99   96   87   81   92   95  105  115  109   94   94  114  119
 [46]  117  122  136  124  136  147  132  162  176  157  171  166  156  181  188
 [61]  254  254  265  256  257  295  332  324  342  358  385  409  395  427  411
 [76]  392  389  381  468  474  493  509  471  489  543  543  545  537  605  622
 [91]  658  706  748  733  764  857  893  906  970 1025 1067 1118 1129 1147 1163
[106] 1158 1264 1315 1350 1387 1500 1552 1579 1590 1631 1738 1774 1908 1866 1998
[121] 2117

[[124]]
  [1]  10  40  34  28  21  18  22  22  21  32  21  24  18  22  34  29  26  21
 [19]  27  33  41  36  34  33  34  35  29  27  25  25  22  25  19  24  18  24
 [37]  24  22  18  25  25  26  22  26  26  24  22  14   8  15  13  13  10  15
 [55]  17  14  27  26  17  22  38  36  31  26  27  15  18  15  17  22  28  33
 [73]  27  25  40  37  40  29  46  54  37  30  35  35  32  27  45  42  45  45
 [91]  39  37  37  41  54  63  59  68  59  74  82  85 105  93  87  95 108 128
[109] 132 123 107 120 131 159 140 146 159 170 161 152 166

[[125]]
  [1]  10  24  18  21  24  26  31  31  40  27  45  37  43  55  45  38  32  34
 [19]  40  55  59  55  65  70  68  54  49  42  37  41  48  39  36  33  38  48
 [37]  39  39  46  44  33  45  35  51  71  47  53  53  47  55  53  61  80  80
 [55]  88  78  81  77  91  95  97 118 119 123 105 113 115 144 147 128 143 146
 [73] 147 143 148 189 180 154 178 182 198 210 203 234 226 284 296 274 281 276
 [91] 296 356 394 425 372 379 433 434 460 464 448 459 513 572 558 579 562 581
[109] 582 624 661 678 637 649 744 757 773 801 846 947 992

[[126]]
  [1]   10   35   26   27   23   31   34   27   30   30   31   31   27   24   32
 [16]   25   34   26   38   36   27   41   31   37   40   40   63   47   41   38
 [31]   40   45   42   35   40   38   44   47   43   46   45   60   61   68   68
 [46]   72   74   74   85  110  119  136  125  110  124  132  146  141  151  160
 [61]  162  175  186  193  197  201  154  170  198  208  195  199  191  204  212
 [76]  203  177  177  185  199  224  215  206  266  285  248  271  245  308  305
 [91]  296  303  337  348  378  364  390  424  416  429  449  436  498  536  583
[106]  594  635  623  679  755  855  792  878  923  976  977 1011 1079 1064 1106
[121] 1151

[[127]]
  [1]   10   45   30   26   24   26   37   50   38   52   43   46   65   57   61
 [16]   64   72   75   83   81   79   80   83   86   93   97  108  104   83  102
 [31]  111  131  149  139  129  141  150  149  151  164  181  164  186  184  177
 [46]  212  213  244  228  216  257  265  269  246  296  315  290  296  284  302
 [61]  287  310  346  337  340  358  359  378  407  427  428  434  440  456  473
 [76]  493  484  511  563  604  636  621  688  721  742  730  724  723  790  752
 [91]  788  846  888  930  941  960 1015 1048 1107 1089 1144 1262 1371 1340 1337
[106] 1337 1515 1583 1671 1800 1888 1920 1907 2021 2083 2281 2404 2422 2616 2579
[121] 2698

[[128]]
  [1]  10  20  13  10  14  14  10  16  21  13  17  10  13  15  18  32  19  27
 [19]  20  16  19  39  33  23  32  26  27  25  29  28  27  21  15  12  15  25
 [37]  20  26  18  21  14  12  30  20  31  24  25  24  25  21  18  28  23  29
 [55]  26  31  23  29  27  31  28  23  23  29  28  32  47  48  50  41  33  44
 [73]  43  51  38  34  40  32  23  35  46  41  37  43  46  37  39  60  50  49
 [91]  44  54  68  60  55  64  63  75  71  95  90  84  97 111 102 100 122 107
[109] 132 119 120 160 175 172 154 154 139 161 179 167 176

[[129]]
  [1]   10   30   22   14   13   15   19   22   29   27   36   34   42   55   40
 [16]   47   44   57   65   84   97   98  113  106   99   94  113  128  123  116
 [31]  144  136  153  156  202  208  192  204  269  290  308  264  273  266  306
 [46]  271  286  308  344  344  319  358  361  412  463  435  429  414  485  525
 [61]  525  574  579  617  652  712  743  744  760  836  841  855  930  954 1012
 [76] 1030 1067 1110 1181 1176 1221 1212 1290 1398 1442 1566 1590 1593 1634 1719
 [91] 1853 1976 2096 2101 2164 2364 2410 2451 2585 2722 2908 3027 3081 3271 3410
[106] 3576 3659 3866 3986 4154 4321 4512 4791 5003 5349 5555 5676 5983 6255 6573
[121] 6803

[[130]]
  [1]  10  11   6  10   6  11  12  12   9   6   5   4   3   3   5   3   3  10
 [19]   6   6  12  13   8   8  17  17  19  15  10  10  12   8  13  12  11  10
 [37]  20  16  14  14  18  27  16  12  14  11  27  34  31  31  26  20  18  25
 [55]  19  27  25  30  31  22  28  45  51  47  44  30  42  52  62  53  63  70
 [73]  82  89  84  92  91  91 113 107 103 122 108 108 139 121 147 129 173 202
 [91] 204 201 222 228 228 289 274 323 328 351 326 334 330 361 400 434 460 481
[109] 469 477 528 494 478 529 537 523 555 555 556 542 561

[[131]]
  [1] 10 29 23 16 13 10 10 15 11 10  9 11  9 16  9  7  5  5  8  6 12  9  7  6  5
 [26]  3  8 11  9  9  6  6  5 16 15 13 11  9 12 14 10  7  7  7  7 11 16 17 13 11
 [51] 15 13 20 20 15 17 19 21 19 16 14 11 19 12  9  9 16  9  7  6  5  3  5  3  6
 [76]  3  2  1  1  1  0  0  0  0  0  0  0  0  0  0  0  0  0  0  0  0  0  0  0  0
[101]  0  0  0  0  0  0  0  0  0  0  0  0  0  0  0  0  0  0  0  0  0

[[132]]
  [1]  10  33  25  21  18  16  23  40  26  21  28  27  24  26  26  25  24  22
 [19]  22  21  28  31  21  22  19  35  30  35  29  29  25  23  30  24  30  25
 [37]  33  35  41  33  36  33  32  31  30  29  44  35  44  37  31  41  33  37
 [55]  29  31  46  44  49  50  54  48  55  43  53  54  60  53  63  67  68  52
 [73]  58  54  53  64  56  56  56  54  55  61  55  51  69  67  73  87  91  95
 [91] 112  87  82  89  76  79  58  80  81  86  86  99  82  78  92  89  86  89
[109]  86 104 105 115 136 116 129 123 111 113  98 116 120

[[133]]
  [1]   10   23   17   12    9    8   13   17   23   24   25   23   20   21   28
 [16]   34   21   29   21   24   24   32   37   39   45   40   56   61   51   49
 [31]   56   52   60   49   52   54   57   78   72   84   86   74   95   91   94
 [46]  119  123  118   92   98  106  125  151  152  138  133  127  151  165  186
 [61]  197  207  226  246  229  246  250  262  228  234  290  295  307  311  349
 [76]  385  400  397  365  386  398  392  445  468  473  494  527  536  568  544
 [91]  619  713  656  625  654  730  772  814  824  830  810  821  884  929  926
[106] 1052 1071 1161 1212 1229 1254 1244 1219 1366 1366 1505 1505 1518 1552 1646
[121] 1752

[[134]]
  [1]  10  23  27  29  22  17  25  20  23  31  20  16  15  17  24  23  31  25
 [19]  23  32  30  25  20  28  39  32  35  28  30  44  43  34  26  28  26  17
 [37]  19  26  23  30  38  31  28  33  25  27  36  37  59  61  50  51  70  63
 [55]  68  61  69  71  71  74  89  78  81  89  88  84  83  89 119 107 111 121
 [73] 116 144 156 173 172 173 171 175 183 178 177 162 195 190 211 222 199 191
 [91] 224 238 290 295 295 300 293 314 315 281 309 335 376 367 451 443 454 475
[109] 506 547 584 583 615 606 625 709 713 708 784 859 902

[[135]]
  [1]   10   42   39   53   42   38   56   63   58   52   49   69   79   76   67
 [16]   70   68   80   84  114  110   97  112  110  123  117  130  127  122  128
 [31]  125  151  176  195  217  195  203  231  239  238  235  236  228  261  279
 [46]  303  332  355  384  380  390  388  434  439  459  472  472  507  481  532
 [61]  521  578  634  620  613  591  689  720  768  734  761  861  831  902  949
 [76]  949  922  940 1046 1056 1083 1146 1281 1318 1347 1350 1404 1477 1599 1686
 [91] 1768 1837 1941 2008 2130 2255 2266 2254 2334 2475 2641 2705 2816 2799 2892
[106] 3058 3187 3254 3373 3624 3894 4069 4064 4192 4237 4467 4922 4919 4962 5055
[121] 5301

[[136]]
  [1]  10  42  33  27  24  19  18  24  42  33  24  25  29  13  16  15  25  33
 [19]  22  22  27  43  41  63  58  55  53  74  78  77  80  84  54  66  66  69
 [37]  75  84  78  69  67  72  62  67  79  61  73  60  62  67  69  61  54  46
 [55]  51  53  52  53  58  74  79  73  67  69  81  80  79  95  81  91  80 113
 [73] 104 124 110 110 148 133 140 124 153 175 172 163 171 183 187 200 210 221
 [91] 228 237 219 247 278 330 324 285 343 351 408 417 431 438 489 485 536 541
[109] 531 579 561 586 606 642 664 683 728 768 772 836 859

[[137]]
  [1]   10   25   33   29   24   21   42   39   29   28   42   44   42   40   50
 [16]   67   64   59   61   75   73   63   66   77   87   82   69   73   84   72
 [31]   84   82   95   96  115  120  137  136  150  146  162  164  174  167  171
 [46]  183  198  197  182  193  224  193  178  181  207  237  268  287  306  256
 [61]  309  376  358  344  342  347  376  367  380  411  406  390  468  512  510
 [76]  471  496  512  525  552  579  534  620  552  572  582  659  692  672  707
 [91]  726  769  841  876  983 1080 1129 1215 1144 1269 1255 1322 1431 1506 1673
[106] 1570 1674 1705 1787 2039 2155 2254 2257 2314 2416 2443 2519 2588 2708 2778
[121] 2807

[[138]]
  [1] 10 29 17 12 10  8 15 10  6  6  2  1  1  0  0  0  0  0  0  0  0  0  0  0  0
 [26]  0  0  0  0  0  0  0  0  0  0  0  0  0  0  0  0  0  0  0  0  0  0  0  0  0
 [51]  0  0  0  0  0  0  0  0  0  0  0  0  0  0  0  0  0  0  0  0  0  0  0  0  0
 [76]  0  0  0  0  0  0  0  0  0  0  0  0  0  0  0  0  0  0  0  0  0  0  0  0  0
[101]  0  0  0  0  0  0  0  0  0  0  0  0  0  0  0  0  0  0  0  0  0

[[139]]
  [1]  10  21  16  17  14  12  10   8  12  11  15  11   7   7  15  13  14  10
 [19]   8   8   5   5   5   6   4   3  11  16  19  13   8   8   7   5   3   3
 [37]   3   6  11  11  11  15  13  13  24  27  25  18  19  15  21  23  19  13
 [55]  13  18  29  28  21  18  25  27  37  71  70  55  60  71  75  58  68  65
 [73]  70  80  87  77  82  76  80  69  85  72  71  63  89 106  77  86  80  76
 [91]  88  84  96  96  99  96 103  88 100  91  95  85 101 112 122 116 142 145
[109] 128 133 186 189 192 179 174 198 173 194 217 224 201

[[140]]
  [1]   10   32   30   25   22   24   33   42   26   27   25   33   49   53   60
 [16]   63   65   71   61   68   65   71   81   68   77   77   75  107  108  106
 [31]  102  103  107  109  114   91   92  107  110  125  138  112  107   95  105
 [46]   94  135  135  141  151  161  150  165  173  180  174  177  159  162  200
 [61]  214  216  220  201  230  256  251  265  270  277  292  300  333  300  296
 [76]  333  358  353  348  422  437  445  423  433  491  457  544  563  624  615
 [91]  646  690  761  786  803  757  760  827  920 1011 1014 1046 1057 1149 1212
[106] 1293 1241 1311 1442 1429 1503 1610 1574 1699 1811 1849 1771 1818 1895 1955
[121] 2051

[[141]]
  [1]   10   37   28   24   20   24   23   30   26   32   34   25   34   42   33
 [16]   36   39   36   32   29   32   32   38   62   46   43   38   47   70   81
 [31]   69   75   65   69   87   99   71   67   74   92   71   90  115  145  122
 [46]  112  119  123  128  144  167  178  198  213  205  220  242  266  289  283
 [61]  266  290  305  352  352  362  357  399  385  399  439  456  518  531  507
 [76]  526  567  645  652  674  703  756  822  814  839  814  862  918  996 1076
 [91] 1148 1122 1238 1334 1272 1330 1440 1521 1496 1608 1682 1833 1803 1874 1875
[106] 2073 2067 2160 2237 2355 2616 2607 2618 2714 2817 2959 3037 3092 3097 3121
[121] 3587

[[142]]
  [1]   10   40   42   29   26   33   30   33   47   38   62   41   44   49   40
 [16]   42   52   51   45   83   84   76   79   80   79   90   83  104   97   87
 [31]  104  125  121   99  127  138  124  120  133  126  144  143  148  169  168
 [46]  203  192  213  210  218  233  223  250  288  263  274  305  332  331  300
 [61]  344  393  443  448  472  493  513  498  565  592  647  621  612  634  736
 [76]  786  779  842  891  959  913  953  981 1022 1081 1123 1218 1305 1259 1329
 [91] 1410 1493 1533 1651 1730 1709 1885 1978 1997 2047 2141 2139 2294 2289 2455
[106] 2526 2651 2855 2825 2958 3097 3315 3469 3553 3759 3937 3949 4204 4352 4584
[121] 4860

[[143]]
  [1]   10   17   24   30   23   18   22   16   26   21   24   17   13   12   18
 [16]   16   18   17   11   18   21   18   14   13   15   20   37   28   27   33
 [31]   44   59   62   50   50   57   72   83   62   86   78  103   92  121  125
 [46]  127  113  117  120  159  150  156  161  162  150  187  154  145  148  190
 [61]  233  235  211  235  225  249  246  251  270  276  293  304  345  342  313
 [76]  305  321  292  334  341  350  425  430  424  432  483  541  540  565  521
 [91]  530  592  578  580  579  676  696  749  752  721  777  821  845  833  903
[106]  917  964  971 1000 1083 1063 1141 1177 1321 1330 1331 1424 1457 1542 1614
[121] 1626

[[144]]
  [1]   10   48   46   36   35   40   40   44   57   58   53   63   74   70   83
 [16]   69   64   64   94  103   94  105  100  113  120   95  107  118  146  154
 [31]  155  136  148  186  186  191  203  207  220  240  222  241  235  260  291
 [46]  312  321  319  317  351  362  370  391  392  417  431  437  455  454  486
 [61]  513  511  527  537  579  625  628  645  691  674  762  760  748  777  853
 [76]  861  928 1022 1092 1103 1191 1222 1217 1240 1379 1405 1445 1491 1547 1571
 [91] 1605 1688 1689 1730 1821 1915 2018 2084 2211 2223 2285 2437 2517 2549 2615
[106] 2775 2869 2880 3015 3122 3123 3433 3514 3601 3588 3708 3879 4221 4383 4459
[121] 4635

[[145]]
  [1] 10 13  5  5  5  5  4  4  4  4  7 11 10  7  9  9 17 19 12  9  8  6  4  4  6
 [26]  7  6  5  3  2  2  1  1  1  1  1  1  1  1  1  1  8  4  3  3  3  7  4  5  3
 [51]  3  3  2  5  3  2  2 10  7 10 11  6  7  5 11  5  3  1  0  0  0  0  0  0  0
 [76]  0  0  0  0  0  0  0  0  0  0  0  0  0  0  0  0  0  0  0  0  0  0  0  0  0
[101]  0  0  0  0  0  0  0  0  0  0  0  0  0  0  0  0  0  0  0  0  0

[[146]]
  [1]   10   46   36   29   25   20   30   52   43   45   47   47   42   37   31
 [16]   52   55   58   52   51   40   52   64   50   51   41   56   55   48   66
 [31]   77   71   81   73   77   66   65   52   86   79   79   78   85   82   83
 [46]   91   91  117  115  101  108  111  125  110  113  147  161  177  178  178
 [61]  189  198  207  180  210  200  205  210  229  249  269  268  249  259  270
 [76]  318  322  323  316  374  363  404  390  365  380  398  405  449  445  443
 [91]  490  454  537  619  596  622  607  685  716  830  754  824  853  882  889
[106]  916  992 1036 1102 1144 1209 1219 1256 1348 1466 1525 1513 1586 1723 1830
[121] 1803

[[147]]
  [1]  10  44  26  20  19  16  23  28  25  16  11  13  16  20  17  14  17  12
 [19]  12   7  21  22  22  23  23  24  17  26  22  21  19  21  38  39  37  31
 [37]  23  24  22  28  18  18  17  14  20  38  32  34  37  35  46  40  37  51
 [55]  40  34  31  27  31  24  33  37  27  29  41  41  44  49  46  42  36  48
 [73]  73  58  45  47  50  63  62  75  64  52  63  47  43  70  67  82  86  74
 [91]  68  70  70  84  78  78 103 103 106  98 116  95  95 107  89 102 124 129
[109] 116 165 141 143 141 176 157 139 172 173 169 187 192

[[148]]
  [1]  10  11  30  21  26  35  24  32  23  15  19  22  20  15  12   9   8  11
 [19]  16  11  15  11  10  17  24  25  27  19  14  27  26  20  24  30  24  23
 [37]  26  38  34  51  43  36  36  50  54  55  61  53  49  68  49  42  43  43
 [55]  34  33  45  46  76  63  55  56  56  50  53  68  58  59  60  60  69  71
 [73]  81  92  91  97 102  90 102 111 120 109 122 110 111 115 121 104 119 125
 [91] 133 129 126 133 120 105 116 132 150 149 163 143 130 182 179 177 173 174
[109] 194 207 205 232 227 235 242 228 265 291 301 302 331

[[149]]
  [1]   10   50   37   35   32   33   35   42   46   49   58   48   48   62   54
 [16]   60   67   80   85   82  105   87   78   92  111   82   96  104  107  104
 [31]  118   97   93  126  122  102  127  118  131  140  156  152  180  184  156
 [46]  151  189  174  179  197  222  216  247  259  255  275  276  276  305  291
 [61]  312  322  331  339  377  402  430  458  467  514  533  582  592  608  637
 [76]  614  627  662  692  751  740  776  897  923  939 1012  968 1032 1106 1173
 [91] 1139 1178 1173 1226 1309 1284 1353 1384 1392 1455 1497 1643 1700 1746 1821
[106] 1795 1806 2002 2192 2229 2226 2256 2361 2486 2544 2627 2657 2956 3057 3248
[121] 3372

[[150]]
  [1]   10   54   34   23   20   16   25   20   21   17   15   21   23   21   25
 [16]   27   32   30   26   29   30   20   27   33   33   29   24   28   31   32
 [31]   36   28   27   21   20   17   24   18   21   26   27   25   29   35   30
 [46]   25   30   36   69   62   63   76   67   80   97  115  107  105   99   94
 [61]  119  105  107  127  132  157  151  149  151  170  211  192  196  210  224
 [76]  261  266  284  317  327  326  343  366  394  420  436  419  430  460  475
 [91]  488  551  591  648  698  736  808  803  789  785  840  831  865  883  915
[106]  927  930  987 1057 1089 1140 1141 1160 1217 1359 1374 1398 1374 1392 1389
[121] 1518

> save(reslist, file=paste("output",iter,".rda",sep=""))
> 
> 
> ###############################################################
> 
> 
> # Clear the workspace and turn off graphics.
> #  Load all the functions you need by sourcing the provided demographic.R file
> #  Read in the job number from the cluster. To do this, your code should include a new
> # variable iter and should start with the line:
> # iter <- as.numeric(Sys.getenv(PBS_ARRAY_INDEX))
> #  Control the random number seeds so that each parallel simulation takes place with a
> # different seed. Your function should therefore set the random number seed as iter so that
> # each parallel simulation has a unique random seed.
> #  In each parallel run, select the initial condition to be used. Ensure that 25 of the parallel
> # simulations are allocated to each of the initial conditions.
> #  Create a variable which is the filename to store your results. The end of the filename
> # should be the number iter to ensure that simulation files do not overwrite one another on
> # the cluster.
> #  Initialise a list which will contain the results of your 150 simulations.
> #  Call the stochastic_simulation function to do the appropriate simulation 150 times,
> # appending the output to the results list, and then save the results list.
> 
> #four initial conditions (25 cluster runs per)
> #each cluster run runs simulation 150 times
> #1) large population of 100 adults
> #2) small population of 10 adults
> #3) 100 individuals spread
> #4) small population of 10 individuals
> 
R has finished running

============================================

        Job resource usage summary 

                 Memory (GB)    NCPUs
 Requested  :         1             1
 Used       :         0 (peak)   1.00 (ave)

============================================
