R is about to run

R version 4.4.1 (2024-06-14) -- "Race for Your Life"
Copyright (C) 2024 The R Foundation for Statistical Computing
Platform: x86_64-conda-linux-gnu

R is free software and comes with ABSOLUTELY NO WARRANTY.
You are welcome to redistribute it under certain conditions.
Type 'license()' or 'licence()' for distribution details.

R is a collaborative project with many contributors.
Type 'contributors()' for more information and
'citation()' on how to cite R or R packages in publications.

Type 'demo()' for some demos, 'help()' for on-line help, or
'help.start()' for an HTML browser interface to help.
Type 'q()' to quit R.

> 
> 
> growth_matrix <- matrix(c(0.1, 0.0, 0.0, 0.0,
+ 0.5, 0.4, 0.0, 0.0,
+ 0.0, 0.4, 0.7, 0.0,
+ 0.0, 0.0, 0.25, 0.4),
+ nrow=4, ncol=4, byrow=T)
> 
> reproduction_matrix <- matrix(c(0.0, 0.0, 0.0, 2.6,
+ 0.0, 0.0, 0.0, 0.0,
+ 0.0, 0.0, 0.0, 0.0,
+ 0.0, 0.0, 0.0, 0.0),
+ nrow=4, ncol=4, byrow=T)
> 
> clutch_distribution <- c(0.06,0.08,0.13,0.15,0.16,0.18,0.15,0.06,0.03)
> 
> #=========================================================================================
> rm(list=ls())
> graphics.off()
> source("Demographic.R")
> source("kl2621_HPC_2024_main.R")
[1] 0 0 0 0 3
[1] 3 3 2 2 2
[1] 2 2
 [1] 7 5 4 3 2 2 2 2 2 2 2 1 1 1 1 1 1 1 1 1 1
> 
> 
> ###4 initial conditions
> 
> ############################################################
> 
> 
> 
> #VVVVVVVVVVVV-------------COMMENT ME OUT WHEN RUNNING THE THING
> #iter <- 5
> #VVVVVVVVVVV--------------UNCOMMENT ME OUT
> iter <- as.numeric(Sys.getenv("PBS_ARRAY_INDEX"))
> set.seed(iter)
> 
> 
> if (iter <= 25) {
+ initial_state <- state_initialise_adult(4,100) #100 adults
+ } else if (iter >25 && iter <= 50) {
+ initial_state <- state_initialise_adult(4,10) #10 adults
+ } else if (iter >50 && iter <= 75) {
+ initial_state <- state_initialise_spread(4,100) #100 spread
+ } else {
+ initial_state <- state_initialise_spread(4,10) #10 spread
+ }
> 
> reslist <- list()
> 
> ####100 cluster runs
> ###################################################
> ####150 runs of stochastic_simulation per cluster run
> for (i in 1:150) {
+     #################################
+     ###120 steps of stochastic_simulation per simulation
+     stochasticresult <- stochastic_simulation(initial_state,growth_matrix,reproduction_matrix,clutch_distribution,120)
+     reslist[[i]] <- stochasticresult
+     #################################
+ }
> ###################################################
> 
> print(reslist)
[[1]]
  [1]   10   17   30   25   26   41   28   30   31   36   38   38   32   23   34
 [16]   32   37   38   40   37   44   49   59   67   79   64   61   70   90   84
 [31]   79   85   96  130  120  119  128  118  110  125  143  158  153  170  186
 [46]  197  208  209  209  231  206  197  220  210  219  203  213  258  317  320
 [61]  321  340  358  426  403  435  489  524  516  544  557  593  603  595  625
 [76]  633  693  725  680  684  719  778  768  795  775  849  877  938  964  993
 [91] 1018 1128 1128 1147 1212 1277 1311 1331 1412 1428 1486 1636 1671 1613 1716
[106] 1955 1983 2094 2060 2205 2269 2482 2448 2593 2665 2855 2991 3080 3172 3291
[121] 3361

[[2]]
  [1]  10   5   3   2   7   5   4   2   2   2   2   2   2   2   8   7   6  11
 [19]   7   4   4   4   2   6   6   5   5   5   3   3   9  12   8   7   4   4
 [37]   3  11  12   7   5   4  15  11   9   8   7   6   6   5   3  14  21  30
 [55]  24  21  20  34  27  30  39  41  49  54  45  58  61  52  41  47  48  48
 [73]  54  48  57  69  64  83  67  54  48  78  58  62  75  65  74 107 117  95
 [91]  87  90  85 111 102  91 105 121  99 110 103 147 162 165 165 186 185 175
[109] 186 201 192 212 214 233 254 238 227 208 208 239 226

[[3]]
  [1]  10  18  11  14   8   9   7   7  10  10   6  12   8   7   7  11  11  14
 [19]  16  24  22  21  16  19  15  24  32  25  29  28  24  30  39  44  38  31
 [37]  39  47  50  50  48  50  48  47  55  56  59  61  61  46  67  58  58  61
 [55]  56  49  49  69  68  66  81  82  73  77  82  92  80  89  88  97 104 122
 [73] 115 101 101 117 141 141 136 144 141 155 144 160 160 183 173 179 167 193
 [91] 190 186 182 198 208 255 241 274 270 277 284 308 321 360 356 352 344 416
[109] 409 415 422 386 408 410 435 491 504 518 479 485 568

[[4]]
  [1]  10  11  10   6   6   6   4   4   4   4   4   3   8   2   4   8   7   4
 [19]   4  12  10  16  12  10  14  17  21  24  23  17  21  17  17  21  21  20
 [37]  23  21  29  39  47  44  43  36  34  44  46  39  34  39  46  59  63  53
 [55]  57  58  55  69  69  73  83  70  76  89  75  93  76  81  80  81  75 102
 [73] 111 112 111 109 110 116 118 146 150 174 145 139 168 180 190 202 169 183
 [91] 205 237 255 270 253 288 305 349 357 349 364 371 362 363 391 450 452 489
[109] 483 490 479 520 539 610 618 682 672 733 739 794 778

[[5]]
  [1]  10  20  20  19  19  13  20  24  23  19  14  14  11  22  24  18  24  19
 [19]  11  11  19  17  17  19  26  23  19  14  13  26  16  24  30  19  25  33
 [37]  37  30  26  23  21  23  37  31  48  33  31  29  36  30  33  51  65  56
 [55]  50  45  44  54  70  67  68  78  72  82  89  99 106 112 119 122 129 130
 [73] 143 128 145 117 123 126 160 166 150 152 165 153 143 147 149 139 162 148
 [91] 161 200 192 186 195 204 225 259 235 234 270 281 287 286 279 279 316 317
[109] 345 316 292 339 393 364 370 396 394 402 447 483 511

[[6]]
  [1] 10 13  9 13 10  9  7  3  9  6 11  8  5  5  5  9  8 11  6  4  2  2  7  9 13
 [26] 10  9  6  9  7  4  4  2  2  2  2  2  2  1  1  1  1  1  1  1  1  1  1  1  1
 [51]  7  4  2  2  2  1  1  1  0  0  0  0  0  0  0  0  0  0  0  0  0  0  0  0  0
 [76]  0  0  0  0  0  0  0  0  0  0  0  0  0  0  0  0  0  0  0  0  0  0  0  0  0
[101]  0  0  0  0  0  0  0  0  0  0  0  0  0  0  0  0  0  0  0  0  0

[[7]]
  [1]   10   14    9    8    8    8   14   20   18   16   19   16   20   15   15
 [16]    7    6   16   19   14   17   20   25   24   19   34   26   24   21   20
 [31]   30   24   29   29   28   31   39   37   27   24   27   32   42   44   40
 [46]   35   29   30   33   40   46   44   52   56   51   51   70   94  103   94
 [61]  100   93  111  108   90  115  128  137  125  138  141  174  154  158  151
 [76]  196  178  177  186  192  198  210  254  254  259  280  242  263  291  309
 [91]  299  309  306  322  342  369  362  394  415  410  429  485  487  481  592
[106]  624  647  637  688  698  740  775  813  817  853  913  943  934  946 1054
[121] 1063

[[8]]
  [1]  10  14   8   9  16  13  10  18  13  10  12  11  15  15  15  12   8   7
 [19]  10  16  18  36  25  26  29  28  25  29  41  49  47  37  52  55  50  47
 [37]  44  57  56  66  66  65  59  63  62  58  79  74  69  60  62  82  88  98
 [55]  81  92  91 102  89  94 100  92  87 107 117 120 116 111 150 127 129 131
 [73] 151 159 136 124 133 137 129 137 140 133 149 169 187 166 172 163 172 193
 [91] 190 180 187 205 224 254 265 281 272 296 314 315 339 365 374 404 423 448
[109] 493 541 603 609 630 583 648 626 704 725 708 716 748

[[9]]
  [1]  10  12  10  11   9   6  11  23  26  18  17  11  14  18  18   8   7  13
 [19]  21  21  23  22  19  33  29  23  21  31  41  33  31  29  39  40  40  47
 [37]  40  33  32  39  39  35  30  51  51  68  54  58  58  74  72  69  79  79
 [55]  89  72 113  86 100 117 114 100  94 106 109 106 116 123 133 130 121 159
 [73] 164 152 177 186 209 201 178 194 228 258 232 264 272 275 266 258 270 275
 [91] 237 285 314 307 324 326 344 386 416 407 466 490 473 457 485 494 502 516
[109] 546 570 560 597 650 719 732 753 756 801 904 962 985

[[10]]
  [1]  10  11   8   6  12   8   7  12   7   6  11   7  13  12  12  20  16  14
 [19]  14  11  16  26  19  21  24  20  19  19  19  16  15  18  18  16  22  18
 [37]  21  26  35  32  24  31  17  14  29  27  34  34  35  35  38  44  57  58
 [55]  47  35  36  56  75  90  74  81  79  77  82  95  86  83  86  90  95 112
 [73] 130 123 111 124 130 132 132 133 150 135 133 122 116 156 153 138 139 157
 [91] 178 188 171 171 170 174 187 175 147 146 174 187 199 223 224 238 244 251
[109] 287 306 330 398 377 397 397 416 469 514 539 532 590

[[11]]
  [1]  10   6   5   4   9   7   7   6   6   4   7   7   3   2   2   1   7   6
 [19]   5   5   4   3   7  10  12   9   8   8  14  13  15   8   8   7   4   6
 [37]  10  13   8   7   6  11   9   8   6   6   6   5   3   7   4   4   4   6
 [55]   3   3   3   9  10  16  14  10   8   9  22  26  24  17  15  22  25  27
 [73]  21  15  18  18  25  33  30  36  30  27  21  31  27  28  35  33  43  42
 [91]  54  54  38  52  50  51  50  53  66  57  51  66  76  87  90  81 104  96
[109]  90  78 105 114 111 122 136 135 142 124 146 147 177

[[12]]
  [1]  10   9  13  15   8  14   7   7   6   5   9  11   9  10   5  10   6   3
 [19]  10  14   8   7  12   7  13  10  12  10   6  13  14   9   8   7  13   9
 [37]  12   9   9  12   9   8   5   5  13   7   6  11  13   9  17  16  12  11
 [55]  15  15  22  22  28  29  22  37  36  40  28  30  39  29  27  26  24  24
 [73]  36  22  25  29  27  30  44  39  36  39  58  48  67  69  60  68  65  70
 [91]  60  61  70  69  89  76  73  80  86 124 104 114  96 124 112 113 120 129
[109] 123 138 165 160 173 152 186 194 206 204 206 193 183

[[13]]
  [1]   10   17   22   20   17   20   19   15   15   23   26   23   25   27   31
 [16]   29   40   27   32   25   20   20   29   30   28   33   29   24   21   34
 [31]   39   30   41   34   30   42   40   41   56   44   56   45   41   48   60
 [46]   61   59   63   58   87   88   88   87   99   98  105   98   85  116  103
 [61]  110  118  130  149  131  131  143  141  136  148  151  181  189  196  229
 [76]  211  205  229  228  248  251  259  279  306  341  311  359  378  402  408
 [91]  440  463  483  509  524  522  510  539  615  614  668  689  717  748  753
[106]  800  843  895  975  920  897  999 1042 1101 1112 1236 1275 1394 1403 1463
[121] 1640

[[14]]
  [1]  10   6   5  10   6  10   3   3   5   9   6   9   6   5   9   7   9   6
 [19]   6   4   4   4   4   9  13  14   9  15   8   7   6  10   8   6  13  17
 [37]  18  15  12  12  10  10  13  13  24  25  32  29  29  36  45  43  37  36
 [55]  38  52  58  61  70  66  58  62  73  71  85  86  89  95 112 123 120 136
 [73] 146 145 143 162 186 185 176 177 210 215 235 247 243 275 276 285 306 290
 [91] 313 312 342 357 342 392 424 462 497 519 516 481 525 487 570 556 623 576
[109] 591 599 652 709 724 736 715 812 824 856 846 878 874

[[15]]
  [1]   10    7   11    7    6   13   17   12    8    8   16   21   26   13   14
 [16]   28   24   27   27   32   36   30   27   29   39   43   45   36   44   66
 [31]   84   75   85   71   66   72   93  123  122  102   96   95  127  153  173
 [46]  161  147  164  195  217  230  222  237  251  263  276  309  318  289  304
 [61]  324  367  368  350  376  414  478  505  480  503  540  504  557  625  646
 [76]  697  682  748  762  755  756  774  776  823  888  896  904  975 1013 1034
 [91]  988 1116 1252 1215 1238 1354 1371 1387 1466 1555 1548 1545 1675 1770 1856
[106] 1904 1958 2070 2067 2089 2186 2313 2376 2507 2547 2588 2679 2906 2963 3082
[121] 3195

[[16]]
  [1]   10   15   12   14   13   11    8   14   24   21   24   20   18   15   15
 [16]   34   30   34   28   36   47   46   34   52   65   63   66   65   78   68
 [31]   71   61   65   73   77   93  101  107  114   97  119  107  113   97  108
 [46]  122  145  157  162  157  173  198  195  196  217  223  250  290  250  254
 [61]  246  273  304  290  274  314  328  376  332  349  404  454  465  432  466
 [76]  489  519  578  571  585  601  628  661  696  710  772  827  836  843  877
 [91]  947 1033 1018 1076 1070 1132 1111 1155 1219 1295 1272 1353 1395 1485 1567
[106] 1634 1652 1640 1774 1792 1897 2011 1971 2169 2293 2396 2312 2416 2524 2568
[121] 2605

[[17]]
  [1]  10  12   9   8  13  10  12   8   4   3   7  10   8   7   5   5  13  11
 [19]   9  14   6   5   4   4   4   4   3   3   6   8   5   4   4   4   4   4
 [37]  11   7   8   9   7   5   4   4   4   5   2   2   1   1   1   1   3   3
 [55]   3   2   2   1   1   1   6   3   2   2   2   1   9  10  16  10  12   8
 [73]  18  24  26  23  20  21  23  22  22  26  34  34  33  28  29  27  22  30
 [91]  26  22  24  33  31  30  52  38  37  29  52  61  73  68  71  64  61  59
[109]  63  73  73  69  75  98  88  88  93  93 130 131 143

[[18]]
  [1]   10   11    9    5    4    8    8   13    9   17   11    9   14   18   15
 [16]   11   17   28   24   24   26   21   23   23   47   40   40   51   50   46
 [31]   31   37   36   53   54   49   57   77   91   92  112  110   94  121  133
 [46]  164  149  139  167  158  143  169  190  182  166  185  211  202  210  240
 [61]  254  214  240  252  265  307  289  252  275  306  347  318  316  347  361
 [76]  390  407  446  490  507  476  504  536  584  574  612  614  630  632  676
 [91]  706  741  773  751  772  819  870  908  953 1001 1000 1041 1164 1180 1229
[106] 1285 1304 1341 1352 1467 1540 1600 1619 1599 1705 1820 1963 1921 1992 2028
[121] 2012

[[19]]
  [1]   10   11    7    7    5   11   12    9    7   11   16   10   14    8    7
 [16]   12   11    9   18   10    8    6    5    5   21   25   19   23   18   25
 [31]   30   33   35   27   30   29   37   29   27   30   57   49   44   42   48
 [46]   65   69   69   80   94   97   87   97  102  108  103  128  125  122  116
 [61]  124  118  132  136  139  145  149  157  136  123  146  158  139  144  184
 [76]  185  202  211  184  233  220  197  192  227  217  246  256  255  246  258
 [91]  298  291  297  311  336  338  374  391  409  441  440  459  521  543  608
[106]  601  615  631  669  741  742  781  812  831  833  929  896  923  965  991
[121] 1041

[[20]]
  [1] 10 14  8  5  5  4  6  3  5  4  2  2  1  0  0  0  0  0  0  0  0  0  0  0  0
 [26]  0  0  0  0  0  0  0  0  0  0  0  0  0  0  0  0  0  0  0  0  0  0  0  0  0
 [51]  0  0  0  0  0  0  0  0  0  0  0  0  0  0  0  0  0  0  0  0  0  0  0  0  0
 [76]  0  0  0  0  0  0  0  0  0  0  0  0  0  0  0  0  0  0  0  0  0  0  0  0  0
[101]  0  0  0  0  0  0  0  0  0  0  0  0  0  0  0  0  0  0  0  0  0

[[21]]
  [1]   10   11   10   17   13   11   19   30   21   23   24   25   25   24   23
 [16]   18   12   10   15   20   23   29   18   22   29   27   21   27   35   41
 [31]   33   38   37   33   51   56   56   73   62   51   67   78   61   69   75
 [46]   73   87   98   88   96   85   95   96  106  101  114  115  132  138  154
 [61]  143  132  129  114  148  159  170  205  207  181  199  243  271  248  290
 [76]  279  290  293  341  368  378  397  370  382  438  423  448  448  429  432
 [91]  447  473  469  465  457  515  541  569  567  555  572  603  663  728  824
[106]  823  823  838  900  900  915  917  903  891  944  962 1005  982 1063 1051
[121] 1099

[[22]]
  [1]   10    7    7   18   13   15   14   17   17   13   20   21   23   29   21
 [16]   25   21   19   24   38   36   37   28   32   33   36   24   19   16   36
 [31]   30   31   32   31   52   42   29   35   47   50   52   53   54   60   72
 [46]   70   62   65   67   60   74   99  122  111  106   91  103  152  144  162
 [61]  171  168  204  201  205  248  222  233  250  259  216  241  273  317  347
 [76]  329  358  362  337  384  367  362  385  394  354  399  407  429  392  463
 [91]  478  461  458  452  513  582  588  596  620  606  602  605  583  598  667
[106]  680  674  717  746  842  867  816  901  920  927  958  997 1043 1230 1218
[121] 1278

[[23]]
  [1]   10   12   14   14   11   12   21   20   18   29   18   18   21   16   19
 [16]   16   19   24   27   31   21   15   21   16   18   29   26   25   25   20
 [31]   21   22   34   29   27   28   21   21   26   22   27   46   53   40   49
 [46]   59   53   66   83   86   69   59   75   88  114   98  109  122  121  123
 [61]  133  126  121  146  141  132  127  129  151  131  154  141  167  170  170
 [76]  217  191  232  211  254  254  272  274  264  278  321  291  319  349  322
 [91]  342  396  388  402  410  408  460  445  435  462  510  499  505  547  566
[106]  663  698  720  678  759  762  856  908  905  925  930 1003 1060 1061 1128
[121] 1269

[[24]]
  [1]   10   15   11   16   10   11    8    7    6    6   12    9    8    8    8
 [16]   16   28   27   26   29   25   36   42   37   35   31   26   39   40   39
 [31]   48   52   38   42   46   47   58   59   64   61   57   93   78   73   82
 [46]   74   65   80  104  115  124  112  105   98  112  112  124  135  143  130
 [61]  138  157  156  162  144  183  195  265  225  218  211  257  271  293  325
 [76]  340  365  382  433  454  451  515  500  549  561  561  559  649  632  672
 [91]  721  705  761  751  775  860  878  932  924  974  975 1029 1073 1050 1093
[106] 1116 1242 1269 1380 1408 1378 1491 1569 1687 1719 1718 1853 1957 2044 2174
[121] 2179

[[25]]
  [1]   10    8   14   23   21   24   31   22   24   31   38   31   34   34   38
 [16]   47   48   30   33   61   60   48   41   62   65   71   76   74   69   63
 [31]   96   78   78   71   79   69   72   75   73   74   76   97  102  114  102
 [46]  103  138  142  145  138  147  159  166  191  177  183  210  211  232  228
 [61]  248  270  244  271  276  285  320  315  366  351  372  372  415  469  504
 [76]  516  558  579  633  628  623  657  706  685  710  739  753  776  830  863
 [91]  884  900  910  992  998 1021 1124 1137 1149 1261 1329 1340 1350 1413 1468
[106] 1611 1655 1681 1695 1696 1810 1912 2014 2115 2235 2306 2383 2527 2631 2739
[121] 2952

[[26]]
  [1] 10  9  8 10  6  5  4  4 10  7 16 11  6  6  6  6  7  9  5 13  9  7  3  9  9
 [26]  6  3  2  2  2  6  5  2  2  1  5  4  3  2  2  8  4  3  3  3  3  3  2  1  1
 [51]  1  1  6 11  8  7  6  3  3  5  3  3  3  2  2  1  1  8  7  4  4  4 12 21 13
 [76] 14 20 10 13 14 11  8  7  6  6  6  3  3  3 10  8  5  8  8  6  6  9  5 10  9
[101]  6 11 20 17 13 13 12 15 23 15 11 11 11 23 14  8  8  9  8 12 11

[[27]]
  [1]   10   13    8   11    5    3    3    3    8    8   10    8    5    5    9
 [16]    8    6   11    9    8   13   10   10    6   11    6    9   14   10   11
 [31]    8    7   11    7    8   13   15   10    8   16   23   23   30   30   31
 [46]   27   31   26   23   24   33   39   43   47   42   44   53   57   61   52
 [61]   47   62   69   74   66   86   88  101  109  123  108   94  130  122  109
 [76]  117  132  143  154  146  154  190  189  200  219  274  282  295  274  295
 [91]  307  405  419  471  457  487  482  495  540  581  617  658  715  729  802
[106]  801  837  861  841  870  914  982 1134 1174 1141 1183 1273 1332 1378 1444
[121] 1497

[[28]]
  [1]   10   11    9    7   19   15   28   24   23   29   36   44   47   45   50
 [16]   45   46   47   44   40   32   50   60   66   62   72   86   92  102  107
 [31]   96   94   88   91   86  112  117  124  124  138  149  137  141  150  135
 [46]  167  155  155  177  154  157  168  172  164  168  168  182  187  175  166
 [61]  203  215  204  202  205  237  268  240  228  268  269  313  266  278  313
 [76]  320  352  374  366  404  447  442  460  424  471  527  567  550  554  601
 [91]  650  652  678  773  741  760  770  768  843  836  854  858  893  949  992
[106] 1003 1129 1205 1224 1235 1302 1288 1374 1420 1408 1485 1587 1584 1684 1772
[121] 1895

[[29]]
  [1]  10  14   8   7   9   8   7   5   4   3   3   3   3   4   9   8   9   5
 [19]   5   5   4   4   3   3   3   3  10   8  18  18  12  13  11  19  19  13
 [37]  28  24  16  16  19  18  22  12  13  17  13  12  19  30  27  26  18  22
 [55]  24  34  37  42  50  48  64  66  76  66  57  60  53  62  60  60  63  72
 [73]  54  53  52  57  52  58  68  63  83  78  81  85  85  86  74  74  75  82
 [91]  73  96 100  86 111 142 125 114 116 111 150 171 159 157 150 165 182 174
[109] 176 153 148 161 171 185 189 220 195 175 217 232 198

[[30]]
  [1]  10   7   8   5   8   6   4   3   6  10   6   4   4   4   8   9   6   4
 [19]  11  13  10   9   7  13  12   9   9   7   6   6   4  10  23  32  17  20
 [37]  20  27  35  30  36  39  42  32  32  28  32  34  31  44  41  36  39  37
 [55]  40  39  39  42  62  56  60  51  58  51  76  81  95  82  66  67  65  85
 [73]  95  94  79  89 109 115 108 108 138 131 116 142 158 146 159 133 143 162
 [91] 167 184 163 155 161 162 161 186 200 218 227 237 224 250 264 275 294 280
[109] 282 281 298 317 355 366 382 434 443 445 474 471 489

[[31]]
  [1] 10  7  4  3  2  1  0  0  0  0  0  0  0  0  0  0  0  0  0  0  0  0  0  0  0
 [26]  0  0  0  0  0  0  0  0  0  0  0  0  0  0  0  0  0  0  0  0  0  0  0  0  0
 [51]  0  0  0  0  0  0  0  0  0  0  0  0  0  0  0  0  0  0  0  0  0  0  0  0  0
 [76]  0  0  0  0  0  0  0  0  0  0  0  0  0  0  0  0  0  0  0  0  0  0  0  0  0
[101]  0  0  0  0  0  0  0  0  0  0  0  0  0  0  0  0  0  0  0  0  0

[[32]]
  [1]  10  18  15  14   9  12  19  25  19  14  17  28  25  32  34  32  31  28
 [19]  34  33  30  25  17  24  33  37  34  26  29  51  34  40  46  47  46  45
 [37]  47  49  53  47  38  40  42  49  59  60  66  66  61  80  73  70  75  86
 [55]  77  93  93  87  94 112  99 121 124 137 126 110 117  99 127 135 143 129
 [73] 129 139 169 197 172 163 176 165 172 160 211 193 183 174 161 198 186 224
 [91] 248 232 233 257 250 277 291 347 357 348 360 366 379 369 385 422 425 479
[109] 475 500 498 556 587 604 633 615 648 709 674 654 654

[[33]]
  [1] 10 13 10  8 14  9  5  4  7  4  4  4 10  9 13  9  8  6  7 11  8  6  6  5  5
 [26] 11  9 13 14 18 14 17 26 17 21 16 18 18 28 28 20 21 25 29 30 35 33 48 40 37
 [51] 44 35 52 49 46 37 44 34 26 45 42 53 36 29 30 28 23 34 33 29 31 26 21 19 15
 [76] 13 22 34 38 37 32 36 36 34 46 56 61 56 45 37 47 51 40 40 42 35 40 52 39 40
[101] 47 45 49 37 28 29 33 42 51 34 26 24 27 44 23 23 23 18 28 28 36

[[34]]
  [1]   10   10   15   20   18   19   20   33   30   29   24   36   48   65   51
 [16]   71   63   82   76   70   65   55   64   80   64   70   66   55   53   57
 [31]   65   75   75   86   86   98   75   84   74   77   81   79  100   86   76
 [46]   91   73   72   80   84  103   94   97  117  137  146  123  119  158  144
 [61]  139  134  174  185  175  175  201  177  218  208  195  223  254  251  265
 [76]  242  256  279  313  321  327  310  347  348  363  352  384  394  410  439
 [91]  469  497  516  519  576  636  681  693  732  730  770  794  867  883 1008
[106] 1102 1045 1075 1062 1148 1170 1254 1257 1302 1322 1399 1478 1536 1586 1602
[121] 1718

[[35]]
  [1]   10   17   27   28   24   27   30   31   41   43   35   48   57   55   43
 [16]   59   66   56   50   49   44   49   63   78   79   73   77   64   57   59
 [31]   68   66   63   59   73   96  100  122  122  120  103  114  106  135  129
 [46]  162  166  179  194  201  234  230  242  238  262  233  269  281  287  240
 [61]  269  335  338  332  367  394  423  405  507  499  492  471  507  618  627
 [76]  631  660  724  734  744  787  786  832  885  854  860  875  916  999 1021
 [91] 1049 1072 1146 1151 1262 1309 1366 1401 1512 1612 1545 1634 1854 1871 1827
[106] 1975 2025 2171 2298 2377 2459 2477 2683 2736 2842 2944 3051 3109 3257 3427
[121] 3499

[[36]]
  [1]   10    7   10   12   20   18   21   17   19   22   17   20   23   36   33
 [16]   20   22   22   15   19   22   21   29   27   34   38   48   31   28   26
 [31]   39   49   43   41   45   61   50   52   60   57   54   61   76   87   84
 [46]   96   99  109  116  124  153  151  156  160  147  150  141  144  168  182
 [61]  192  180  169  182  201  181  202  223  217  223  239  241  235  289  298
 [76]  301  306  291  369  411  464  459  478  470  487  531  558  629  620  650
 [91]  664  712  743  745  762  805  836  894  920  888  972 1029 1026 1117 1184
[106] 1251 1268 1330 1306 1450 1550 1489 1639 1787 1911 1940 1933 2152 2196 2315
[121] 2497

[[37]]
  [1] 10  9 12 11 22 12 10  7 11  8 11 10  7  4  4  3  3  3  3  2  2  1  1  0  0
 [26]  0  0  0  0  0  0  0  0  0  0  0  0  0  0  0  0  0  0  0  0  0  0  0  0  0
 [51]  0  0  0  0  0  0  0  0  0  0  0  0  0  0  0  0  0  0  0  0  0  0  0  0  0
 [76]  0  0  0  0  0  0  0  0  0  0  0  0  0  0  0  0  0  0  0  0  0  0  0  0  0
[101]  0  0  0  0  0  0  0  0  0  0  0  0  0  0  0  0  0  0  0  0  0

[[38]]
  [1]  10  16  12   9   6   4   4   4  13   9  15  17  14  21  28  26  24  20
 [19]  19  19  23  26  25  33  29  33  28  24  45  41  49  38  34  39  53  48
 [37]  39  41  37  48  58  52  46  45  57  43  50  48  32  45  35  41  46  35
 [55]  38  49  47  39  33  35  70  58  36  39  42  39  38  65  56  62  63  75
 [73]  88  92  90  90  98 119  97  89 111 110  94 122 126 102  99 117 133 142
 [91] 139 124 127 136 160 147 130 110 135 138 146 150 147 138 151 155 158 171
[109] 169 162 191 171 190 190 184 195 239 210 245 219 234

[[39]]
  [1]   10   13   17   12   10    9   16   13   10    9    8    6   18   13   15
 [16]   11   13   12   15   28   33   34   36   42   43   37   36   29   28   18
 [31]   20   35   31   21   29   28   45   55   67   64   48   93  104  102   94
 [46]  101  112  121  112  134  143  150  158  156  147  150  155  160  159  156
 [61]  176  160  160  190  173  184  187  196  171  215  228  231  225  243  260
 [76]  233  257  248  251  283  312  337  347  343  355  366  397  400  432  451
 [91]  416  438  459  532  532  509  542  581  607  574  586  645  677  674  672
[106]  724  729  771  789  810  764  863  906  936  971  981 1003 1070 1105 1149
[121] 1291

[[40]]
  [1]   10    9   11   13   10    9   16   10   12   13    9   11    8    8    7
 [16]   16   12   16   12   10   12   16   24   28   20   20   20   35   38   61
 [31]   49   46   34   41   53   74   69   67   75   70   88   81   79   73   76
 [46]   88   94   92   99  108   88  108  118  158  175  160  160  153  187  183
 [61]  180  200  196  209  197  207  228  213  274  293  272  252  269  284  248
 [76]  228  238  280  256  317  311  307  280  334  336  367  373  392  353  374
 [91]  390  449  469  498  463  453  450  465  529  588  575  615  633  634  615
[106]  638  715  744  824  862  906  858  912  960 1058 1016 1079 1164 1200 1282
[121] 1326

[[41]]
  [1]   10   12   15   19   17   20   29   27   22   21   23   18   23   21   25
 [16]   32   34   27   26   50   43   34   29   35   28   28   25   26   25   27
 [31]   24   29   22   30   31   48   45   51   53   40   45   49   49   54   53
 [46]   62   71   74   84  102   90   86   78  111  118  100  109  138  146  148
 [61]  158  138  169  171  178  206  221  227  268  241  258  233  270  295  281
 [76]  312  319  362  366  361  340  417  427  460  461  478  509  512  491  549
 [91]  625  749  696  683  679  680  732  812  835  865  879  841  851  918  910
[106]  959  962  982 1027 1191 1148 1204 1226 1282 1278 1353 1463 1521 1604 1657
[121] 1656

[[42]]
  [1]  10  11   8   5  10   8   5   4  11  13   9   8   7   6   6  10  10   9
 [19]   6  13  15  13  10   6  11   7   9  17  18  22  21  21  27  30  21  20
 [37]  29  37  28  23  20  35  54  39  38  38  44  48  58  46  51  51  50  65
 [55]  53  61  59  74  57  56  67  80  83  87  87  94  86  86  89 100  95  99
 [73] 111 128 139 151 170 156 135 179 190 190 179 221 215 219 231 244 238 225
 [91] 210 207 210 221 224 209 211 232 221 221 244 273 253 285 274 300 337 359
[109] 373 394 366 422 383 426 420 460 461 470 482 489 530

[[43]]
  [1] 10  6  5  3  3  2  2  1  1  0  0  0  0  0  0  0  0  0  0  0  0  0  0  0  0
 [26]  0  0  0  0  0  0  0  0  0  0  0  0  0  0  0  0  0  0  0  0  0  0  0  0  0
 [51]  0  0  0  0  0  0  0  0  0  0  0  0  0  0  0  0  0  0  0  0  0  0  0  0  0
 [76]  0  0  0  0  0  0  0  0  0  0  0  0  0  0  0  0  0  0  0  0  0  0  0  0  0
[101]  0  0  0  0  0  0  0  0  0  0  0  0  0  0  0  0  0  0  0  0  0

[[44]]
  [1]   10   15   24   27   26   34   41   46   48   38   33   26   32   49   43
 [16]   31   33   34   30   30   41   23   31   22   30   38   37   32   32   28
 [31]   46   44   44   34   41   45   39   37   49   49   58   60   66   83   78
 [46]   91   90   91  104  108  148  158  129  139  151  165  157  154  164  186
 [61]  213  187  191  229  231  241  219  281  296  298  284  274  325  345  364
 [76]  348  344  390  408  433  467  517  519  522  545  586  616  592  591  637
 [91]  641  652  679  712  707  711  669  697  745  788  828  850  893  857  925
[106] 1016 1075 1093 1153 1208 1228 1297 1352 1361 1468 1550 1534 1658 1818 1957
[121] 2075

[[45]]
  [1]  10  16  13  16  12  21  17  14  18  13  11  20  17  18  14  23  15  14
 [19]  10  14  16  13  15  15  12  23  19  26  29  29  34  27  38  33  48  47
 [37]  62  60  55  57  60  55  44  55  70  76  67  80  51  53  62  67  73  63
 [55]  71  61  69  71  70  72  79  86  91 108 103  97  88  86 100 121 113 125
 [73] 123 121 115 119 128 114 136 167 164 133 122 160 177 187 162 179 204 216
 [91] 221 212 209 206 237 256 269 259 283 265 280 287 307 308 317 384 383 362
[109] 367 422 406 417 426 436 483 493 520 572 600 639 609

[[46]]
  [1]  10  11   8   8   6  11  11  12  18  13   9  21  22  19  14  14  13  27
 [19]  21  13  12  12  18  12  10  14   8  12  15  17  18  26  20  24  32  37
 [37]  29  32  28  21  25  26  22  21  17  25  29  35  36  47  43  36  35  39
 [55]  33  44  40  32  37  45  37  39  47  58  63  59  62  62  71  81  91  97
 [73]  92  98 126 126 103  99  97 104 115 137 146 142 161 152 165 186 170 178
 [91] 181 192 192 199 214 203 205 226 229 266 249 266 269 270 294 297 331 303
[109] 336 349 396 409 441 409 449 488 538 599 582 583 615

[[47]]
  [1] 10 13  9  9  7  9  6 10  7  5  5  3  2  2  1  1  1  1  1  1  1  8  6  2  2
 [26]  1  1  1  1  1  5  3  3  3  3  2  2  2  2  6  5  4  4  7  6 14  8  7  7  4
 [51]  4  3  2  1  6  8  5  3  3  2  2  2  4  1  1  1  1  0  0  0  0  0  0  0  0
 [76]  0  0  0  0  0  0  0  0  0  0  0  0  0  0  0  0  0  0  0  0  0  0  0  0  0
[101]  0  0  0  0  0  0  0  0  0  0  0  0  0  0  0  0  0  0  0  0  0

[[48]]
  [1]   10   16   12    9   15   14   14   19   10    7   11   15   12   12    9
 [16]   11   17   15    7    5    5   10    9    8    8    6    9   19   18   13
 [31]   12   23   16   18   17   42   42   40   34   39   59   76   83   92   91
 [46]   77   90   68   71   80   84  104  127  153  151  156  172  174  182  197
 [61]  204  233  260  255  255  280  310  303  324  350  401  403  363  411  425
 [76]  412  457  444  445  470  468  513  587  609  583  659  653  672  686  694
 [91]  767  779  835  836  872  880  944 1046 1129 1168 1196 1226 1349 1359 1360
[106] 1452 1522 1555 1500 1553 1672 1778 1838 1816 1844 2059 2187 2305 2294 2340
[121] 2491

[[49]]
  [1]  10  11  13  21  18  16  16  10   9  18  13  13   9   8  13  14   8   8
 [19]   8  11   6   4   4  11  15  12  10  10  14  10  14  21  24  17  26  27
 [37]  18  25  23  30  33  23  31  27  43  48  35  33  28  31  35  47  61  61
 [55]  50  34  44  37  49  64  65  65  51  52  54  50  63  53  44  40  40  43
 [73]  43  58  57  58  69  71  89  91  75  80  99 103 112 112 129 138 146 179
 [91] 166 188 205 240 233 235 221 191 251 244 255 259 298 287 291 344 322 350
[109] 347 361 402 383 431 396 403 466 503 542 566 541 544

[[50]]
  [1]   10   19   18   14   17   14   10   20   21   19   20   23   25   25   22
 [16]   14   21   41   31   24   19   29   30   33   47   37   30   26   40   40
 [31]   75   66   62   62   54   79   74   83   72   70   57   66   86  113  126
 [46]  137  126  153  143  150  175  187  203  193  200  200  236  241  269  264
 [61]  287  287  344  327  397  390  390  427  412  443  437  416  502  516  506
 [76]  462  476  480  520  581  570  585  591  614  643  665  694  726  771  789
 [91]  809  876  899  896  865  953 1031  980  995 1135 1163 1291 1296 1334 1338
[106] 1402 1439 1539 1631 1692 1674 1768 1799 1867 2022 2139 2179 2280 2397 2448
[121] 2585

[[51]]
  [1]  10  13   8   6  12  10  11   7  13  13   8  11   9   5   3   2   8   4
 [19]   3   2   2   2   9  13  22  28  25  17  16  15  22  22  19  33  28  25
 [37]  19  23  32  35  36  30  40  46  36  39  49  45  51  60  60  65  62  86
 [55]  70  66  69  68  83  69 103 101 105  97  96 117 125 106 103 102 108 110
 [73] 118 111  98 125 139 153 172 171 168 182 202 237 190 186 196 197 251 209
 [91] 202 204 212 218 207 230 259 306 295 309 286 311 303 340 349 363 355 338
[109] 401 416 424 427 447 474 446 461 474 495 518 540 564

[[52]]
  [1] 10  4  5  3  2  2  2  1  1  1  0  0  0  0  0  0  0  0  0  0  0  0  0  0  0
 [26]  0  0  0  0  0  0  0  0  0  0  0  0  0  0  0  0  0  0  0  0  0  0  0  0  0
 [51]  0  0  0  0  0  0  0  0  0  0  0  0  0  0  0  0  0  0  0  0  0  0  0  0  0
 [76]  0  0  0  0  0  0  0  0  0  0  0  0  0  0  0  0  0  0  0  0  0  0  0  0  0
[101]  0  0  0  0  0  0  0  0  0  0  0  0  0  0  0  0  0  0  0  0  0

[[53]]
  [1]  10  15  16  11  17  10   8  14  11  11  10   6   5   5  13  20  21  15
 [19]  10  13  16  20  20  17  13  12  26  14  20  19  15  16  17  24  25  24
 [37]  21  21  22  16  28  25  19  21  18  20  21  19  24  25  27  22  32  25
 [55]  30  36  41  35  28  25  37  40  36  32  28  31  47  44  41  29  34  51
 [73]  53  47  41  42  41  43  44  61  52  48  54  51  45  52  50  65  73  72
 [91]  68  81  92 110 101  98 108 101 115 101 114 107 100 113 106 124 129 150
[109] 130 132 139 166 163 165 186 202 188 202 221 228 209

[[54]]
  [1]  10  18  17  20  16  14  24  23  25  20  25  21  23  19  25  41  37  36
 [19]  36  42  46  44  36  31  35  36  37  45  45  36  35  39  41  32  58  61
 [37]  61  49  67  64  49  42  45  45  62  55  60  57  50  53  42  51  51  62
 [55]  79  74  68  72  74  81  84 101  99  99  84  74  97  87 100  92  95 117
 [73] 118 131 114 113 120 122 144 115 131 138 127 154 161 169 157 180 184 198
 [91] 211 170 190 231 205 215 204 231 235 243 263 256 298 297 256 245 265 336
[109] 343 362 355 366 422 371 415 471 467 496 456 537 521

[[55]]
  [1]   10   10   14   12   13   13   10    9   13   13   10    8    8   12   15
 [16]   23   20   14   13   20   17   14   19   14   26   37   40   24   23   32
 [31]   29   27   33   28   38   31   37   25   37   43   36   49   45   42   45
 [46]   37   31   39   38   43   67   64   57   68   82  103   89   79   89   99
 [61]   95  112  140  142  126  173  168  195  243  228  212  215  235  262  261
 [76]  271  252  282  268  267  304  320  379  392  358  363  406  412  442  411
 [91]  443  455  471  494  553  581  617  608  628  667  763  820  832  813  851
[106]  872  886  952 1032 1011 1145 1149 1203 1284 1346 1430 1424 1529 1557 1557
[121] 1654

[[56]]
  [1]   10   18   12    9   16   16    9    9    8    7    8    7    6    6   11
 [16]   18   19   16   25   32   36   34   33   45   36   22   27   28   38   47
 [31]   31   28   36   36   33   40   29   38   35   42   41   45   48   49   55
 [46]   54   62   59   71   70   83   68   82   88   93  106  100   98  104  113
 [61]  115  120  100   96  105  107  110  143  125   95   93   93  102  108  119
 [76]  120  108  105  116  140  125  112  129  145  158  153  177  183  185  193
 [91]  236  273  263  270  258  324  339  349  378  402  454  504  527  514  509
[106]  585  619  617  647  724  721  734  758  764  823  817  865  970 1004 1062
[121] 1066

[[57]]
  [1] 10 10 12 15  9  9  8  6  5  8  5  3  3  2  5 12 10  7  7  7 10  8  7  5  4
 [26]  4  6  4  4  3  3  3  3  1  1  1  1  1  1  1  1  1 10  7  8 12  6  4  4  4
 [51]  3  2  1  1  0  0  0  0  0  0  0  0  0  0  0  0  0  0  0  0  0  0  0  0  0
 [76]  0  0  0  0  0  0  0  0  0  0  0  0  0  0  0  0  0  0  0  0  0  0  0  0  0
[101]  0  0  0  0  0  0  0  0  0  0  0  0  0  0  0  0  0  0  0  0  0

[[58]]
  [1]  10  10  14  23  15  24  23  26  28  32  34  32  31  27  24  27  29  33
 [19]  28  25  29  30  26  24  17  26  29  25  20  18  23  36  30  26  23  37
 [37]  30  42  37  36  36  34  35  29  32  36  39  38  28  31  21  25  30  31
 [55]  36  34  31  30  27  24  19  16  19  10   8   7  10  11  11  12  20  13
 [73]  12  10  15  18  15  23  25  26  38  33  34  44  41  36  42  49  43  42
 [91]  42  41  37  41  33  39  48  46  46  73  59  62  68  75  66  67  81  83
[109]  76  75  94 126 111  99  90 117  96 127 103 101 124

[[59]]
  [1]   10   15   11    7    7   20   24   16   21   21   22   26   23   34   32
 [16]   27   33   39   39   46   43   36   60   55   81   83   87  107  102   81
 [31]   83   96   92  132  111  107  113  122  107  131  127  119  125  128  124
 [46]  124  100   99  112  119  122  132  124  151  169  165  168  171  163  183
 [61]  216  235  251  232  246  238  296  314  284  312  352  334  388  351  370
 [76]  359  407  413  373  420  449  447  436  491  526  533  525  575  596  599
 [91]  591  587  629  694  703  804  810  858 1002  992 1033 1006 1108 1134 1239
[106] 1294 1338 1265 1264 1370 1413 1479 1481 1583 1639 1633 1641 1657 1731 1806
[121] 1861

[[60]]
  [1]  10   8   5   5   8  11  18  14  14  24  34  22  24  35  26  22  24  30
 [19]  45  46  38  36  34  33  39  28  42  38  36  31  28  32  33  37  32  31
 [37]  28  44  41  51  48  43  50  58  57  57  72  72  74  72  81 102  95 110
 [55] 101  94  84  81  89  72  78  97  93 108 110  89  92 114 113 104 123 136
 [73] 110 116 121 119 129 134 155 157 176 169 182 179 155 175 187 206 243 235
 [91] 211 234 256 252 214 256 294 286 289 302 295 348 346 341 357 410 418 429
[109] 450 452 452 482 463 528 558 593 606 604 660 672 675

[[61]]
  [1]  10  14  14  12  13  12  13  15  14  11  11  14  18  16  13  12  22  28
 [19]  36  33  35  36  36  32  32  27  30  26  25  24  25  36  32  35  41  51
 [37]  48  50  51  39  52  46  46  44  52  59  58  56  61  66  48  45  46  51
 [55]  61  56  69  79  64  80  95  91  89  93 103  97 109 107 115 142 128 117
 [73] 120 150 130 139 154 162 174 198 223 208 173 204 203 197 207 238 268 243
 [91] 267 252 220 292 301 273 290 302 340 362 354 377 401 452 447 504 518 556
[109] 597 629 636 690 749 785 787 774 803 840 839 871 905

[[62]]
  [1]   10    5    4    2    5    4    3    3    3    3    3    2    2    2    8
 [16]   14   10    9    9   15   18   24   20   17   16   13   25   27   30   27
 [31]   37   38   37   36   44   51   59   52   48   60   65   51   49   51   73
 [46]   71   83   83   89   95   90  101  121  109  114  103  126  161  188  179
 [61]  183  203  173  192  214  221  255  234  298  305  305  297  351  405  397
 [76]  458  505  530  570  548  621  580  624  643  688  738  762  765  778  835
 [91]  875  879  924  921  988 1030 1089 1153 1270 1308 1264 1229 1420 1491 1549
[106] 1608 1710 1747 1852 1993 2145 2080 2183 2279 2462 2558 2663 2718 2841 2965
[121] 2975

[[63]]
  [1]   10   18   12   10   16   15   18   15   13   15   22   24   22   21   28
 [16]   25   29   27   21   30   29   46   33   39   39   46   49   46   56   79
 [31]   69   72   60   78   87   81  104  110   90   96   86   85  110   94   96
 [46]  102  103  145  134  131  129  124  150  151  177  222  199  203  202  234
 [61]  282  263  256  262  284  265  290  331  340  383  411  419  432  466  510
 [76]  515  543  602  596  616  649  697  692  735  729  762  815  820  872  918
 [91]  946 1061 1064 1141 1235 1311 1309 1329 1358 1438 1549 1597 1593 1704 1801
[106] 1899 2031 2162 2240 2387 2401 2631 2743 2729 2649 3020 3117 3192 3367 3608
[121] 3689

[[64]]
  [1] 10  7  5  5  5  4  3  2  1  1  2  2  1  1  1  2  2  1  0  0  0  0  0  0  0
 [26]  0  0  0  0  0  0  0  0  0  0  0  0  0  0  0  0  0  0  0  0  0  0  0  0  0
 [51]  0  0  0  0  0  0  0  0  0  0  0  0  0  0  0  0  0  0  0  0  0  0  0  0  0
 [76]  0  0  0  0  0  0  0  0  0  0  0  0  0  0  0  0  0  0  0  0  0  0  0  0  0
[101]  0  0  0  0  0  0  0  0  0  0  0  0  0  0  0  0  0  0  0  0  0

[[65]]
  [1]   10    9   15   13   10   10   17   14   12    9   13   28   26   21   27
 [16]   24   27   26   31   27   26   27   36   39   39   34   29   45   61   64
 [31]   70   67   62   56   65   78   82   81   89   91  105   95  136  151  165
 [46]  175  172  177  196  193  218  227  217  232  247  254  280  274  278  311
 [61]  298  277  298  278  284  308  348  336  332  360  398  357  404  424  482
 [76]  521  518  616  627  652  646  708  652  743  794  824  850  870  969 1004
 [91] 1021 1065 1056 1168 1198 1254 1235 1299 1293 1351 1384 1392 1357 1324 1485
[106] 1546 1597 1706 1765 1832 1896 1897 2088 2155 2341 2387 2397 2601 2692 2808
[121] 2947

[[66]]
  [1]  10   9   9   8  13  21  14  22  16  20  22  20  22  18  23  21  21  26
 [19]  23  18  17  15  26  32  25  20  33  22  23  22  21  18  16  18  17  18
 [37]  20  14  15  21  17  22  16  33  33  30  28  31  43  51  44  45  44  42
 [55]  68  56  63  59  74  91  96  83  80  88  70  79 110 136 129 115 115 132
 [73] 149 124 122 123 147 171 169 135 203 207 230 212 230 242 230 251 281 295
 [91] 282 296 235 243 291 284 309 358 364 395 390 359 352 379 430 464 472 500
[109] 493 497 502 539 569 585 587 603 618 634 663 723 759

[[67]]
  [1]   10   11    7    6    6   14   10    8   17   18   22   24   19   17   14
 [16]   12   26   26   37   36   37   32   23   36   33   45   46   43   37   48
 [31]   40   47   36   39   44   38   44   55   52   49   54   60   48   44   52
 [46]   44   57   56   63   52   46   57   61   68   70   67   67   97  107   86
 [61]   94  103  104  113  121  150  172  161  173  175  159  191  203  225  208
 [76]  222  248  233  244  275  300  278  258  285  294  315  330  323  330  361
 [91]  384  405  445  473  453  461  542  543  524  495  550  560  611  628  625
[106]  640  739  728  777  775  825  843  893  895  964  979 1068 1100 1108 1132
[121] 1106

[[68]]
  [1]  10  11  15  14  11  10   9  20  16  19  13  17  17  13  10  13  15   7
 [19]  10  15   9  20  11   8  13  12   9  15  25  28  19  19  15  25  21  22
 [37]  25  20  17  14  12  23  25  18  19  20  33  27  21  27  24  20  32  40
 [55]  39  51  41  31  37  42  44  48  39  51  42  49  64  64  65  66  74  93
 [73]  75  81 100 121 109 108 108 121 139 140 153 136 131 137 146 157 154 158
 [91] 176 172 187 171 155 167 197 221 183 218 221 244 248 272 286 304 298 338
[109] 355 334 347 341 414 440 439 453 508 465 474 539 542

[[69]]
  [1]  10  16  20  22  19  14   9  12   7   7   7   6   8  12  15  10  10  10
 [19]  14   8  15  26  22  22  31  26  22  25  25  23  42  40  32  37  41  46
 [37]  41  41  37  58  70  53  52  49  57  68  59  48  49  50  68  55  58  74
 [55]  70  66  81  87  82  66  59  62  61  69  63  51  59  72  72  60  83  88
 [73]  82  86  85  83  89 103 111 146 126 113  99  88 123 104 109 149 127 121
 [91] 112 120  95  88  99 107 115 108 112 114 130 116 136 130 129 126 130 156
[109] 141 144 170 163 179 176 164 150 138 173 199 209 200

[[70]]
  [1]  10  14  12  15  12  17  13  19  28  22  19  24  23  18  41  32  26  24
 [19]  29  32  29  36  42  32  25  30  36  46  33  41  50  51  51  61  45  50
 [37]  61  56  47  61  71  73  64  72  63  59  62  70  69  72  64  71  79  82
 [55]  77  53  50  50  61  54  37  45  57  49  64  49  64  62  59  63  70  69
 [73]  52  51  51  56  66  79  69  76  79  67  68  78  93  82  98  87  94 110
 [91]  99  89  99  96  93 102 130 145 129 155 152 162 146 145 137 157 172 185
[109] 174 173 185 221 213 201 208 217 245 229 254 293 306

[[71]]
  [1]  10  12   9   7   9   5   4   4   4  17   9   8   7   6   6   6   5  11
 [19]   9  10   5   5   4   9  13   9  12  15  12   9  11  14  10  11  10  15
 [37]   9   9  16  19  20  18  29  31  38  27  24  28  40  38  36  36  36  43
 [55]  41  30  31  48  47  63  56  56  63  63  77  76  64  69  93 102 105 120
 [73] 104 103 111 108 114 110 126 140 149 157 138 132 137 149 133 142 142 153
 [91] 152 153 159 143 149 144 169 168 162 180 188 205 218 225 234 241 245 263
[109] 254 284 282 283 291 338 311 325 328 342 331 381 393

[[72]]
  [1]   10   21   14   12   11   11   15   23   26   21   19   29   31   29   32
 [16]   59   44   59   68   58   61   60   61   55   43   65   70   57   64   69
 [31]   61   66   71   60   61   75   82   78   83   77   70   71   85   98   91
 [46]   92   87   85  118  123  114  126  125  123  164  144  142  137  151  155
 [61]  156  162  181  198  184  213  234  290  264  239  232  220  248  296  263
 [76]  290  338  340  369  342  367  353  360  376  445  483  497  514  589  624
 [91]  615  587  585  658  693  718  724  705  764  797  815  890  948  988 1009
[106] 1058 1106 1215 1210 1226 1225 1326 1456 1519 1562 1675 1786 1766 1837 1917
[121] 1876

[[73]]
  [1]  10   9  12  10   7   5   5   4  10   8   9  11  10  13   6   6   7   7
 [19]   9  10   8   5   5  14  13  16  12   7   9   7   6   8  17  14  12  11
 [37]  16  19  14  12  16  17  14  22  13   8  14  10  10  10  12  12   8   6
 [55]   6   6  11  14   9   8   8  17  25  22  24  17  14  23  31  26  28  28
 [73]  33  30  26  25  43  40  35  33  32  41  41  53  56  59  63  69  72  76
 [91]  74  75  86  74 110 123 113 110 114 140 134 139 143 157 175 170 192 174
[109] 177 191 198 181 207 201 222 201 224 225 227 287 275

[[74]]
  [1]   10    8    7    9   12   15   15   17   18   20   28   31   20   16   31
 [16]   24   19   33   31   35   37   40   34   23   28   33   45   28   32   31
 [31]   39   40   62   82   66   71   95   84   89  109   98  111  137  124  127
 [46]  139  115  119  135  157  137  124  135  140  158  176  191  195  190  191
 [61]  189  193  185  215  195  233  243  231  252  265  273  311  353  359  323
 [76]  345  349  355  364  371  408  401  454  450  456  500  465  555  519  567
 [91]  599  628  641  659  705  717  735  723  846  834  857  957  963  991 1000
[106]  994 1066 1165 1165 1170 1224 1306 1320 1404 1503 1522 1603 1658 1705 1812
[121] 1882

[[75]]
  [1]   10   14    8   13    8    7   17   11   14   11   10   18   17   21   25
 [16]   31   31   24   27   30   23   27   32   36   46   42   43   52   68   90
 [31]   92   88   87   94   86   80   64   80   71   80   79   87  100   95   92
 [46]   88   99  102  104  123  123  121  118  124  105  132  142  127  119  128
 [61]  151  146  144  144  132  156  152  161  190  172  177  177  220  223  221
 [76]  222  236  235  264  297  289  323  334  337  352  418  483  466  486  449
 [91]  521  532  579  611  625  616  629  722  800  775  828  825  823  882  913
[106]  900  894  971 1011 1010 1021 1042 1080 1090 1155 1198 1243 1296 1288 1339
[121] 1374

[[76]]
  [1]  10   7   6   6   6   6  14  11  11  10   9  11  16  13  16  18  17  14
 [19]  22  25  26  37  39  22  25  31  22  25  28  27  26  38  34  30  24  37
 [37]  41  36  39  39  31  28  36  43  44  44  35  36  39  40  51  76  70  55
 [55]  48  50  81  85  80  77  77  97  98  80  69  95 113  80  82  64  62  59
 [73]  81  67  73  69  67  87  66  62  75 101  98  96 102 111 105 127 121 130
 [91] 126 110 139 125 140 118 120 140 157 144 153 153 176 184 208 238 248 267
[109] 238 269 318 336 362 330 356 334 340 404 432 418 457

[[77]]
  [1]   10   15   13   12   10   15   14   13   12   12   11   15   21   21   15
 [16]   12   28   33   31   20   35   30   24   19   40   43   34   27   36   45
 [31]   30   31   19   22   22   41   43   49   51   64   59   69   81   77   85
 [46]   78  109   96  122  135  146  149  130  127  138  137  161  159  172  178
 [61]  199  181  196  187  170  205  219  236  234  249  265  280  324  264  314
 [76]  323  350  386  382  383  405  405  468  544  499  505  580  569  577  623
 [91]  669  705  718  754  744  776  845  827  833  915  906  919  992 1077 1124
[106] 1119 1179 1225 1289 1342 1396 1382 1458 1457 1563 1526 1686 1787 1832 1865
[121] 1885

[[78]]
  [1]   10   13   13   16   16   18   21   26   15   22   40   41   38   38   35
 [16]   45   29   55   57   51   53   52   52   57   63   53   54   65   66   72
 [31]   89   88   87  101  116  106  110  117   97  104  107  102  116  119  138
 [46]  123  137  137  145  177  176  144  156  173  192  201  209  217  241  216
 [61]  220  221  233  257  312  299  288  343  385  391  389  409  457  442  499
 [76]  483  538  536  573  605  619  625  590  595  617  643  730  765  726  780
 [91]  808  877  961  956  987 1051 1184 1141 1119 1161 1279 1327 1487 1563 1598
[106] 1621 1577 1725 1822 1888 2011 2102 2231 2137 2310 2379 2537 2571 2659 2717
[121] 2788

[[79]]
  [1]  10   7  13  16  16  22  21  17  14  11  20  13  12  12  11  23  19  20
 [19]  26  46  31  27  32  20  24  33  41  30  31  26  39  53  60  54  43  46
 [37]  54  67  68  71  80  67  69  63  58  75  72  69  73  85  67  64  65  72
 [55]  73  68  78  80  82  94 100  98 129 111 121 137 113 107 128 119 119 127
 [73] 152 146 160 148 172 153 161 178 170 193 179 203 246 249 263 259 277 298
 [91] 291 294 332 378 355 293 323 324 326 371 354 381 387 381 402 424 437 506
[109] 486 505 526 543 606 690 760 828 835 847 886 947 985

[[80]]
  [1] 10 10  7  5  4  3  3  3  3  2  1  1  1  6  3  1  1  1  1  1  1  1  1  0  0
 [26]  0  0  0  0  0  0  0  0  0  0  0  0  0  0  0  0  0  0  0  0  0  0  0  0  0
 [51]  0  0  0  0  0  0  0  0  0  0  0  0  0  0  0  0  0  0  0  0  0  0  0  0  0
 [76]  0  0  0  0  0  0  0  0  0  0  0  0  0  0  0  0  0  0  0  0  0  0  0  0  0
[101]  0  0  0  0  0  0  0  0  0  0  0  0  0  0  0  0  0  0  0  0  0

[[81]]
  [1]   10   15   19   11    9    6   12   16   14   12    9   17   12   25   20
 [16]   16   24   22   28   32   27   32   29   30   48   42   41   40   47   54
 [31]   58   56   52   59   79   81   84   85   71   80   93  102  100  103   93
 [46]  106  114  117  107  100  130  114  105  115  107   94   98  117  132  121
 [61]  138  168  188  185  161  148  160  182  183  211  204  196  182  218  198
 [76]  213  209  213  235  264  251  277  272  283  301  378  370  389  432  435
 [91]  443  409  438  458  509  483  559  583  559  627  585  609  647  659  674
[106]  673  711  703  767  803  882  931  986  970  998 1043 1017 1163 1183 1210
[121] 1317

[[82]]
  [1] 10 14 10 12 12  9  7 15 10  7  9  8  5  4  7  6  4  3  3  7  6  4  4  3  3
 [26]  2  2  2  2  2  2  2  2  2  2  6  6  5  4 11  7  6  4  4  4  4 21 21 17 10
 [51]  9 14 11 10  7  8 13  9  9 10  8 10 12 14 35 36 25 17 22 28 22 20 16 14 24
 [76] 31 35 27 30 37 45 55 39 37 38 50 35 35 32 34 25 20 17 23 28 22 22 29 23 24
[101] 22 23 33 33 26 33 33 48 45 41 35 38 32 59 41 47 49 40 41 41 35

[[83]]
  [1] 10 13 11  8  7 10 13  8  7 15 18 11 11  8 14 16 25 22 17 15 30 22 20 20 21
 [26] 22 19 17 17 12 10 10  9  5 10  2  2  4  9  7  5  5  3  3  2  2  2  2  2  2
 [51]  2  1  3  2  2  2  2  2  2  2  2  1  0  0  0  0  0  0  0  0  0  0  0  0  0
 [76]  0  0  0  0  0  0  0  0  0  0  0  0  0  0  0  0  0  0  0  0  0  0  0  0  0
[101]  0  0  0  0  0  0  0  0  0  0  0  0  0  0  0  0  0  0  0  0  0

[[84]]
  [1]  10  17  20  16  20  21  15  20  14  13  16  11   8   6   8  12   8  18
 [19]  11  11   9  13  12   7  13  15   8   7   8   7  15  14   9   6   6  12
 [37]   9   7   6   6   5  10   5  11   7   4   4  16  14  15  18  22  29  29
 [55]  28  36  38  39  29  38  38  51  37  40  38  40  39  56  75  78  70  63
 [73]  74  51  55  60  66  72  72  72  63  65  61  57  60  60  49  74  76  62
 [91]  52  69  55  71  66  71  59  44  65  67  65  76  66  56  54  74  59  91
[109]  80  73  75  55  85  91  94  91  91  93  97 105 100

[[85]]
  [1]   10   15    9    8   10    9   13   10   15    8   10   10    7    5    8
 [16]    5    4    3    3    3    4    8   19   12   16   16   21   22   25   34
 [31]   24   25   19   17   24   28   21   22   22   25   26   25   26   23   28
 [46]   29   28   39   36   33   29   56   54   60   72   77   81   65   66   81
 [61]   64   83   93  110  106  121  125  131  116  134  161  172  167  213  212
 [76]  240  256  265  257  274  281  280  320  290  312  293  291  302  338  381
 [91]  374  356  410  400  405  425  440  416  468  527  496  517  560  573  553
[106]  579  635  669  637  644  746  782  850  816  838  918  978 1011 1079 1082
[121] 1119

[[86]]
  [1]   10   15   10    9   14   11   14   18   31   24   23   20   24   26   38
 [16]   34   26   31   26   31   32   42   43   42   30   31   45   38   36   34
 [31]   50   43   47   54   54   56   54   48   52   60   55   67   61   81   76
 [46]   95   99   94   96   95   83  100  106  128  109  119  125  135  129  113
 [61]  152  154  178  177  195  190  199  202  206  223  275  273  254  260  291
 [76]  320  355  366  389  371  414  459  475  489  531  598  644  626  671  679
 [91]  750  782  801  801  791  869  895  886  876  957  969 1049 1126 1167 1201
[106] 1269 1360 1351 1477 1533 1518 1602 1668 1882 1966 1962 2009 2067 2200 2328
[121] 2366

[[87]]
  [1]   10   14   14   17   17   14   10   20   23   23   24   30   20   14   22
 [16]   25   27   27   19   24   30   41   36   32   33   35   44   43   50   45
 [31]   53   52   52   44   52   82   67   75   63   64   62   66   70   86   93
 [46]  101  105  100  114  121  121  119  112  120  126  132  148  161  147  168
 [61]  198  188  204  225  235  234  254  237  234  259  266  288  305  280  287
 [76]  283  306  367  339  363  364  387  359  398  384  447  506  478  458  436
 [91]  460  526  529  589  572  608  620  628  611  653  745  759  808  872  847
[106]  863  877  910  992  994 1053  999 1032 1038 1183 1229 1234 1200 1236 1356
[121] 1386

[[88]]
  [1]  10  16  22  15  12  10  10  15  15  10   7   7   6   5   7  15  10  22
 [19]  26  19  25  27  23  23  30  23  25  18  14  26  36  33  27  21  27  26
 [37]  31  22  21  37  34  27  24  35  32  30  27  33  27  34  45  35  33  42
 [55]  51  53  47  49  41  36  34  42  49  49  51  61  60  64  54  73  84 101
 [73]  98 106  95  89 113 126  93  88  95  87 112 119 109 144 137 130 144 147
 [91] 146 146 174 150 175 166 170 178 160 189 172 195 178 173 201 222 197 207
[109] 249 266 280 260 269 275 280 345 310 338 325 314 358

[[89]]
  [1]   10    9   17   13   13   10   13   16   18   29   27   33   32   26   29
 [16]   34   35   33   44   55   48   37   34   29   48   63   73   58   52   44
 [31]   57   73   67   56   53   70   63   61   59   70   60   76  101  112  105
 [46]  106  118  114  131  111  105  121  131  123  153  170  187  179  187  178
 [61]  207  258  242  203  212  211  275  275  262  239  282  289  304  328  344
 [76]  390  390  402  379  399  422  414  463  460  481  498  514  526  551  603
 [91]  638  630  680  702  711  725  735  789  828  821  865  877  937  956 1000
[106]  974 1025 1141 1131 1229 1179 1271 1288 1459 1426 1450 1467 1581 1734 1782
[121] 1765

[[90]]
  [1]   10   16   15   18   16   17   13   18   15   25   20   38   34   39   38
 [16]   35   32   41   56   47   54   72   70   54   47   69   73   71   62   58
 [31]   62   58   55   51   63   80   82   71   77   78   94  119   97   92  103
 [46]  111  127  138  125  127  114  119  146  166  220  219  211  222  213  242
 [61]  257  320  295  323  312  327  335  337  346  333  330  371  375  438  449
 [76]  434  465  525  553  578  556  569  659  688  720  779  827  847  910 1006
 [91]  990 1014 1075 1124 1135 1226 1263 1353 1347 1483 1480 1507 1577 1652 1722
[106] 1816 1865 1944 2027 2045 2174 2210 2305 2344 2414 2526 2629 2546 2632 2714
[121] 2774

[[91]]
  [1]   10   14   11   13   11    7   10   14   11    8    6   10   14   20   22
 [16]   17   22   18   31   28   43   33   37   38   49   55   44   42   65   61
 [31]   60   65   49   42   47   55   72   89   93   94  101   94  116  125  138
 [46]  149  139  144  159  135  166  159  187  166  181  176  179  215  190  210
 [61]  235  234  253  279  288  285  318  311  285  283  330  370  387  417  412
 [76]  390  428  422  432  450  490  521  527  543  576  562  600  658  649  675
 [91]  719  721  725  775  806  830  871  982 1043 1010 1040 1152 1212 1291 1289
[106] 1379 1468 1503 1488 1570 1639 1746 1731 1818 1787 1839 1928 2008 2088 2101
[121] 2170

[[92]]
  [1] 10  7  6  6  6  6 10 19 15 14 11 30 21 24 17 19 18 15 14 23 31 32 21 17 16
 [26] 17 29 28 20 23 15 24 26 26 25 17 13 21 17 24 21 26 24 20 23 19 18 29 24 23
 [51] 21 36 44 38 34 30 43 47 48 32 41 53 70 68 66 65 50 56 50 38 47 47 51 42 56
 [76] 49 51 43 39 35 47 32 29 34 28 34 29 22 42 44 46 45 48 41 37 51 58 46 42 40
[101] 51 45 40 48 59 68 64 56 63 72 75 63 81 83 90 91 93 78 81 81 97

[[93]]
  [1]   10   14   15    9   16   35   41   31   28   29   36   30   28   26   30
 [16]   19   22   27   25   26   25   18   20   23   25   23   24   22   31   31
 [31]   25   19   31   34   31   28   39   62   45   38   35   53   58   63   50
 [46]   46   64   92   84   80   95   96  107  122  124  106  121  167  159  167
 [61]  148  148  166  175  205  206  196  221  211  226  214  227  232  232  229
 [76]  248  260  292  305  294  284  302  314  346  393  374  356  384  392  470
 [91]  497  484  545  545  582  552  599  585  596  597  659  713  716  791  814
[106]  818  816  920  904  894  970 1038 1033 1081 1116 1175 1194 1283 1320 1392
[121] 1390

[[94]]
  [1] 10 16 11 18 12 11 10 24 21 17 18 22 33 23 18 19 29 33 25 20 29 25 27 17 18
 [26] 26 18 21 19 18 15 16 12 16 10 10 14 12  9  7  7 14 14  9  7  5  5 10  9 18
 [51] 21 15 13 13  9  6  5  9 10 17 18 12 11 16 21 16 13 12 11  9  6  3 15  6  6
 [76]  6  5  4  4  3  3  8 14 22 16  8  6  5  5  4  8  6  8  8  8 10  8  8  8  8
[101] 24 20 21 22 25 20 22 24 37 55 42 39 37 34 27 39 36 36 51 40 26

[[95]]
  [1]   10   24   21   22   17   19   21   23   32   29   28   26   29   30   28
 [16]   34   44   37   42   43   41   44   57   66   63   62   99   85   83   88
 [31]   86   92  119   97   98   81   98  115   94  106   92  106  106  108  110
 [46]  118  118  111  118  113  110  125  126  149  149  157  153  153  132  157
 [61]  159  186  225  208  221  207  231  213  244  246  267  243  258  307  291
 [76]  315  324  334  343  360  377  398  420  403  443  418  435  480  450  476
 [91]  477  506  518  518  497  501  535  561  598  687  706  724  710  728  731
[106]  816  800  792  882  901  955  911  881  956  938 1031 1061 1036 1105 1151
[121] 1166

[[96]]
  [1]  10  21  17  11  10   7  12  16  15  13   9   8   7   6   5   5   7   9
 [19]   6   5  10   7   7   7  10   3   2   1   6   4   3   2   7   6   5   4
 [37]  10  13   9   7  12  21  26  14  11  16  34  22  22  26  31  24  27  44
 [55]  47  46  38  42  48  51  43  69  70  63  50  58  54  46  39  56  71  82
 [73]  76  84  87 101 100  89 105  97  98 101 127 140 142 132 144 126 150 140
 [91] 128 142 171 164 179 166 185 201 211 224 236 223 224 234 251 259 272 240
[109] 246 270 275 281 309 310 303 314 342 363 355 413 383

[[97]]
  [1]  10  13  16  14  21  18  14  14  15  14  14   9   8   8   8  17  13  11
 [19]   9   9  20  20  20  26  23  24  21  18  13  10   7  10  14  10   8  13
 [37]  14  13  18  12  10   7  16  22  23  14  14  21  24  29  29  22  26  26
 [55]  27  28  32  23  16  19  18  21  16  13   9  12  19  26  20  14  11   9
 [73]  13  18  14  12   9  13  15  15  25  25  23  15  19  30  32  26  19  17
 [91]  23  30  34  29  33  31  40  37  53  67  91  80  80  70  77  82  91  89
[109]  99 104 101 129 134 124 126 127 124 151 142 140 122

[[98]]
  [1]  10  15  11  10  10  13  14  15  11   9   8   7  16  12  18  23  14  13
 [19]  14  13  19  13  12  12  10   7   6   4   4   9  12  20  20  16  13  13
 [37]  21  31  25  21  19  25  39  45  38  33  27  30  35  29  26  39  41  36
 [55]  53  65  53  45  47  42  41  51  65  45  35  47  50  53  50  39  46  65
 [73]  75  76  76  83  79 101 102  83  93  92 101 131 124 145 155 143 177 186
 [91] 179 161 187 186 203 198 201 197 263 252 256 262 292 303 294 308 353 349
[109] 385 463 493 480 523 560 620 637 651 629 660 702 789

[[99]]
  [1] 10  6  5  4  3  3  3  2  1  1  1  1  6  2  1  1  1  1  1  1  1  1  1  0  0
 [26]  0  0  0  0  0  0  0  0  0  0  0  0  0  0  0  0  0  0  0  0  0  0  0  0  0
 [51]  0  0  0  0  0  0  0  0  0  0  0  0  0  0  0  0  0  0  0  0  0  0  0  0  0
 [76]  0  0  0  0  0  0  0  0  0  0  0  0  0  0  0  0  0  0  0  0  0  0  0  0  0
[101]  0  0  0  0  0  0  0  0  0  0  0  0  0  0  0  0  0  0  0  0  0

[[100]]
  [1]   10   21   16   13   12   18   15   23   21   22   16   12   15   26   22
 [16]   22   18   22   22   18   17   17   26   29   31   32   28   26   31   31
 [31]   46   64   44   36   46   64   65   81   79   76   88   86   86   97   94
 [46]   95   74   97  106  119  110  118  131  147  117  131  137  122  120  124
 [61]  144  138  144  124  150  157  163  181  181  199  213  234  251  265  295
 [76]  276  280  273  282  318  352  386  410  389  446  462  477  482  501  479
 [91]  500  583  663  669  670  658  700  740  808  823  918  932  954  956  995
[106]  991  993  958 1059 1050 1041 1104 1114 1202 1212 1349 1402 1447 1480 1563
[121] 1661

[[101]]
  [1]   10   11   12   10   17   19   16   14   25   34   30   28   25   33   30
 [16]   24   20   18   27   43   34   39   32   31   31   33   26   32   42   49
 [31]   57   43   40   34   32   40   49   46   45   40   67   76   80   83   76
 [46]  101  102  114   95   98  108  135  139  125  117   99  121  109  122  119
 [61]  162  151  154  144  180  194  202  222  228  236  281  269  283  297  261
 [76]  288  306  329  359  345  346  378  413  407  421  483  485  498  524  586
 [91]  647  671  741  738  760  807  888  846  936  948 1046 1080 1095 1090 1190
[106] 1259 1383 1343 1359 1391 1402 1501 1541 1624 1677 1760 1891 1858 1966 2026
[121] 2279

[[102]]
  [1] 10  8  8 11 12  7  6 11 11 10 11  7 14  6  4  3  2  1  1  6  3  2  2  1  8
 [26]  5  4  3  3  7  5  5  5  5 10 16 20 29 25 21 16 13 13 12 17 19 11  9  6 12
 [51] 19 10  7  7  7 11 10 12 15 18 17 17 17 20 19 14 20 18 28 38 30 27 36 33 30
 [76] 30 15 14 15 18 16 23 18 12 13 16 18 10 13 16 18 14 16 19 17 16 11  7  9  8
[101]  5  8 11  7  3  3  3 14  7 10  7  6  5  5 10  6  4  4 12  7  6

[[103]]
  [1]  10   9  13  12  10  15  25  17  22  19  14  14  15  12  11  15  19  13
 [19]  16  14  17  14  18  21  16  19  29  28  20  23  18  21  30  33  37  34
 [37]  48  44  32  29  28  32  42  33  42  41  55  49  35  47  58  57  59  58
 [55]  59  59  64  77  75  85  87 107  97  89  97 119 107 107  98 116 118 155
 [73] 164 140 117 138 141 172 172 178 138 165 195 184 208 206 222 227 234 235
 [91] 240 246 269 250 256 270 304 319 351 346 355 333 322 415 395 401 411 420
[109] 396 399 357 351 418 460 452 443 494 511 523 552 561

[[104]]
  [1]   10   12    7   12    6    6    3    3    3    3    8   12   12    9    6
 [16]    6    6    7   14   16   10   17   11   20   35   33   23   20   32   31
 [31]   29   47   49   43   38   29   35   31   31   42   65   72   91   94  110
 [46]   91   74   92   87   83   96   91   86   96  120  136  138  146  155  158
 [61]  161  145  188  206  183  178  164  210  198  227  204  219  230  257  239
 [76]  265  285  273  271  261  304  329  318  332  296  297  314  349  360  352
 [91]  358  387  360  394  400  424  437  461  497  503  484  505  522  560  581
[106]  625  655  665  673  713  713  830  877  866  850  920  904  913 1006  970
[121] 1028

[[105]]
  [1] 10 16 16 18 13 15 12 17 18 11 16 18 16 22 14 21 13 10  7  7 14 11  8  6  8
 [26] 13 12  9  7 15  9 12 12 10  7  6  5  3  3  2  8  3  1  1  1  1  1  1  0  0
 [51]  0  0  0  0  0  0  0  0  0  0  0  0  0  0  0  0  0  0  0  0  0  0  0  0  0
 [76]  0  0  0  0  0  0  0  0  0  0  0  0  0  0  0  0  0  0  0  0  0  0  0  0  0
[101]  0  0  0  0  0  0  0  0  0  0  0  0  0  0  0  0  0  0  0  0  0

[[106]]
  [1]   10    9   13   10    9    9    8   17   12   10    8    7   13   14   24
 [16]   25   23   35   24   23   16   23   45   37   29   35   42   33   40   62
 [31]   64   83   70   72   77   86  103  127  116  133  145  161  143  134  151
 [46]  139  154  127  137  156  169  165  182  177  165  167  160  176  208  211
 [61]  202  216  240  233  229  251  262  246  285  273  272  260  277  268  284
 [76]  299  286  292  320  329  348  362  387  411  448  451  471  466  465  501
 [91]  496  549  654  657  627  648  696  728  761  794  752  797  863  878  891
[106]  966  958 1001 1019 1055 1047 1049 1067 1200 1280 1305 1345 1434 1520 1650
[121] 1606

[[107]]
  [1] 10 14  7 10  5  5  5  4  6  3  2  1  1  1  1  1  1  1  3  2  2  1  1  1  1
 [26]  1  0  0  0  0  0  0  0  0  0  0  0  0  0  0  0  0  0  0  0  0  0  0  0  0
 [51]  0  0  0  0  0  0  0  0  0  0  0  0  0  0  0  0  0  0  0  0  0  0  0  0  0
 [76]  0  0  0  0  0  0  0  0  0  0  0  0  0  0  0  0  0  0  0  0  0  0  0  0  0
[101]  0  0  0  0  0  0  0  0  0  0  0  0  0  0  0  0  0  0  0  0  0

[[108]]
  [1]   10   17   22   12    8    7    9   12   13   19   23   18   24   26   27
 [16]   28   22   31   52   36   45   40   44   44   37   54   56   62   50   47
 [31]   42   58   50   48   49   49   56   61   65   61   64   64   59   56   72
 [46]   74   72   62   71   61   71   66   66   65   62   77  103  117  112  118
 [61]  103  151  124  130  130  126  144  148  144  158  189  185  182  182  177
 [76]  178  207  184  194  206  210  209  219  215  253  279  292  291  300  308
 [91]  352  338  364  340  352  368  421  448  467  471  488  493  517  587  652
[106]  657  702  744  750  848  970  950  935  974 1036 1049 1035 1019 1123 1150
[121] 1177

[[109]]
  [1] 10  9  5  4  4  2  2  7  5  4  2  7  4  3  3  4  3  2  6  3  3  1  1  1  1
 [26]  1  1  0  0  0  0  0  0  0  0  0  0  0  0  0  0  0  0  0  0  0  0  0  0  0
 [51]  0  0  0  0  0  0  0  0  0  0  0  0  0  0  0  0  0  0  0  0  0  0  0  0  0
 [76]  0  0  0  0  0  0  0  0  0  0  0  0  0  0  0  0  0  0  0  0  0  0  0  0  0
[101]  0  0  0  0  0  0  0  0  0  0  0  0  0  0  0  0  0  0  0  0  0

[[110]]
  [1]  10   6   5  12  10   6   5   5   4   4   4   9   8   8   7   6   9   6
 [19]   9   9   6   4   5   3   3   2   1   4   9  12   8   7   6   6   6   5
 [37]  16  17  14  13  11  10  17  25  22  25  36  25  35  50  53  59  47  42
 [55]  35  51  60  53  47  48  38  39  38  48  47  33  48  47  56  70  62  71
 [73]  84  96 134 118 101 101 104 109 125 145 149 138 157 195 208 192 194 213
 [91] 245 214 222 220 252 254 267 259 241 249 289 261 249 274 272 298 334 318
[109] 300 320 375 365 403 405 407 432 435 474 489 466 474

[[111]]
  [1] 10 15 16 13 11  8  6  6 11  5  4  2  2  2  2  2  1  1  1  1  0  0  0  0  0
 [26]  0  0  0  0  0  0  0  0  0  0  0  0  0  0  0  0  0  0  0  0  0  0  0  0  0
 [51]  0  0  0  0  0  0  0  0  0  0  0  0  0  0  0  0  0  0  0  0  0  0  0  0  0
 [76]  0  0  0  0  0  0  0  0  0  0  0  0  0  0  0  0  0  0  0  0  0  0  0  0  0
[101]  0  0  0  0  0  0  0  0  0  0  0  0  0  0  0  0  0  0  0  0  0

[[112]]
  [1]  10  20  18  23  21  20  18  24  26  16  25  20  14  14  10  17  15  31
 [19]  26  22  15  14  13  14  20  26  13  21  13  12  14  21  20  18  16  16
 [37]  24  24  21  22  23  19  23  23  22  22  39  30  24  36  34  33  31  38
 [55]  36  42  44  35  32  45  35  38  50  42  59  46  45  46  44  49  58  55
 [73]  53  69  63  59  66  75  73  64  55  69  94  93 107  94 108 102 122 139
 [91] 133 137 146 139 166 145 141 132 146 134 131 148 134 148 143 137 163 135
[109] 144 162 152 148 160 164 172 168 181 210 226 208 180

[[113]]
  [1]  10  11  15  13  19  15  13  16  11  12   6   5   9  11  16  16  14  11
 [19]   8   8   7   9  24  19  14  18  13  23  23  39  35  34  25  35  30  38
 [37]  33  29  28  32  39  34  39  25  28  26  19  26  23  26  26  30  45  28
 [55]  34  41  36  37  33  40  31  37  44  31  29  28  37  43  44  62  52  53
 [73]  57  62  80  81  86  81  80  76  89  91  81  95 118 144 117 122 150 155
 [91] 161 163 170 177 166 208 218 238 219 213 222 259 242 232 229 282 301 291
[109] 313 312 303 303 308 325 418 409 404 409 370 377 426

[[114]]
  [1] 10  6  4  4  3 10 10  8  7  6  3  4  1  1  1  1  1  1  1  0  0  0  0  0  0
 [26]  0  0  0  0  0  0  0  0  0  0  0  0  0  0  0  0  0  0  0  0  0  0  0  0  0
 [51]  0  0  0  0  0  0  0  0  0  0  0  0  0  0  0  0  0  0  0  0  0  0  0  0  0
 [76]  0  0  0  0  0  0  0  0  0  0  0  0  0  0  0  0  0  0  0  0  0  0  0  0  0
[101]  0  0  0  0  0  0  0  0  0  0  0  0  0  0  0  0  0  0  0  0  0

[[115]]
  [1]   10   14   13   20   15   12   12   19   28   17   12   12   31   23   14
 [16]   13   21   32   34   44   47   60   56   46   50   46   49   53   68   80
 [31]   81   76   92  103  113  106   94  121  136  120  133  120  137  129  129
 [46]  143  177  176  204  165  169  187  194  184  208  229  264  295  272  312
 [61]  290  306  341  329  335  374  405  432  446  413  447  506  488  472  497
 [76]  529  599  624  673  646  711  736  771  764  759  792  807  883  966  921
 [91]  977  919 1020 1077 1147 1206 1216 1197 1355 1395 1514 1541 1558 1552 1594
[106] 1635 1637 1699 1764 1948 2181 2176 2251 2343 2460 2589 2707 2846 2933 3000
[121] 3012

[[116]]
  [1]  10  12  16  11  10   9   8   6   8   7   5  10  15  22  24  18  24  30
 [19]  26  29  32  27  24  24  29  33  34  25  28  47  49  49  44  43  52  54
 [37]  46  42  45  39  47  51  51  44  47  36  46  59  46  66  50  71  62  56
 [55]  53  51  57  60  64  58  65  76  64  65  74  73  89  86  94  97 103 101
 [73] 126 123 131 147 134 155 145 145 142 158 142 153 151 130 155 133 166 152
 [91] 168 176 167 167 202 183 201 210 191 212 225 216 210 223 286 262 276 257
[109] 275 265 321 347 374 375 366 380 383 433 428 459 428

[[117]]
  [1]   10   22   19   19   15   18   16   13   12    9    8    8    7    6    5
 [16]   13   26   18   21   20   17   23   23   27   17   15   19   22   25   14
 [31]   15   25   22   16   19   30   25   26   20   28   42   43   50   42   55
 [46]   47   48   47   67   76   69   58   57   59   68   87   89  100   85   94
 [61]  102  107  115  109  117  121  113  124  136  148  153  141  165  156  188
 [76]  190  184  202  200  206  243  220  222  271  299  290  304  287  311  331
 [91]  357  374  376  447  458  465  473  568  633  637  664  644  693  727  736
[106]  761  816  812  837  827  856  871  960  902  967 1017 1090 1189 1242 1285
[121] 1313

[[118]]
  [1]   10   10    7    6    9   19   19   17   22   19   13   23   17   12   13
 [16]   12   12   23   21   29   41   35   34   38   31   40   57   55   54   45
 [31]   52   50   48   83   62   60   74   85   90  100  104  125  116  117  106
 [46]  105  112  113  120   98  119  116  108  129  133  129  159  172  175  163
 [61]  136  129  157  191  215  218  204  187  194  250  249  258  250  226  248
 [76]  271  293  319  329  333  364  374  419  458  485  535  530  540  505  577
 [91]  593  583  633  700  691  705  826  860  874  841  862  966  956  999 1009
[106] 1021 1093 1266 1267 1312 1288 1353 1405 1495 1559 1658 1581 1642 1745 1746
[121] 1717

[[119]]
  [1] 10 11 17 20 16 12  9  6  5  8 11  6  6  5  5  4  2  2  2  5  3  2  1  1  1
 [26]  1  1  1  1  1  1  1  1  0  0  0  0  0  0  0  0  0  0  0  0  0  0  0  0  0
 [51]  0  0  0  0  0  0  0  0  0  0  0  0  0  0  0  0  0  0  0  0  0  0  0  0  0
 [76]  0  0  0  0  0  0  0  0  0  0  0  0  0  0  0  0  0  0  0  0  0  0  0  0  0
[101]  0  0  0  0  0  0  0  0  0  0  0  0  0  0  0  0  0  0  0  0  0

[[120]]
  [1]   10   16   10    8    7    7   11   11   14   22   23   19   16   20   31
 [16]   32   38   37   37   41   52   50   39   44   50   57   51   43   35   50
 [31]   61   65   69   66   72   95  107  108   99  115  121  122  112  130  143
 [46]  166  152  149  163  137  139  145  142  166  171  169  168  173  172  151
 [61]  157  202  178  209  201  238  234  211  187  213  204  236  243  243  232
 [76]  249  292  276  309  333  305  328  360  395  439  417  405  419  430  403
 [91]  419  440  462  488  502  492  570  589  599  601  613  630  686  751  780
[106]  827  865  840  902  896  950 1050 1062 1031 1114 1180 1161 1258 1295 1366
[121] 1469

[[121]]
  [1]   10   13   13   17   16   13   22   19   15   18   21   15   16   15   18
 [16]   13   28   22   34   32   32   24   20   26   49   41   33   39   38   32
 [31]   33   27   34   41   58   66   53   42   64   54   46   40   35   41   44
 [46]   57   59   65   61   68   74   92   95  100  112  108  108  125  133  152
 [61]  132  176  194  170  174  188  238  215  212  206  254  287  308  330  329
 [76]  318  348  312  317  313  295  297  335  362  328  349  336  371  407  384
 [91]  407  413  410  427  442  431  457  461  460  491  487  508  544  540  550
[106]  601  627  659  682  701  718  733  760  837  851  862  926  974 1010 1006
[121] 1028

[[122]]
  [1]  10  11   7   5  13  22  19  15  20  17  23  31  31  26  18  18  32  30
 [19]  30  27  33  27  24  21  26  38  25  40  44  30  43  37  29  27  24  25
 [37]  26  27  36  36  38  45  53  39  38  33  31  33  39  45  35  30  31  31
 [55]  32  25  24  38  40  33  37  33  45  54  44  36  40  48  44  46  52  54
 [73]  46  51  58  66  64  64  75  75  75  66  78  58  94  85  76  85 103 108
 [91] 113 102 113  99 113 140 153 144 147 155 166 163 181 177 191 193 196 216
[109] 194 233 281 306 300 304 315 313 352 363 344 376 412

[[123]]
  [1]  10  12   9  15  10  20  18  26  30  22  29  24  20  22  28  27  27  23
 [19]  19  43  29  27  24  30  35  28  24  36  39  44  43  34  48  37  37  46
 [37]  48  52  39  34  35  37  51  51  46  52  45  48  65  79  77  61  70  81
 [55]  81  82 111 104  93  94 116 127 131 116 139 144 156 174 167 149 133 131
 [73] 152 168 192 200 224 218 198 219 250 264 291 304 314 290 323 364 381 355
 [91] 348 337 377 388 394 475 483 474 534 546 558 572 606 596 568 606 598 638
[109] 681 708 667 801 785 775 770 856 877 922 905 939 986

[[124]]
  [1] 10  6  5  6  5  7 17 11  7  4  4 10  6  6 10 12 15 10  9 11 13 12 10 14 14
 [26] 10 10 19 23 24 32 19 23 18 22 17 21 16 15 27 22 24 24 22 19 16 22 21 13 10
 [51]  8 13 28 35 39 30 28 27 50 71 54 46 35 45 39 48 63 48 42 42 46 48 51 44 44
 [76] 40 56 60 78 56 46 50 43 51 44 65 66 49 51 43 41 36 40 34 33 50 44 50 56 44
[101] 52 50 55 49 51 49 50 52 60 46 33 48 63 74 56 56 78 77 79 78 86

[[125]]
  [1]  10  12  10   6   6  17  14  11  10  20  14  18  22  23  28  25  28  41
 [19]  31  36  33  30  28  40  36  53  55  59  62  56  59  50  47  63  64  51
 [37]  63  69  47  41  43  43  38  33  33  47  40  43  43  61  51  48  57  47
 [55]  52  47  56  55  76  79  80  86  85  78 101 109 119 105 103 121 106 135
 [73] 126 128 140 140 119 155 158 166 134 125 122 132 152 158 151 169 189 227
 [91] 202 220 211 216 235 245 260 243 273 265 268 276 271 287 326 328 356 348
[109] 349 361 394 378 365 381 430 403 439 473 497 525 546

[[126]]
  [1]  10  12  10   8   8   7   5   9  12   9  12  18  10   5   9   5   9   8
 [19]   7   6   5   8   6  13   6   4   5   8   6   5   5   5   6  17   9   6
 [37]   5   7   9   7   7  10   7   5  14  11  21  22  19  26  22  19  17  23
 [55]  29  32  22  31  31  32  28  33  41  34  41  46  59  50  48  44  61  64
 [73]  56  53  59  73  70  65  72  76  82  91  96  95  72 100  92 119 104 114
 [91] 107 103 148 134 139 159 175 208 208 200 200 226 257 276 266 269 268 298
[109] 317 309 336 315 338 359 403 422 437 467 531 538 621

[[127]]
  [1]  10  19  22  16  16  27  17  14  20  21  20  22  14  15  22  21  13  12
 [19]  11  13  17  20  21  13  12  10  13  17  16  13  16  13  17  17  18  21
 [37]  18  17  22  28  25  19  24  14  20  26  21  19  19  22  32  29  26  27
 [55]  24  19  26  22  24  20  18  22  25  29  23  32  31  26  32  39  56  40
 [73]  38  32  33  36  53  63  51  58  62  68  79  79  93  76  84  94 100  94
 [91]  96 110 115  99  89  81 101 118 108 107 122 110 111 109 104 111  96 110
[109] 168 164 145 160 177 174 152 198 196 197 211 222 243

[[128]]
  [1]   10    7    5    4   11   15   19   18   22   39   37   37   41   38   48
 [16]   48   68   57   60   61   77   83   80   75   85  107   91   96   94   97
 [31]  110  118  127  125  110  116  128  150  132  154  159  180  182  179  188
 [46]  183  170  193  220  207  217  204  242  265  244  264  260  278  291  318
 [61]  314  341  362  402  437  422  430  412  460  460  458  506  578  596  561
 [76]  610  666  674  646  692  744  778  842  850  872  906  931  971 1060 1087
 [91] 1145 1213 1221 1257 1364 1441 1633 1673 1746 1790 1846 1954 2031 1991 2123
[106] 2347 2442 2509 2588 2628 2752 2948 3157 3327 3400 3394 3561 3665 3885 3981
[121] 4099

[[129]]
  [1]  10  14   9   6  11  13  15  11  16  11  17  28  27  28  24  21  19  27
 [19]  24  32  30  27  26  20  16  12  14  17  20  14  26  29  27  25  22  24
 [37]  19  27  19  15  33  28  26  25  35  39  34  50  47  66  57  45  57  62
 [55]  64  80  90  76  77  94 104 106 118 126 126 128 120 115 115 116 136 120
 [73] 121 125 130 127 144 116 106 111 114 130 132 130 143 144 158 173 176 190
 [91] 204 189 197 213 223 225 272 291 278 306 299 290 308 322 369 386 409 468
[109] 478 453 438 425 432 479 509 537 576 652 643 668 669

[[130]]
  [1]   10   17   20   27   25   28   35   42   34   33   44   49   43   40   51
 [16]   50   66   81   86   83   85   87   93   96   66   84   71   88   71   74
 [31]   87  111  108  107  105   90  101  121  122  131  118  109  109  113  113
 [46]  117  150  146  154  185  206  169  184  191  212  208  214  199  270  245
 [61]  189  193  202  209  183  244  209  227  219  285  254  246  244  248  277
 [76]  298  304  317  325  324  330  331  351  383  406  428  435  462  436  461
 [91]  504  548  519  532  552  593  625  680  682  672  656  759  823  889  891
[106]  879  948 1022 1023 1092 1097 1153 1209 1270 1309 1366 1366 1424 1495 1615
[121] 1595

[[131]]
  [1] 10  6  6  5  4  6  5  4  4  5  3  4  3  1  1  6  3  3  3  3  8  9  3  2  2
 [26]  2  2  2  2  2  2  2  1  1  1  5  5  4  4  9  7  7 10  5  5  9 14  9  5  5
 [51]  5  4  8  6  5  5  5 17 14  9 14 13  8 12  6  8 14 12 10 11 15 13 16 13 16
 [76] 14 20 25 15 16 15 22 20 13 12 20 24 25 23 36 21 16 16 25 30 22 16 24 20 23
[101] 34 31 40 48 37 34 52 59 72 63 51 61 60 72 71 68 72 90 94 94 95

[[132]]
  [1]   10   14   17   19   15   16   12   22   22   18   16   19   19   26   30
 [16]   26   30   31   29   30   26   26   47   40   51   45   40   36   32   47
 [31]   45   46   36   44   42   60   48   40   45   55   71   73   74   50   57
 [46]   60   63   53   54   63   70   75   70   71   75   77   82   96  115  112
 [61]  106  106  147  143  133  151  153  181  221  190  182  214  221  210  211
 [76]  248  257  229  242  216  223  239  244  244  259  246  273  309  328  354
 [91]  346  355  403  458  493  510  488  514  566  557  575  663  747  736  748
[106]  697  780  848  881  825  899  993  980 1078 1127 1216 1187 1246 1280 1318
[121] 1493

[[133]]
  [1]  10  13  10   9  21  19  15  32  31  28  30  36  41  33  39  32  38  34
 [19]  29  26  19  26  20  15  21  27  21  17  19  12  11  10  12  18  12  15
 [37]  10   9  13   9  11  18  27  21  23  18  21  22  37  29  25  22  22  29
 [55]  27  26  33  40  45  35  30  25  28  39  42  34  38  38  46  57  47  51
 [73]  54  55  48  49  75  77  73  72  83  92  95  94  96 105 116 117 121 137
 [91] 144 164 182 217 221 198 209 218 214 236 242 222 258 272 263 291 278 307
[109] 311 307 333 355 384 386 392 432 465 517 526 516 540

[[134]]
  [1]   10   12   14    8    9   19   13   16   17   21   15   14   15   23   32
 [16]   31   31   33   36   33   23   22   22   17   18   17   39   31   32   27
 [31]   25   33   48   52   49   57   61   65   66   59   64   70   71   78  114
 [46]  100   80   72   92  117  137  109   88   96  119  124  125  146  159  144
 [61]  143  145  159  191  185  166  147  171  234  239  253  247  232  228  261
 [76]  295  361  383  355  352  371  400  461  454  422  410  436  454  508  514
 [91]  572  592  609  592  628  688  729  820  799  777  813  900  938  962 1031
[106] 1087 1109 1149 1130 1211 1221 1297 1327 1441 1535 1499 1539 1603 1623 1722
[121] 1766

[[135]]
  [1]   10   17   15   13    8    6   18   19   11    9    9    7   22   27   21
 [16]   16   12   16   28   21   30   25   21   18   24   23   24   20   34   29
 [31]   38   32   47   45   44   44   48   46   33   39   32   42   43   49   38
 [46]   54   45   54   51   46   43   53   47   50   57   54   57   68   84   90
 [61]   83   99  106  117  119  119  122  157  158  150  155  152  203  205  192
 [76]  218  224  253  253  225  249  256  262  272  293  281  325  327  349  360
 [91]  360  384  397  411  439  453  457  519  532  572  559  573  630  675  687
[106]  685  739  824  857  829  871  912  931 1011 1033 1020 1104 1188 1211 1201
[121] 1201

[[136]]
  [1]   10   12    7   11    9   15   14   11   10   12   13   14   10   18   27
 [16]   31   18   13    9   18   39   30   26   23   26   30   24   33   32   29
 [31]   50   55   42   36   38   36   34   36   37   34   39   44   45   40   49
 [46]   51   61   74   76   63   73   58   64   67   54   61   87   84   75   90
 [61]  102   99  111   96   98  130  117  112  112  141  177  169  165  150  162
 [76]  200  198  214  213  243  240  217  244  260  278  265  268  273  310  333
 [91]  337  368  356  375  386  390  424  453  474  483  419  442  518  537  552
[106]  599  601  593  618  738  769  785  783  770  814  855  888  921  975 1009
[121] 1072

[[137]]
  [1]   10   13   15   24   27   16   19   16   22   32   26   30   29   23   15
 [16]   12    9    7   24   17   12   10   16   32   38   28   30   26   20   25
 [31]   45   31   34   30   37   41   34   32   33   40   30   24   30   31   32
 [46]   30   38   46   47   41   38   50   51   48   71   60   70   81   82   81
 [61]   79   90   85   98  114  120  116  125  133  137  149  169  177  188  221
 [76]  199  203  194  217  218  228  266  266  277  319  331  358  398  393  371
 [91]  384  418  416  402  427  421  447  465  476  502  512  504  547  528  551
[106]  620  651  639  661  673  671  680  736  886  818  836  857  939  939  999
[121] 1063

[[138]]
  [1]  10  13   9   7   7   6   6   9  13  12   9  11  11   9  14  15  20  18
 [19]  25  18  24  32  32  32  35  37  33  26  26  44  64  57  64  55  48  42
 [37]  48  59  48  50  61  51  54  62  67  64  58  44  72  73  82  90  82 104
 [55] 105 120 111  93  88  92 105  95 101 105  96  98 106  88 129 125 115 117
 [73] 105 140 139 121 105 103 131 139 137 136 141 138 136 143 183 151 155 164
 [91] 184 167 185 214 217 202 196 207 202 223 217 253 248 234 249 276 334 348
[109] 337 348 378 407 432 441 467 501 481 496 510 550 550

[[139]]
  [1] 10  9  5  5  5  5  5  9  4  2  2  2  4  4  2  1  1  1  1  1  7  4  3  3  2
 [26]  2  2  1  0  0  0  0  0  0  0  0  0  0  0  0  0  0  0  0  0  0  0  0  0  0
 [51]  0  0  0  0  0  0  0  0  0  0  0  0  0  0  0  0  0  0  0  0  0  0  0  0  0
 [76]  0  0  0  0  0  0  0  0  0  0  0  0  0  0  0  0  0  0  0  0  0  0  0  0  0
[101]  0  0  0  0  0  0  0  0  0  0  0  0  0  0  0  0  0  0  0  0  0

[[140]]
  [1]  10  22  23  37  21  20  16  18  23  22  19  21  30  24  23  13  37  30
 [19]  19  20  19  29  30  28  25  28  34  23  26  21  19  27  29  44  37  33
 [37]  34  38  28  29  31  30  29  35  25  44  60  52  47  51  40  54  70  64
 [55]  68  67  83  66  88  84  81  73  92 110  86  91 118  98 141 121 113 112
 [73] 134 122 154 138 115 114 128 153 158 164 164 178 189 186 186 203 191 213
 [91] 198 207 189 203 223 197 227 236 270 239 274 250 285 288 291 316 344 378
[109] 345 344 370 392 392 399 435 447 449 504 574 566 546

[[141]]
  [1]  10   8  15  14  10  17  10  13  16  14  12  12  10  17  27  18  22  16
 [19]  11  17  26  23  16  12  17  33  36  31  29  42  37  57  63  69  54  57
 [37]  51  47  59  51  42  46  40  44  38  38  30  37  46  51  59  58  57  51
 [55]  45  44  43  47  39  47  65  62  78  53  60  74  77  81  95  98 105  93
 [73] 113 119 104 122 135 146 136 129 130 153 138 151 159 182 183 156 164 176
 [91] 159 179 171 188 210 231 235 252 267 269 267 284 325 367 389 341 339 352
[109] 403 424 419 420 440 469 474 488 509 485 533 582 590

[[142]]
  [1]  10  14  15  20  19  13  10   9   7  10  15  10  10   9  11  13  14   8
 [19]  13  16  19  25  22  26  23  30  41  31  29  27  40  33  38  40  40  49
 [37]  43  43  48  36  44  36  45  42  44  59  52  54  53  66  57  72  64  77
 [55]  75  57  62  64  72  59  71 103  97  91  77  88  85  65  75  85  94  82
 [73] 103  82  83  84  88  87 134 125 124 134 153 150 159 166 174 191 229 246
 [91] 246 238 262 262 292 257 302 299 283 278 274 290 278 293 281 293 316 306
[109] 327 325 337 357 362 378 380 434 435 453 458 530 503

[[143]]
  [1] 10 21 20 12  8  8 10 13  9  8 10 17 16  8 13 11 10 11 13 11  6  5  4 10  9
 [26]  5  4  3  6  5  4  4  3  3 10  6  6  4  5 11 12 14 12  9 12 10  7  6  5  6
 [51]  5 13 12  8  7  7 15  5  3  7  5  5  5  4  3  8  6  4  2  2  2  5  7  2  2
 [76]  1  0  0  0  0  0  0  0  0  0  0  0  0  0  0  0  0  0  0  0  0  0  0  0  0
[101]  0  0  0  0  0  0  0  0  0  0  0  0  0  0  0  0  0  0  0  0  0

[[144]]
  [1]  10  13  16  12  10  19  22  12  20  19  17  18  12   8  14  23  19  16
 [19]  20  18  12  15  13  13  13  11   9  12  17  11  11  20  18  22  23  20
 [37]  20  19  23  17  33  34  27  31  44  44  42  43  48  60  61  70  67  81
 [55]  82  77  82  86 102 120 152 164 165 161 151 182 178 178 203 193 192 222
 [73] 192 189 200 170 184 202 218 207 181 197 236 260 234 231 261 288 296 313
 [91] 294 319 348 366 356 392 428 464 450 495 424 445 484 490 511 488 522 556
[109] 557 611 625 614 649 668 737 772 782 768 798 852 894

[[145]]
  [1]   10    4    9   12    8    7    6    5   11   16   14   10    7    5    5
 [16]    8    5    5    4    3    6    4   12   16   14    9   13    9   15   11
 [31]   17   21   34   21   26   23   26   24   34   50   46   52   60   59   61
 [46]   60   68   73   57   60   73   88   99   85   83   91  102  104  109  113
 [61]  118  106  114  121  155  141  154  155  164  174  183  180  155  187  236
 [76]  199  190  232  237  263  250  258  265  249  276  307  334  356  363  354
 [91]  369  366  400  444  447  424  476  558  556  566  564  596  569  654  682
[106]  640  670  692  702  728  801  866  853  892  857  948  897 1013  993 1086
[121] 1050

[[146]]
  [1]  10  19  15  15  13  16  20  17  18  12  17  20  17  16  12   9   6   9
 [19]  11   8   9   7   5   7  14   9   9   5   7  11  18  14  14  12  12  19
 [37]  16  13  21   8   9   7  18  25  22  15  14  13  14  18  16  10   7  11
 [55]   8  20  14  12  17  14  14  11  10  17  13  14  17  21  16  10   9  10
 [73]  10  16   7  16  12  15  11  18  15  13  23  24  17  26  22  21  17  21
 [91]  18  18  17  22  18  21  33  42  49  37  46  36  34  31  62  81  77  68
[109]  75  88  93  84  81  74 100 104 102 114 127 136 141

[[147]]
  [1]  10  19  14  10  10   6  19  23  20  14  12  13  31  28  32  28  26  32
 [19]  31  31  22  18  16  34  44  52  51  55  53  46  51  39  48  45  39  53
 [37]  42  36  37  37  44  54  49  59  59  60  54  46  58  71  50  44  49  47
 [55]  42  55  42  42  47  48  62  58  59  61  63  69  67  63  59  53  58  57
 [73]  69  63  52  43  58  42  43  58  69  65  61  68  75  84  89 101  94  98
 [91]  88  79  77  90  80  70  49  43  39  35  39  48  60  52  48  48  47  46
[109]  67  50  66  55  70  79  89  91 115 104  99  93  86

[[148]]
  [1]  10  25  13  21  18  26  23  27  24  23  22  18  24  31  25  27  36  40
 [19]  51  51  39  41  29  34  33  43  41  46  39  30  32  29  30  36  39  38
 [37]  36  25  32  37  35  32  34  32  45  55  59  51  48  68  48  55  49  57
 [55]  75  76  71  72  67 101 121 112  83  86  85 101 103 119 120 125 108 103
 [73]  98 111  97  99 115 109 122 111 102 123 118 119 128 172 165 164 154 137
 [91] 178 187 159 161 159 165 172 201 206 231 258 259 276 295 350 326 341 325
[109] 311 313 329 366 355 362 383 439 400 397 382 402 471

[[149]]
  [1]   10    5   24   20   17   14   20   34   37   30   37   40   37   42   42
 [16]   57   44   34   33   41   46   42   57   55   59   51   64   64   74   64
 [31]   59   64   67  104   94  103  105  111  127  116  112  155  149  155  164
 [46]  179  184  197  165  178  190  194  206  226  208  252  271  288  277  259
 [61]  290  297  343  363  379  384  380  392  430  432  443  470  466  514  552
 [76]  584  588  607  640  724  696  700  748  766  847  893  942  996 1050 1071
 [91] 1139 1154 1198 1242 1284 1349 1452 1430 1466 1550 1649 1633 1755 1827 1857
[106] 1885 1873 2101 2185 2217 2329 2374 2429 2578 2629 2728 2867 2949 3110 3244
[121] 3529

[[150]]
  [1]  10  11  13  14  19  13  25  25  21  16  24  26  30  26  18  19  22  28
 [19]  17  19  18  29  36  25  26  33  33  34  39  37  49  37  39  34  50  51
 [37]  45  43  38  61  51  43  48  41  67  60  58  41  45  54  62  63  68  75
 [55]  68  71  71  81  78  88  90  89 101 110 102  88 115 126 118 108 125 114
 [73] 121 122 131 151 147 158 137 159 168 189 210 222 195 187 201 243 281 242
 [91] 222 232 268 311 298 286 263 306 307 301 320 354 360 399 439 502 464 468
[109] 513 590 603 608 725 684 693 733 815 830 811 855 849

> save(reslist, file=paste("output",iter,".rda",sep=""))
> 
> 
> ###############################################################
> 
> 
> # Clear the workspace and turn off graphics.
> #  Load all the functions you need by sourcing the provided demographic.R file
> #  Read in the job number from the cluster. To do this, your code should include a new
> # variable iter and should start with the line:
> # iter <- as.numeric(Sys.getenv(PBS_ARRAY_INDEX))
> #  Control the random number seeds so that each parallel simulation takes place with a
> # different seed. Your function should therefore set the random number seed as iter so that
> # each parallel simulation has a unique random seed.
> #  In each parallel run, select the initial condition to be used. Ensure that 25 of the parallel
> # simulations are allocated to each of the initial conditions.
> #  Create a variable which is the filename to store your results. The end of the filename
> # should be the number iter to ensure that simulation files do not overwrite one another on
> # the cluster.
> #  Initialise a list which will contain the results of your 150 simulations.
> #  Call the stochastic_simulation function to do the appropriate simulation 150 times,
> # appending the output to the results list, and then save the results list.
> 
> #four initial conditions (25 cluster runs per)
> #each cluster run runs simulation 150 times
> #1) large population of 100 adults
> #2) small population of 10 adults
> #3) 100 individuals spread
> #4) small population of 10 individuals
> 
R has finished running

============================================

        Job resource usage summary 

                 Memory (GB)    NCPUs
 Requested  :         1             1
 Used       :         0 (peak)   1.00 (ave)

============================================
