R is about to run

R version 4.4.1 (2024-06-14) -- "Race for Your Life"
Copyright (C) 2024 The R Foundation for Statistical Computing
Platform: x86_64-conda-linux-gnu

R is free software and comes with ABSOLUTELY NO WARRANTY.
You are welcome to redistribute it under certain conditions.
Type 'license()' or 'licence()' for distribution details.

R is a collaborative project with many contributors.
Type 'contributors()' for more information and
'citation()' on how to cite R or R packages in publications.

Type 'demo()' for some demos, 'help()' for on-line help, or
'help.start()' for an HTML browser interface to help.
Type 'q()' to quit R.

> 
> 
> growth_matrix <- matrix(c(0.1, 0.0, 0.0, 0.0,
+ 0.5, 0.4, 0.0, 0.0,
+ 0.0, 0.4, 0.7, 0.0,
+ 0.0, 0.0, 0.25, 0.4),
+ nrow=4, ncol=4, byrow=T)
> 
> reproduction_matrix <- matrix(c(0.0, 0.0, 0.0, 2.6,
+ 0.0, 0.0, 0.0, 0.0,
+ 0.0, 0.0, 0.0, 0.0,
+ 0.0, 0.0, 0.0, 0.0),
+ nrow=4, ncol=4, byrow=T)
> 
> clutch_distribution <- c(0.06,0.08,0.13,0.15,0.16,0.18,0.15,0.06,0.03)
> 
> #=========================================================================================
> rm(list=ls())
> graphics.off()
> source("Demographic.R")
> source("kl2621_HPC_2024_main.R")
[1] 0 0 0 0 3
[1] 3 3 2 2 2
[1] 1 1
 [1] 7 5 3 3 3 3 3 3 3 3 3 2 2 1 1 1 1 1 1 1 1
> 
> 
> ###4 initial conditions
> 
> ############################################################
> 
> 
> 
> #VVVVVVVVVVVV-------------COMMENT ME OUT WHEN RUNNING THE THING
> #iter <- 5
> #VVVVVVVVVVV--------------UNCOMMENT ME OUT
> iter <- as.numeric(Sys.getenv("PBS_ARRAY_INDEX"))
> set.seed(iter)
> 
> 
> if (iter <= 25) {
+ initial_state <- state_initialise_adult(4,100) #100 adults
+ } else if (iter >25 && iter <= 50) {
+ initial_state <- state_initialise_adult(4,10) #10 adults
+ } else if (iter >50 && iter <= 75) {
+ initial_state <- state_initialise_spread(4,100) #100 spread
+ } else {
+ initial_state <- state_initialise_spread(4,10) #10 spread
+ }
> 
> reslist <- list()
> 
> ####100 cluster runs
> ###################################################
> ####150 runs of stochastic_simulation per cluster run
> for (i in 1:150) {
+     #################################
+     ###120 steps of stochastic_simulation per simulation
+     stochasticresult <- stochastic_simulation(initial_state,growth_matrix,reproduction_matrix,clutch_distribution,120)
+     reslist[[i]] <- stochasticresult
+     #################################
+ }
> ###################################################
> 
> print(reslist)
[[1]]
  [1]  10  11   7   6   5   5   4   3  11   7  20  15  10   9  16  12  22  15
 [19]  11  10  21  28  24  28  19  26  38  49  38  31  38  39  58  49  37  39
 [37]  35  41  45  54  65  57  60  56  57  66  68  67  59  77  96 100  83  99
 [55] 104 108 113 116 130 103 110 128 127 123 155 149 145 134 148 153 180 191
 [73] 167 169 149 178 208 223 207 240 246 236 261 244 248 222 290 296 310 318
 [91] 331 301 318 297 350 350 361 370 366 420 424 460 512 529 520 558 550 532
[109] 570 608 699 737 707 714 697 714 813 834 828 840 879

[[2]]
  [1]  10   8   7   8   6  15  13  14   9   8   8  20   9   7   6  17  15  16
 [19]   8  13  14  17  21  20  18  16  15  19  29  30  25  22  28  33  30  26
 [37]  29  28  41  37  38  29  32  44  50  38  33  29  29  40  39  43  37  42
 [55]  52  49  58  50  52  46  44  42  63  56  75  60  65  64  68  61  71  62
 [73]  62  78  70  82  81  70  84  85  91  93  92 103 100  97 122 119 144 136
 [91] 167 183 191 216 250 211 205 206 270 292 314 303 266 303 337 318 350 326
[109] 348 357 326 355 352 342 343 374 387 384 387 434 419

[[3]]
  [1]  10  11  16  12  20  19  26  27  16  19  36  45  40  37  33  30  41  50
 [19]  43  46  47  57  42  32  33  36  28  34  28  66  66  58  52  67  78  59
 [37]  49  59  63  65  72  59  50  67  56  71  64  67  67  60  65  78  78  63
 [55]  73  85  67  87  81  87  84  86  84  79  87 112  91 112 116  98 114 108
 [73] 118 148 125 140 136 165 160 151 146 163 168 155 172 145 184 169 172 178
 [91] 181 211 192 231 208 213 243 229 264 250 274 282 335 310 291 309 321 320
[109] 348 347 345 365 390 398 452 456 444 471 523 615 595

[[4]]
  [1]  10  11   6   6  11  15  13  16  17  16  13  23  25  24  12  15  18  12
 [19]  11  10  15  29  18  16  13  16  26  30  31  27  18  23  25  42  21  18
 [37]  26  22  19  19  18  16  17  16  17  18  13  14  15  10  14  13  18  23
 [55]  18  15  14  17  20  40  40  33  28  26  33  37  41  47  52  39  51  42
 [73]  44  45  55  48  56  62  66  43  53  59  75  75  89 103 113 126 124 121
 [91] 123 136 146 162 172 201 202 222 204 218 273 330 368 373 346 386 361 384
[109] 415 463 460 484 520 485 477 505 567 574 559 567 629

[[5]]
  [1]   10   18   19   14   15   13   18   16   30   24   22   36   35   27   31
 [16]   43   49   72   63   55   60   63   78   72   58   71   71   75  110   96
 [31]   93   81   68   85   88  105   91  103   96  115  131  124  110  109  128
 [46]  129  150  150  144  150  155  187  186  193  194  198  248  276  253  261
 [61]  297  291  301  314  331  329  366  406  386  397  412  405  406  431  425
 [76]  440  451  460  464  481  505  531  512  520  553  577  601  644  691  689
 [91]  716  702  733  757  901  934  920  985 1087 1089 1137 1178 1150 1218 1286
[106] 1366 1409 1489 1453 1531 1665 1717 1823 1808 1847 1888 2129 2145 2230 2308
[121] 2476

[[6]]
  [1]   10   11    6    6    6    6   12   14    9   11   13   17   14   13   15
 [16]   27   18   30   27   25   20   21   33   40   28   48   43   49   44   46
 [31]   47   36   42   34   55   42   39   37   44   50   42   52   57   49   44
 [46]   58   73   53   55   77   77   78   76   85  102  128  123  112   96  115
 [61]  126  132  116  122  114  145  156  144  161  191  185  195  214  207  180
 [76]  224  240  256  274  297  302  318  288  285  309  324  385  387  409  410
 [91]  415  470  446  461  442  459  519  479  480  483  551  528  597  614  638
[106]  673  720  709  806  827  871  923 1008 1004 1043 1052 1032 1096 1171 1161
[121] 1196

[[7]]
  [1]   10   12    9   19   16   32   36   27   28   43   36   36   37   49   57
 [16]   57   59   64   48   55   58   59   74   76   61   58   53   77   68   59
 [31]   56   55   61   82   63   59   55   61   78   75   80   74   74   99   91
 [46]   74   75   73   84  111  118  121  126  125  135  140  163  195  183  190
 [61]  195  189  219  198  208  226  235  264  239  257  282  248  266  312  351
 [76]  312  303  331  316  326  362  421  424  426  438  476  513  562  530  558
 [91]  608  642  675  699  755  789  778  730  754  762  854  846  784  887  880
[106]  950  929 1018 1092 1084 1166 1175 1210 1372 1416 1440 1479 1524 1638 1657
[121] 1746

[[8]]
  [1]  10  13   8   8  25  28  19  15  25  24  35  25  21  15  13  13  11  24
 [19]  28  21  30  32  31  29  30  34  29  35  28  25  20  29  31  22  26  39
 [37]  40  31  25  22  28  49  42  53  43  50  79  61  62  65  56  65  57  79
 [55]  66  77  86  84  71  75  85  92 101  88  98  94 105  89  97  97 107 103
 [73]  98  95 108 116 114 136 144 143 139 132 129 140 153 139 165 158 180 178
 [91] 186 191 197 157 174 198 213 208 213 244 280 288 319 317 315 325 348 354
[109] 396 424 414 427 434 498 499 537 529 608 624 624 661

[[9]]
  [1]  10  15  12  11  10   9   9  21  26  30  31  32  25  35  42  48  34  29
 [19]  32  51  66  67  52  39  44  61  48  54  59  87 102  81  68  64  67  68
 [37]  73  79  83  76  66  65  71  94  95 125 105  96 114  90  89  77  90 115
 [55] 126 102 113 124 106 112 144 139 176 182 170 164 164 175 161 190 167 167
 [73] 195 172 159 196 193 187 223 214 228 221 267 270 293 273 271 341 343 334
 [91] 332 358 357 375 386 411 404 434 431 433 446 439 411 407 417 459 472 441
[109] 465 471 545 583 576 563 562 569 575 608 598 611 622

[[10]]
  [1]  10  15  13   9  18  21  24  24  21  32  22  25  19  16  18  20  15  20
 [19]  12  14  19  15  12  11  18  13  11  14  12  22  20  20  26  33  27  24
 [37]  34  38  31  33  28  30  53  48  48  41  38  33  35  42  49  60  55  52
 [55]  42  56  53  50  39  50  61  51  49  35  36  43  42  58  52  64  71  71
 [73]  55  75  60  64  70  57  79  64  71  59  81  89  84  84  90  93 104 117
 [91] 120 127 126 117 130 144 151 167 140 155 135 168 176 165 171 183 181 196
[109] 184 216 216 232 256 265 248 281 294 353 366 340 330

[[11]]
  [1] 10  7  8  6  5  4  3  2  2 11  5  5  3  2  1  1  3  1  0  0  0  0  0  0  0
 [26]  0  0  0  0  0  0  0  0  0  0  0  0  0  0  0  0  0  0  0  0  0  0  0  0  0
 [51]  0  0  0  0  0  0  0  0  0  0  0  0  0  0  0  0  0  0  0  0  0  0  0  0  0
 [76]  0  0  0  0  0  0  0  0  0  0  0  0  0  0  0  0  0  0  0  0  0  0  0  0  0
[101]  0  0  0  0  0  0  0  0  0  0  0  0  0  0  0  0  0  0  0  0  0

[[12]]
  [1]  10  17   5   4   4   9   7   8  13  14   7   7   8   8  12  14  13  17
 [19]  17  16  12  12  10  15  12  15  12  24  15  24  23  24  21  25  21  26
 [37]  30  25  19  16  14  12  27  24  33  27  32  25  28  23  21  16  37  28
 [55]  31  21  37  38  46  50  58  55  47  57  61  51  54  63  68  77  69  95
 [73]  81  90  80  87 114 100 107 117 116 111 119 137 150 165 168 148 172 167
 [91] 197 193 195 205 179 215 221 225 260 269 266 253 289 320 362 380 389 436
[109] 440 474 487 521 497 545 590 639 693 678 738 774 764

[[13]]
  [1]   10   13    9    8    7   15   10   13    9    7   13   19   18   14   19
 [16]   25   25   21   24   42   30   40   33   30   30   34   33   24   27   34
 [31]   41   41   33   37   33   45   49   47   61   58   57   58   82   72   65
 [46]  103   91   99   94  112   99  119  114  116   91   98  133  135  142  149
 [61]  166  178  163  170  162  214  251  249  271  255  272  295  323  300  364
 [76]  348  365  402  427  422  418  408  409  431  405  434  476  521  510  543
 [91]  554  552  575  616  682  721  752  798  796  868  918  906  974  974 1017
[106]  978 1067 1088 1082 1156 1258 1314 1361 1333 1397 1559 1574 1657 1728 1858
[121] 1846

[[14]]
  [1] 10 10 15 11  9  9  7  5 11  7  9  5  5  4  2  2  2  1  1  0  0  0  0  0  0
 [26]  0  0  0  0  0  0  0  0  0  0  0  0  0  0  0  0  0  0  0  0  0  0  0  0  0
 [51]  0  0  0  0  0  0  0  0  0  0  0  0  0  0  0  0  0  0  0  0  0  0  0  0  0
 [76]  0  0  0  0  0  0  0  0  0  0  0  0  0  0  0  0  0  0  0  0  0  0  0  0  0
[101]  0  0  0  0  0  0  0  0  0  0  0  0  0  0  0  0  0  0  0  0  0

[[15]]
  [1]   10   13   11    8   11    9    7    5    5   11   10   13   10   10    5
 [16]    7    4    4    4    4    3    3    6    4   13   13   13   19   18   18
 [31]   16   21   23   30   29   32   28   25   28   25   30   35   28   39   36
 [46]   40   43   49   49   54   53   74   78   79   97   79   89   80   87   85
 [61]  100   91   73   66   76  108   96  101  124  118  144  138  130  158  159
 [76]  149  155  183  196  205  218  263  262  273  262  299  311  359  348  346
 [91]  376  348  379  414  407  452  458  515  502  511  564  583  592  647  639
[106]  661  697  721  722  711  755  838  898  974  940  963 1027 1083 1085 1122
[121] 1193

[[16]]
  [1]  10  15  11  19  21  15  16  16  12   9  10   7   5   4   6   4   3   8
 [19]   4   3  10   8   6   4   4   6  10   5   5   4   4   3   3   5   4   3
 [37]   3   9   6   6   4   3   3   9   6   5   5   5   9  15  11   7  12   9
 [55]  11  13  18  19  23  21  17  17  33  33  23  20  26  33  30  35  35  31
 [73]  41  43  53  51  55  65  60  71  63  70  78  71  75  73  79  87  84  90
 [91] 109 111 107 117 102 112 133 137 151 137 134 146 166 172 177 205 202 249
[109] 230 231 242 240 227 257 270 259 252 282 258 249 274

[[17]]
  [1]  10  22  23  21  16  14  24  25  27  22  18  22  15  10  11  14  22  31
 [19]  26  27  21  18  25  21  36  38  45  50  44  33  39  49  41  39  39  36
 [37]  52  54  44  37  30  27  29  26  24  25  24  28  27  34  31  30  42  38
 [55]  43  48  47  51  48  42  54  48  41  37  45  54  55  57  55  64  78  67
 [73]  75  76  69  65  75  91  81 106 105 101 116 146 142 159 139 139 165 195
 [91] 201 193 249 258 240 269 285 303 288 282 310 338 390 357 404 425 393 425
[109] 434 419 470 521 509 557 565 626 558 515 516 572 591

[[18]]
  [1]   10   12   19   17   13   12   11   11   16   21   29   15   12   18   22
 [16]   25   24   28   33   32   39   35   34   37   42   54   43   50   56   65
 [31]   65   66   62   83   89   88   67   85   82  101   99  101  103  115  105
 [46]   92   97  134  141  173  167  154  178  182  187  199  225  219  237  245
 [61]  266  244  242  235  228  256  249  274  249  291  283  291  309  316  394
 [76]  432  395  382  368  421  426  450  454  426  409  469  480  465  496  521
 [91]  551  538  551  536  609  652  712  741  786  816  857  891  972  998 1013
[106] 1104 1075 1096 1160 1184 1245 1268 1304 1433 1543 1618 1624 1666 1789 2019
[121] 1978

[[19]]
  [1]  10  13  12  11  10  16  25  16  12  13  21  19  22  16  15  12  31  29
 [19]  19  20  24  23  29  28  36  25  30  41  33  29  24  37  41  31  25  24
 [37]  23  25  25  18  24  33  23  18  13  14  17  25  32  26  33  30  29  27
 [55]  27  20  23  25  27  29  29  25  31  25  16  22  39  35  38  34  40  50
 [73]  38  37  42  44  45  46  53  52  64  55  38  31  37  42  34  55  44  42
 [91]  33  42  40  53  58  48  55  60  67  73  64  69  65  84  90  93  95 105
[109] 105 115 105  95  84 108 113 131 107  98  90  97 131

[[20]]
  [1]  10   6   6   6   8   5   5   4   6   4   9  12  10   7   6   4  12  15
 [19]  11   9  12  10  19  12  10   8  12  18  18  12  10   9  15  15  13  12
 [37]   9  14  13  13  24  23  29  23  25  39  28  40  37  35  44  45  58  50
 [55]  58  57  45  47  46  49  39  48  44  38  33  28  22  21  30  34  36  28
 [73]  42  38  35  39  32  39  42  52  49  53  46  54  60  69  66  69  79 107
 [91] 116 112 117 105 122 144 132 121 129 127 122 176 181 161 160 149 156 191
[109] 187 193 188 198 174 181 202 225 203 193 227 236 239

[[21]]
  [1]  10  21  18  15  22  16  24  29  19  17  12  11   8   9  14  15  18  17
 [19]  16  16  20  17  25  22  18  19  28  44  33  39  29  40  37  53  44  47
 [37]  48  50  60  46  54  64  54  69  51  59  61  62  78  80  83  71  87 105
 [55] 128 124 106 110 112 128 122 100  92  93  98 100 112 122 103 101  96 131
 [73] 125 122 129 135 138 149 153 145 153 159 166 172 167 198 217 199 226 218
 [91] 230 231 253 230 237 260 260 279 260 272 334 349 348 382 443 456 435 458
[109] 480 491 486 509 596 628 630 672 675 666 767 762 796

[[22]]
  [1]  10  19  13  16  15  12  14  13  11   9   9   8  17  13   9   6  15  11
 [19]  14  12   8  11   7  10   8   7   7   5   6   9   6   9   9   8   6   6
 [37]   8  11   9   9  13  11   9   8   8  15  15  23  17  17  17  19  15  25
 [55]  21  22  27  28  22  21  33  24  25  33  29  27  30  43  57  53  45  36
 [73]  36  28  23  34  43  41  47  42  43  59  57  42  34  50  44  49  40  40
 [91]  62  83  76  73  70  84  83 113 111  99 104 108  90  93 100 113 117 130
[109] 134 148 151 167 168 164 162 173 171 162 164 201 178

[[23]]
  [1] 10 13  8 12 11 10 13  9  8 14 15 18 15 19 14 12 16 14 10  9  9  5  4  2  5
 [26]  3  4  4  2  2  0  0  0  0  0  0  0  0  0  0  0  0  0  0  0  0  0  0  0  0
 [51]  0  0  0  0  0  0  0  0  0  0  0  0  0  0  0  0  0  0  0  0  0  0  0  0  0
 [76]  0  0  0  0  0  0  0  0  0  0  0  0  0  0  0  0  0  0  0  0  0  0  0  0  0
[101]  0  0  0  0  0  0  0  0  0  0  0  0  0  0  0  0  0  0  0  0  0

[[24]]
  [1] 10 13 13 15  6  5  5  8  6  7  6  4  4  3  2  6  5  7  2  2  2  2  2  2  2
 [26]  6 10  8  4  8  4  4  8  4  3  2  1  0  0  0  0  0  0  0  0  0  0  0  0  0
 [51]  0  0  0  0  0  0  0  0  0  0  0  0  0  0  0  0  0  0  0  0  0  0  0  0  0
 [76]  0  0  0  0  0  0  0  0  0  0  0  0  0  0  0  0  0  0  0  0  0  0  0  0  0
[101]  0  0  0  0  0  0  0  0  0  0  0  0  0  0  0  0  0  0  0  0  0

[[25]]
  [1]   10   17   13    7   12   10    6    5   12   11   16   14   22   24   17
 [16]   16   23   20   27   22   27   22   23   21   21   20   23   19   13   20
 [31]   21   25   30   21   18   24   21   15   18   20   27   15   18   18   19
 [46]   31   32   38   29   51   45   49   56   41   46   49   59   45   37   43
 [61]   51   61   70   80   99   94   97   97  101  116  131  148  153  187  200
 [76]  198  195  216  210  266  251  245  244  238  280  289  281  284  312  316
 [91]  353  385  436  424  433  471  494  490  521  524  540  535  534  530  620
[106]  642  635  663  683  735  745  709  743  826  896  927 1017 1014 1058 1052
[121] 1013

[[26]]
  [1]   10   21   18   21   20   26   27   30   25   25   23   19   24   19   25
 [16]   29   32   28   46   47   46   58   69   48   51   48   48   38   57   56
 [31]   63   84   69   81   82   72   88   78   90   75   83   77   85   78   73
 [46]   90   90  108  116  120  108  102  110  127  148  169  140  148  143  144
 [61]  151  184  205  207  241  228  213  264  248  261  301  368  371  363  416
 [76]  419  440  442  478  482  489  545  539  534  572  660  744  689  699  719
 [91]  780  866  917  945 1032 1109 1123 1118 1205 1250 1257 1297 1364 1399 1491
[106] 1590 1663 1777 1784 1870 1910 1900 2022 2040 2131 2177 2311 2415 2476 2645
[121] 2706

[[27]]
  [1]   10   10   20   25   15   11   16   19   23   33   31   36   51   45   44
 [16]   67   82   71   81   79   67   67   63   86   94   98  115  101  123  119
 [31]  131  107  130  139  155  142  132  131  133  137  127  121  122  131  142
 [46]  154  144  167  166  170  182  210  180  189  202  195  219  218  229  231
 [61]  243  239  247  286  318  329  305  295  305  357  349  374  392  392  375
 [76]  389  400  363  352  324  335  378  438  440  463  476  546  526  516  584
 [91]  621  601  551  576  652  644  664  706  712  701  784  864  859  869  879
[106]  902  982 1032 1094 1142 1174 1251 1340 1373 1304 1459 1531 1545 1595 1676
[121] 1763

[[28]]
  [1]  10  16  13   7   7  10  24  15  19  19  17  20  23  40  24  28  27  26
 [19]  27  22  22  27  21  14  12  11  16  18  15  22  32  21  19  19  26  28
 [37]  27  27  29  32  23  25  28  36  32  43  37  42  38  35  31  27  31  36
 [55]  41  42  39  61  45  51  45  55  53  41  38  39  53  53  67  59  49  50
 [73]  63  67  60  51  60  54  39  34  52  66  65  59  69  77  58  73  67  76
 [91]  73  66  69  63  75  80 115 111 106 111 129 143 115 126 142 137 125 125
[109] 133 170 175 180 171 161 159 204 217 238 212 247 273

[[29]]
  [1]  10   7   9  10   6   6   6   6  10  10  12  12   9  13   9   9   7  10
 [19]   9   7  14  14  24  32  30  20  17  28  38  35  26  29  36  35  36  35
 [37]  35  31  22  36  37  33  36  42  44  44  46  47  39  31  46  37  46  41
 [55]  57  55  64  54  68  72  89  98 109 105 107  98  93  98 111 101 101 141
 [73] 119 142 146 135 122 128 169 179 155 166 176 209 204 227 222 217 191 238
 [91] 245 274 266 294 262 289 289 269 279 297 323 324 334 377 425 430 422 455
[109] 504 483 485 487 503 524 533 592 591 590 629 657 642

[[30]]
  [1] 10  7  9  6 13 16 11 11  8  8  6 12  6  5  4  4  4  4  2  2  2  9  9  6  3
 [26]  3  3  9  6  5  4  3  3  3 16 10  8  5  4 10  7  4  4  4  4  3  5  3  3  2
 [51]  1  1  1  1  1  1  1  1  0  0  0  0  0  0  0  0  0  0  0  0  0  0  0  0  0
 [76]  0  0  0  0  0  0  0  0  0  0  0  0  0  0  0  0  0  0  0  0  0  0  0  0  0
[101]  0  0  0  0  0  0  0  0  0  0  0  0  0  0  0  0  0  0  0  0  0

[[31]]
  [1]   10    6    5   11   14    9    8   14   15   13   16   18   21   26   24
 [16]   17   25   20   18   14   14   22   14   13   11   22   29   21   23   32
 [31]   24   27   27   31   40   54   42   46   46   51   60   64   70   82   91
 [46]   85   90   85   97  121  102  100  128  133  119  142  153  160  172  166
 [61]  171  176  208  212  242  237  225  206  223  263  247  226  205  248  283
 [76]  273  269  301  299  310  337  393  397  402  430  511  519  540  506  506
 [91]  541  606  646  664  709  725  796  794  858  974 1017 1037 1046 1078 1167
[106] 1235 1293 1367 1397 1474 1482 1566 1722 1735 1735 1809 1884 2030 2095 2258
[121] 2309

[[32]]
  [1] 10 14 11 10  7  6 12  7 10  7  6  6  5  3  2  2 11  8  7  4  3  3  7  3  7
 [26]  7  5  5  5  3  3  3  2  1  4  2  2  2  2  2  6  4  3  3  3  2  8  4  3  3
 [51]  3  3  3  3  1  0  0  0  0  0  0  0  0  0  0  0  0  0  0  0  0  0  0  0  0
 [76]  0  0  0  0  0  0  0  0  0  0  0  0  0  0  0  0  0  0  0  0  0  0  0  0  0
[101]  0  0  0  0  0  0  0  0  0  0  0  0  0  0  0  0  0  0  0  0  0

[[33]]
  [1] 10  6 14  8 12  6  3  3  7  5  6  6  4  4  9  5  8  4  4  4  4  4  8  5  2
 [26]  1  1  1  1  0  0  0  0  0  0  0  0  0  0  0  0  0  0  0  0  0  0  0  0  0
 [51]  0  0  0  0  0  0  0  0  0  0  0  0  0  0  0  0  0  0  0  0  0  0  0  0  0
 [76]  0  0  0  0  0  0  0  0  0  0  0  0  0  0  0  0  0  0  0  0  0  0  0  0  0
[101]  0  0  0  0  0  0  0  0  0  0  0  0  0  0  0  0  0  0  0  0  0

[[34]]
  [1] 10  5  4  4  4  3  2  2  7  9  6  6  5  7  9 13 14 15 18 12 11 30 27 24 18
 [26] 22 25 22 22 18 19 24 29 20 14 18 16 18 21 14 20 12 13 10 12 22 21 18 15 21
 [51] 18 11 14  8  7 16 14 10 13 19 15 14 19 20 14 12 10  7  6  4  4  8  5  5  5
 [76]  3  3  3  2  3  8 13  8  5  4  4  2  1  8  9  8  6  4  3  2  2  2  2  1  1
[101]  6  5  5  4  9  6  7  7  9 14 15 17 19 15 14  9 13 17 21 17 14

[[35]]
  [1]  10  21  22  16  18  26  26  19  22  21  21  24  16  14  21  25  17  14
 [19]  20  26  30  23  19  18  30  27  39  40  39  35  30  26  27  27  41  61
 [37]  44  45  38  33  35  28  37  29  48  40  35  42  31  45  46  56  59  53
 [55]  62  53  64  88  74  64  63  76  98  95  86  97 116 102 113 112 119 139
 [73] 141 177 191 201 193 202 211 209 255 251 293 279 286 275 286 267 297 279
 [91] 354 332 322 298 315 315 344 307 329 374 353 385 366 416 433 433 443 441
[109] 411 460 507 500 590 567 568 587 594 692 738 782 802

[[36]]
  [1] 10 16 18 12 11 10  6  6  5  6  2  2  2  2  1  7  5  4  4  3  3  2  2  2  2
 [26]  1  1  1  1  0  0  0  0  0  0  0  0  0  0  0  0  0  0  0  0  0  0  0  0  0
 [51]  0  0  0  0  0  0  0  0  0  0  0  0  0  0  0  0  0  0  0  0  0  0  0  0  0
 [76]  0  0  0  0  0  0  0  0  0  0  0  0  0  0  0  0  0  0  0  0  0  0  0  0  0
[101]  0  0  0  0  0  0  0  0  0  0  0  0  0  0  0  0  0  0  0  0  0

[[37]]
  [1]  10   8  15  16  19  15  12   9  29  17  13  10  10  13  13  12  12  17
 [19]  21  15  21  19  31  34  29  30  34  29  25  23  27  20  29  31  23  30
 [37]  25  30  24  27  18  17  20  25  22  25  28  24  30  40  36  37  45  47
 [55]  45  38  55  50  64  48  40  46  41  42  29  34  27  35  40  34  42  30
 [73]  29  31  26  40  48  51  40  38  62  49  41  46  65  61  60  49  50  61
 [91]  90  77  82  72  69  67  63  94  86  90  84  91 116 132 118 116 123 108
[109] 133 137 128 140 139 127 142 141 136 146 167 175 164

[[38]]
  [1]  10   6   5   5   3   3   3   6   7   9   6   5   3   2   5   3   3   2
 [19]   2  10  13  10   8   7  19  14  16  17  20  22  21  16  15  20  18  19
 [37]  21  19  12  25  23  22  22  20  20  22  28  22  24  15  13  29  21  24
 [55]  28  22  17  16  19  15  15  19  17  16  26  34  40  42  52  54  88  98
 [73]  87  90  93  99  86  79 104 113 136 121 141 162 148 165 167 154 152 154
 [91] 162 183 179 197 184 174 193 227 219 253 262 269 289 305 298 303 329 327
[109] 327 360 365 388 423 430 438 497 479 502 528 514 556

[[39]]
  [1] 10 15 12 15 16 17 13  8 12  8  6  5  3  2  1  1  1  1  6  2  2  1  1  1  1
 [26]  1  5  4  3  3  3  8  4  4  4  8  7  5  3  3 15 14 19 15 11 13 16 17 14 19
 [51] 14 19 21 15 12  8 11 22 17 10  6 11  9 15 23 26 30 24 33 36 33 35 23 19 18
 [76] 24 50 41 36 28 25 20 31 33 30 35 33 24 40 42 46 33 36 28 31 30 30 39 41 33
[101] 25 29 34 32 31 32 31 28 27 30 24 23 22 44 46 35 28 29 38 38 39

[[40]]
  [1]  10  18  14  12   8  14  10  13   7   6   8   6   7   9   7   6   6  10
 [19]   8   6   6   6   8   5   7   7  10  15  23  30  25  17  17  26  23  33
 [37]  23  26  17  20  16  25  27  27  40  27  28  24  22  32  38  37  33  46
 [55]  46  31  36  40  37  49  42  42  60  63  61  58  81  70  70  67  87  96
 [73] 108  88  99 111 123 132 158 157 144 151 190 175 161 155 182 174 191 199
 [91] 238 226 260 298 242 269 282 297 304 345 326 363 375 394 409 426 455 460
[109] 482 515 515 514 564 596 631 658 685 695 706 763 776

[[41]]
  [1]   10    8   10    8   10    9    8    7   19   17   19   25   35   32   28
 [16]   31   36   46   50   63   52   64   54   56   62   61   48   54   59   66
 [31]   69   86   82   83   84  102   94  104   89  100  117  115  120  122  124
 [46]  171  151  139  121  133  132  138  136  164  171  178  190  233  224  230
 [61]  266  317  324  355  363  387  364  378  406  422  431  461  465  518  534
 [76]  575  624  641  645  650  662  727  750  776  842  916  952 1014 1023  957
 [91] 1075 1105 1095 1274 1274 1269 1328 1385 1523 1607 1685 1718 1749 1791 1911
[106] 2022 2099 2140 2166 2306 2358 2328 2405 2535 2633 2727 2898 2887 3089 3104
[121] 3286

[[42]]
  [1]   10    7   18   28   26   21   19   33   32   37   43   38   45   42   48
 [16]   62   58   66   55   51   52   47   48   69   61   53   59   73   88   83
 [31]   87   76   84   97  116  117  113  117  124  146  149  143  169  152  146
 [46]  158  156  169  176  223  212  207  193  214  252  306  299  310  282  254
 [61]  296  319  314  345  351  347  355  396  407  476  457  495  499  512  545
 [76]  527  623  643  637  632  679  679  724  767  747  771  795  851  911  951
 [91]  958 1113 1125 1145 1186 1284 1339 1407 1501 1520 1660 1757 1845 1984 2036
[106] 2119 2233 2148 2354 2385 2512 2618 2759 2950 3067 3267 3445 3437 3594 3714
[121] 3895

[[43]]
  [1]   10   11    8   10    5   12   10   11    8   19   27   22   28   29   34
 [16]   27   21   33   29   37   41   27   30   47   37   52   42   43   47   42
 [31]   47   46   51   57   48   44   55   56   61   48   56   74   88   83   94
 [46]   76   69   72   74  105  118  138  127  122  129  130  157  170  175  198
 [61]  217  211  232  202  227  245  219  259  280  245  245  260  277  309  301
 [76]  314  338  380  404  410  413  410  483  432  462  457  495  502  516  575
 [91]  581  588  600  623  619  664  682  693  672  761  747  695  706  756  801
[106]  807  854  938  943  983 1062 1077 1080 1158 1212 1276 1254 1375 1406 1371
[121] 1388

[[44]]
  [1]   10   19   22   20   18   18   16   12   11   13   20   16   26   22   33
 [16]   33   31   29   33   26   35   29   32   33   32   31   35   31   25   43
 [31]   43   63   65   71   65   80   91  103   95  102  125  127  111  134  147
 [46]  139  151  176  198  189  189  218  237  233  276  299  283  328  358  357
 [61]  380  394  407  414  500  451  460  495  491  561  571  657  702  651  636
 [76]  706  758  767  777  818  885  920  959  970  984  990  999 1034 1117 1238
 [91] 1301 1315 1308 1358 1382 1532 1510 1589 1630 1696 1790 1872 2034 2112 2142
[106] 2171 2245 2504 2609 2696 2732 2871 2984 3201 3217 3145 3470 3646 3844 4056
[121] 4128

[[45]]
  [1]   10   12   13   14   14   16   18   13   20   16   29   39   29   38   43
 [16]   50   54   56   48   41   39   37   55   52   61   47   43   45   49   66
 [31]   57   59   49   61   66   70   58   63   56   92   74   80   78  116  113
 [46]  128  116  121  130  145  146  153  134  151  154  148  158  165  160  175
 [61]  200  228  211  213  202  238  255  245  225  244  267  301  321  326  312
 [76]  292  343  342  349  392  397  416  377  391  441  465  490  461  461  568
 [91]  577  573  582  570  654  636  696  706  744  733  754  791  874  919  918
[106]  915 1038 1023 1056 1074 1159 1226 1229 1403 1425 1420 1573 1565 1599 1661
[121] 1801

[[46]]
  [1]   10   22   14   12   16   15   30   34   38   30   54   66   58   56   57
 [16]   55   73   70   74   72   77   80   89   96   83   75   81   97   90   89
 [31]  114   86   88  110  123  131  130  144  138  131  175  178  175  164  158
 [46]  173  193  203  176  178  181  170  165  178  169  187  188  240  236  255
 [61]  241  246  280  307  322  336  336  376  360  395  390  425  478  441  443
 [76]  459  480  560  577  544  507  575  630  622  685  713  734  712  808  808
 [91]  808  850  888  987  997 1008 1040 1148 1197 1174 1234 1343 1347 1398 1480
[106] 1565 1652 1708 1739 1795 1918 1954 2050 2190 2238 2274 2440 2482 2532 2571
[121] 2658

[[47]]
  [1]  10  14  16  12  11  10  14   9   8  16  15  13  12   9  13   8   7  12
 [19]  12  13  20  14  18  31  19  16  15  26  15  10  12   9  19  15  14  15
 [37]  14  16  16  19  19  14  12  13  25  24  31  22  33  32  40  35  27  27
 [55]  22  33  30  30  42  36  39  42  40  36  41  38  47  49  50  54  57  69
 [73]  75  61  67  82  82  74  67  71  68  72  71  82  96 114 105 104 117 129
 [91] 164 163 154 168 175 189 218 216 212 228 228 232 262 242 271 295 311 351
[109] 375 389 386 374 335 395 464 483 478 452 464 508 558

[[48]]
  [1]   10   15    8    7   11   12   11   12    6    5    5   11   14   14   11
 [16]   11   13   22   23   29   33   27   35   26   33   40   39   50   35   41
 [31]   35   38   46   56   59   53   58   72   77   94  100   99   96   97  111
 [46]   92  110   88   98  128  102  137  142  155  148  142  141  137  161  164
 [61]  144  176  164  212  208  214  208  229  243  281  242  234  250  285  276
 [76]  291  298  341  391  349  362  343  353  367  395  405  450  424  434  425
 [91]  434  442  450  484  502  539  528  526  584  581  625  647  691  689  720
[106]  759  776  819  848  859  910  903  900  957 1026 1027 1068 1089 1194 1180
[121] 1238

[[49]]
  [1]   10   12    9    8   10   10   16   13   17   16   13   19   25   19   19
 [16]   13   20   13   20   23   23   25   19   25   27   39   42   40   33   36
 [31]   29   40   44   52   51   56   54   58   77   73   69   66   72   85   72
 [46]   75   64   73   68   88   89  115  112   90  111  107  111  121  130  128
 [61]  131  144  165  168  193  182  192  197  220  207  215  208  219  245  267
 [76]  268  251  291  284  286  279  301  313  342  334  331  408  409  431  373
 [91]  375  429  397  448  479  513  517  552  551  533  608  595  637  599  595
[106]  633  726  719  679  729  849  870  975  973 1016 1078 1092 1144 1109 1226
[121] 1229

[[50]]
  [1]  10   8  19  15  19  21  16  13  12  10   8  11  16  18  20  13  17  14
 [19]  10  12  14  10   5  10   7   5   5   4   8  11   6   9  10   6   5   5
 [37]  20  26  24  18  16  13  19  27  42  39  34  42  36  43  33  53  58  47
 [55]  39  46  50  51  57  43  58  58  55  64  59  54  72  64  79  84  96  92
 [73]  84  71  68  76  87  83  78  98  86  91 110 138 176 164 151 169 167 157
 [91] 192 221 228 206 206 215 224 269 254 269 287 331 335 387 372 363 397 395
[109] 387 450 433 399 414 433 487 420 468 528 592 592 655

[[51]]
  [1]   10   16   19   18   20   19   22   28   37   26   26   27   31   28   23
 [16]   36   40   37   41   44   44   48   40   50   49   73   64   91   76   67
 [31]   76   73   94   99  104  117  110  116  119  128  137  121  124  134  131
 [46]  134  127  142  145  130  176  179  188  210  200  208  218  270  257  282
 [61]  329  302  289  290  311  302  336  353  383  383  409  399  403  427  444
 [76]  458  514  519  519  490  536  590  625  605  697  733  781  816  834  854
 [91]  870  967  955 1009 1103 1141 1178 1198 1221 1339 1340 1357 1434 1462 1535
[106] 1599 1750 1722 1836 1912 1934 1996 2151 2294 2383 2322 2423 2535 2672 2937
[121] 3018

[[52]]
  [1]   10   20   14   13   15   12   14   10    8   11   14   23   19   18   12
 [16]   17   23   17   23   26   38   38   40   58   54   36   39   49   58   52
 [31]   47   46   56   60   63   70   75   83   79   80  113   99  112  114   93
 [46]   88  113  117  131  155  142  167  189  162  168  142  159  182  222  190
 [61]  185  178  163  199  200  217  217  221  240  243  278  271  308  280  289
 [76]  282  301  307  324  387  399  369  348  370  409  434  422  505  494  521
 [91]  558  550  518  513  629  612  600  599  625  692  667  779  769  810  837
[106]  878  886  939  975 1023 1137 1180 1227 1294 1289 1319 1400 1485 1453 1487
[121] 1635

[[53]]
  [1]   10    8    5    9    8    6   11   17   14   17   21   15   12   14   25
 [16]   26   18   26   27   29   23   22   39   39   41   38   48   64   57   82
 [31]   88   81   87  105  131  115  114  123  144  149  174  169  169  205  213
 [46]  228  202  216  233  230  227  277  289  340  340  347  379  389  393  500
 [61]  472  456  481  520  517  511  544  582  618  615  629  685  741  741  735
 [76]  834  804  850  811  849  816  864  939 1007 1119 1126 1074 1080 1112 1206
 [91] 1298 1385 1486 1539 1530 1534 1586 1684 1796 1800 1896 1824 1962 2107 2165
[106] 2233 2397 2522 2626 2656 2709 2832 2917 3017 3200 3226 3357 3534 3699 3776
[121] 3904

[[54]]
  [1]   10   12    9    7    8   14   14   13   21   24   18   16   15   33   26
 [16]   20   23   17   15   12   11   10   22   21   25   31   24   29   28   33
 [31]   35   33   31   32   32   27   25   22   36   37   46   48   50   37   32
 [46]   40   56   51   57   68   60   60   76   85   79   76   81   98  109  119
 [61]  108  124  117  118  115  125  149  161  149  146  136  153  155  148  146
 [76]  156  191  189  164  208  190  200  194  214  218  216  260  284  331  327
 [91]  369  393  416  407  431  462  525  505  504  543  528  558  528  549  571
[106]  580  599  597  658  679  732  776  799  859  892  986  982 1158 1118 1185
[121] 1271

[[55]]
  [1]  10   7   6   5   5   5   5  17  13   9   8  15  13  10   7   8   7  21
 [19]  20  10  12  10  13   9   9   8   7   7  14  18  17  17  14   9  13  18
 [37]  22  18  10   9  13  14  11  18  22  16  35  27  24  39  43  49  53  52
 [55]  50  47  51  55  51  53  39  52  66  63  69  58  66  79  75  81  65  89
 [73]  76  84  78  98 106 116  83  89 108  94  78  73  97  90 125 119 137 139
 [91] 138 143 169 197 196 189 200 211 227 206 227 245 222 258 278 286 274 283
[109] 303 330 349 358 347 366 380 387 421 453 469 501 504

[[56]]
  [1]  10  10   6   5   4  15  22  14  14  10   9  23  35  29  35  42  31  27
 [19]  27  41  36  33  39  39  35  41  25  36  37  42  35  35  45  43  61  45
 [37]  37  35  52  58  58  62  68  65  60  66  62  57  63  63  63  67  76  78
 [55]  71  64  87  89  85  88  77  79  89  91 115 110 147 130 103 112 123 142
 [73] 150 164 148 142 151 144 162 142 150 168 164 168 193 190 210 232 250 267
 [91] 250 241 296 307 283 277 313 324 366 365 371 397 372 389 424 438 449 413
[109] 434 461 473 499 496 544 538 540 571 580 631 663 685

[[57]]
  [1] 10 17 15  9  6  6  6  5  9  3  2  5  3  2  2  2  5  2  1  1  1  1  1  1  7
 [26]  9  4  4  3  3  3  2  5  4  1  0  0  0  0  0  0  0  0  0  0  0  0  0  0  0
 [51]  0  0  0  0  0  0  0  0  0  0  0  0  0  0  0  0  0  0  0  0  0  0  0  0  0
 [76]  0  0  0  0  0  0  0  0  0  0  0  0  0  0  0  0  0  0  0  0  0  0  0  0  0
[101]  0  0  0  0  0  0  0  0  0  0  0  0  0  0  0  0  0  0  0  0  0

[[58]]
  [1] 10 15 11  6 10 10  8  7  7  5  5  6  4  2  1  1  1  1  1  0  0  0  0  0  0
 [26]  0  0  0  0  0  0  0  0  0  0  0  0  0  0  0  0  0  0  0  0  0  0  0  0  0
 [51]  0  0  0  0  0  0  0  0  0  0  0  0  0  0  0  0  0  0  0  0  0  0  0  0  0
 [76]  0  0  0  0  0  0  0  0  0  0  0  0  0  0  0  0  0  0  0  0  0  0  0  0  0
[101]  0  0  0  0  0  0  0  0  0  0  0  0  0  0  0  0  0  0  0  0  0

[[59]]
  [1]  10   7  13   9  11   4   5   5  11  10   7   6   5   5   5  11  13   8
 [19]   9   4  11   9  17  11  10   8   6   5   4  17  18  12   9  16  13  16
 [37]  12  10   7  12  12  13  10   9  12  20  21  19  15  11  11   8  13   9
 [55]   9  14  14  19  30  22  18  14  20  28  22  17  15  14  25  19  30  34
 [73]  43  64  47  50  57  65  77  76  55  75  65  75  67  51  52  54  65  56
 [91]  76  81 112  97  83  91  90 103 119 132 134 143 143 177 178 223 233 221
[109] 205 227 232 237 215 222 259 327 302 309 328 326 365

[[60]]
  [1]   10   15   11   13   19   20   15   15   21   27   31   31   40   43   39
 [16]   53   49   62   56   73   75   68   64   73   65   73   85   98   74   63
 [31]   97  104  113  103   81  101  122   95  113   95  103  131  134  150  127
 [46]  154  162  160  162  164  169  216  210  185  185  163  224  228  224  227
 [61]  236  224  223  244  256  264  254  307  302  325  335  394  372  406  407
 [76]  434  430  420  489  515  535  519  523  533  514  544  633  646  590  601
 [91]  668  717  731  706  806  813  840  878  952 1018 1022 1020 1054 1093 1243
[106] 1235 1274 1239 1271 1278 1430 1520 1505 1495 1632 1668 1787 1937 1942 2129
[121] 2326

[[61]]
  [1]  10   7   6  15  16  19  12  10   7  12  17  15  11   9  11  14  11  11
 [19]   8   9  12  19  21  19  23  17  18  15  14  18  20  21  31  26  35  28
 [37]  27  23  25  23  17  14  20  20  21  21  30  35  33  38  39  53  48  59
 [55]  54  49  51  53  62  81  78  71  75  81  76  77  86 100  98  84  97 105
 [73] 120 116 109 119 119 130 141 121 137 142 153 173 160 191 202 220 186 192
 [91] 222 206 245 253 248 272 280 263 297 353 337 326 332 385 431 394 406 398
[109] 488 524 546 592 598 682 649 689 741 830 825 857 906

[[62]]
  [1]  10   9   7   6   5   4   8   6   4   7   5   4   3   3   2   2   6   4
 [19]   4   3   3   3   3   8  11  12  10   5   5  11  12   9   8   7   6  16
 [37]  15  17  12  17  22  17  21  19  31  28  21  20  19  19  23  17  19  16
 [55]  21  31  28  36  30  27  27  40  36  40  42  58  59  60  46  52  49  53
 [73]  52  50  62  48  44  43  50  46  48  40  34  36  50  39  44  61  68  65
 [91]  61  74  93  80  76  82  73  92  95 102 105  95  76  89 104  94 105 116
[109] 128 108 119 117 101 106 136 141 157 174 170 177 160

[[63]]
  [1]  10   7   7   6   5   5   5  14   9   7   7   5   4   4   2   1   1   6
 [19]   3   3   2   2   2   2   1   1   1   2   7   5   7  12   8   7  13  14
 [37]  21  30  26  28  25  33  38  54  50  40  39  37  28  38  49  43  39  35
 [55]  30  25  38  30  35  28  28  36  39  61  52  68  64  52  59  74  73  85
 [73]  76 101 102 123 115 135 126 119 119 124 128 139 131 110 131 140 151 115
 [91]  98 105 120 127 140 143 117 130 127 153 173 161 137 136 160 170 176 167
[109] 172 192 212 205 187 203 244 216 219 252 224 237 265

[[64]]
  [1]   10   12    9   10   14   18   12   16   27   24   25   22   22   27   35
 [16]   30   40   34   32   25   32   42   42   39   38   46   49   67   67   53
 [31]   48   60   76   65   65   89  102   83   91  109  126  125  154  176  173
 [46]  168  155  156  181  189  210  206  213  219  224  217  238  250  240  263
 [61]  261  283  305  308  301  322  343  340  367  392  393  370  408  431  507
 [76]  481  514  508  560  554  586  605  656  719  728  786  736  760  817  866
 [91]  958 1055 1028 1025 1137 1260 1287 1350 1301 1425 1534 1702 1710 1738 1913
[106] 1983 2065 2076 2190 2213 2251 2343 2524 2597 2745 2756 2923 2963 3027 3214
[121] 3336

[[65]]
  [1]  10  13  14  17  12   8   6   9   7   6  11  15  15  15  20  19  28  32
 [19]  30  32  23  18  20  21  26  23  26  24  20  16  21  20  27  21  27  27
 [37]  33  36  37  38  42  30  48  46  36  29  35  41  40  54  51  55  58  57
 [55]  56  65  75  72  66  83  69  62  65  77  86 107 106 125 129 144 134 133
 [73] 129 151 149 190 159 163 158 168 154 180 172 200 184 191 205 236 241 259
 [91] 230 237 217 248 220 243 294 316 300 279 325 337 389 355 407 427 412 489
[109] 533 504 499 532 587 598 583 645 658 680 745 760 840

[[66]]
  [1]   10   10    7    9    7    6    6   10   10   20   23   17   22   40   29
 [16]   23   23   42   40   36   34   33   36   32   33   30   26   30   49   62
 [31]   93   93   84   89   76   98  113  118  109  132  117  117  126  140  130
 [46]  152  162  149  144  163  166  183  188  181  181  194  194  171  203  234
 [61]  214  237  234  237  263  282  283  273  281  284  329  306  279  282  364
 [76]  369  372  383  358  384  376  411  433  443  458  527  539  525  623  685
 [91]  655  687  769  811  848  781  816  881  946  955 1013  997 1005 1036 1018
[106] 1181 1164 1194 1289 1385 1412 1507 1574 1603 1600 1673 1782 1869 1940 1919
[121] 2053

[[67]]
  [1]   10   19   13   12   12   25   22   30   30   30   28   26   24   21   25
 [16]   30   32   24   27   30   29   42   34   26   22   30   24   32   24   36
 [31]   27   30   34   44   58   60   55   66   63   75   74   99   93   80  100
 [46]   95   92   89  118  111  118  129  115  121  133  131  162  159  181  178
 [61]  194  214  243  254  288  281  293  327  341  356  335  393  370  421  432
 [76]  491  448  437  460  449  471  515  566  522  518  518  605  594  604  567
 [91]  653  670  630  700  730  754  751  803  892  918  925  976 1037 1074 1145
[106] 1154 1198 1219 1220 1287 1405 1457 1489 1589 1683 1736 1888 1915 2027 2094
[121] 2166

[[68]]
  [1] 10  9  5  9  4  2  1  1  0  0  0  0  0  0  0  0  0  0  0  0  0  0  0  0  0
 [26]  0  0  0  0  0  0  0  0  0  0  0  0  0  0  0  0  0  0  0  0  0  0  0  0  0
 [51]  0  0  0  0  0  0  0  0  0  0  0  0  0  0  0  0  0  0  0  0  0  0  0  0  0
 [76]  0  0  0  0  0  0  0  0  0  0  0  0  0  0  0  0  0  0  0  0  0  0  0  0  0
[101]  0  0  0  0  0  0  0  0  0  0  0  0  0  0  0  0  0  0  0  0  0

[[69]]
  [1]   10   14   10   14   13   11   17   20   13   14   14   22   19   14   12
 [16]   15   16   26   22   14   14   18   12   11   21   29   35   41   37   40
 [31]   33   39   40   51   41   57   67   55   46   46   60   70   56   49   56
 [46]   72   70   78  102   87   80   84  101  119  113  120  120  105  117  107
 [61]  109  119  125  125  138  144  134  144  162  152  151  187  217  186  159
 [76]  156  218  244  264  233  258  252  230  226  295  312  320  305  284  293
 [91]  337  346  369  418  398  449  429  433  451  497  508  570  561  613  645
[106]  672  682  729  766  807  834  848  872  888  963  992 1083 1164 1131 1134
[121] 1168

[[70]]
  [1]   10   18   12   12   12   13   22   16   22   18   31   23   40   30   23
 [16]   32   34   42   48   42   39   37   43   47   52   54   49   49   52   57
 [31]   77   95   84   67   78   87  120  142  135  110  100   92  102  115  147
 [46]  144  137  135  150  134  164  166  169  197  238  196  219  218  206  199
 [61]  238  226  228  255  278  272  286  334  351  334  332  322  334  345  360
 [76]  367  344  319  369  403  393  386  397  396  433  435  432  460  472  495
 [91]  499  562  575  566  603  644  621  627  634  671  639  701  738  759  705
[106]  753  921  879  874  842  945  930  980  989 1122 1144 1217 1275 1340 1383
[121] 1413

[[71]]
  [1]   10   10   15   12   10   10   10    8    7    9   22   23   23   22   24
 [16]   31   35   31   32   22   30   33   26   32   40   34   34   34   32   36
 [31]   51   47   42   35   35   48   48   50   51   40   44   59   59   75   67
 [46]   54   51   56   81   65   53   65   69   68  100  101   86   89  100  110
 [61]   98  106  118  131  143  127  164  154  141  155  181  192  169  169  185
 [76]  208  221  225  241  242  242  273  293  290  297  322  301  366  388  407
 [91]  422  427  426  449  476  532  513  506  520  581  603  654  691  679  722
[106]  764  765  819  793  830  841  850  961  926  906  968 1051 1062 1094 1099
[121] 1124

[[72]]
  [1] 10 12  9  7  8  6  5 12 12 11  7  7  5  5  3  2  1  1  1  1  1  1  6 11 10
 [26]  8  5 15 10  8  7 12 11  9 11 17 15 11  9 10  6  9  7 10  7  5  3  2  2  1
 [51]  1  1  1  0  0  0  0  0  0  0  0  0  0  0  0  0  0  0  0  0  0  0  0  0  0
 [76]  0  0  0  0  0  0  0  0  0  0  0  0  0  0  0  0  0  0  0  0  0  0  0  0  0
[101]  0  0  0  0  0  0  0  0  0  0  0  0  0  0  0  0  0  0  0  0  0

[[73]]
  [1]  10   9   6  13   8   6  17  13  15  19  28  25  27  20  18  17  13  10
 [19]  17  15  17  16  12  15  16  22  20  20  17  19  13  11  18  15  16  21
 [37]  17  14  20  28  29  26  19  18  21  23  25  18  16  15  13  13  12  13
 [55]  11   9  16  21  35  38  41  46  36  46  47  58  59  55  64  53  45  40
 [73]  55  52  54  63  53  62  67  77  69  60  67  63  65  89  73 101  94  92
 [91] 121 114 103  94  94 103 110 102  87  95  84 107 108  99  96 113 147 128
[109] 118 139 150 134 125 136 168 178 160 209 221 203 219

[[74]]
  [1]  10  14  16  17  16  26  22  21  15  14  18  18  18  25  22  29  25  31
 [19]  22  30  27  23  18  17  20  17  29  39  35  25  22  27  21  34  25  40
 [37]  29  31  35  34  39  36  34  36  34  42  39  42  40  55  54  36  44  45
 [55]  48  46  46  50  48  55  57  69  74  82  76 109 106  96  79  86  99  98
 [73]  93 117 128 138 151 154 137 168 186 234 234 240 267 248 260 250 270 275
 [91] 286 330 354 353 418 374 428 426 441 445 480 491 530 541 520 552 594 587
[109] 586 627 648 669 672 678 737 779 840 894 901 924 955

[[75]]
  [1]  10   9  12   7   5   4   4   3   5   4   4   3   8   9   7   7   4   2
 [19]   7  13   6   6   5   4   4   4   5  13  19  11   7  10   9   8  11  13
 [37]  11  12  14  14  17  21  16  11  10  17  15  13  17  13  12  11  15  18
 [55]  18  23  25  27  21  32  32  33  22  23  31  22  17  30  26  32  28  23
 [73]  21  26  33  26  23  17  16  14  13  17  15  18  22  16  22  32  36  42
 [91]  47  47  52  54  53  55  60  61  77  66  61  66  69  70  85 102  87  85
[109]  85 108 110 131 111 119 138 138 138 124 130 126 157

[[76]]
  [1]   10   12   17   19   12    8   13   11    7   15    9   10    8    8    7
 [16]   16   15   12    8    5    4    9   20   13   10   13   10   10   10   11
 [31]   18   13   20   11   13   13   21   17   14   21   27   35   27   33   37
 [46]   33   39   65   67   59   53   57   72   75   74   86  100  100  117  100
 [61]  114  123  129  139  158  166  145  151  174  198  204  222  247  242  216
 [76]  226  243  261  272  280  298  264  334  312  297  306  341  400  392  356
 [91]  356  340  386  454  461  443  481  477  493  511  528  588  641  668  596
[106]  619  676  702  800  807  848  805  830  868  967  962 1017 1038 1062 1090
[121] 1176

[[77]]
  [1]  10  19  14  17  11  17  14  13  28  38  31  27  19  20  15  24  22  14
 [19]  17  20  16   9   8   5   4   3   5  17  16  10  11  16  15  12  11  14
 [37]  12   8   6  10   9   7  10   6   4   3   6  14  14   9   9   8  17  17
 [55]  12  23  15  18  23  16  15   9  13   5   4   3   9   7   5   4   4   8
 [73]   6  11  14  13  11  13  10   9   9  18  21  14  10  12  13  15  16  16
 [91]  21  29  46  36  27  25  35  33  30  26  34  37  38  33  31  41  49  41
[109]  52  43  44  43  52  53  64  61  86  82  98 117 108

[[78]]
  [1]   10   13   11    7   17   13   12   11   11   17   14   14   15   10   18
 [16]   17   14   22   22   17   15   20   19   15   12   26   31   32   32   24
 [31]   31   28   37   35   32   43   42   29   31   29   42   38   33   32   42
 [46]   59   54   52   50   41   48   52   47   57   54   54   57   58   60   64
 [61]   86   85   99   83  113   96   91  111  120  114  115  113  123  120  147
 [76]  154  169  183  187  175  161  185  192  216  220  261  265  248  250  284
 [91]  301  307  288  338  354  348  333  337  370  407  438  411  411  411  426
[106]  486  537  528  540  577  605  627  653  723  729  814  888  914  898  913
[121] 1001

[[79]]
  [1]  10  14  16  16  23  19  16  20  25  26  22  17  15  16  13  19  14  12
 [19]   8   7  10   9  14  13   8   6   5  14   9   8   8  14  20  14  10   9
 [37]   9  11  10  16  14  14  29  33  23  21  21  13  31  41  36  44  37  40
 [55]  40  33  43  46  46  47  44  41  44  52  66  80  64  69  48  73  83  81
 [73]  75  74  81  98  80  76  92 108 101 109  95  87 115 120 103 116 105 107
 [91] 111  88  89  84  72  69  87  86  99  97 102 107 138 157 161 160 186 155
[109] 191 210 182 169 201 207 193 213 247 212 240 234 220

[[80]]
  [1] 10 16 20 22 19 15 13 13 15 11  9 11 13 19 15 11 17 13 17 21 22 15 19 15 23
 [26] 24 22 16 21 18 12 17 20 13 15 11 14 25 21 21 15 11 17 14 11 15  8 13 15 15
 [51] 11 18 20 12  9 24 25 25 17 16 19 22 36 40 21 17 14 14 22 17 20 16 19 20 33
 [76] 23 23 21 23 20 23 19 16 26 32 28 18 29 19 15 24 19 13 12 20 16 14 21 19 23
[101] 17 14 10  9 13 17 17 13 20 17 12 13 30 32 34 42 36 32 33 41 34

[[81]]
  [1]  10  15  20  11  12  14   9   7  13  10  23  28  33  29  21  29  32  29
 [19]  28  28  37  43  38  33  32  34  32  40  51  64  52  37  37  49  66  53
 [37]  45  47  40  31  29  32  33  48  64  75  51  48  49  39  46  59  60  66
 [55]  70  73  70  99 111 107 117 113 124 112 121 157 148 170 163 148 163 160
 [73] 161 163 141 166 183 161 171 161 153 169 197 185 169 206 178 193 186 207
 [91] 257 236 222 206 223 239 234 224 227 228 239 244 278 326 293 304 343 399
[109] 408 405 419 426 484 554 522 535 620 620 650 697 770

[[82]]
  [1]  10  21  15  17  13  14  11  24  22  13  14   8   8   6  12   7   7   7
 [19]  10  13   9  14  22  21  21  17  17  20  15  18  19  14  11   9  12  11
 [37]  15  22  18  11  15  21  17  24  24  26  32  29  25  29  36  32  25  19
 [55]  13  23  33  33  30  25  29  30  37  37  43  43  68  76  64  57  79  75
 [73]  73  70  71  94  97  87  83  86  84  88 112 107 105 106 115 125 122 129
 [91] 149 140 155 152 165 152 155 178 193 187 187 201 216 230 272 283 271 264
[109] 276 254 238 298 323 292 303 337 302 378 367 391 399

[[83]]
  [1] 10  6  4  4  4  7  9 14 10 10  7  5  7  4  2  1  1  1  1  1  1  1  1  7  4
 [26]  3  3  3  6  3  3  3  3  2  2  2  2  2  2  2  3 11  9  7  4  2  2  2  1  1
 [51]  1  6  8  7  6  5  5 12 13 13 10  7  6 12 12  6 18  8  6  6  6 12 14 12 10
 [76] 21 19 21 15 13 12 10  6 12  8 13 12 14 18 27 20 16 22 23 22 30 20 18 16 13
[101] 18 10  7  7  6  8  8  5  5  3  0  0  0  0  0  0  0  0  0  0  0

[[84]]
  [1]   10    8    5   12   11   14   17   14   12    9   14   21   14   15   11
 [16]   15   14   17   15   14   26   21   29   25   34   44   35   35   32   38
 [31]   57   53   47   38   44   45   70   69   56   56   67   53   56   75   71
 [46]   62   58   67   69   87  119  117  102   93   85   98   95  100  114  114
 [61]  109  102  105  107  141  135  135  153  181  179  174  185  205  205  192
 [76]  211  277  278  236  248  284  287  332  304  330  313  342  385  396  461
 [91]  492  519  568  539  582  619  644  663  717  731  770  769  710  800  864
[106]  859  900  887  960 1010 1045 1074 1092 1151 1253 1333 1313 1429 1452 1517
[121] 1527

[[85]]
  [1]  10  13   7  11   9  11   8  10   9   6  15  19  21  15  13  12  18  34
 [19]  31  35  32  27  34  40  29  27  31  35  27  19  25  45  28  33  32  28
 [37]  28  33  34  47  51  50  43  43  47  43  45  51  60  66  71  47  57  70
 [55]  65  65  63  43  41  53  60  73  66  61  52  50  45  51  57  89  91  83
 [73]  77  89 111 125 128 113 105 101 116 151 143 152 117 138 152 165 182 182
 [91] 183 210 174 180 207 203 187 215 199 246 205 215 181 210 227 243 264 238
[109] 271 275 320 311 293 305 346 385 397 411 379 411 484

[[86]]
  [1]   10   16   11   17   19   15   10    8   11   10   12   17   18   19   29
 [16]   28   26   28   23   24   15   27   41   44   30   32   45   58   46   68
 [31]   51   68   90  103   93  101  113  117  108  125  130  127  122  114  140
 [46]  139  141  130  126  115  134  168  165  155  168  180  174  209  165  187
 [61]  186  191  204  211  244  262  260  278  270  280  297  300  322  305  362
 [76]  348  366  431  412  438  418  406  490  489  510  493  560  601  578  594
 [91]  628  705  713  734  776  811  912  902  875  916  984 1099 1200 1168 1280
[106] 1371 1331 1401 1507 1522 1556 1619 1705 1782 1859 1877 1891 1980 2065 2208
[121] 2337

[[87]]
  [1] 10 18 20 17 16 14 14 13 20 22 15 14 19 16 20 14 16 10 16 14 15 12 13 14 15
 [26] 15 11  6  9  9  5  8  5  3  0  0  0  0  0  0  0  0  0  0  0  0  0  0  0  0
 [51]  0  0  0  0  0  0  0  0  0  0  0  0  0  0  0  0  0  0  0  0  0  0  0  0  0
 [76]  0  0  0  0  0  0  0  0  0  0  0  0  0  0  0  0  0  0  0  0  0  0  0  0  0
[101]  0  0  0  0  0  0  0  0  0  0  0  0  0  0  0  0  0  0  0  0  0

[[88]]
  [1]   10    7   12   12   14   12   14   17   24   17   14   16   30   30   26
 [16]   26   20   17   13   24   29   25   22   32   31   31   35   26   25   41
 [31]   57   50   52   53   64   53   96   96   81   83   84   74   81   73   66
 [46]   78   89  123  111  132  129  118  129  116  150  175  157  189  200  203
 [61]  218  277  289  248  279  285  267  306  300  324  374  380  370  381  452
 [76]  458  503  527  512  519  563  562  580  627  628  635  647  661  747  752
 [91]  815  853  875  875  922 1045 1014 1060 1137 1196 1260 1311 1432 1420 1503
[106] 1530 1529 1584 1657 1725 1855 1893 1918 2014 2052 2053 2198 2245 2448 2444
[121] 2455

[[89]]
  [1]   10   11   12   12   13   20   26   23   12   14   26   22   25   25   21
 [16]   19   28   43   47   41   35   45   56   65   58   61   65   55   65   69
 [31]   78   72   60   66   84  107   83   87  108  131  146  117  108  143  147
 [46]  160  154  156  155  172  171  191  205  199  213  235  224  250  250  238
 [61]  251  313  297  274  289  295  355  332  350  390  395  397  384  389  440
 [76]  428  444  418  442  417  507  535  512  500  614  625  650  648  656  711
 [91]  685  718  785  764  807  810  896  890  893  877  921  963  955 1029 1103
[106] 1212 1187 1226 1211 1367 1457 1450 1523 1602 1684 1834 1908 1876 1860 1969
[121] 2062

[[90]]
  [1]  10  12   6   5   5   7  11  15   7   6   5   4   4   3   6   4   4   6
 [19]   8   7   9   8   6   5  11  15  17  18  32  23  22  23  19  18  18  27
 [37]  26  29  24  28  23  28  29  35  36  34  26  28  31  22  22  30  36  35
 [55]  32  28  31  29  38  41  46  38  33  32  51  53  57  76  68  71  74  73
 [73]  98  92  95 101 122 151 149 157 147 135 165 170 178 204 210 206 232 196
 [91] 210 233 267 278 285 271 263 308 305 344 377 352 362 354 340 369 387 403
[109] 456 504 507 498 560 565 564 599 594 651 678 669 659

[[91]]
  [1]   10   11   14   11    6    4    4    4   10   11    7    6    5    3   11
 [16]   16    7    6    5    6    7   11    9    6    6   12   22   21   15   31
 [31]   32   41   35   34   29   28   27   27   23   36   38   65   56   62   60
 [46]   58   81   88   83   88   76   87  119  112  112  114  108  111  116  104
 [61]   93   99  126  121  107  116  114  113  118  134  125  140  144  172  202
 [76]  210  244  239  239  262  247  261  273  290  318  287  309  309  306  341
 [91]  352  345  367  379  419  434  465  524  542  573  618  658  695  712  736
[106]  747  799  798  854  923  941 1012  988 1041 1011 1198 1199 1224 1255 1211
[121] 1311

[[92]]
  [1]   10   10    8    7    6    6   18   19   19   17   19   16   21   25   18
 [16]   12   15   17   11   11    9   16   21   16   13   19   25   24   29   24
 [31]   24   29   29   33   39   34   35   39   58   67   67   66   63   68   71
 [46]   66   56   69   83   79   94   79   97  109  116  129  130  127  129  140
 [61]  141  198  198  199  214  219  236  237  288  264  292  266  318  305  341
 [76]  368  382  375  424  469  494  471  487  564  579  619  612  621  670  722
 [91]  710  793  861  815  870  986 1035 1054 1089 1099 1157 1274 1350 1399 1414
[106] 1394 1432 1477 1563 1584 1641 1699 1823 1834 2025 2104 1989 2079 2208 2339
[121] 2531

[[93]]
  [1]  10  14  21  16  14  18  25  19  16  14  13  13  15  15  13  12  14  12
 [19]  10  10  13   9   4   3   2   9   8   6   5   9  11   8   6   6   4   3
 [37]   3  10   8  10  12   7   7  10  21  20  19  14  17  13  13  16  14  22
 [55]  26  29  23  27  30  24  26  22  26  29  24  32  33  31  33  29  30  36
 [73]  38  44  44  35  45  41  33  36  51  55  58  62  60  88  89  86  92 109
 [91] 109 115 121 109  95 127 156 131 144 159 157 175 192 205 253 245 244 251
[109] 280 279 318 376 367 304 325 358 368 364 373 390 421

[[94]]
  [1]   10    7   11    6    4   10    6    5    4    7    8    8   10    8   14
 [16]   13   16   21   18   16   17   15   17   33   38   27   28   25   26   20
 [31]   34   34   41   33   50   58   40   47   51   54   64   61   60   60   80
 [46]   81   84  103  119  121  104   95   92   90  124  121  119  126  117  131
 [61]  138  142  126  129  136  142  175  171  189  209  208  205  209  199  210
 [76]  226  273  292  293  326  363  342  382  387  365  417  408  460  485  477
 [91]  468  449  458  493  484  502  544  578  579  547  594  637  674  702  704
[106]  781  788  772  831  860  841  896  935 1009 1022  999 1096 1097 1119 1253
[121] 1283

[[95]]
  [1] 10  7  6 10  8  7 10  8  8  9  8  6  3  3  2  2  1  1  1  1  1  0  0  0  0
 [26]  0  0  0  0  0  0  0  0  0  0  0  0  0  0  0  0  0  0  0  0  0  0  0  0  0
 [51]  0  0  0  0  0  0  0  0  0  0  0  0  0  0  0  0  0  0  0  0  0  0  0  0  0
 [76]  0  0  0  0  0  0  0  0  0  0  0  0  0  0  0  0  0  0  0  0  0  0  0  0  0
[101]  0  0  0  0  0  0  0  0  0  0  0  0  0  0  0  0  0  0  0  0  0

[[96]]
  [1] 10  8  6  6  6  6 14 20 17 14 15 21 16 14 14 17 13 20 24 28 26 27 28 31 26
 [26] 35 34 36 39 41 43 37 27 27 22 22 21 19 13 11 10 15 17 12  8 10 11 14 11  5
 [51]  7  6  4  3  3 13  8 11  9  5  4  3  5  6  4  4  4  1  1  7  5  3  3  3  2
 [76]  7  4  2  2  5  2  2  2  2  3  1  1  1  1  1  1  1  1  1  1  5  5  3  2  2
[101]  2  2  2  8  5  5  5  4  7 17  7  6  6  6  6  6  6  6  8 11 12

[[97]]
  [1]  10   7  11  11   9   9  10  10   6   5   5  10   8   6   6   4   9  16
 [19]  14  20  13   9   8   7  18  28  15  13  14  13  13  20  29  29  21  28
 [37]  20  30  28  39  39  38  41  36  51  35  37  39  41  42  48  51  69  69
 [55]  70  76  55  49  59  61  74  71  89  95  78  77  92  82  99 110 100 111
 [73] 126 147 145 123 122 120 143 136 123 150 151 172 191 227 222 220 238 240
 [91] 266 266 309 304 263 317 335 347 360 391 382 408 391 370 417 442 457 494
[109] 525 560 617 684 673 639 707 755 802 780 882 846 824

[[98]]
  [1] 10  9  8  7  7  6 10 11 10 16 16 10  8  7  9  6  4  3  3  3  3  2  2  2  1
 [26]  1  1  1  0  0  0  0  0  0  0  0  0  0  0  0  0  0  0  0  0  0  0  0  0  0
 [51]  0  0  0  0  0  0  0  0  0  0  0  0  0  0  0  0  0  0  0  0  0  0  0  0  0
 [76]  0  0  0  0  0  0  0  0  0  0  0  0  0  0  0  0  0  0  0  0  0  0  0  0  0
[101]  0  0  0  0  0  0  0  0  0  0  0  0  0  0  0  0  0  0  0  0  0

[[99]]
  [1] 10 11  7  7  4  8  7  4  3  3  3  5  5  7  5  9  5  4 10  5  5  4  2  7  3
 [26]  6  2  2  2  2  1  0  0  0  0  0  0  0  0  0  0  0  0  0  0  0  0  0  0  0
 [51]  0  0  0  0  0  0  0  0  0  0  0  0  0  0  0  0  0  0  0  0  0  0  0  0  0
 [76]  0  0  0  0  0  0  0  0  0  0  0  0  0  0  0  0  0  0  0  0  0  0  0  0  0
[101]  0  0  0  0  0  0  0  0  0  0  0  0  0  0  0  0  0  0  0  0  0

[[100]]
  [1]   10    5   11   10   20   18   17   15   22   22   26   28   23   27   23
 [16]   24   44   43   49   51   47   48   47   44   49   50   60   61   81   77
 [31]   63   82   84   73   84   72   90  105  101  120  106  108  108  116  117
 [46]  119  113  111  107   93  113  119  130  138  125  144  137  141  164  172
 [61]  178  175  194  174  180  186  172  166  180  200  232  235  237  277  304
 [76]  319  332  367  344  315  327  400  410  414  383  417  435  439  417  447
 [91]  455  472  519  517  474  515  579  542  601  652  699  727  859  825  882
[106]  927  977  968  965 1046 1048 1107 1158 1231 1282 1347 1423 1413 1574 1594
[121] 1605

[[101]]
  [1]   10   13   13   12   12   12   22   25   15   13    9   16    8   12   16
 [16]   18   21   20   16   27   18   17   15   29   34   30   23   22   34   24
 [31]   22   26   32   30   36   39   33   26   25   48   60   60   60   52   56
 [46]   52   60   81   87   93   87   91   87  109   98   99  108  109  114  132
 [61]  134  137  119  135  125  167  155  145  141  144  155  191  194  205  187
 [76]  180  203  222  230  256  233  259  256  254  252  294  305  341  332  316
 [91]  309  355  352  365  410  424  462  512  527  510  549  584  656  694  696
[106]  676  765  804  751  761  829  890 1000  991 1062 1043 1120 1116 1206 1265
[121] 1322

[[102]]
  [1]   10   16   16   19   23   38   45   36   48   45   57   70   72   68   71
 [16]   71   58   64   71   69   58   75   81   83   87   92   93   73   72   87
 [31]  111   99  102   91  104  110  111  118  134  116  141  131  138  136  137
 [46]  117  117  163  146  159  151  146  151  157  186  187  170  183  178  188
 [61]  191  207  232  250  242  230  268  307  330  350  316  308  342  373  376
 [76]  367  401  422  430  471  515  491  499  564  586  587  630  662  627  609
 [91]  661  681  696  782  804  854  865  860  902  930  918  965 1019 1036 1118
[106] 1192 1185 1237 1319 1223 1298 1463 1508 1592 1617 1735 1743 1814 1828 1905
[121] 1988

[[103]]
  [1] 10 15 12  7  7  5  6  4  5  7  5  3  5 11  8  7  5  4  3 10  8  5  3  2  2
 [26]  2  2  2  2  1  1  1  6  2  1  1  1  1  1  0  0  0  0  0  0  0  0  0  0  0
 [51]  0  0  0  0  0  0  0  0  0  0  0  0  0  0  0  0  0  0  0  0  0  0  0  0  0
 [76]  0  0  0  0  0  0  0  0  0  0  0  0  0  0  0  0  0  0  0  0  0  0  0  0  0
[101]  0  0  0  0  0  0  0  0  0  0  0  0  0  0  0  0  0  0  0  0  0

[[104]]
  [1] 10 10  8  7 12 16 13  8  5  4 12  7  6  5  4  3  1  1  1  0  0  0  0  0  0
 [26]  0  0  0  0  0  0  0  0  0  0  0  0  0  0  0  0  0  0  0  0  0  0  0  0  0
 [51]  0  0  0  0  0  0  0  0  0  0  0  0  0  0  0  0  0  0  0  0  0  0  0  0  0
 [76]  0  0  0  0  0  0  0  0  0  0  0  0  0  0  0  0  0  0  0  0  0  0  0  0  0
[101]  0  0  0  0  0  0  0  0  0  0  0  0  0  0  0  0  0  0  0  0  0

[[105]]
  [1]  10   8  22  23  16  18  29  30  33  36  37  34  45  40  33  43  53  39
 [19]  37  27  25  24  23  16  29  41  36  36  36  34  38  45  39  41  35  30
 [37]  24  24  34  40  26  20  38  34  26  32  26  39  42  37  33  31  29  47
 [55]  68  80  66  60  61  79  85  90  83  81  68 104  88  99  77  71  83  93
 [73]  85  68  87  92  90  88  90 110 134 126 124 127 144 166 156 158 182 158
 [91] 162 186 212 211 201 184 193 193 214 248 292 287 287 307 319 343 319 303
[109] 318 315 344 412 431 432 446 452 460 490 575 608 632

[[106]]
  [1]   10   12    7   11   10    9    9    8    6   12   22   25   16   14   12
 [16]   11   13   20   20   19   18   16   30   25   29   26   25   25   22   18
 [31]   25   27   30   39   34   23   26   48   62   54   58   66   55   42   69
 [46]   66   74   99  113  112  103  108  134  147  175  164  148  181  228  235
 [61]  219  202  218  262  279  258  276  278  330  286  281  343  333  386  389
 [76]  420  429  468  501  505  478  504  505  520  538  604  617  677  724  759
 [91]  790  819  874  976  958  915  989 1064 1134 1152 1151 1255 1348 1364 1409
[106] 1494 1529 1588 1715 1806 1915 1954 2027 2095 2119 2139 2178 2298 2370 2503
[121] 2541

[[107]]
  [1]   10   19   12   11   11   31   28   22   17   26   22   37   44   45   45
 [16]   38   36   56   60   61   61   69   60   64   75   78   78   91   86  124
 [31]  126  128  134  158  155  154  161  199  202  196  205  212  204  233  213
 [46]  235  229  256  254  287  291  272  255  259  289  322  356  366  380  395
 [61]  424  437  433  475  537  541  562  550  565  614  654  698  680  687  718
 [76]  756  836  876  840  855  937 1019 1064 1102 1154 1213 1173 1320 1378 1339
 [91] 1348 1436 1445 1560 1608 1678 1708 1720 1843 1936 1972 2055 2111 2155 2281
[106] 2384 2586 2683 2745 2787 2947 3074 3038 3233 3341 3525 3617 3724 3898 4064
[121] 4046

[[108]]
  [1]  10  13  14  20  15  13  20  30  24  19  20  15  30  31  29  23  20  14
 [19]  19  19  24  17  16  12  18  17  19  15  20  15  10  14  16  12  10   8
 [37]  27  24  18  13  18  19  23  17  28  20  25  26  38  31  38  36  51  63
 [55]  65  58  67  58  67  57  49  47  75  72  85  77  66  71  69  68  72  93
 [73] 104 117 104 109 101 105 101 116 112 101 142 134 122 137 106 124 106 102
 [91] 119 110  95 112 113 134 126 137 151 174 158 142 143 135 128 130 156 170
[109] 182 212 251 252 243 252 242 248 273 294 276 314 302

[[109]]
  [1]   10   15   22   28   19   23   27   33   25   27   39   31   32   37   29
 [16]   39   47   60   61   61   52   56   70   94   73   73   70   78   56   61
 [31]   50   56   54   61   70   78   74   81   78   93   81   86   90  105  114
 [46]  120  106  112   88  128  109  125  138  117  112  102  136  164  174  161
 [61]  154  156  227  212  211  212  216  239  224  235  247  303  291  326  321
 [76]  338  387  406  462  474  520  472  483  517  520  541  569  600  593  628
 [91]  680  715  788  791  892  897  863  922  992 1046 1114 1130 1170 1294 1350
[106] 1426 1445 1412 1462 1550 1600 1587 1673 1720 1857 1940 1987 2073 2119 2115
[121] 2276

[[110]]
  [1]  10  10  10  12  16  10   9  12  17  13  10   8   8  14  15  11  10   9
 [19]  11  16  14  11   8   8   7  14  16  17  13  12  11  12   9  11  13   8
 [37]   9   5   5   5  17  23  19  16  17  22  18  15  14  34  24  28  19  33
 [55]  38  39  38  33  38  39  36  34  32  24  19  24  24  25  21  24  27  42
 [73]  38  28  26  21  15  26  28  33  28  33  32  37  28  28  30  33  40  38
 [91]  26  27  36  35  35  38  39  44  40  64  70  65  80  84  83  90  69  71
[109]  76  85  76  78  56  63  75  89  89  92 108 124 113

[[111]]
  [1] 10  9  7  6 11 10  5  3  3  7  5  3  2  2  2  4  3  3  3 11  8  5  8  5  3
 [26]  2  2  1  1  1  1  0  0  0  0  0  0  0  0  0  0  0  0  0  0  0  0  0  0  0
 [51]  0  0  0  0  0  0  0  0  0  0  0  0  0  0  0  0  0  0  0  0  0  0  0  0  0
 [76]  0  0  0  0  0  0  0  0  0  0  0  0  0  0  0  0  0  0  0  0  0  0  0  0  0
[101]  0  0  0  0  0  0  0  0  0  0  0  0  0  0  0  0  0  0  0  0  0

[[112]]
  [1]  10  21  22  15  23  18  27  19  24  25  33  28  31  30  25  38  28  21
 [19]  17  21  18  43  45  46  35  38  41  37  35  34  34  34  34  43  26  25
 [37]  23  21  24  32  31  24  25  27  27  28  29  33  29  30  45  48  52  57
 [55]  67  60  73  71  64  80  77  94  81  81  85  89  90 101  96 128 150 122
 [73] 107 116 120 132 118 131 121 141 133 161 175 140 149 178 171 197 189 210
 [91] 220 264 257 247 279 304 283 319 333 332 368 376 397 423 395 428 438 442
[109] 449 503 505 572 607 596 608 653 635 745 715 784 818

[[113]]
  [1]   10    6    5   10    8   15   24   16   14   12   11   11   14   16    9
 [16]   11    9    9    7    6    6    5    5    9    8   20   12    9    7    8
 [31]    5   10   20   24   29   19   21   20   33   47   38   36   35   29   38
 [46]   36   33   42   43   30   31   32   34   34   42   50   67   53   61   83
 [61]   67   52   60  100   91   87  119  140  132  132  138  146  146  171  169
 [76]  167  197  208  170  191  194  224  258  270  278  267  316  321  328  368
 [91]  411  430  454  481  455  503  506  547  545  576  595  624  621  707  746
[106]  743  802  839  879  923  952  990 1006 1081 1170 1176 1185 1236 1164 1291
[121] 1423

[[114]]
  [1] 10 11 13 19 21 15 13 14 11  9  7  7 13  7  5  7 14 11  6  5  5  4  3 11 10
 [26] 18 12 11  9 14  9  6 12  8 10  7  6  5  9  5  5  4  3  2  3  2  2  2  1  1
 [51]  1  1  1  1  1  1  1  1  1  1  1  1  1  1  1  4  3  2  2  2  1  0  0  0  0
 [76]  0  0  0  0  0  0  0  0  0  0  0  0  0  0  0  0  0  0  0  0  0  0  0  0  0
[101]  0  0  0  0  0  0  0  0  0  0  0  0  0  0  0  0  0  0  0  0  0

[[115]]
  [1]  10  13  21  15  17  13  12  11  15  19  25  23  28  29  28  22  44  28
 [19]  31  30  32  32  47  41  29  33  45  45  41  57  57  50  48  56  62  57
 [37]  48  60  64  70  67  58  59  69  77  79  63  72  84  99  90 103 104 132
 [55] 116 103 113 106 109 132 151 146 128 120 140 162 143 165 137 139 140 149
 [73] 161 160 166 162 174 167 159 166 198 178 183 178 189 223 217 207 216 213
 [91] 204 225 215 254 251 286 290 271 295 295 292 339 367 388 419 437 493 471
[109] 501 485 485 512 567 579 601 594 606 619 634 717 742

[[116]]
  [1]  10  12  19  11  11   7   6  10   9  11  10  13  10   8   8   7  18  24
 [19]  16  14  30  26  28  29  28  20  21  17  20  13  11  16  17  16  24  29
 [37]  26  32  39  32  32  31  24  19  16  20  23  18  26  36  37  38  41  35
 [55]  25  42  40  42  33  36  36  46  34  38  46  51  40  38  33  45  36  35
 [73]  44  46  45  41  49  44  75  97 104 105 110  94 115 111 115 123 108 133
 [91] 160 174 165 168 182 177 151 165 181 187 205 173 198 213 222 201 226 246
[109] 245 232 242 297 282 304 318 335 370 386 417 430 419

[[117]]
  [1] 10  4  4  5  6  4  2  2  2  1  0  0  0  0  0  0  0  0  0  0  0  0  0  0  0
 [26]  0  0  0  0  0  0  0  0  0  0  0  0  0  0  0  0  0  0  0  0  0  0  0  0  0
 [51]  0  0  0  0  0  0  0  0  0  0  0  0  0  0  0  0  0  0  0  0  0  0  0  0  0
 [76]  0  0  0  0  0  0  0  0  0  0  0  0  0  0  0  0  0  0  0  0  0  0  0  0  0
[101]  0  0  0  0  0  0  0  0  0  0  0  0  0  0  0  0  0  0  0  0  0

[[118]]
  [1] 10  9 13 11  9  7  4  3  2  4  4  3  3  3  3  1  0  0  0  0  0  0  0  0  0
 [26]  0  0  0  0  0  0  0  0  0  0  0  0  0  0  0  0  0  0  0  0  0  0  0  0  0
 [51]  0  0  0  0  0  0  0  0  0  0  0  0  0  0  0  0  0  0  0  0  0  0  0  0  0
 [76]  0  0  0  0  0  0  0  0  0  0  0  0  0  0  0  0  0  0  0  0  0  0  0  0  0
[101]  0  0  0  0  0  0  0  0  0  0  0  0  0  0  0  0  0  0  0  0  0

[[119]]
  [1]  10   7   6   7   8  22  15  11   9   9  11  10  13  10   6  11   8   7
 [19]  11   7  13  10  13  18  15  15  20  18  20  20  15  18  18  18  17  12
 [37]  13  11  22  13  10  12   8  26  30  19  16  14  13  16  11  16  16  17
 [55]  25  25  26  27  29  26  25  27  19  25  27  21  21  35  26  22  28  35
 [73]  44  41  50  41  43  49  54  46  63  65  80  85  74  88  88 103  91  96
 [91] 109 101 101 142 133 120 132 135 185 202 176 180 195 210 206 208 228 253
[109] 270 288 334 314 336 347 345 400 437 436 460 470 512

[[120]]
  [1] 10  5  4  4  3  2  2  2  2  2  1  1  1  1  1  1  1  1  1  7  3  3  3  3  2
 [26]  1  1  1  0  0  0  0  0  0  0  0  0  0  0  0  0  0  0  0  0  0  0  0  0  0
 [51]  0  0  0  0  0  0  0  0  0  0  0  0  0  0  0  0  0  0  0  0  0  0  0  0  0
 [76]  0  0  0  0  0  0  0  0  0  0  0  0  0  0  0  0  0  0  0  0  0  0  0  0  0
[101]  0  0  0  0  0  0  0  0  0  0  0  0  0  0  0  0  0  0  0  0  0

[[121]]
  [1]   10   10   18   28   29   23   27   20   27   26   29   22   31   29   40
 [16]   41   41   44   59   50   50   43   54   52   47   58   68   83   87   83
 [31]   89   90  109  125  116  113  121  118  120  159  135  113  113  108  113
 [46]  106   98  120  126  124  120  123  123  134  137  135  137  193  226  205
 [61]  207  208  233  241  254  257  281  305  276  286  296  324  363  417  388
 [76]  371  379  436  433  489  519  530  582  588  595  627  651  648  647  657
 [91]  731  775  796  835  803  832  889  902  987 1027 1025 1089 1099 1152 1173
[106] 1197 1200 1349 1403 1380 1437 1543 1536 1613 1703 1735 1884 1949 2051 2072
[121] 2117

[[122]]
  [1]   10    8   11   11    8    6    5    4    2    9    4    2    2    6    4
 [16]    3    2    2    9    7    6    6    6    8    5   13    9    8    8   18
 [31]   21   30   32   29   32   51   57   63   45   43   39   33   35   58   52
 [46]   50   52   51   50   60   53   53   60   56   76   61   52   65   82   70
 [61]   68   93   90   88  105  101  112  122  138  133  141  146  149  152  192
 [76]  218  213  219  238  239  224  216  233  224  223  241  272  306  301  293
 [91]  305  319  388  376  435  448  471  479  484  527  553  558  582  671  750
[106]  850  872  811  794  802  891  936  902 1027 1026 1068 1126 1172 1187 1134
[121] 1253

[[123]]
  [1]   10    9    8   14   11   18   19   24   21   23   18   25   42   44   46
 [16]   34   29   38   46   29   32   30   44   40   35   41   50   53   33   41
 [31]   47   48   68   71   77   71   62   70   73   90   92   92   96  113  102
 [46]  103  106   89  125  157  155  161  163  162  193  199  180  193  213  235
 [61]  227  251  266  260  277  313  314  325  384  399  419  399  425  432  404
 [76]  454  480  503  505  539  564  613  661  671  634  622  695  775  853  882
 [91]  907  902  897 1019 1053 1012 1080 1087 1191 1244 1291 1331 1366 1399 1466
[106] 1539 1590 1573 1686 1733 1851 1986 2014 1992 2028 2225 2384 2544 2648 2661
[121] 2759

[[124]]
  [1] 10 10 13  9  8 13 10  8  8 14 18 16 21 24 21 15 16 15 14 20 24 26 24 19 21
 [26] 20 19 17 17 17 15 15 19 28 35 26 25 31 27 30 33 28 23 27 25 29 26 20 18 26
 [51] 27 25 15 21 14 13 15 15 12 14 15 10 20 14  9  8 15  8 21 16 15 13 15 36 44
 [76] 42 33 35 48 36 43 35 35 42 27 21 27 21 25 23 21 21 40 27 25 22 39 42 37 29
[101] 38 50 50 69 65 47 54 51 60 70 66 57 66 76 70 70 59 58 79 75 82

[[125]]
  [1]  10   7  11  12  12  18  10   8   4  13  18  14  11   9  24  25  24  26
 [19]  20  22  19  17  20  27  37  28  22  20  24  25  24  17  23  38  35  33
 [37]  33  29  43  30  27  23  19  19  15  13  12  16  15  20  25  29  36  22
 [55]  19  27  30  27  23  29  39  39  39  28  27  36  44  37  43  46  39  42
 [73]  34  43  33  44  46  48  36  29  27  38  53  58  53  52  51  58  45  42
 [91]  51  54  54  49  57  64  63  61  78  84  96 110 104 109 112 113 107  96
[109] 117 128 121 113 143 143 159 172 156 175 152 164 158

[[126]]
  [1]   10   16   23   31   47   38   37   42   33   31   33   43   38   34   53
 [16]   36   34   42   60   54   49   39   56   62   72   70   76   69   64   87
 [31]   91   85  111  113   95  120  100  115  142  135  136  141  158  163  157
 [46]  179  175  163  183  198  217  211  222  247  286  275  266  253  248  305
 [61]  323  292  304  324  338  326  326  342  333  339  389  427  411  409  451
 [76]  475  447  456  471  503  522  498  558  567  689  686  702  687  764  791
 [91]  807  819  825  864  873  980 1008 1072 1086 1088 1200 1292 1287 1292 1340
[106] 1343 1532 1530 1570 1670 1722 1819 1983 2024 2058 2190 2319 2296 2295 2437
[121] 2515

[[127]]
  [1]  10  17  23  29  33  26  31  29  37  30  39  26  33  27  33  26  25  24
 [19]  20  27  30  31  25  31  23  19  22  26  31  31  20  15  24  26  31  26
 [37]  26  29  31  24  24  31  27  21  25  19  21  31  33  36  32  39  33  25
 [55]  34  22  38  50  37  28  34  39  31  34  44  54  56  65  47  54  51  35
 [73]  43  33  43  61  71  64  79  75  78  87  88  74  89  81  88 105 125 153
 [91] 144 152 133 163 158 156 165 142 149 154 173 177 189 218 220 210 210 244
[109] 228 244 221 212 197 196 195 201 191 204 177 205 199

[[128]]
  [1]  10  20  16  17  15  13  26  31  42  41  35  29  33  28  38  39  45  45
 [19]  54  48  42  33  46  43  55  61  55  61  62  72  69  67  59  47  51  63
 [37]  64  69  81  74  82  88  86  85  86  75  86  86  82  92  85  98 103 104
 [55] 101 100 103 125 110 118 107 116 131 136 154 151 138 137 135 168 175 167
 [73] 181 206 214 176 208 212 221 242 249 239 267 246 243 265 286 297 305 297
 [91] 323 298 348 346 331 353 376 367 345 398 424 466 505 525 562 542 544 653
[109] 620 670 756 707 760 753 801 800 816 784 879 892 999

[[129]]
  [1]  10  11   9   8   7   7   8   7   5   3   3   5  19  16  12  15  18  20
 [19]  15  23  19  18  23  26  23  18  25  38  53  35  28  33  48  40  40  36
 [37]  35  26  37  46  41  37  42  36  29  26  39  40  37  38  32  28  44  46
 [55]  45  33  34  46  50  47  41  48  61  57  50  54  54  68  71  73  63  60
 [73]  53  54  47  44  47  51  81  56  51  55  66  53  61  67  52  73  76  58
 [91]  65  82  73  72  84  78  87  69  74  91  95  79  77  81  87  90  95 100
[109]  91  87  98 104 112 148 150 160 165 169 177 163 186

[[130]]
  [1]  10  12  11  11  17  17  19  15  16  20  33  24  26  23  27  25  38  38
 [19]  27  34  27  28  33  36  31  31  36  32  40  37  46  35  44  32  42  37
 [37]  38  47  46  42  48  40  55  36  36  29  28  38  40  35  39  36  44  43
 [55]  51  57  69  70  66  79  89  67  79 115 103 105  93  99 131 129 122 100
 [73] 143 160 182 165 172 159 176 191 217 256 231 221 236 236 255 278 295 304
 [91] 305 293 334 346 344 337 349 362 344 386 416 427 402 419 430 437 463 480
[109] 539 506 551 597 632 681 713 697 802 863 879 924 937

[[131]]
  [1]  10   6  10  13  10  14  13  16  15  13  27  17  14  11  10   8  17  25
 [19]  19  18  22  32  37  31  46  31  28  23  39  35  27  48  65  58  51  47
 [37]  52  59  42  46  63  54  82  71  88  94  70  68  87  91  77  72  70  89
 [55]  82  90  81 112  98  92  85  90  78  92 108  89  91  94 103 112 105  90
 [73] 105  90 106 108 137 152 149 173 169 138 122 121 143 158 137 125 141 138
 [91] 151 155 157 182 182 202 189 207 205 239 221 247 222 245 244 248 264 304
[109] 306 319 347 365 388 365 428 433 432 435 462 467 490

[[132]]
  [1]  10  12  13  12  19  10  10  12  18  14  18  20  11  15  14  11  18  20
 [19]  17  17  24  15  13  21  19  35  28  25  20  23  28  26  22  25  25  19
 [37]  19  16  30  38  30  27  24  26  34  45  46  46  44  38  43  48  49  54
 [55]  50  45  51  76  64  73  80  95  93 101 110 110 132 113 120 116 132 145
 [73] 132 121 104 119 123 128 139 157 157 147 169 207 204 205 192 207 224 226
 [91] 233 236 273 264 277 315 305 300 296 341 385 398 438 424 414 415 471 547
[109] 554 576 614 597 596 589 616 632 704 718 712 783 793

[[133]]
  [1] 10  6  6  3  3  3  9  2  1  1  1  1  1  1  1  1  0  0  0  0  0  0  0  0  0
 [26]  0  0  0  0  0  0  0  0  0  0  0  0  0  0  0  0  0  0  0  0  0  0  0  0  0
 [51]  0  0  0  0  0  0  0  0  0  0  0  0  0  0  0  0  0  0  0  0  0  0  0  0  0
 [76]  0  0  0  0  0  0  0  0  0  0  0  0  0  0  0  0  0  0  0  0  0  0  0  0  0
[101]  0  0  0  0  0  0  0  0  0  0  0  0  0  0  0  0  0  0  0  0  0

[[134]]
  [1]  10  16  11  11  10  10   7  16  20  20  17  15  20  27  28  28  33  35
 [19]  26  26  24  38  40  37  33  37  30  28  30  26  27  21  34  32  29  33
 [37]  37  30  30  25  37  33  32  51  61  71  61  47  50  58  58  55  51  63
 [55]  58  46  57  57  57  59  50  71  67  59  61  59  51  50  83  80  71  63
 [73]  83  77  82  97  87 110 118 115 125 151 139 150 139 149 190 215 225 220
 [91] 219 252 256 293 290 305 328 317 334 316 308 344 389 408 426 461 433 487
[109] 545 542 538 537 557 649 664 683 709 716 703 718 823

[[135]]
  [1] 10  8  6  5  5 11  8  4  3  5  4  4  4  4 13 10 12  5  6  5 11  7  8  7  6
 [26]  8  5  3  9  6  6  6  8 15 13 16 12 10  9  5  5 12  8  5  4  5  3  3  3  1
 [51]  1  1  1  3  2  2  2  1  1  1  1  0  0  0  0  0  0  0  0  0  0  0  0  0  0
 [76]  0  0  0  0  0  0  0  0  0  0  0  0  0  0  0  0  0  0  0  0  0  0  0  0  0
[101]  0  0  0  0  0  0  0  0  0  0  0  0  0  0  0  0  0  0  0  0  0

[[136]]
  [1]   10   13    9    8    5    5    3    2    4   10    7    4    3    3    3
 [16]    3    3    8   11    7    6    6    6   10   10    8   16   18   22   18
 [31]   32   36   31   23   33   46   54   49   46   46   50   46   45   43   51
 [46]   40   40   48   48   61   56   60   60   76   91   76   85   82   83  103
 [61]   88   90   88   95  111  106  125  137  135  132  137  152  154  177  195
 [76]  206  197  222  220  201  255  294  312  331  346  345  374  354  386  409
 [91]  399  427  470  489  498  529  529  544  573  604  622  680  650  700  683
[106]  724  757  766  815  790  834  906  895  897  924  944  961  987 1013 1067
[121] 1171

[[137]]
  [1]   10   15   12   10    9   31   42   37   31   27   34   50   47   46   54
 [16]   52   54   62   68   70   80   71   74   70   80   69   64   85   74   80
 [31]   79   92   99   96   96  122  128  134  146  134  133  143  134  151  155
 [46]  155  154  167  184  195  205  211  246  244  215  227  224  290  296  336
 [61]  333  353  392  437  472  452  494  503  519  507  574  572  557  586  630
 [76]  625  644  645  608  625  601  618  679  658  733  767  775  808  835  836
 [91]  874  900  889  905  926  924  959 1075 1096 1074 1074 1008 1133 1228 1237
[106] 1293 1296 1315 1394 1532 1560 1634 1788 1709 1837 1859 2018 2122 2218 2311
[121] 2181

[[138]]
  [1]  10   8   8  11   8  11  20  17  19  14  10  13  16  22  23  13  15  15
 [19]  21  16  14  17  26  27  23  22  33  21  25  31  24  40  30  32  36  41
 [37]  34  37  43  47  70  59  47  46  45  48  50  50  72  69  66  84  93  90
 [55]  96 101 119 124 109 116 106 124 115 147 158 120 125 116 129 125 138 139
 [73] 152 147 150 173 180 155 176 153 155 146 151 155 166 158 156 172 195 199
 [91] 234 234 233 268 236 233 252 261 311 302 296 260 286 310 349 354 328 327
[109] 370 361 399 388 409 427 460 514 534 530 565 606 600

[[139]]
  [1]   10    7   15   23   18   22   19   28   32   30   25   37   46   45   62
 [16]   58   57   78   75   80  111  114  128  120  119  123  124  136  139  158
 [31]  152  156  144  163  151  165  180  182  218  214  240  225  268  254  228
 [46]  202  224  237  277  271  276  291  296  316  342  371  423  419  460  458
 [61]  434  488  523  497  539  590  593  589  596  607  645  720  771  770  777
 [76]  781  834  892  991  943  954 1023 1047 1135 1087 1123 1242 1322 1391 1417
 [91] 1514 1622 1686 1762 1715 1848 1952 1968 2043 2154 2198 2351 2419 2474 2497
[106] 2525 2734 2920 2879 2950 3017 3206 3292 3468 3602 3779 3911 3946 4102 4220
[121] 4476

[[140]]
  [1]   10    6    6    5    5    5    3    3    2    5   15   14   11    9   16
 [16]   25   22   22   24   27   33   37   32   42   45   39   65   64   43   49
 [31]   46   57   56   56   58   69   72   62   77   72   85   92   95   81   75
 [46]  105  103   99   96  104  119  122  125  125  138  136  139  150  151  127
 [61]  147  167  174  172  187  168  165  182  204  227  214  214  223  307  299
 [76]  304  302  304  346  341  365  393  398  389  413  430  416  406  398  438
 [91]  469  486  493  510  517  547  579  566  641  673  689  745  806  806  772
[106]  854  976 1002 1017 1008 1053 1104 1158 1245 1278 1247 1295 1380 1441 1435
[121] 1535

[[141]]
  [1] 10  6  5  3  3  2  1  1  0  0  0  0  0  0  0  0  0  0  0  0  0  0  0  0  0
 [26]  0  0  0  0  0  0  0  0  0  0  0  0  0  0  0  0  0  0  0  0  0  0  0  0  0
 [51]  0  0  0  0  0  0  0  0  0  0  0  0  0  0  0  0  0  0  0  0  0  0  0  0  0
 [76]  0  0  0  0  0  0  0  0  0  0  0  0  0  0  0  0  0  0  0  0  0  0  0  0  0
[101]  0  0  0  0  0  0  0  0  0  0  0  0  0  0  0  0  0  0  0  0  0

[[142]]
  [1]   10    6    9    7    7    7   12   10    9   13    9   22   15   15   25
 [16]   16   12   19   24   26   25   23   31   36   25   32   38   47   39   34
 [31]   28   30   38   42   29   23   38   39   41   43   33   59   68   81   65
 [46]   62   68   93   79   91  110  102  102  111  123  117  160  158  165  174
 [61]  165  170  174  187  185  237  237  233  220  223  242  264  256  243  245
 [76]  259  245  269  274  287  281  303  308  365  370  434  491  449  472  562
 [91]  566  585  625  644  693  713  740  743  761  810  876  872  934  955 1081
[106] 1137 1141 1165 1141 1214 1269 1317 1354 1457 1511 1523 1639 1657 1706 1792
[121] 1858

[[143]]
  [1]  10  15  13  14  16  17  18  31  22  16  16   9  12  14  12  10   7   7
 [19]   6  10  11  10   8   8   7  10  10  17  11   6   6   7  13  19  16  15
 [37]  12  14  18  18  28  22  18  31  41  26  35  36  39  54  48  48  51  63
 [55]  53  70  68  69  75  59  52  61  75  79  73  79  84 103 110  94  93  88
 [73]  89 102 103 101  97 103  93 115 116 123 124 127 156 175 150 158 175 189
 [91] 186 183 173 188 188 172 183 168 233 222 220 230 232 254 271 275 282 255
[109] 255 272 311 367 376 375 396 383 425 455 493 476 505

[[144]]
  [1]  10   8   5   9   4   2   2   1   3   1   1   1   1   7  11  16  15  10
 [19]   9  12  14  10  13   8   7   6  13   7   9  11  14   8   7  13  18  20
 [37]  15  22  27  23  31  33  34  28  25  21  29  23  28  32  30  21  18  21
 [55]  26  34  37  38  52  54  43  41  56  49  47  56  58  62  60  63  73  81
 [73]  83  86  96  92  82 102 106 104 109 118 107 105 130 130 135 120 112 159
 [91] 159 161 163 147 199 211 197 217 209 212 241 293 285 277 302 304 321 359
[109] 322 349 382 381 402 385 366 353 387 439 477 528 537

[[145]]
  [1] 10  7 12 10  8  8  6  5  6  2 10 12 13  9  5  5  8  4  4  4  3  3  3  3  3
 [26]  3  3  3  3  2  2  1  1  1  1  0  0  0  0  0  0  0  0  0  0  0  0  0  0  0
 [51]  0  0  0  0  0  0  0  0  0  0  0  0  0  0  0  0  0  0  0  0  0  0  0  0  0
 [76]  0  0  0  0  0  0  0  0  0  0  0  0  0  0  0  0  0  0  0  0  0  0  0  0  0
[101]  0  0  0  0  0  0  0  0  0  0  0  0  0  0  0  0  0  0  0  0  0

[[146]]
  [1]  10   9   5   8  13   7  13  10   8   8   6   6   6   9   7   6  11   9
 [19]  20  14  11  10   9  10  14  20  22  29  18  25  27  24  20  29  27  25
 [37]  23  43  49  35  40  32  36  42  53  58  63  63  72  71  77  69  62  64
 [55]  76  70  82  77  92 106 112  86 102 107 102 103 127 145 107 101 109 111
 [73] 115 130 157 152 155 155 161 145 148 188 175 135 172 215 201 158 154 184
 [91] 201 216 204 219 203 222 264 286 325 323 344 334 376 341 384 412 413 507
[109] 503 535 505 555 579 636 648 639 686 712 746 747 753

[[147]]
  [1] 10  6 15  7  4 11  9  7  6 12  8  9  5  4  1  1  0  0  0  0  0  0  0  0  0
 [26]  0  0  0  0  0  0  0  0  0  0  0  0  0  0  0  0  0  0  0  0  0  0  0  0  0
 [51]  0  0  0  0  0  0  0  0  0  0  0  0  0  0  0  0  0  0  0  0  0  0  0  0  0
 [76]  0  0  0  0  0  0  0  0  0  0  0  0  0  0  0  0  0  0  0  0  0  0  0  0  0
[101]  0  0  0  0  0  0  0  0  0  0  0  0  0  0  0  0  0  0  0  0  0

[[148]]
  [1]   10   14    9   13   13   17   23   19   30   23   20   17   13   18   25
 [16]   26   19   20   24   24   25   19   22   25   39   33   42   36   37   37
 [31]   39   41   34   36   55   46   41   45   83   70   57   55   53   51   47
 [46]   59   89   81   96   76   76   80   89   77   78  108  119  101  104  103
 [61]   94  109   93  122  132  137  150  162  135  152  157  152  128  143  169
 [76]  217  209  236  232  231  243  264  263  286  275  300  317  327  332  327
 [91]  336  367  421  435  493  510  513  505  560  618  632  608  700  694  842
[106]  821  810  872  953  964  921 1022 1132 1179 1191 1226 1284 1349 1375 1505
[121] 1454

[[149]]
  [1]  10  14   9   7   7  14  12  29  18  15  11   7   6   9   6  10  14  12
 [19]  11   9   7  12  16  12  16  18  23  26  20  29  23  24  22  29  25  23
 [37]  43  47  54  44  57  57  69  84  64  65  66  74  71  82  86  93 109  99
 [55]  98 128 143 152 152 129 143 145 135 129 154 183 170 171 192 193 223 246
 [73] 256 227 206 212 213 219 217 210 217 270 295 282 267 284 308 308 306 323
 [91] 327 333 374 380 395 395 408 471 478 465 454 474 509 498 475 492 521 563
[109] 643 652 654 677 630 701 670 755 783 817 854 908 985

[[150]]
  [1]  10   5   9   8   5  10   6   5   4   4  17  17  15  21  18  23  21  29
 [19]  18  15  11   9   7  18  13  15  26  22  19  16  23  23  26  39  30  31
 [37]  27  25  31  39  30  44  43  50  69  60  57  56  59  64  56  44  56  57
 [55]  60  48  45  54  50  63  72  77  81  78  74  71  67  66  76  72  70  80
 [73]  73  83  85 100 114 127 151 140 137 164 150 173 171 182 179 165 195 184
 [91] 190 177 175 187 225 203 203 176 159 184 180 185 155 156 200 191 182 186
[109] 197 196 253 245 242 285 272 306 281 313 287 311 301

> save(reslist, file=paste("output",iter,".rda",sep=""))
> 
> 
> ###############################################################
> 
> 
> # Clear the workspace and turn off graphics.
> #  Load all the functions you need by sourcing the provided demographic.R file
> #  Read in the job number from the cluster. To do this, your code should include a new
> # variable iter and should start with the line:
> # iter <- as.numeric(Sys.getenv(PBS_ARRAY_INDEX))
> #  Control the random number seeds so that each parallel simulation takes place with a
> # different seed. Your function should therefore set the random number seed as iter so that
> # each parallel simulation has a unique random seed.
> #  In each parallel run, select the initial condition to be used. Ensure that 25 of the parallel
> # simulations are allocated to each of the initial conditions.
> #  Create a variable which is the filename to store your results. The end of the filename
> # should be the number iter to ensure that simulation files do not overwrite one another on
> # the cluster.
> #  Initialise a list which will contain the results of your 150 simulations.
> #  Call the stochastic_simulation function to do the appropriate simulation 150 times,
> # appending the output to the results list, and then save the results list.
> 
> #four initial conditions (25 cluster runs per)
> #each cluster run runs simulation 150 times
> #1) large population of 100 adults
> #2) small population of 10 adults
> #3) 100 individuals spread
> #4) small population of 10 individuals
> 
R has finished running

============================================

        Job resource usage summary 

                 Memory (GB)    NCPUs
 Requested  :         1             1
 Used       :         0 (peak)   1.00 (ave)

============================================
