R is about to run

R version 4.4.1 (2024-06-14) -- "Race for Your Life"
Copyright (C) 2024 The R Foundation for Statistical Computing
Platform: x86_64-conda-linux-gnu

R is free software and comes with ABSOLUTELY NO WARRANTY.
You are welcome to redistribute it under certain conditions.
Type 'license()' or 'licence()' for distribution details.

R is a collaborative project with many contributors.
Type 'contributors()' for more information and
'citation()' on how to cite R or R packages in publications.

Type 'demo()' for some demos, 'help()' for on-line help, or
'help.start()' for an HTML browser interface to help.
Type 'q()' to quit R.

> 
> 
> growth_matrix <- matrix(c(0.1, 0.0, 0.0, 0.0,
+ 0.5, 0.4, 0.0, 0.0,
+ 0.0, 0.4, 0.7, 0.0,
+ 0.0, 0.0, 0.25, 0.4),
+ nrow=4, ncol=4, byrow=T)
> 
> reproduction_matrix <- matrix(c(0.0, 0.0, 0.0, 2.6,
+ 0.0, 0.0, 0.0, 0.0,
+ 0.0, 0.0, 0.0, 0.0,
+ 0.0, 0.0, 0.0, 0.0),
+ nrow=4, ncol=4, byrow=T)
> 
> clutch_distribution <- c(0.06,0.08,0.13,0.15,0.16,0.18,0.15,0.06,0.03)
> 
> #=========================================================================================
> rm(list=ls())
> graphics.off()
> source("Demographic.R")
> source("kl2621_HPC_2024_main.R")
[1] 0 0 0 0 3
[1] 3 3 2 2 2
[1] 1 1
 [1] 7 4 4 3 2 2 2 2 2 2 2 2 2 2 2 1 1 1 1 1 1
> 
> 
> ###4 initial conditions
> 
> ############################################################
> 
> 
> 
> #VVVVVVVVVVVV-------------COMMENT ME OUT WHEN RUNNING THE THING
> #iter <- 5
> #VVVVVVVVVVV--------------UNCOMMENT ME OUT
> iter <- as.numeric(Sys.getenv("PBS_ARRAY_INDEX"))
> set.seed(iter)
> 
> 
> if (iter <= 25) {
+ initial_state <- state_initialise_adult(4,100) #100 adults
+ } else if (iter >25 && iter <= 50) {
+ initial_state <- state_initialise_adult(4,10) #10 adults
+ } else if (iter >50 && iter <= 75) {
+ initial_state <- state_initialise_spread(4,100) #100 spread
+ } else {
+ initial_state <- state_initialise_spread(4,10) #10 spread
+ }
> 
> reslist <- list()
> 
> ####100 cluster runs
> ###################################################
> ####150 runs of stochastic_simulation per cluster run
> for (i in 1:150) {
+     #################################
+     ###120 steps of stochastic_simulation per simulation
+     stochasticresult <- stochastic_simulation(initial_state,growth_matrix,reproduction_matrix,clutch_distribution,120)
+     reslist[[i]] <- stochasticresult
+     #################################
+ }
> ###################################################
> 
> print(reslist)
[[1]]
  [1] 10 10  7  7 12  7 10  6  5  4 12  7  4  3  2  2  2  2  1  1  1  1  1  2  1
 [26]  1  0  0  0  0  0  0  0  0  0  0  0  0  0  0  0  0  0  0  0  0  0  0  0  0
 [51]  0  0  0  0  0  0  0  0  0  0  0  0  0  0  0  0  0  0  0  0  0  0  0  0  0
 [76]  0  0  0  0  0  0  0  0  0  0  0  0  0  0  0  0  0  0  0  0  0  0  0  0  0
[101]  0  0  0  0  0  0  0  0  0  0  0  0  0  0  0  0  0  0  0  0  0

[[2]]
  [1]  10  14  15  11  13  16  17  22  14  17   9   6   6  14  11  19  20  11
 [19]  14  13  21  15  21  21  28  17  43  32  27  25  25  30  34  37  38  29
 [37]  44  53  61  61  68  68  53  64  76  74  73  86  92  90 108 103  96  91
 [55]  91 115 130 125 139 128 140 143 138 147 162 162 161 143 179 159 161 158
 [73] 155 146 164 189 194 180 205 215 187 206 214 218 265 259 266 278 281 320
 [91] 291 321 330 325 344 357 321 358 373 387 400 396 363 407 432 451 438 537
[109] 552 585 630 632 667 663 674 712 734 713 712 779 752

[[3]]
  [1]   10   10   14   11   12   18   27   30   30   19   18   27   28   35   34
 [16]   31   23   26   39   42   48   57   64   64   70   61   74   58   68   86
 [31]   90   81   69   72   93   85   87   91  102   95   92   90  118  116   98
 [46]  102   83  116  159  152  137  135  162  186  202  216  204  204  204  232
 [61]  231  269  248  248  254  273  297  276  312  278  311  321  340  394  393
 [76]  398  394  405  439  441  411  456  477  512  525  510  537  543  597  606
 [91]  640  698  736  707  773  829  844  906  896  939 1007  993 1115 1164 1169
[106] 1217 1251 1360 1374 1497 1565 1602 1614 1745 1827 1882 1988 2017 2179 2163
[121] 2118

[[4]]
  [1]   10   11   12   13   18   21   21   23   19   24   26   36   38   39   43
 [16]   37   33   49   55   57   52   52   61   71   64   63   62   64   87   92
 [31]   89  101   91  116  114  111  112  155  140  122  132  155  195  202  204
 [46]  188  170  194  191  205  224  236  245  264  254  274  282  338  318  304
 [61]  281  318  375  424  383  422  433  414  414  455  525  576  566  592  579
 [76]  630  700  754  748  776  755  759  800  861  975  968  936 1007 1119 1120
 [91] 1091 1139 1204 1320 1363 1393 1377 1438 1496 1570 1612 1613 1650 1791 1962
[106] 2138 2173 2270 2359 2459 2486 2537 2706 2812 2915 2979 3121 3197 3309 3475
[121] 3611

[[5]]
  [1]  10  10   7   5   7  10  12  10  12  15  13  15   9  13  17  17  13  12
 [19]  10   7   6   5   9  12   8  14  10  12  16  11  10  10  16  13  15  20
 [37]  20  25  23  19  19  23  29  47  40  40  29  25  39  50  29  39  32  31
 [55]  35  56  43  43  45  57  42  58  60  70  72  67  72  67  76 102 107  88
 [73]  87  97 102 113  94 122 115 121 125 128 146 132 152 135 133 166 155 165
 [91] 176 164 180 180 205 214 225 258 255 250 291 342 353 340 361 360 411 378
[109] 429 467 447 500 489 572 571 600 601 668 692 723 739

[[6]]
  [1]  10   8   6   6  11  14   9   9   8  12  12   6   6   5   4   4   4  10
 [19]   7   7   6   7  10  10   8  10   7  12   9   8   6   9  10  12  13  12
 [37]  10   9   7   7   7  13  11  19  15  13  20  28  22  19  27  21  26  22
 [55]  26  25  23  14  16  15  23  12  11  22  17  16  17  20  19  19  15  20
 [73]  21  22  18  38  34  52  50  48  43  38  35  32  53  50  41  49  58  56
 [91]  64  58  66  70  65  66  61  60  64  69  75  68  63  63  79  96  88  85
[109]  86  89  86  88  95 119 143 164 168 166 181 200 227

[[7]]
  [1]   10   15   18   13   11   16   11   15   18   13   13   12   31   44   31
 [16]   26   22   19   24   25   33   39   29   26   26   24   31   20   24   27
 [31]   34   51   51   50   47   53   65   65   65   65   81  113  104  119  119
 [46]  118  122  161  160  165  160  169  190  203  191  215  214  228  242  274
 [61]  288  331  327  333  286  295  343  331  361  357  343  359  389  400  432
 [76]  436  429  464  498  540  527  514  515  564  576  624  607  650  674  761
 [91]  812  827  801  807  809  858  982 1004 1040 1117 1146 1241 1251 1358 1437
[106] 1386 1453 1457 1579 1647 1767 1832 1877 1956 2083 2048 2075 2042 2216 2287
[121] 2330

[[8]]
  [1] 10 12  7  6  3  3  3  5  5 11  5  8  6  3  3  2  8  4  3  2  2  6  2  2  2
 [26]  2  1  1  0  0  0  0  0  0  0  0  0  0  0  0  0  0  0  0  0  0  0  0  0  0
 [51]  0  0  0  0  0  0  0  0  0  0  0  0  0  0  0  0  0  0  0  0  0  0  0  0  0
 [76]  0  0  0  0  0  0  0  0  0  0  0  0  0  0  0  0  0  0  0  0  0  0  0  0  0
[101]  0  0  0  0  0  0  0  0  0  0  0  0  0  0  0  0  0  0  0  0  0

[[9]]
  [1] 10  5  4  4  3  1  1  1  1  1  1  1  0  0  0  0  0  0  0  0  0  0  0  0  0
 [26]  0  0  0  0  0  0  0  0  0  0  0  0  0  0  0  0  0  0  0  0  0  0  0  0  0
 [51]  0  0  0  0  0  0  0  0  0  0  0  0  0  0  0  0  0  0  0  0  0  0  0  0  0
 [76]  0  0  0  0  0  0  0  0  0  0  0  0  0  0  0  0  0  0  0  0  0  0  0  0  0
[101]  0  0  0  0  0  0  0  0  0  0  0  0  0  0  0  0  0  0  0  0  0

[[10]]
  [1]   10   12   18   21   18   16   16   23   27   33   24   33   41   28   41
 [16]   32   36   41   35   44   37   35   47   55   47   56   43   49   40   47
 [31]   53   59   53   53   42   47   59   65   70   74   66   63   80   96   93
 [46]   77   96   83   81  104  135  127  117  122  144  137  156  141  158  152
 [61]  167  192  183  182  208  206  206  233  247  240  226  241  270  285  299
 [76]  304  320  318  320  332  344  358  372  402  421  432  426  389  425  444
 [91]  428  462  449  447  445  499  520  506  567  530  544  625  654  676  753
[106]  755  783  780  858  856  872  931  959  988 1004 1086 1164 1235 1265 1326
[121] 1335

[[11]]
  [1]  10  12  12  14   9  13  18  27  23  27  19  20  17  17  28  25  19  14
 [19]  20  23  31  23  26  15  21  15  18  13  19  22  20  20  23  31  37  32
 [37]  31  23  30  29  23  27  24  42  42  32  28  37  51  48  40  45  53  60
 [55]  55  55  45  37  39  42  46  40  35  40  39  49  41  42  60  49  59  49
 [73]  45  39  58  49  45  50  61  57  67  67  75  82  81 100 101 125 113 102
 [91] 105  94  96 113 127 135 113 120 124 136 173 173 160 138 167 192 169 197
[109] 201 196 210 194 224 212 219 230 253 282 274 275 277

[[12]]
  [1]  10  17  14   9  15   9  16  24  24  22  17  18  16  18  25  22  14  12
 [19]  11  10  22  14  11  11  10  14   9  15  11  15  12  11  21  25  30  31
 [37]  23  30  34  25  32  22  19  22  21  29  20  30  26  25  41  32  27  30
 [55]  21  21  28  33  28  22  35  25  35  39  38  38  29  56  61  63  71  68
 [73]  82 108 144 120 130 135 121 128 112 116  99 106 141 133 133 133 171 166
 [91] 178 183 212 202 210 215 227 239 232 244 263 298 286 293 266 256 272 304
[109] 334 331 319 342 371 366 353 399 408 472 469 515 491

[[13]]
  [1]   10   20   13    9   20   12   25   20   17   14   17   22   22   24   33
 [16]   28   27   32   41   37   36   34   40   53   44   46   47   61   50   54
 [31]   48   56   55   54   65   50   60   85   89   89  100   86   80  108   96
 [46]   96  107  136  150  150  121  118  110  134  148  136  121  109  134  151
 [61]  136  159  143  150  135  140  145  130  161  186  189  182  169  198  230
 [76]  253  250  269  283  276  350  388  368  388  379  395  445  468  498  515
 [91]  493  561  568  546  563  609  694  715  705  763  735  767  817  835  894
[106]  889  949  998 1068 1164 1209 1215 1226 1253 1257 1302 1336 1395 1424 1480
[121] 1497

[[14]]
  [1]  10   8   4   3   2   8   3   9   9   5   4   4   3   1   1   1   1   4
 [19]   2   2   2   2   8   5   3   2   8  12   8   7   7   6   7   4   3  17
 [37]  11   8   5   4   4  10  11   8   6   6   5  12   7  10  11  12  11   9
 [55]   7  16  15  20  18  16  28  27  36  39  38  37  51  45  56  47  58  67
 [73]  87  87  96 115 132 107 113 121 113 128 117 133 131 136 134 183 186 180
 [91] 171 162 188 213 217 195 201 221 246 254 284 275 300 291 304 331 330 361
[109] 380 435 428 452 433 505 505 533 552 597 631 659 647

[[15]]
  [1]  10  19  13  10  11  10   8   8   6  10  10   8  12   9  14  15   9   7
 [19]   6   5   6   5   5   7   3   9   4   4   6   6  10   7   6   5   5  10
 [37]   5   5   5   7  10  10  12  16   7   7   6   4   4   3   3   3   3   3
 [55]   3   7   9   7   5   5   7   8   7   6   4   4   4   9  15  17  16  12
 [73]  15  13  19  18  21  16  17  19  20  28  29  33  27  23  24  24  24  26
 [91]  22  15  18  17  20  20  33  41  24  17  31  32  36  42  49  50  68  55
[109]  54  51  71  64  61  66  68  62  60  87  90 102  95

[[16]]
  [1]   10    7   12    8   13   10    9   11    7   15   23   25   36   34   32
 [16]   38   29   30   35   45   54   52   50   45   58   56   44   49   62   62
 [31]   51   53   58   56   49   58   62   88   67   62   54   63   68   83   95
 [46]  123  127  135  119  127  149  153  141  167  184  187  200  202  192  213
 [61]  225  230  236  246  256  256  285  278  337  364  362  348  380  385  413
 [76]  448  453  437  511  520  523  527  522  584  596  570  592  642  710  758
 [91]  738  747  785  803  847  924  965  901  909  970 1054 1002 1031 1065 1104
[106] 1176 1243 1302 1309 1397 1380 1414 1444 1532 1623 1755 1797 1838 1977 2076
[121] 2114

[[17]]
  [1]  10  15  16  18  13  12   9  11  14  13  10   8  10   8  10   8  13  15
 [19]  20  18  16  20  20  10  10  10  14  16  11  13  10  23  16  13  11   9
 [37]  15  15  23  15  13  15  14  15  15  26  29  39  29  26  40  46  46  77
 [55]  56  54  54  66  58  46  43  71  64  57  49  64  64  49  57  75  65  66
 [73]  63  77  90 101 100 117 125 116 118 122 118 127 145 137 151 172 190 186
 [91] 185 174 165 169 167 196 223 259 257 259 265 256 284 276 326 348 356 370
[109] 376 426 419 434 448 436 444 457 456 534 569 565 533

[[18]]
  [1]   10   12   10   19    9    9    8    8   13   17   13   10    9   14   19
 [16]   22   19   18   29   25   38   31   24   26   35   39   36   53   43   47
 [31]   53   54   60   65   73   78   90   73   85   94   89   97  101   97   95
 [46]  106  145  144  141  165  180  243  244  239  231  239  222  266  295  319
 [61]  342  340  342  375  358  358  400  404  456  408  423  410  462  449  490
 [76]  451  485  473  484  551  573  610  568  588  665  730  788  784  808  830
 [91]  876  935  909  893  953  977 1055 1091 1177 1150 1182 1215 1285 1393 1445
[106] 1549 1501 1607 1630 1690 1712 1853 1890 1932 2046 2158 2233 2278 2443 2395
[121] 2558

[[19]]
  [1]   10   19   14   17   19   12    8   11    8    3    3   15   16   13   14
 [16]   11   10    9    8    7   11    8   13   11   19   14   13   22   39   34
 [31]   28   20   28   38   49   31   21   20   37   43   42   57   65   49   67
 [46]   63   70   88   86   75  104   95   96   97  104   94  126  136  122  127
 [61]  155  182  173  188  182  197  206  219  213  223  250  242  257  256  281
 [76]  310  295  296  293  290  361  361  368  337  352  403  426  458  444  429
 [91]  479  552  573  554  533  565  604  628  657  740  714  737  780  882  885
[106]  949  955  964  979 1040 1169 1208 1222 1249 1377 1421 1438 1577 1566 1585
[121] 1657

[[20]]
  [1]  10  17  14  17  14  20  21  21  19  21  14  21  24  24  26  23  20  28
 [19]  28  22  20  22  42  42  37  27  27  28  32  26  33  23  18  17  29  45
 [37]  42  29  43  52  50  58  60  52  44  40  52  65  40  52  41  35  40  43
 [55]  60  51  35  48  37  36  43  39  41  41  27  23  45  47  44  40  61  75
 [73]  87  73  83  86  92  74  72  72 112  96  96  97  92  86  91 108 124 126
 [91] 126 121 110 139 131 163 168 166 163 193 204 203 189 208 216 255 265 283
[109] 309 294 325 308 303 330 351 384 391 431 452 478 457

[[21]]
  [1]   10   13   16   12   23   19   19   16   19   23   23   29   34   33   44
 [16]   54   52   48   49   58   65   45   41   41   42   36   42   47   51   45
 [31]   47   39   34   39   59   72   75   70   77   62   69   63   58   52   75
 [46]   86   85   86   85   70   85  103  133  146  132  136  129  137  126  132
 [61]  136  168  201  190  224  224  230  260  281  258  284  301  323  339  348
 [76]  370  417  434  435  436  473  530  550  575  578  579  579  568  638  674
 [91]  659  722  726  765  785  835  904  986  955  995 1032 1059 1118 1124 1230
[106] 1303 1262 1428 1485 1522 1612 1612 1712 1750 1853 1904 2015 2065 2086 2149
[121] 2214

[[22]]
  [1]   10   14   17   17   15   21   27   30   34   30   44   29   36   36   39
 [16]   42   48   34   48   57   51   41   39   48   58   67   47   39   37   50
 [31]   57   64   60   49   46   53   66   80   80   71   65   71   68   70   81
 [46]  101  104  102  113  105  103  113  140  131  135  164  172  181  181  208
 [61]  206  205  219  253  285  308  322  318  349  350  400  385  383  405  453
 [76]  427  461  474  487  515  491  543  581  601  602  585  680  702  723  726
 [91]  750  809  904 1003  996  968 1056 1160 1242 1277 1297 1326 1433 1516 1525
[106] 1589 1596 1622 1756 1891 1973 1986 2144 2244 2321 2231 2374 2478 2720 2737
[121] 2813

[[23]]
  [1]  10  18  16  11  14  17  16  12  11  13  15  20  28  30  24  23  23  23
 [19]  25  26  23  34  35  24  29  30  22  22  14  17  25  23  22  19  13  11
 [37]  10  30  28  24  16  13  11  21  19  18  17  13  11  10  15  17  22  16
 [55]  18  23  16  20  22  25  37  24  21  17  25  43  42  45  37  43  54  51
 [73]  73  74  59  53  57  62  97 102 101 110  99  97  98  91 119 132 107 108
 [91] 119 126 143 115 118 125 115 128 126 142 129 159 147 146 151 165 173 181
[109] 154 162 161 198 187 194 184 224 231 217 233 230 241

[[24]]
  [1]  10   6   6   6  16  14  13  11  12  16  13  10  25  16  16  15  13  18
 [19]  20  26  26  18  17  21  22  19  17  24  21  17  24  28  27  23  22  26
 [37]  32  36  31  39  40  35  35  36  36  25  39  32  57  57  60  60  56  70
 [55]  61  55  57  69  59  72  71  63  73  72  78  95  99  90  98  74  90  74
 [73]  69 103 100 113 120 103 110 107 122 121 116 108 130 126 138 133 155 148
 [91] 160 178 212 250 228 232 216 221 211 276 289 255 283 301 303 329 310 321
[109] 351 389 379 384 424 441 425 436 415 433 437 432 488

[[25]]
  [1]  10  15  11  18  15  12  13  10  10  13  19  14   9   6  14   9   6  11
 [19]  13  13   9  12  13  12   9  16  11  10   9   9   7   6   5   5   7   5
 [37]   4   3   7  14  17  14  17  25  36  26  22  27  22  31  31  33  36  37
 [55]  38  39  48  44  44  45  35  31  27  50  49  37  31  40  46  46  48  49
 [73]  47  57  51  66  52  53  57  51  54  61  69  79  83  68  63  65  93 104
 [91]  82  85  89 103 104 107 135 132 117 122 121 111 117 127 145 142 132 132
[109] 122 146 150 140 132 138 125 131 118 108 111 133 144

[[26]]
  [1]   10   13   15   26   25   28   27   32   38   59   46   44   43   39   48
 [16]   48   49   71   61   53   51   50   53   47   51   51   78   75   70  100
 [31]   95  113  104   92  132  142  140  137  124  133  152  180  176  204  190
 [46]  178  192  207  228  238  246  228  258  224  267  276  305  299  303  303
 [61]  288  368  387  356  368  409  454  430  456  448  451  451  447  493  573
 [76]  632  608  620  643  650  681  739  703  737  752  842  858  890  911  976
 [91] 1132 1242 1242 1281 1342 1459 1488 1574 1699 1732 1651 1736 1949 1944 2066
[106] 2084 2171 2248 2267 2364 2308 2476 2506 2634 2667 2889 2995 3101 3221 3317
[121] 3417

[[27]]
  [1]   10   18   23   20   23   22   19   29   26   43   43   40   36   42   41
 [16]   31   46   53   60   63   67   60   63   62   57   56   67   61   76   69
 [31]   67   88   89   79   79   74   89  109  120  113  116  109  102  115  133
 [46]  141  167  175  166  162  191  228  204  220  246  230  240  238  226  262
 [61]  263  280  274  236  238  250  289  289  318  345  330  347  390  440  425
 [76]  430  458  517  550  591  577  567  581  647  665  696  727  691  766  782
 [91]  818  889  955 1019 1026 1138 1144 1182 1223 1307 1402 1467 1506 1540 1560
[106] 1563 1620 1716 1772 1847 2007 2103 2205 2372 2430 2529 2573 2648 2739 2772
[121] 2992

[[28]]
  [1]  10  14  19  14  15  18  24  24  34  33  32  35  37  45  46  45  46  44
 [19]  50  68  61  59  74  73  76  73  70  61  60  77  95  70  63  89  75  60
 [37]  81  68  62  59  71  61  65  61  64  61  55  69  91  79  98  93 108 129
 [55] 144 142 145 143 138 130 126 112 130 122 125 105 128 121 126 123 172 185
 [73] 149 139 148 160 170 206 195 173 197 232 224 217 200 220 218 259 256 235
 [91] 270 273 275 261 269 284 276 291 320 311 340 328 348 344 362 396 412 428
[109] 512 472 449 438 480 545 553 539 575 589 607 674 675

[[29]]
  [1]   10    7   12    8   14   16   12   10   16   21   26   35   27   25   25
 [16]   36   42   41   38   58   66   60   66   71   64   53   50   53   53   54
 [31]   61   81   69   60   55   71   49   36   50   71   65   71   64   79   67
 [46]   69   66   92   70   69  102   97  112  132  132  116  109  123  134  158
 [61]  157  173  187  159  213  213  217  214  219  249  286  252  258  299  299
 [76]  316  342  308  316  359  348  354  361  370  412  438  490  476  481  556
 [91]  542  585  524  605  644  686  690  732  749  774  812  873  935  876  849
[106]  873  993 1052 1112 1154 1317 1275 1325 1299 1399 1545 1738 1678 1536 1674
[121] 1837

[[30]]
  [1] 10  5  2  2  1  1  4  2  2  2  2  1  1  1  1  1  1  1  1  5  2  1  1  0  0
 [26]  0  0  0  0  0  0  0  0  0  0  0  0  0  0  0  0  0  0  0  0  0  0  0  0  0
 [51]  0  0  0  0  0  0  0  0  0  0  0  0  0  0  0  0  0  0  0  0  0  0  0  0  0
 [76]  0  0  0  0  0  0  0  0  0  0  0  0  0  0  0  0  0  0  0  0  0  0  0  0  0
[101]  0  0  0  0  0  0  0  0  0  0  0  0  0  0  0  0  0  0  0  0  0

[[31]]
  [1] 10  7  5  5  5  9 12 10  9  8  6 14 13  9 10  8 13 17  8 15  8  8  8 12  9
 [26] 14 12 11  9 18 14 11 12 13 12 10  9  8 15 16 10 11 13 10 15  9  8  7 15  7
 [51] 12 10  8  6  6 14 10  7  7  6  7 11  8  8 13  9  8 12  6  6  4  9  6  4  6
 [76]  9  6  4  3  3  2  7  5  4  4  4  4  7  4 11 13  9  7 13 14 18 23 25 28 40
[101] 35 33 40 42 37 49 40 39 43 45 40 36 37 40 35 56 63 76 73 85 63

[[32]]
  [1] 10 14 17 10  8  5  9  7 12  7  6  5  4 10  9  4  8 10  8  6 12 10  9 10  6
 [26]  5  8 11  6  4  3  4  3  2  4  3  2  3  2  2  1  1  1  1  0  0  0  0  0  0
 [51]  0  0  0  0  0  0  0  0  0  0  0  0  0  0  0  0  0  0  0  0  0  0  0  0  0
 [76]  0  0  0  0  0  0  0  0  0  0  0  0  0  0  0  0  0  0  0  0  0  0  0  0  0
[101]  0  0  0  0  0  0  0  0  0  0  0  0  0  0  0  0  0  0  0  0  0

[[33]]
  [1]   10   16   12    9    7   17   27   25   19   16   14   21   21   18   34
 [16]   35   28   30   23   32   48   32   30   23   19   41   57   51   41   51
 [31]   60   67   52   51   58   54   78   87   87   93  118  125  128  115  121
 [46]  132  138  148  143  140  155  141  153  185  190  190  178  180  197  232
 [61]  215  238  229  223  239  263  264  310  324  350  348  345  364  367  385
 [76]  407  440  456  431  404  482  511  538  530  546  626  634  657  680  702
 [91]  691  808  876  847  867  873  907  955 1034 1049 1046 1035 1066 1046 1116
[106] 1138 1164 1226 1252 1264 1355 1410 1509 1569 1575 1675 1773 1791 1980 2062
[121] 2091

[[34]]
  [1]  10  21  20  19  20  24  28  42  36  41  30  36  38  63  55  47  52  55
 [19]  56  58  43  34  45  48  70  69  66  61  71  70  70  69  65  75  61  50
 [37]  75  89  80  92  82  69  56  65  78  81  78  78  71  67  89  84  74  74
 [55]  70  70  72  67  81  90  78  78  85  84  72  80  84  90  99 114  92 100
 [73] 103 108  97 107  92  93  89  90  85  92  97 106 116 123 141 143 116 117
 [91] 106 115 156 123 121 117 121 115 141 145 134 139 140 166 190 223 222 182
[109] 210 247 242 211 222 246 233 244 264 284 309 339 337

[[35]]
  [1]   10   10   10    9   16   13   15   15    9   14   18   13   15   12   23
 [16]   15   13   13   10   22   15   14   12   11   16   22   28   31   28   28
 [31]   22   24   35   31   35   31   35   37   36   42   43   49   39   56   49
 [46]   47   59   77   77   83   66   90   99   94   90   81   86   88  100   96
 [61]  100   98   92  107  103  127  114  130  134  145  179  178  175  187  176
 [76]  202  217  215  263  272  251  229  234  277  337  335  328  348  333  402
 [91]  431  460  453  471  487  563  520  562  592  562  596  598  662  702  751
[106]  776  798  826  905  907  900  967 1113 1149 1174 1098 1212 1219 1253 1373
[121] 1406

[[36]]
  [1]  10  15  11   9  17  20  26  24  31  24  23  26  26  16  15  14  18  20
 [19]  24  20  10  10  10  10  12  17  14  15  10  11  23  21  26  25  16  13
 [37]  18  24  20  25  23  19  34  26  25  31  43  38  25  22  33  35  30  36
 [55]  36  35  33  41  63  63  41  38  41  54  57  55  51  73  79  93  75  80
 [73]  78  98  79  87 113  97 123 133 153 150 151 161 164 147 155 153 157 181
 [91] 185 180 191 204 197 200 223 221 213 238 226 275 274 274 285 314 341 378
[109] 365 323 372 389 384 433 511 501 497 515 488 589 583

[[37]]
  [1]   10   18   20   14   16   19   17   16   23   32   37   32   39   25   30
 [16]   31   41   40   22   16   26   23   24   28   40   43   44   42   34   38
 [31]   41   43   49   41   30   33   32   33   48   56   54   66   57   53   52
 [46]   68   66   73   83   62   61   73   70   83   75   66   93   90   84   93
 [61]  110  119  122  119  117  130  161  181  180  196  194  206  214  219  250
 [76]  303  293  341  337  320  308  352  382  386  418  432  465  497  473  460
 [91]  501  510  529  540  582  610  629  684  661  690  696  784  833  872  876
[106]  907  959 1039 1026 1017 1120 1174 1190 1266 1280 1321 1404 1490 1515 1517
[121] 1569

[[38]]
  [1]  10  15  14  14   7   6  10  11  10   8   6   6   6   7   3   3   2   2
 [19]   2   2   7   6   3   3  11   5   5   5   8   5   4   4   4   3   5  12
 [37]   9   6   5   4   3   2   1   1   1   1   1   1   5   4   2   2   2   2
 [55]   1   1   1   4   3   2   2   2   2   2   5   7   7   7   6   5   4   4
 [73]   8   5   7  12  11  13   9   9   8  15  18  11  10  10  16  22  27  30
 [91]  29  22  19  22  26  23  30  55  35  38  37  32  46  49  46  54  59  50
[109]  59  57  76  90  91  99 111 103  98 122 131 154 139

[[39]]
  [1] 10  6  6  4  4  2  2  6  1  1  1  1  1  1  0  0  0  0  0  0  0  0  0  0  0
 [26]  0  0  0  0  0  0  0  0  0  0  0  0  0  0  0  0  0  0  0  0  0  0  0  0  0
 [51]  0  0  0  0  0  0  0  0  0  0  0  0  0  0  0  0  0  0  0  0  0  0  0  0  0
 [76]  0  0  0  0  0  0  0  0  0  0  0  0  0  0  0  0  0  0  0  0  0  0  0  0  0
[101]  0  0  0  0  0  0  0  0  0  0  0  0  0  0  0  0  0  0  0  0  0

[[40]]
  [1]  10  16  13  13   7   7  13  21  13   9  11  13  12  13  14  15  24  20
 [19]  17  14  17  24  21  26  29  26  26  38  28  27  23  17  28  23  23  15
 [37]  14  13  12  26  24  21  17  13  10  11  14  20  24  19  13  18  14  27
 [55]  22  24  30  33  34  27  32  45  42  43  34  41  39  51  46  55  59  62
 [73]  65  54  67  70  61  71  61  67  76  90  84  88  93  91 103  85 121 119
 [91] 133 127 129 110 115 128 122 135 123 141 140 122 144 149 143 167 182 172
[109] 175 191 195 173 200 208 204 220 221 227 211 244 287

[[41]]
  [1]   10   13   17   14   18   14   13   12   16   11   10   16   14   11   21
 [16]   18   15   20   22   22   18   21   24   28   19   20   19   31   27   39
 [31]   27   26   26   36   36   44   34   28   26   31   27   36   35   33   34
 [46]   36   36   44   82   85   76   60   63  100   87   77   82   91  105  128
 [61]  116  102  120  136  134  160  161  166  184  213  210  273  246  241  265
 [76]  262  297  306  318  309  348  371  414  424  409  427  476  454  458  485
 [91]  437  465  585  576  571  553  593  571  618  632  680  708  735  774  755
[106]  776  873  894  958  992 1029 1062 1192 1183 1185 1213 1274 1326 1412 1412
[121] 1438

[[42]]
  [1]  10  14  10  22  18  15  12  19  28  34  36  26  14  11  10  13  17  11
 [19]   8   7   7  13  22  13   9   7   6   5  13   7   7   7   7   6   5   9
 [37]  15  14  11  16  15  22  26  18  17  31  25  21  22  15  22  16  28  21
 [55]  23  16  14  22  21  23  18  21  26  19  25  35  34  27  28  27  36  51
 [73]  53  56  51  45  60  74  72  76  76  67  74  93  94  95 101 108 102 106
 [91] 107 116 142 138 115 118 103 147 152 144 184 182 199 155 146 151 164 194
[109] 188 184 181 201 215 224 241 204 214 259 302 338 352

[[43]]
  [1]  10  11   7  12   9   8  15  17  22  31  19  18  11  12  12  13   7  22
 [19]  25  16  11  10  14  17  19  18  11  16  10  12  10  18  11   8   7  13
 [37]  14  12  12  16  20  24  19  16  20  15  20  25  25  26  30  26  43  33
 [55]  43  47  39  41  48  48  68  66  54  49  63  62  75 105  92 100  97 104
 [73] 107 104  99  99 107 127 117 103 100 115 147 124 126 154 154 162 154 174
 [91] 179 161 183 181 190 185 177 180 220 212 232 240 247 245 274 261 272 274
[109] 300 334 341 367 353 379 423 411 428 459 453 438 477

[[44]]
  [1]  10  12   7  11  14   9  10  10   9  14  12  11  33  33  33  27  30  33
 [19]  28  23  22  19  28  30  20  17  15  23  12  16  24  38  37  26  38  37
 [37]  51  56  37  27  40  44  46  41  37  39  58  79  58  50  62  70  63  48
 [55]  48  55  59  61  54  51  58  69  61  57  49  69  78  95  99 117 109 100
 [73] 111 142 122 115 114 136 151 142 154 147 141 171 160 193 183 208 217 210
 [91] 210 231 240 233 232 244 247 267 279 313 311 326 347 375 380 380 399 427
[109] 420 446 438 466 470 475 476 536 554 576 648 639 596

[[45]]
  [1]  10   6  12   9  14   9   8   8  23  28  27  24  24  17  16  27  27  26
 [19]  22  20  31  28  28  31  26  21  27  34  50  65  48  50  75  56  61  64
 [37]  62  67  56  66  79  73  68  81  70  67  65  65  69  68  80  78  81  89
 [55]  73  67  73 108  88  88  78  93  96 112 113 127 123 110 130 157 161 142
 [73] 141 142 146 162 175 152 167 184 198 214 196 198 215 227 206 240 245 231
 [91] 219 269 303 325 321 328 318 339 316 303 335 320 404 392 402 384 410 455
[109] 487 503 520 499 543 573 583 600 599 619 745 673 700

[[46]]
  [1]   10    9   14   17   15   14   13   15   37   32   18   12    8   10   12
 [16]   14    9    8   14   19   15   16   13   15   12   12   14   18   12   25
 [31]   17   29   25   23   30   41   45   40   40   26   29   28   41   40   47
 [46]   42   45   47   43   77   79   74   72   89   95   94   89  116  114  104
 [61]  106   97  115  127  121  138  128  126  135  160  174  163  196  192  205
 [76]  199  212  259  275  246  253  263  277  317  324  307  296  320  340  328
 [91]  371  388  409  402  410  448  477  458  514  518  559  620  643  667  680
[106]  672  754  857  904  849  848  881  967 1038 1062 1075 1101 1130 1233 1305
[121] 1439

[[47]]
  [1]  10  11  24  14  19  17  12  11  16  11  13  22  26  24  33  26  21  23
 [19]  29  31  26  19  21  19  22  18  26  36  37  30  31  30  39  25  30  48
 [37]  72  61  58  46  45  66  68  68  60  48  67  52  45  60  60  63  57  57
 [55]  47  65  65  79  64  71  67  81  78  81  78  60  82  96 100 119 120 111
 [73] 105 102 114 124 111 130 140 161 146 151 165 181 204 193 188 210 225 249
 [91] 246 233 286 265 282 339 368 350 341 358 387 404 411 420 426 465 492 494
[109] 520 555 583 506 578 649 668 692 664 686 791 890 924

[[48]]
  [1]   10    8    7   13   15   14    8   14   23   31   34   24   36   30   29
 [16]   32   37   38   42   44   42   47   51   41   56   69   61   59   66   85
 [31]  121  121   99   89  106  122  119  119  129  127  100  127  136  116  155
 [46]  165  191  191  210  200  187  200  201  212  226  227  242  242  257  234
 [61]  251  249  223  224  224  253  248  231  277  263  307  329  343  326  340
 [76]  342  378  373  400  396  450  438  423  491  471  520  524  508  582  626
 [91]  656  671  704  740  826  887  891  958  959  949  953  956 1024 1027 1076
[106] 1105 1182 1209 1340 1406 1434 1493 1525 1606 1642 1738 1767 1822 1929 2072
[121] 2052

[[49]]
  [1]  10  23  21  13  12  13  28  22  18  21  14  11  10  15  11   9  10   9
 [19]   6   6   5  11   5   5   9   7  13  10   9  13  17  13  11  15  13  14
 [37]  18  25  21  19  26  26  33  27  37  25  18  22  23  29  25  30  37  34
 [55]  39  33  35  32  31  37  27  24  24  34  36  38  30  27  29  40  68  55
 [73]  42  42  37  33  36  29  47  45  55  45  43  46  58  49  72  64  73  79
 [91]  73  73  83  92  82  96 104 120 120 121 114 106 126 125 114 126 130 132
[109] 148 133 127 143 138 152 175 186 189 187 186 187 193

[[50]]
  [1] 10 13 11  7  6  3  2  1  1  1  8  6  4  9  4  4  3  3  2  2  2  2  2  2  2
 [26]  2  1  1  1  0  0  0  0  0  0  0  0  0  0  0  0  0  0  0  0  0  0  0  0  0
 [51]  0  0  0  0  0  0  0  0  0  0  0  0  0  0  0  0  0  0  0  0  0  0  0  0  0
 [76]  0  0  0  0  0  0  0  0  0  0  0  0  0  0  0  0  0  0  0  0  0  0  0  0  0
[101]  0  0  0  0  0  0  0  0  0  0  0  0  0  0  0  0  0  0  0  0  0

[[51]]
  [1] 10 10  5  5  4  3  3  3 14  7  5  5  4  4  6  5  5  5  4  9  4 11 13 12  9
 [26]  5  9  6  5 11  8 10  8  7  6  4  4  4  2  4  2  1  0  0  0  0  0  0  0  0
 [51]  0  0  0  0  0  0  0  0  0  0  0  0  0  0  0  0  0  0  0  0  0  0  0  0  0
 [76]  0  0  0  0  0  0  0  0  0  0  0  0  0  0  0  0  0  0  0  0  0  0  0  0  0
[101]  0  0  0  0  0  0  0  0  0  0  0  0  0  0  0  0  0  0  0  0  0

[[52]]
  [1]   10   16   28   23   28   23   21   30   36   32   32   24   21   35   43
 [16]   45   36   36   32   45   50   52   59   63   54   67   63   60   78   69
 [31]   74   76  103  100   94   78   70   99  118  113  100  121  106  113  112
 [46]  105  128  128  140  153  136  133  141  132  141  187  210  219  225  200
 [61]  184  210  211  192  208  213  194  198  220  207  244  238  312  329  326
 [76]  308  268  315  318  365  413  464  458  468  489  551  545  572  610  599
 [91]  636  698  705  671  677  715  710  741  761  856  939  934  933  926  974
[106] 1060 1120 1183 1192 1233 1379 1427 1389 1470 1501 1508 1541 1678 1743 1837
[121] 1848

[[53]]
  [1]  10  17  15  12   8   8   8   6   3   1   1   7   5   5   4   4   7   5
 [19]   5   9   8   9   7  11  12  16  12  14  10   7   5  10  10  18  16  12
 [37]   9   9   9   9  19  20  15  17  14  26  22  20  20  18  16  29  22  13
 [55]  11  15  19  12   9  28  16  13  13  10  14  14  13  16  11  10   9   7
 [73]  20  13  12  10   9  15  19  26  16  13  20  22  16  22  16  13  15  17
 [91]  16  20  29  34  32  24  33  23  27  36  29  38  39  42  48  66  51  49
[109]  41  39  55  52  66  66  72  65  61  55  77  80 107

[[54]]
  [1]  10   6   9  12  12  11  13  12  10  12  14  19  22  22  17  11  10  12
 [19]  25  30  19  26  26  30  25  20  33  39  65  53  62  60  58  65  71  67
 [37]  94  72  83  77  82  99 110 107 112  98  87  86  80 117 129  99 111 107
 [55] 103 119 125 114 125 142 130 123 145 140 150 123 102 123 149 134 159 161
 [73] 150 178 197 176 192 183 183 193 214 223 226 234 235 251 257 250 259 260
 [91] 278 281 265 267 287 270 269 287 277 304 368 339 323 319 312 314 326 318
[109] 353 345 341 306 372 376 408 493 420 405 411 398 457

[[55]]
  [1]  10  12  10  10   5   5   4  11   6   6  12  15   9  10   6   5   5   4
 [19]  10   8   7   7   5  14  10  11   7   7  10   7   6  10  23  21  11   9
 [37]   9  21  27  21  20  19  24  25  26  28  31  31  25  22  21  27  25  25
 [55]  21  21  17  18  23  27  30  28  28  22  40  35  31  28  26  31  34  29
 [73]  43  40  33  32  31  30  37  35  43  41  48  53  59  54  51  56  53  54
 [91]  40  59  51  65  63  75  90  83  87  85  90 108 104 103  93  98  92  88
[109]  94  99 111 116 127 116  94  99 160 123 123 134 126

[[56]]
  [1] 10 14 12 11 12 14  9  7  9 12  7  5  3  3  6  4  4 10  6  6  4  4  4  4 14
 [26] 13  8  7 10  7  6  6  5  5  4 10  3  3  2  1  1  1  1  1  1  1  0  0  0  0
 [51]  0  0  0  0  0  0  0  0  0  0  0  0  0  0  0  0  0  0  0  0  0  0  0  0  0
 [76]  0  0  0  0  0  0  0  0  0  0  0  0  0  0  0  0  0  0  0  0  0  0  0  0  0
[101]  0  0  0  0  0  0  0  0  0  0  0  0  0  0  0  0  0  0  0  0  0

[[57]]
  [1] 10  6 10  5  3  1  0  0  0  0  0  0  0  0  0  0  0  0  0  0  0  0  0  0  0
 [26]  0  0  0  0  0  0  0  0  0  0  0  0  0  0  0  0  0  0  0  0  0  0  0  0  0
 [51]  0  0  0  0  0  0  0  0  0  0  0  0  0  0  0  0  0  0  0  0  0  0  0  0  0
 [76]  0  0  0  0  0  0  0  0  0  0  0  0  0  0  0  0  0  0  0  0  0  0  0  0  0
[101]  0  0  0  0  0  0  0  0  0  0  0  0  0  0  0  0  0  0  0  0  0

[[58]]
  [1]   10    9   10    7    7   10    6    5   11   16   10    9    8    7   32
 [16]   42   29   25   29   30   26   32   27   34   33   38   35   40   43   34
 [31]   40   34   30   45   60   63   62   53   51   70   79   63   72   89   85
 [46]  102   94  138  147  131  147  146  155  181  151  151  164  183  162  159
 [61]  195  219  205  222  206  229  265  311  304  294  277  313  318  297  344
 [76]  348  359  379  439  449  459  429  427  429  451  500  527  570  567  573
 [91]  566  583  590  596  675  698  781  767  866  948  945 1005 1030 1040 1057
[106] 1163 1315 1347 1385 1357 1399 1431 1606 1679 1686 1705 1823 1871 2020 2158
[121] 2240

[[59]]
  [1]  10   7   7  11  15  10  14  10  15  16  12  10   7  21  21  24  18  28
 [19]  27  30  23  47  44  39  41  35  57  65  60  50  49  57  46  51  54  66
 [37]  68  74  70  80  87  83  77  66  66  86  83  83 108  96  81  81  76  83
 [55]  94  88  90  69  74  60  64  95  88  95  95  98 100 107  96  89 103  82
 [73]  77 106 124 122 134 121 141 148 154 148 172 197 216 228 266 274 276 247
 [91] 270 300 337 300 316 324 333 329 339 350 363 379 377 361 350 426 449 498
[109] 532 531 545 585 597 641 683 692 763 786 841 829 851

[[60]]
  [1]   10    8   12   11   18    8    5    8    7    5    4   11    9    8    7
 [16]    3    8   11    6    6   10   12   14   15   14   15   22   22   35   33
 [31]   41   43   41   56   44   42   37   32   40   49   57   55   59   67   65
 [46]   64   73   68   63   68   62   80  103   92   88   88   84  101  115  109
 [61]  116  134  130  158  155  145  154  153  164  163  173  172  195  220  217
 [76]  238  201  238  240  251  270  293  289  284  307  311  332  339  375  402
 [91]  410  461  459  506  509  477  495  522  515  542  608  665  708  699  734
[106]  729  771  772  831  900  919  893  957 1001  990 1028 1147 1109 1162 1212
[121] 1254

[[61]]
  [1]  10  16   8   9  20  12  16  11  10  18  28  23  19  18  27  20  20  24
 [19]  31  36  33  39  45  47  38  47  42  27  22  59  55  45  31  29  41  39
 [37]  36  34  29  28  31  28  36  44  46  42  56  79  81  66  74  59  67  85
 [55]  92  86  99  97  88 103  94  95  93  84 102 122 125 138 117 120 117 112
 [73] 130 144 128 133 143 148 130 137 170 193 199 199 207 222 242 221 221 222
 [91] 225 251 250 250 278 325 395 391 381 387 405 395 422 428 416 433 472 463
[109] 533 567 617 629 617 597 635 696 703 763 766 791 785

[[62]]
  [1]  10  12  13   9  19  15  17  13  20  19  12  10   8   5   3  12   6   3
 [19]   4   3  11   5   5   5   5  14  17  14   9   8   6  15  21  13  19  16
 [37]  20  21  17  19  23  28  34  48  30  25  26  47  30  31  39  33  30  32
 [55]  33  46  45  53  53  52  68  67  78  76  69  63  73  62  60  57  70  77
 [73]  83  77  81  95 116 125 113 125 103  91 130 127 126 122 131 136 169 160
 [91] 158 181 207 215 177 183 192 171 153 164 194 212 213 200 220 212 227 248
[109] 304 282 288 309 331 323 358 356 379 376 413 379 385

[[63]]
  [1]  10  10   8  12   8   6  13  18  15  15  17  15  13  14  17  15  15  10
 [19]  14  18  25  26  22  24  36  37  42  49  48  38  42  36  48  49  45  42
 [37]  36  33  43  48  57  43  48  42  40  50  53  61  62  49  50  39  42  59
 [55]  40  43  33  35  51  53  53  47  55  45  44  48  49  40  51  68  64  73
 [73]  55  77  95  97 100 101 114 137 139 154 138 174 180 189 189 213 211 232
 [91] 243 264 278 257 258 304 352 319 315 325 349 343 373 370 345 352 367 423
[109] 400 434 417 536 504 497 519 535 531 591 573 636 604

[[64]]
  [1]  10  14  22  21  17  16  24  21  21  16  24  24  30  23  18  21  27  23
 [19]  23  15  26  20  23  24  18  21  27  38  26  23  23  30  36  25  29  30
 [37]  28  30  34  32  32  34  31  34  40  43  34  23  18  24  16  32  24  17
 [55]  19  25  23  20  29  19  22  21  15  19  21  18  24  28  24  27  19  22
 [73]  29  22  39  50  62  62  51  42  34  50  67  68  72  83  64  72  95  96
 [91]  71  78  85  83  88  93 106  91 108 116 139 154 154 145 178 172 195 181
[109] 169 173 197 217 248 237 226 220 224 280 290 296 291

[[65]]
  [1]   10   13   10    7   10   13   14   10    9    9    7    8   11    7   14
 [16]    9    8   14    9    8   17   11   14   11   12    6    4    3    3    8
 [31]    6    6    6    8   11   14   24   20   22   30   29   36   41   40   44
 [46]   55   58   56   51   47   48   52   40   41   52   52   76   97  112  109
 [61]   91  106  114  137  178  180  173  189  185  197  203  206  242  263  254
 [76]  205  229  223  275  272  290  280  309  324  383  377  396  398  441  470
 [91]  480  453  489  554  594  579  541  622  674  743  693  714  732  698  759
[106]  822  949 1001  955 1019 1008 1043 1123 1151 1143 1177 1318 1356 1383 1533
[121] 1529

[[66]]
  [1]   10   13   14   11   11   14   13   17   20   23   26   24   31   20   12
 [16]   18   23   20   25   24   22   28   35   30   28   53   42   48   50   47
 [31]   47   57   57   51   46   43   58   73   58   51   73   78   95   99   88
 [46]  104  101  109  105  113  151  145  146  119  143  160  167  178  174  194
 [61]  198  220  223  251  240  212  210  225  248  240  235  260  260  265  257
 [76]  322  320  297  327  341  336  339  373  427  428  413  372  420  434  445
 [91]  437  469  539  586  601  619  637  643  698  702  741  773  849  817  825
[106]  794  857  819  931  942 1041 1020 1069 1133 1205 1253 1274 1266 1339 1400
[121] 1461

[[67]]
  [1]  10   8  13  11  15  10  14  17  14  22  20  19  26  23  21  23  18  24
 [19]  22  21  25  30  20  23  31  26  30  30  24  19  17  26  39  35  29  35
 [37]  32  22  24  19  28  40  33  31  33  40  34  38  31  25  30  43  54  43
 [55]  51  48  48  39  51  44  51  70  67  80  71 106 102  91 102  84 106  92
 [73] 103  99 110  95 112 116 120 132 125 150 161 140 146 151 153 175 196 219
 [91] 233 254 271 268 284 314 305 301 345 296 306 331 329 335 375 387 416 436
[109] 472 475 494 518 542 572 572 645 658 770 776 806 801

[[68]]
  [1]   10   12   11   11   11   12   20   12   10   13   15   20   13   11   19
 [16]   17   20   18   16   31   48   49   39   37   35   57   43   61   57   62
 [31]   48   48   48   62   60   65   58   54   58   53   51   50   51   42   50
 [46]   54   60   69   77   80   94   85   89   97   90  112  122  108  135  141
 [61]  113  127  124  123  113  128  122  128  165  175  186  170  214  214  221
 [76]  244  260  243  245  227  240  253  264  262  264  305  369  350  348  353
 [91]  405  418  380  380  384  390  421  455  450  442  446  440  457  489  526
[106]  582  596  588  604  635  745  772  777  776  759  846  921  915 1006  970
[121] 1016

[[69]]
  [1]  10   8   5   4   9  17  15  12   8   6   5   2   9  14   8   7   5   4
 [19]  11   7   5   3   6   4   8   4  12   8   6   6   6  12  14  12  15  15
 [37]  15  11   9   9  11  19  16  20  19  17  19  19  24  15  18  12  10  20
 [55]  18  17  23  29  28  15  19  24  28  27  26  22  37  48  51  58  67  61
 [73]  61  77  77  71  92  90 107 114  98 104 114 150 147 139 139 131 144 164
 [91] 177 190 173 185 217 275 267 220 221 302 301 306 304 339 352 392 405 393
[109] 462 491 482 472 511 565 569 643 621 670 665 707 734

[[70]]
  [1]   10   14   10    7   11   16   19   22   23   19   23   24   28   37   35
 [16]   24   22   31   29   28   46   59   44   41   40   46   64   67   56   64
 [31]   66   85   72   81   78   99   81   77   95   85   92  103  137  141  139
 [46]  136  122  125  135  144  161  182  197  184  195  187  231  262  274  278
 [61]  331  339  354  367  345  377  433  460  520  534  524  565  574  619  718
 [76]  740  716  724  803  831  875  883  971 1060 1144 1101 1119 1095 1193 1244
 [91] 1300 1382 1423 1413 1499 1571 1599 1642 1831 1864 1876 2006 2087 2244 2269
[106] 2429 2470 2571 2669 2657 2853 2924 3060 3067 3151 3273 3362 3454 3689 3998
[121] 4202

[[71]]
  [1]  10   9   8   7   7  13  19  18  21  13  13  12  13  15  18  11  10  19
 [19]  15  15  16  15  16  17  15  16  23  15  20  22  24  19  18  20  16  16
 [37]  18  21  16  22  15  13  14  19  24  17  13  13  14  24  19  15  18  16
 [55]  19  17  16  16  13  11  10  15  12  24  21  21  18  20  16  22  21  20
 [73]  30  33  31  43  31  41  36  45  42  46  50  52  49  57  52  63  53  61
 [91]  54  46  54  58  62  56  74  61  54  65  68  73  78  88  87 101 109 111
[109] 110 111 130 141 136 115 135 174 160 158 181 190 228

[[72]]
  [1]   10   14   13   10    7    6   10    9   12    9    7   10   15   10   10
 [16]   10   13   20   16   20   19   14   16   19   22   24   22   27   29   42
 [31]   48   50   56   51   49   63   80   61   60   49   56   52   61   69   66
 [46]   64   89  107   93   94   83  101   95   89  103  130  112  136  134  158
 [61]  191  164  174  165  155  188  199  192  182  176  175  188  202  211  209
 [76]  231  241  248  278  260  319  317  355  357  346  382  400  382  367  373
 [91]  422  413  435  417  461  444  470  482  448  462  500  512  521  512  548
[106]  564  595  618  682  698  733  697  760  783  799  835  806  897  950  966
[121] 1027

[[73]]
  [1]   10   19   18   14   13   12   25   19   23   16   18   19   16   12   16
 [16]   18   36   38   36   28   27   36   28   29   35   35   35   45   35   36
 [31]   30   35   30   35   39   65   65   75   82   67   68   82  101   90   72
 [46]   67   77   94  116   86   86   85   92  142  133  113  116  123  158  150
 [61]  136  155  163  173  178  199  197  167  153  152  209  196  173  145  165
 [76]  174  230  260  249  213  242  286  304  365  399  384  430  410  409  402
 [91]  455  497  520  494  518  516  597  636  679  701  737  772  813  869  914
[106]  939 1002  982 1030 1072 1098 1226 1250 1222 1245 1327 1352 1416 1448 1406
[121] 1512

[[74]]
  [1]  10   8  14  18  21  16  19  15  13  12  24  20  36  38  34  32  36  37
 [19]  25  21  29  42  59  52  63  57  69  79  59  56  68  54  60  62  61  49
 [37]  46  46  70  64  64  56  49  54  45  54  53  61  52  44  60  63  76  69
 [55]  64  67  66  83  77  83  83  84  91  78  83  83  88  80  87 102 134 153
 [73] 127 130 142 146 158 145 129 151 151 161 199 224 210 205 234 270 249 265
 [91] 276 305 362 382 360 357 404 412 388 378 415 447 493 515 501 516 555 607
[109] 648 685 682 659 710 746 741 756 812 932 993 983 994

[[75]]
  [1]  10   7   6   7   8   4   3   3  18   9   6   6  15   7  12   7  13  10
 [19]   7   6  13  12  14  10  12  13  11  14  10  16  16  26  35  28  24  20
 [37]  25  27  31  29  32  34  26  37  39  33  39  40  51  75  60  55  61  44
 [55]  49  71  71  63  66  55  51  43  53  62  77  79  84  73  94 109 104 112
 [73] 104 112 128 126 157 147 144 142 156 152 161 173 168 197 210 189 202 192
 [91] 199 265 308 308 290 307 314 327 309 356 369 346 358 368 396 414 447 441
[109] 479 509 566 521 544 571 611 598 664 700 720 733 817

[[76]]
  [1]   10   12   10    7    9    7   10   12   10   12   12   11   17   32   44
 [16]   52   40   32   29   42   40   43   36   30   36   47   46   44   43   48
 [31]   58   63   65   70   72   82   92   83   86  117  111  107  101  134  140
 [46]  127  179  183  203  192  191  210  202  220  246  234  244  271  265  257
 [61]  263  291  322  315  320  334  370  356  371  463  481  480  499  527  561
 [76]  588  559  606  626  612  600  608  708  700  694  749  842  911  940 1000
 [91] 1044 1067 1092 1196 1265 1463 1482 1481 1506 1550 1542 1668 1750 1820 1859
[106] 1855 1797 1908 2051 2128 2272 2410 2395 2468 2703 2828 2803 2899 3068 3251
[121] 3298

[[77]]
  [1]   10   13   12   11   20   14   12   10   12   10   18   24   20   22   22
 [16]   21   27   30   27   30   36   35   26   21   26   48   54   54   49   49
 [31]   61   64   58   48   42   38   51   57   56   74   52   58   64   59   71
 [46]   73   71   83  101   93  127  101  119  111  101  135  145  188  146  162
 [61]  158  162  172  207  221  236  219  218  250  269  259  245  252  231  248
 [76]  294  275  282  328  293  338  356  337  374  370  361  406  391  427  457
 [91]  501  511  522  559  560  631  656  716  715  750  800  788  795  861  848
[106]  871  883  972 1037 1062 1159 1318 1308 1317 1296 1398 1511 1611 1690 1757
[121] 1798

[[78]]
  [1] 10 14 11  6  4  2  2  2  2  1  1  1  1  0  0  0  0  0  0  0  0  0  0  0  0
 [26]  0  0  0  0  0  0  0  0  0  0  0  0  0  0  0  0  0  0  0  0  0  0  0  0  0
 [51]  0  0  0  0  0  0  0  0  0  0  0  0  0  0  0  0  0  0  0  0  0  0  0  0  0
 [76]  0  0  0  0  0  0  0  0  0  0  0  0  0  0  0  0  0  0  0  0  0  0  0  0  0
[101]  0  0  0  0  0  0  0  0  0  0  0  0  0  0  0  0  0  0  0  0  0

[[79]]
  [1]   10    8   15   15   12   12   11   17   15   20   15   20   20   16   16
 [16]   23   20   15   13   14   15   13   19   23   30   26   24   21   28   46
 [31]   57   51   40   40   34   41   44   40   35   32   32   53   60   64   62
 [46]   93   77   63   73   91   91   93   90  114  117  121  117  153  171  168
 [61]  157  146  162  179  182  175  186  184  207  219  226  238  243  230  264
 [76]  296  301  302  320  337  322  338  378  359  358  411  428  432  465  492
 [91]  506  470  473  515  559  556  615  582  570  590  667  635  664  696  688
[106]  662  761  760  811  781  797  864  890  936  993  934 1032 1152 1297 1292
[121] 1322

[[80]]
  [1]  10  14   8  15  11  12   7   6  21  15  10  10  13  16  18  14  15  14
 [19]  20  28  24  18  20  17  24  20  14  12  12  12  19  18  19  13  11  18
 [37]  23  19  19  16  31  24  23  27  26  27  43  38  44  40  50  74  73  79
 [55]  69  69  67  66  77  77  82  80 111 115 106  90 122 123 125 116 114 143
 [73] 144 133 113 127 145 170 168 175 151 153 157 168 165 158 166 192 193 194
 [91] 175 186 180 171 185 181 192 177 185 188 212 262 231 224 225 236 225 233
[109] 226 258 252 264 253 284 273 288 305 302 360 340 349

[[81]]
  [1]   10   20   19   14   18   30   24   21   19   29   54   44   34   34   41
 [16]   46   45   38   46   51   47   50   50   62   46   66   69   56   68   65
 [31]   56   68   69   65   52   45   68   70   75   86   95   72   75   82   90
 [46]  100  102   95  118  116  116  114  136  128  141  147  180  178  192  195
 [61]  183  230  228  273  270  238  210  258  257  279  266  292  304  304  317
 [76]  323  340  328  362  403  438  415  458  474  507  504  494  557  630  640
 [91]  626  636  707  746  744  734  763  794  819  894  883  963 1015 1011 1057
[106] 1165 1245 1341 1353 1422 1530 1616 1532 1669 1765 1834 1923 1962 2069 2088
[121] 2210

[[82]]
  [1]   10    9   18   22   23   15   22   17   25   21   17   21   18   21   22
 [16]   28   31   26   24   28   41   41   39   34   48   40   47   40   49   49
 [31]   46   59   72   60   67   71   71   91  102  101   93   93  125  109  116
 [46]  108  136  118  122  111  127  143  148  126  151  148  165  169  166  168
 [61]  171  215  225  212  225  230  221  242  267  287  290  285  277  252  275
 [76]  290  349  399  363  409  415  455  460  464  443  476  447  482  486  481
 [91]  530  566  591  581  615  592  659  698  684  763  819  882  858  894  961
[106]  957  955 1009 1058 1051 1153 1277 1375 1423 1494 1481 1588 1669 1763 1894
[121] 1953

[[83]]
  [1]  10   6  18  16  17  17  11  14  15  17  10  16  15  18  26  20  30  20
 [19]  23  27  31  36  28  40  41  37  38  40  47  33  32  38  35  41  42  56
 [37]  41  46  50  82  75  78  76  75  79  86  86  68  58  84  67  61  82  66
 [55]  76  89  98 111 103 103 115 115 131 124 110 131 126 166 163 160 158 197
 [73] 201 203 184 186 211 206 226 277 253 262 303 319 323 366 341 367 319 337
 [91] 336 349 378 379 383 360 388 384 387 417 411 409 441 434 464 491 492 492
[109] 528 554 575 598 598 654 635 648 696 713 710 737 782

[[84]]
  [1]   10    8    7    9   15   14   12   10    6    5    9   15   16   11   15
 [16]   13   11   16   19   19   28   22   19   14   19   22   29   24   24   28
 [31]   49   45   35   28   29   26   20   18   25   32   34   43   39   45   55
 [46]   56   49   64   66   94   91   80   82   80   98  112  122  126  141  139
 [61]  142  167  163  177  189  169  196  190  197  207  206  225  235  249  254
 [76]  237  231  249  263  257  274  298  276  313  321  309  304  320  340  352
 [91]  374  369  396  407  469  465  429  459  499  540  546  548  549  547  561
[106]  556  606  601  598  647  623  628  652  720  808  807  803  876  942 1022
[121] 1066

[[85]]
  [1]  10  13  17  10  19  23  17  15  17  18  25  28  27  27  35  33  35  36
 [19]  40  42  32  35  42  34  35  29  44  31  29  39  45  50  54  49  40  51
 [37]  43  37  49  51  60  56  63  69  60  85  63  84  74  82 100  95  84 110
 [55] 105  92  65  84  73  84  89 118 139 158 141 119 157 146 179 185 181 179
 [73] 198 209 175 179 182 195 217 190 202 217 252 253 251 266 280 301 279 302
 [91] 335 344 335 336 325 368 414 411 474 466 467 502 464 478 486 502 522 558
[109] 586 616 606 632 637 641 689 738 700 770 826 918 945

[[86]]
  [1]   10   10    9    6    8   12    8    6    9    7   12    8    5    5    5
 [16]   13    8    7    6    9   12   12   15   15   12   18   10   19   20   14
 [31]   17   26   29   44   53   64   50   68   70   63   69   86   85   90   94
 [46]   87   95   97   91   99  121  112  111  122  143  130  136  137  144  163
 [61]  195  199  200  225  206  251  234  221  237  229  285  285  271  272  329
 [76]  317  324  365  333  353  362  357  380  398  423  464  461  457  481  465
 [91]  549  562  545  592  598  630  685  740  772  740  732  787  809  862  879
[106]  946  967  981 1031 1029 1115 1035 1052 1070 1210 1325 1380 1430 1505 1633
[121] 1646

[[87]]
  [1] 10  7  8  9  9  5  4  4 12 12  7  7 10 10  7  6  5  8 11 10  6  6  6  4  4
 [26]  6  3  3  2  1  1  1  1  3  3  9  9  6  5  3  1  1  1  0  0  0  0  0  0  0
 [51]  0  0  0  0  0  0  0  0  0  0  0  0  0  0  0  0  0  0  0  0  0  0  0  0  0
 [76]  0  0  0  0  0  0  0  0  0  0  0  0  0  0  0  0  0  0  0  0  0  0  0  0  0
[101]  0  0  0  0  0  0  0  0  0  0  0  0  0  0  0  0  0  0  0  0  0

[[88]]
  [1]   10    7   12    9    7    9    8    8    5    8    5    5    5    8    6
 [16]    5    4    6    6   12   12    9   14   18    9   16   17   12   11   13
 [31]   23   19   25   31   31   33   41   38   48   50   52   52   55   54   64
 [46]   50   58   60   56   57   63   74   94   84  115  104  122  121  117  114
 [61]  123  143  166  169  182  171  195  251  257  237  213  247  227  234  270
 [76]  326  305  299  277  295  383  380  364  377  405  407  438  460  509  508
 [91]  502  524  543  502  525  529  587  572  632  720  763  799  791  808  856
[106]  864  862  934  906  969  917 1027 1045 1099 1166 1217 1196 1258 1272 1357
[121] 1499

[[89]]
  [1] 10  5  3  3  2  2  5  2  2  2  6  3  3  2  1  1  1  1  4  1  0  0  0  0  0
 [26]  0  0  0  0  0  0  0  0  0  0  0  0  0  0  0  0  0  0  0  0  0  0  0  0  0
 [51]  0  0  0  0  0  0  0  0  0  0  0  0  0  0  0  0  0  0  0  0  0  0  0  0  0
 [76]  0  0  0  0  0  0  0  0  0  0  0  0  0  0  0  0  0  0  0  0  0  0  0  0  0
[101]  0  0  0  0  0  0  0  0  0  0  0  0  0  0  0  0  0  0  0  0  0

[[90]]
  [1] 10 11  8  8  6  6 13 12 10  9 17 11 10 16 16 14 10 13 12 20 15  8 13 20 13
 [26]  9  8  7  9  7 13 11  8 12 11 13  8 18 12 10  8 10  9  8 13 15 21 17 23 14
 [51] 10 13 14 12 12 14  8 10 10  6  5  9 12  7  7  7  9 11  9  6  6  7  6  5 11
 [76]  8 10 13 11 11  9 10 11 20 24 26 18 22 29 30 24 20 21 17 14 15 12 21 27 21
[101] 18 30 28 30 33 43 36 38 55 54 55 60 63 84 76 59 52 53 69 62 47

[[91]]
  [1] 10  5  4  4  4  7  6  5  5  3  3  3  2  1  1  1  1  5  4  4  7  5  4  3  3
 [26]  3  3  8 17 13  6  5  4  3  1  0  0  0  0  0  0  0  0  0  0  0  0  0  0  0
 [51]  0  0  0  0  0  0  0  0  0  0  0  0  0  0  0  0  0  0  0  0  0  0  0  0  0
 [76]  0  0  0  0  0  0  0  0  0  0  0  0  0  0  0  0  0  0  0  0  0  0  0  0  0
[101]  0  0  0  0  0  0  0  0  0  0  0  0  0  0  0  0  0  0  0  0  0

[[92]]
  [1]  10  16  12  15  10   9  16  13  15  22  22  22  18  26  21  26  25  36
 [19]  29  31  23  17  21  25  34  30  24  23  25  36  30  34  30  30  42  44
 [37]  31  30  25  27  34  31  39  50  44  56  54  56  40  43  46  54  46  49
 [55]  64  67  54  48  49  39  47  45  39  39  43  48  45  44  35  42  46  61
 [73]  47  41  52  53  71  58  70  67  79  76  71  68  80  83  98  78  65  75
 [91]  74  71  79 100  90  83  78  65  72  71  87  98 128 110 116 120 125 135
[109] 145 149 150 168 150 146 185 193 178 184 208 208 209

[[93]]
  [1]  10   7   5  10   8  12  11  21  15  15  16  11  15  16  18  28  32  32
 [19]  27  23  20  23  24  29  21  20  18  24  22  23  19  13  11  11  10   8
 [37]  18  18  23  18  15  16  19  22  15  21  23  20  21  24  22  20  15  19
 [55]  14  12  17  25  29  35  29  35  42  35  37  51  54  47  47  53  52  49
 [73]  51  65  51  45  45  40  52  98  94  86  74  75  84  85 106  99  87  83
 [91]  77 105 116 103 118 143 149 136 139 143 178 166 167 152 170 154 158 169
[109] 209 205 196 199 209 236 210 231 239 229 216 236 220

[[94]]
  [1] 10 14 21 24 16 15 16 16 11  9  8 13 22 24 16 18 16 13 16 13  8  8 11 22 21
 [26] 15 19 20 23 31 22 15 21 21 23 34 32 26 20 27 28 21 32 35 34 22 37 34 33 26
 [51] 22 23 24 40 47 37 31 28 32 22 26 23 21 24 28 19 29 27 20 16 22 18 17 22 14
 [76] 11  7  6 10  6  5 12 11  7  8  9  5  5  3  3  3 18  9  7  6  3  2  2  2 10
[101]  6  5  5  5  5  5  9  8  5  4  3  3  3  3  2  1  1  5  3  3  3

[[95]]
  [1]  10   9   5   5   3  11   9   8  10   8  11  10  14  12  14  20  15  14
 [19]  21  13  13  18  12   8   8   8  11  15  15  12  12  19  12  33  28  25
 [37]  22  34  30  28  30  37  50  53  46  41  44  32  29  42  50  55  54  58
 [55]  48  47  43  56  70  64  65  56  50  51  74  68  55  56  55  52  47  46
 [73]  53  59  62  79  96 100  87 111  95 102 109 120 134 155 146 179 208 211
 [91] 214 215 241 243 244 253 253 259 274 286 246 276 252 280 323 329 350 368
[109] 338 334 348 363 381 386 435 434 475 488 507 532 573

[[96]]
  [1]  10  12  11   8   7   7  14  22  19  13  20  16  13  11  11  12  10  20
 [19]  18  21  15  15  15  30  28  24  20  25  31  35  41  23  26  49  35  34
 [37]  43  43  50  66  58  47  52  64  53  62  61  51  51  71  53  61  62  64
 [55]  74  73  65  67  68  64  95 106 120  98 108  95  99 107 101  94 111 115
 [73] 112 111  99 116 113 112 124 132 138 160 153 173 181 168 205 210 219 213
 [91] 216 265 273 299 284 289 291 321 300 328 355 378 386 379 415 412 450 445
[109] 505 462 514 519 540 579 630 620 584 661 688 637 660

[[97]]
  [1]  10  12  11   5   4   2   7   5   6   4   4   3   3   3   3   3   3   7
 [19]   6   5   5   5   3   3   8   9   8  10   7  12   9  20  11  11  11   9
 [37]  15  13  13  14  21  34  32  20  20  22  24  27  45  40  35  40  51  47
 [55]  40  38  32  49  30  40  30  40  42  36  43  46  55  58  62  62  55  70
 [73]  68  77  90 101 110 109 110 105 107 118 133 118 143 135 155 169 160 143
 [91] 126 149 163 203 206 177 182 187 222 217 228 235 251 240 246 223 225 290
[109] 313 281 287 277 264 311 356 348 331 351 364 401 432

[[98]]
  [1] 10  7 18 12  9  8  8  6 10 11  6  7  6  9  5  5  7  6  9 11  7  6  6  6  4
 [26]  6  4  3  2  1  5  4  4  4  5  3  5  9  6  6  8  6  3  2  2  4  1  1  1  0
 [51]  0  0  0  0  0  0  0  0  0  0  0  0  0  0  0  0  0  0  0  0  0  0  0  0  0
 [76]  0  0  0  0  0  0  0  0  0  0  0  0  0  0  0  0  0  0  0  0  0  0  0  0  0
[101]  0  0  0  0  0  0  0  0  0  0  0  0  0  0  0  0  0  0  0  0  0

[[99]]
  [1]  10   8  14  10   6   5   7  13   6   3   3   3  10  10   4   4   3   3
 [19]   3   3   2   8   8   8   7   8   9   3   2   7  13  10   8   8  17  19
 [37]  24  28  37  34  32  37  42  42  47  50  54  59  71  63  81  72  64  68
 [55]  65  60  66  82  63  91  68  82  93  64  71  72  68  65  68  74  71  84
 [73]  77  79  75 103 102 104 100 125 154 140 144 137 125 127 142 157 157 147
 [91] 175 166 190 181 194 198 200 193 195 172 174 202 215 225 220 230 198 214
[109] 200 230 247 234 240 237 268 292 298 272 338 316 313

[[100]]
  [1]  10  13   8  17  12  10   8  11  13  16   9   8   8  10  11  16   9   6
 [19]   6   5   4   4   9   7   7   6   6   6  10  16  16  17  16  14  22  18
 [37]  22  15  23  34  28  23  22  28  28  31  33  30  32  44  59  48  33  28
 [55]  31  26  29  36  33  33  56  50  38  52  54  47  52  64  68  90  93  78
 [73]  74  77  80  88 106 112 115 117 136 153 130 112 138 160 152 183 214 205
 [91] 234 200 206 248 250 270 256 289 289 340 339 361 327 346 343 392 424 483
[109] 451 444 485 530 555 624 702 757 772 744 810 867 902

[[101]]
  [1] 10  7 13  8  7  7  7  5  4  4  4  3  4  3  3  2  2  1  1  1  1  1  0  0  0
 [26]  0  0  0  0  0  0  0  0  0  0  0  0  0  0  0  0  0  0  0  0  0  0  0  0  0
 [51]  0  0  0  0  0  0  0  0  0  0  0  0  0  0  0  0  0  0  0  0  0  0  0  0  0
 [76]  0  0  0  0  0  0  0  0  0  0  0  0  0  0  0  0  0  0  0  0  0  0  0  0  0
[101]  0  0  0  0  0  0  0  0  0  0  0  0  0  0  0  0  0  0  0  0  0

[[102]]
  [1]  10   7  12   8  13  14  19  12  18  22  20  22  21  25  29  32  28  32
 [19]  29  30  37  39  55  41  37  39  32  33  28  25  24  19  25  22  18  13
 [37]  15  17  15  13  22  19  16  17  23  22  21  13  11  17  22  17  17  16
 [55]  17  21  16  16  20  21  25  32  22  36  42  40  47  41  59  69  54  64
 [73]  71  54  64  73  59  65 102 101  85  89 103 126 117 130 128 116 109 116
 [91] 117 151 154 125 170 180 172 195 193 185 199 253 265 264 229 256 281 255
[109] 273 290 294 309 304 336 308 305 298 344 376 394 416

[[103]]
  [1]  10   9  10   6   3   3   4   3  14   8   8  11  11  11  10   7  21  17
 [19]  15  15  15  22  17  14  23  27  22  24  23  23  18  24  30  60  56  53
 [37]  52  68  69  67  61  62  68  74  67  65  62  79  77  84  94  88  92  70
 [55]  86  92 127 113 110 107  91 100 131 139 137 131 124  95 118 138 144 156
 [73] 176 157 175 198 207 225 229 248 258 237 254 291 317 315 289 297 286 292
 [91] 349 398 407 352 389 373 406 391 416 449 482 510 530 530 555 603 610 685
[109] 678 663 688 729 775 805 787 771 771 814 812 929 977

[[104]]
  [1] 10 18 24 24 26 27 20 23 16 21 22 17 11 16 19 21 10  8  7 12 12 13 15 12  9
 [26]  8 18 19 15 10 15 10 13  9 10 10  9  6  6  5  5  3  2  2  2  2  2  1  1  0
 [51]  0  0  0  0  0  0  0  0  0  0  0  0  0  0  0  0  0  0  0  0  0  0  0  0  0
 [76]  0  0  0  0  0  0  0  0  0  0  0  0  0  0  0  0  0  0  0  0  0  0  0  0  0
[101]  0  0  0  0  0  0  0  0  0  0  0  0  0  0  0  0  0  0  0  0  0

[[105]]
  [1]   10   15    9    5    4    3    2    2    2    2    2    1    1    1    1
 [16]    1    5    9    8    7    6   12   14   20   12   11   21   19   30   39
 [31]   35   36   37   43   51   50   58   41   50   45   60   63   80   73   78
 [46]   84  103  108  111   93  101  102  107  114  133  140  131  143  155  142
 [61]  162  213  195  199  194  202  219  230  222  175  203  249  253  255  252
 [76]  247  276  280  297  293  344  365  404  364  385  380  440  439  485  535
 [91]  513  573  627  621  658  728  699  702  743  772  805  796  803  857  899
[106]  912  910  959 1034 1051 1041 1000 1068 1102 1225 1261 1291 1361 1461 1496
[121] 1495

[[106]]
  [1]  10  11   7  12   8  10   7   6   5  19  19  13  11  10   9  18  13  11
 [19]  19  13  15  14  15  29  24  18  18  24  30  37  45  55  46  43  44  53
 [37]  54  70  85  69  63  71  72  72  63  75  95  85  73  57  63  94  91  68
 [55]  65  54  51  55  87  79  89  77  77  91  70  62 104 125 123 122 137 127
 [73] 115 113 124 142 165 178 147 140 170 172 166 203 201 210 211 225 236 263
 [91] 276 286 338 353 381 386 427 406 427 460 496 484 516 535 552 532 580 623
[109] 643 663 673 705 774 759 732 767 780 806 839 825 895

[[107]]
  [1] 10 13 14 10  9  6 13  8 11  8  5  3  2  2  8  8  5  4  9  6  9 12  5  3  2
 [26]  2  2  2  2  1  0  0  0  0  0  0  0  0  0  0  0  0  0  0  0  0  0  0  0  0
 [51]  0  0  0  0  0  0  0  0  0  0  0  0  0  0  0  0  0  0  0  0  0  0  0  0  0
 [76]  0  0  0  0  0  0  0  0  0  0  0  0  0  0  0  0  0  0  0  0  0  0  0  0  0
[101]  0  0  0  0  0  0  0  0  0  0  0  0  0  0  0  0  0  0  0  0  0

[[108]]
  [1]   10   20   18   17   15   14   26   31   48   36   42   39   46   49   35
 [16]   50   42   39   50   66   49   39   47   63   65   55   61   81   92   95
 [31]   88   76   90  105   88   88   90   93   96   91  128  123  120  114  112
 [46]  149  155  133  123  134  137  147  162  172  160  171  184  191  218  200
 [61]  173  187  170  184  213  213  214  221  216  275  320  283  289  268  273
 [76]  264  325  318  345  350  371  374  395  440  435  412  415  462  488  499
 [91]  506  541  551  578  569  664  656  668  715  717  669  726  776  868  839
[106]  949  925 1017 1030 1064 1089 1164 1256 1183 1216 1421 1449 1465 1414 1575
[121] 1669

[[109]]
  [1]   10   13    9   13   12   11    7    5    5    4    4    4    4    4    3
 [16]    3    3    2   13    6    6    6    6    6   13   10    9    6    6   12
 [31]   35   36   38   29   36   38   43   40   36   32   41   61   56   54   66
 [46]   73   76  104   99   93   84  108   90  116  121  134  108  116  117  153
 [61]  176  159  154  166  178  203  175  214  212  215  239  248  230  269  252
 [76]  256  320  332  341  398  367  371  394  442  411  434  420  444  498  511
 [91]  426  475  525  628  641  607  648  712  798  848  828  860  875  903  919
[106]  954 1055 1107 1143 1226 1247 1291 1368 1416 1451 1513 1674 1624 1630 1664
[121] 1708

[[110]]
  [1]   10    8    6    3    3    9   13   13   10   12    9   12   12   13   15
 [16]   17   15   16   11   18   15   29   24   30   42   39   37   35   37   41
 [31]   41   39   37   29   49   49   49   52   55   69   68   82   86   83  102
 [46]   92  126  109  124  132  128  166  161  161  163  154  166  175  204  206
 [61]  235  246  226  236  271  252  283  277  290  293  266  281  292  284  326
 [76]  314  305  328  354  390  405  404  419  456  456  485  478  507  496  538
 [91]  559  546  541  538  681  755  720  729  773  820  823  921  965  995 1040
[106] 1081 1101 1162 1202 1359 1338 1311 1349 1348 1452 1474 1658 1714 1780 1796
[121] 1872

[[111]]
  [1]  10   8  13  10  19  28  19  15  15  12  20  18  24  22  42  32  28  32
 [19]  23  25  21  34  29  30  25  29  28  35  27  41  34  23  20  21  29  31
 [37]  28  40  29  32  37  35  34  34  42  44  49  48  39  45  39  56  48  59
 [55]  55  46  47  51  44  61  55  63  62  64  69  66  76  67  53  65  50  49
 [73]  55  46  30  35  30  41  35  30  32  47  51  62  48  45  44  44  39  60
 [91]  63  66  80  55  59  52  53  72  79  60  74  74 111  97 111 124  97 100
[109] 108 108 142 167 163 203 207 225 212 253 244 245 237

[[112]]
  [1] 10  6  5  5  5  5  3  2  2  2  2  2  3  9  5  5  5  5  6  5  6  5  3  7  5
 [26]  5  7  6  6  5  5  3  2  2  2  2  1  4  4  4  4  4  4  9  4  7  5  7  5  7
 [51]  4  3  3  3  1  0  0  0  0  0  0  0  0  0  0  0  0  0  0  0  0  0  0  0  0
 [76]  0  0  0  0  0  0  0  0  0  0  0  0  0  0  0  0  0  0  0  0  0  0  0  0  0
[101]  0  0  0  0  0  0  0  0  0  0  0  0  0  0  0  0  0  0  0  0  0

[[113]]
  [1]   10   19   13   19   20   23   20   19   26   26   63   48   52   43   62
 [16]   58   49   62   63   63   67   63   64   50   58   54   54   74   66   92
 [31]   89  109  115  133  130  138  117  130  135  129  146  163  173  172  191
 [46]  187  204  211  266  242  253  267  262  265  252  287  314  324  319  299
 [61]  301  344  382  358  390  386  389  400  409  463  452  461  469  491  526
 [76]  538  534  557  605  661  687  774  764  751  839  835  884  950  958 1007
 [91]  957 1048 1115 1069 1062 1211 1268 1239 1352 1369 1470 1624 1704 1659 1693
[106] 1785 1787 1816 1980 2153 2264 2271 2285 2332 2399 2505 2567 2590 2779 2920
[121] 3113

[[114]]
  [1]  10  10  14  11   8   6   6   4   6  10  10   7  10   6   6   5   9  12
 [19]   9   5   4  12   6   6   6   5   5  12  13  12  15  19  20  20  18  24
 [37]  28  27  24  32  36  52  61  65  48  50  43  53  52  58  49  42  48  67
 [55]  54  58  53  62  65  75  75  81  90  83  86  88 113 111 104 111 146 143
 [73] 161 166 174 163 155 179 181 191 186 223 223 219 227 242 246 287 253 250
 [91] 273 307 316 344 336 383 339 350 409 412 448 470 450 462 436 435 477 498
[109] 564 573 522 551 606 599 621 671 685 734 747 823 812

[[115]]
  [1]  10  10   5   4   4   3   7   7   4   4   3   3   3   9   6   5   4   3
 [19]   2   7  11   7  15  10  14  18   9  15  13  10   7   7  19  22  19  13
 [37]  20  12   9  24  27  23  18  21  23  24  19  22  17  27  26  25  30  31
 [55]  35  45  57  52  52  50  46  49  43  46  47  55  43  46  47  48  65  67
 [73]  74  92  90  93  91  74  74  84  88  88 110  88  98 106 102  92 106 143
 [91] 134 174 185 195 206 207 188 220 248 234 213 251 249 298 297 267 273 261
[109] 268 321 321 311 331 357 344 388 432 429 432 454 530

[[116]]
  [1]  10  15  16  14  14  12  10  14   9   7  11  15  10   8   8  12  13   9
 [19]   8   6   6  15  18  17  14  14  28  28  26  27  28  48  58  40  43  50
 [37]  66  66  56  56  49  57  47  58  49  41  53  50  40  57  50  43  46  42
 [55]  48  37  42  50  44  40  46  42  39  40  58  62  58  66  69  85  82  96
 [73] 115 106 124 118 127 124 143 148 179 150 164 157 185 218 191 196 195 232
 [91] 237 216 224 256 288 314 335 318 338 357 384 414 420 413 431 415 439 447
[109] 467 473 484 511 545 560 588 622 611 672 656 712 689

[[117]]
  [1]   10    9    7    6    8    8   18   10   14   14    9   11    8    7    5
 [16]   10   15   11   10   17   14   12   14   17   25   25   33   25   30   24
 [31]   31   28   33   28   23   27   33   36   23   19   29   35   41   48   65
 [46]   53   56   51   42   56   45   49   52   66   59   55   60   68   49   50
 [61]   53   50   54   65   70   78   93   86   99   89   75   76  104  125  130
 [76]  125  137  140  176  177  207  217  231  250  289  304  291  283  315  306
 [91]  375  451  433  469  532  541  583  551  590  667  706  714  698  727  793
[106]  836  819  861  906  952 1017 1046 1071 1063 1153 1213 1274 1273 1282 1311
[121] 1398

[[118]]
  [1]  10   9   9   8  11  14  22  27  23  14  13  17  14  15  11  17  11  15
 [19]  12  21  28  23  21  17  30  20  36  28  23  27  35  47  40  56  35  39
 [37]  37  27  32  29  35  32  60  44  40  38  47  53  53  52  53  50  52  50
 [55]  74  85  82  93  98 106 109 104  98 103 112 113 130 109 105 137 119 143
 [73] 128 125 131 146 131 168 152 158 153 178 160 202 205 210 239 206 218 220
 [91] 244 265 246 220 238 245 300 295 296 284 294 307 309 336 362 349 336 363
[109] 440 408 439 430 407 432 469 538 535 542 536 613 655

[[119]]
  [1]   10   13   21   13   14   11    9    7   10   13   17   16   16   10    9
 [16]   13   11   15   15   25   23   19   21   41   33   34   48   52   52   50
 [31]   73   49   46   48   53   76   75   72   89   88   98   84   94   91   95
 [46]  112  104  112  100  119  138  119  140  148  148  138  158  201  198  186
 [61]  170  179  196  174  177  189  244  249  226  242  276  279  286  299  327
 [76]  324  329  386  399  441  394  452  475  514  524  535  550  564  584  642
 [91]  663  648  720  723  725  764  793  820  880  892  902 1013 1044 1099 1115
[106] 1119 1224 1340 1312 1352 1440 1506 1426 1550 1570 1670 1710 1879 1928 1856
[121] 1965

[[120]]
  [1]  10  17  17  16  17  15  15  15  14  11  15  18  17  15  21  20  26  42
 [19]  40  39  47  40  51  44  50  43  51  45  40  33  34  38  50  45  40  49
 [37]  55  61  50  54  44  40  51  47  54  44  54  51  68  66  65  67  80  70
 [55]  63  62  83  86  91 111  97  95 101  97 110 159 142 135 115 122 113 130
 [73] 111 134 149 136 117 114 123 127 134 153 138 157 156 161 171 172 180 163
 [91] 176 160 202 251 246 214 188 273 288 262 261 265 277 314 292 280 280 318
[109] 384 369 395 418 422 459 470 470 494 481 482 511 543

[[121]]
  [1]   10    9   11    6   11    7    6   14   18   16   13   13   23   27   30
 [16]   28   33   34   38   51   60   52   53   57   58   45   36   40   69   82
 [31]   92   80   75   79   84   72   84   80   92  114  145  138  153  141  130
 [46]  148  159  173  171  176  162  190  200  222  204  189  193  229  232  248
 [61]  278  279  277  282  317  317  305  340  336  366  381  416  420  415  429
 [76]  451  444  452  465  496  480  522  496  505  585  605  649  662  690  714
 [91]  766  788  835  886  901  940  972  921  924  973 1024 1060 1116 1144 1125
[106] 1131 1199 1265 1281 1282 1394 1479 1519 1598 1694 1678 1731 1658 1791 1944
[121] 1924

[[122]]
  [1] 10 13  7  7  7  5  5  3  3  6  2  0  0  0  0  0  0  0  0  0  0  0  0  0  0
 [26]  0  0  0  0  0  0  0  0  0  0  0  0  0  0  0  0  0  0  0  0  0  0  0  0  0
 [51]  0  0  0  0  0  0  0  0  0  0  0  0  0  0  0  0  0  0  0  0  0  0  0  0  0
 [76]  0  0  0  0  0  0  0  0  0  0  0  0  0  0  0  0  0  0  0  0  0  0  0  0  0
[101]  0  0  0  0  0  0  0  0  0  0  0  0  0  0  0  0  0  0  0  0  0

[[123]]
  [1]   10   12   10    6   14   15   12   11   10   10   11   16   20   15   15
 [16]   23   23   14   24   32   38   30   32   28   41   43   35   27   33   35
 [31]   46   33   45   51   45   58   45   79   69   65   61   73   77  103   82
 [46]   95  105  120  122  120  121  135  177  180  196  178  189  200  182  200
 [61]  245  235  239  264  275  275  273  291  314  307  309  323  377  390  403
 [76]  398  452  504  518  563  600  647  670  691  768  794  806  783  783  796
 [91]  799  842  934  936  952  965 1043 1108 1141 1156 1145 1196 1276 1245 1330
[106] 1403 1496 1488 1563 1648 1683 1778 1830 1860 2020 2040 2137 2097 2271 2330
[121] 2420

[[124]]
  [1]   10   17   22   17   20   16   18   20   18   19   14   13   22   27   27
 [16]   32   24   29   30   37   34   36   47   47   63   52   57   64   79   59
 [31]   68   77   80   82   94   97  105  119  117  132  144  134  139  164  179
 [46]  182  175  167  177  178  192  184  178  193  204  218  225  215  266  287
 [61]  310  313  304  293  294  315  365  387  374  350  350  402  453  476  499
 [76]  467  494  482  501  525  559  561  565  589  601  695  759  764  718  722
 [91]  822  810  842  892  961 1008 1037  998 1058 1137 1165 1293 1338 1341 1371
[106] 1376 1356 1430 1500 1606 1634 1696 1775 1827 1863 1892 1972 2098 2249 2329
[121] 2374

[[125]]
  [1]  10   9   8   7   7   6   5   7   5   2   9   9   7   6   5   5   3   3
 [19]   3   3   3   3  10  11  10  14  11  10   9  16  27  16   8   7   8   7
 [37]   4   2   2   2   5   3   2   2   2   1   6   4   4   4   3   3   3   3
 [55]   9   7  12   9  16  19  15  15  25  18  20  13  10  20  25  14  17  18
 [73]  15  17  21  16  20  24  35  28  23  30  45  59  47  42  45  46  73  58
 [91]  63  67  73  71  93  72  78  65  71  72  61  63  88  92 102  90 100 103
[109] 104 105 106 130 153 139 165 165 183 201 171 202 201

[[126]]
  [1]  10  19  12  10   9   7  10   9  15  12   9   9  14   9   9   9  10  17
 [19]  13  13  11  13  13   9  10  17  13  15  11  14  11  10  16  16  15  20
 [37]  25  26  30  24  30  26  28  15  18  22  26  23  31  37  26  28  24  24
 [55]  35  36  34  30  29  30  38  44  52  54  44  34  42  48  46  34  42  46
 [73]  50  66  52  66  74  66  62  77  79  75  91 106 100  85 102 111 107 106
 [91] 124 163 154 156 165 166 176 206 250 247 230 257 235 266 296 260 314 303
[109] 303 309 321 351 367 351 368 356 421 400 430 435 471

[[127]]
  [1]  10  19  10  13   9   6   8   5   5  10   8   7   7   5   4   8   6   6
 [19]  16  11  10  14  17  11  10  12   9  19  24  26  17  19  14  26  31  26
 [37]  26  25  25  35  26  23  25  35  33  50  45  36  42  27  34  30  46  43
 [55]  47  45  41  47  61  59  64  50  42  37  33  39  41  51  62  60  57  51
 [73]  49  61  72  66  52  57  61  62  70  65  70  78  73  66  71  77  82  81
 [91]  76  87  83  80 103 128 126 105  93 109 125 122 108 128 132 154 129 125
[109] 140 157 136 146 153 145 149 151 160 160 162 204 207

[[128]]
  [1]   10   12   10   15   13   17   16   26   28   23   21   37   28   37   39
 [16]   37   38   49   49   56   62   68   66   71   63   65   61   68   59   58
 [31]   59   56   55   57   70   75   77   82   70   78   84   76   96   83   81
 [46]   78   82   92  105   80   98  127  123  129  122  139  126  130  134  123
 [61]  143  142  139  150  158  149  163  189  193  153  175  200  223  246  227
 [76]  245  277  322  285  281  263  282  328  367  362  330  336  342  390  401
 [91]  405  409  399  425  478  557  539  553  533  568  637  655  680  758  775
[106]  807  836  872  891  925  921  958 1021 1102 1098 1136 1229 1299 1282 1358
[121] 1478

[[129]]
  [1]   10   20   23   23   21   31   22   20   21   22   23   38   32   31   30
 [16]   32   28   33   39   43   36   49   42   41   65   61   48   62   63   76
 [31]   85   88   79   82   96   87   83   81   80   87  114   94  105  112  120
 [46]  111  103  119  123  188  167  152  162  195  204  211  225  231  236  221
 [61]  240  235  213  280  306  326  331  336  343  395  393  403  384  374  389
 [76]  417  435  470  461  502  531  522  486  488  582  655  649  609  645  677
 [91]  716  758  745  729  807  925  909  924 1025  995 1037 1139 1161 1178 1151
[106] 1268 1345 1445 1435 1466 1458 1537 1678 1719 1815 1858 1911 2009 2049 2106
[121] 2322

[[130]]
  [1]  10  11  10   6  12  19  14  12  11  20  27  19  14  10  19  15  16  17
 [19]  15  12   6   6  12  28  32  17  21  16  12  10  12  15  12   8   7  13
 [37]  15  21  25  25  24  20  17  14  12  10  16  22  20  28  21  22  26  22
 [55]  18  18  19  34  27  22  21  26  26  28  37  33  34  38  33  49  37  45
 [73]  46  50  43  50  65  70  56  65  62  59  65  74  88 100  98 108  94  98
 [91] 110 143 139 133 128 127 119 120 134 145 175 173 167 143 156 170 188 197
[109] 192 219 230 229 201 216 238 244 218 249 255 266 253

[[131]]
  [1]   10   10    9    5    4    7    9   11   10    6    6    6    5   20   15
 [16]   12   19   19   16   31   26   21   21   22   25   31   29   38   49   59
 [31]   52   55   40   46   39   46   69   63   57   55   50   47   62   88   76
 [46]   66   73   74   71   76   86  120  123  101  112  120  130  117  139  174
 [61]  167  161  163  170  207  225  202  192  220  254  277  262  244  286  292
 [76]  280  254  265  312  292  298  328  358  399  390  381  413  418  436  421
 [91]  466  509  460  506  572  559  595  622  629  591  638  689  658  732  731
[106]  760  766  859  927  895 1012 1048 1078 1105 1174 1184 1195 1196 1264 1369
[121] 1383

[[132]]
  [1]   10    8    6    4    7    2    2    2    7    6    9    8   11    8   14
 [16]   21   14   11   10   14   24   25   19   22   29   37   45   50   51   71
 [31]   71  101   79   84   85   94  117  105  109  105  112  117  139  148  134
 [46]  143  145  152  179  209  201  177  210  218  243  228  267  262  258  265
 [61]  241  251  308  329  329  316  371  369  370  392  438  437  492  489  557
 [76]  593  603  623  647  670  714  750  732  767  819  818  826  902  997  981
 [91] 1061 1136 1113 1134 1228 1255 1322 1354 1298 1417 1405 1498 1532 1548 1672
[106] 1722 1825 1893 2021 2139 2142 2208 2233 2330 2536 2670 2702 2814 2939 3077
[121] 3125

[[133]]
  [1]  10  11  14  15   8   5  11   8   6   4   3   2   9   7   5   5   5   4
 [19]   3   3  17  17  11  12   8  22  20  14  22  21  14  17  15  14   8   6
 [37]  14  16  14  13  15  13  23  24  16  13  11   8   7  14  14  21  13   9
 [55]  13  13  17  20  15  23  17  17  35  29  28  35  31  34  29  25  21  15
 [73]  12  22  15  10  10  12  20  23  22  18  12  10  13  10  13  15   8  15
 [91]  18  21  33  44  34  31  43  34  39  41  41  50  46  39  63  59  68  72
[109]  63  81  81  74  84  95  93 111 101 106 104  86  94

[[134]]
  [1]  10  14  14  13  22  18  14  13  20  26  22  15  21  23  32  23  24  30
 [19]  36  26  23  22  23  25  22  27  28  25  23  21  20  26  25  28  19  18
 [37]  17  21  23  13  11   8   6   9   7  16  12  10  14  16  14  18  26  30
 [55]  25  26  21  26  26  28  36  27  28  22  42  39  38  43  48  50  46  68
 [73]  72  67  66  78  79  97 106 122 115 106  94 116 125 137 152 152 179 185
 [91] 187 181 188 177 167 174 223 238 222 202 210 213 203 216 244 248 259 269
[109] 260 263 305 323 319 334 336 299 292 336 337 337 363

[[135]]
  [1]   10   13    8    7   13   12   16   17   11   11   10   11   13   13   17
 [16]   23   16   13   10   20   20   20   31   26   33   28   29   26   36   34
 [31]   46   42   55   47   43   54   75   64   71   79   80   86   84   72   84
 [46]   95  116   99  104  136  110  131  139  154  173  165  180  166  170  187
 [61]  187  190  185  210  253  258  243  243  246  225  242  280  272  237  281
 [76]  286  329  314  334  397  385  418  404  495  469  516  524  555  588  567
 [91]  597  638  736  702  765  776  845  900  974  997  970 1059 1118 1190 1210
[106] 1239 1375 1418 1513 1502 1582 1618 1635 1755 1870 2023 2013 2190 2186 2218
[121] 2284

[[136]]
  [1]  10   7   6   5   9   7   7  11  10   8  15  17  18  25  24  19  18  17
 [19]  14  23  26  39  33  29  28  36  36  44  45  38  29  24  40  25  34  22
 [37]  26  17  28  32  27  23  30  28  23  28  22  20  19  19  31  29  19  17
 [55]  14  18  14  22  25  18  23  21  28  36  34  30  36  26  36  34  34  29
 [73]  29  28  29  45  49  52  43  38  57  55  48  48  45  40  38  56  45  53
 [91]  50  45  41  38  51  47  63  79  81 100 111 108 105 124 131 145 135 141
[109] 137 136 146 175 180 168 163 200 198 212 221 234 249

[[137]]
  [1]  10  15  18  20  19  13  15  18  20  30  19  20  24  27  21  18  21  29
 [19]  32  26  17  18  18  16  19   8   8  13  15  18  13  10   8   8   6  10
 [37]   6   4   6   9   8  14   8   8   6  13   7   6   8   7   3   3  14  15
 [55]  11  10  16  19  24  30  29  24  18  16  17  15  20  21  21  13  13  17
 [73]  22  19  22  27  27  43  28  23  21  25  25  17  28  38  37  34  40  54
 [91]  60  50  34  44  56  54  62  55  78  84  82 105  85  85  92  85  75  82
[109]  95  88  82  99  94 105 112 130 124 135 170 167 153

[[138]]
  [1]  10  18  17  20  11  18  11  12  11  10   7   5   5  11   9   9   7   6
 [19]  12  21  12   9   9   7  17  15  12  11  10   9   8  15  16  22  17  14
 [37]  19  23  38  22  16  20  19  35  33  25  28  36  33  28  44  44  33  46
 [55]  45  35  43  45  32  50  54  48  61  64  58  48  55  59  67  64  66  80
 [73] 104 103  87  71  76  95 105 120 101 105 104 108 124 113 109 101 114 135
 [91] 137 132 154 196 176 187 194 203 207 205 219 216 207 226 235 227 233 217
[109] 217 220 200 231 278 254 260 250 241 270 272 274 260

[[139]]
  [1]   10    9    7    6   12   11    9    7   10    8   13   16   18   18   20
 [16]   21   17   13   14   16   25   25   19   23   28   26   29   35   38   42
 [31]   30   35   40   34   29   30   20   19   24   47   45   30   38   46   42
 [46]   42   48   62   68   67   52   53   70   79   68   64   59  102  105   91
 [61]   84  111  102  117  110  112  125  131  141  156  151  190  208  196  192
 [76]  219  227  251  249  288  279  285  282  296  339  349  383  362  322  345
 [91]  357  380  398  434  393  411  429  447  510  520  548  497  531  558  589
[106]  591  622  707  647  650  749  759  843  860  903  879  980  974 1076 1139
[121] 1167

[[140]]
  [1]  10   7  12   9   8  12   7  10  15  14   9   8  17  12  10  13  12  11
 [19]  10  10  10   8   8  12  19  18  17  14  10  17  20  16  12  13  14  24
 [37]  22  23  17  17  29  24  30  29  25  17  13  12  21  16  20  18  28  36
 [55]  36  31  25  34  29  26  26  34  30  23  29  25  25  32  43  38  29  39
 [73]  39  35  29  26  44  63  58  51  51  67  81  78  97  89  84  92 101 134
 [91] 138 148 132 125 141 144 135 130 155 185 184 213 216 244 224 219 245 260
[109] 257 266 323 330 360 346 338 388 382 380 383 448 505

[[141]]
  [1]  10   7   5   3   2   2   6   6   5   6   6   6   8  13  19  14  11  22
 [19]  12  16  19  13  20  17  18  15  13  14  26  25  17  15  16  23  17  20
 [37]  11  18  22  28  19  17  19  18  12   9  16  14  19  17  19  20  16  13
 [55]  22  19  19  14  14  21  20  17  15  22  26  22  21  29  22  29  25  35
 [73]  40  32  36  44  49  45  48  47  46  40  44  36  38  40  57  54  52  44
 [91]  37  36  39  33  46  30  34  40  45  48  65  72  75  68  69  83  64  62
[109]  69  65  69  67  73  74  89  69  66  86  80  84 100

[[142]]
  [1] 10  6  4  4  3  2  2  1  0  0  0  0  0  0  0  0  0  0  0  0  0  0  0  0  0
 [26]  0  0  0  0  0  0  0  0  0  0  0  0  0  0  0  0  0  0  0  0  0  0  0  0  0
 [51]  0  0  0  0  0  0  0  0  0  0  0  0  0  0  0  0  0  0  0  0  0  0  0  0  0
 [76]  0  0  0  0  0  0  0  0  0  0  0  0  0  0  0  0  0  0  0  0  0  0  0  0  0
[101]  0  0  0  0  0  0  0  0  0  0  0  0  0  0  0  0  0  0  0  0  0

[[143]]
  [1]  10  13  13  12  17  15  20  16  17  17  26  24  17  14  15  18  16  18
 [19]  19  18  23  17  19  22  21  23  13  14  17  20  15  10   7  13  17  23
 [37]  24  26  31  40  30  33  50  36  27  29  31  41  47  47  33  45  67  51
 [55]  58  55  73  68  56  63  53  66  50  44  39  50  57  61  80  72  64  84
 [73] 100 103 100  95  88  90 101 116 110 103 104 119 122 132 155 149 147 182
 [91] 214 219 206 215 242 274 308 308 317 296 316 342 379 375 375 392 417 416
[109] 455 492 477 460 476 504 501 486 502 519 534 530 580

[[144]]
  [1] 10  4  3  4  4  4  3  3  2  2  2  1  1  1  5  3  2  1  0  0  0  0  0  0  0
 [26]  0  0  0  0  0  0  0  0  0  0  0  0  0  0  0  0  0  0  0  0  0  0  0  0  0
 [51]  0  0  0  0  0  0  0  0  0  0  0  0  0  0  0  0  0  0  0  0  0  0  0  0  0
 [76]  0  0  0  0  0  0  0  0  0  0  0  0  0  0  0  0  0  0  0  0  0  0  0  0  0
[101]  0  0  0  0  0  0  0  0  0  0  0  0  0  0  0  0  0  0  0  0  0

[[145]]
  [1]  10   8  12   7   5   5   2   2   2   2  10  22  15  20  26  24  27  31
 [19]  20  30  30  27  26  26  23  28  20  36  35  31  25  42  44  35  26  36
 [37]  32  50  55  56  57  66  50  78  76  84  75  92  96  95  98 103  89  96
 [55] 102 116 108 106  97 100 119 133 185 162 161 185 183 178 167 213 208 211
 [73] 216 231 253 230 237 218 207 226 234 259 238 247 269 291 309 317 294 284
 [91] 299 302 328 284 319 344 330 363 322 349 399 391 384 359 408 463 465 524
[109] 521 521 543 599 574 555 590 656 655 622 677 729 757

[[146]]
  [1] 10  9 13 11  9 12 21 15 16 16 11  5  5  7  6  5  5  5  4  4  4  4 10  5  4
 [26]  2  2  2  1  1  5  3  2  2  1  7  4  3  2  2  2  2  2  3  3  2  2  2  2  4
 [51]  4  4  9  8  5  4  4  3  5  2  2  2  2  1  1  7  7  6  5  5  3  3  9  9 12
 [76] 14 11  9  6  5  8  8  6  6  5  5  5  8  8 12  6  4 16 10 11  8  5  5  5  8
[101]  4  3  5  5  4  3  3  5  4  4  2  2  2  1  0  0  0  0  0  0  0

[[147]]
  [1]  10   6   7   4  11  11   9   6  14  10  15   6   4   2   2   2   2   2
 [19]   2   2   6   4   2   1   1   1   1   7   5   5  10  11  12  22  13  13
 [37]   7   5   9  12  14  11  23  23  19  24  23  31  32  37  40  37  29  26
 [55]  44  48  45  43  29  29  43  40  45  35  38  49  54  42  44  49  50  50
 [73]  39  54  64  69  83  70  68  73  74  83  93  86  97 108 110 121 125 157
 [91] 154 164 177 191 202 248 230 259 253 271 275 278 312 288 297 305 305 324
[109] 314 350 368 390 406 460 443 397 426 474 527 520 511

[[148]]
  [1]   10   10   14    5    7    8   11    8   11    8   13   11    8    7    7
 [16]    6    5    4   11    6   12   20   12   13   12   11   16   21   21   20
 [31]   16   11   23   29   22   21   29   36   32   33   33   38   47   47   47
 [46]   36   34   53   55   62   51   52   68   72   57   69   78   80   79   73
 [61]   92   97  115  136  130  139  143  144  127  133  147  193  198  198  216
 [76]  201  188  206  241  282  274  233  253  274  237  279  311  338  350  329
 [91]  343  415  398  443  425  464  434  457  494  564  579  596  644  684  728
[106]  733  736  700  733  792  867  938  903  961  980  989 1016 1082 1148 1191
[121] 1228

[[149]]
  [1]   10   14   11   14   12    9   16   14   17   21   12   16   25   27   35
 [16]   27   33   40   49   52   48   59   46   48   59   54   47   46   53   61
 [31]   65   78   77   79   86   83   77   89   93  125  120  101   99   98  133
 [46]  160  143  150  144  175  192  186  196  182  218  202  252  267  241  262
 [61]  237  247  226  257  252  224  242  234  245  265  292  268  259  273  263
 [76]  262  327  344  378  390  376  400  417  426  457  447  426  439  490  511
 [91]  560  539  527  612  653  658  621  631  694  756  794  780  830  836  898
[106]  918  947  986 1012 1065 1061 1114 1108 1136 1182 1273 1366 1404 1483 1513
[121] 1650

[[150]]
  [1] 10 10  7 13  7  7  5  4  4 13  7  6  4  4  3  6  3  2  5  8  6  8  5  4  3
 [26]  3  3  9 11  8  7  6  5  5  5  8  5 10  6  5 17 15 11  8  6  5  5  9  4  3
 [51]  2  2  1  0  0  0  0  0  0  0  0  0  0  0  0  0  0  0  0  0  0  0  0  0  0
 [76]  0  0  0  0  0  0  0  0  0  0  0  0  0  0  0  0  0  0  0  0  0  0  0  0  0
[101]  0  0  0  0  0  0  0  0  0  0  0  0  0  0  0  0  0  0  0  0  0

> save(reslist, file=paste("output",iter,".rda",sep=""))
> 
> 
> ###############################################################
> 
> 
> # Clear the workspace and turn off graphics.
> #  Load all the functions you need by sourcing the provided demographic.R file
> #  Read in the job number from the cluster. To do this, your code should include a new
> # variable iter and should start with the line:
> # iter <- as.numeric(Sys.getenv(PBS_ARRAY_INDEX))
> #  Control the random number seeds so that each parallel simulation takes place with a
> # different seed. Your function should therefore set the random number seed as iter so that
> # each parallel simulation has a unique random seed.
> #  In each parallel run, select the initial condition to be used. Ensure that 25 of the parallel
> # simulations are allocated to each of the initial conditions.
> #  Create a variable which is the filename to store your results. The end of the filename
> # should be the number iter to ensure that simulation files do not overwrite one another on
> # the cluster.
> #  Initialise a list which will contain the results of your 150 simulations.
> #  Call the stochastic_simulation function to do the appropriate simulation 150 times,
> # appending the output to the results list, and then save the results list.
> 
> #four initial conditions (25 cluster runs per)
> #each cluster run runs simulation 150 times
> #1) large population of 100 adults
> #2) small population of 10 adults
> #3) 100 individuals spread
> #4) small population of 10 individuals
> 
R has finished running

============================================

        Job resource usage summary 

                 Memory (GB)    NCPUs
 Requested  :         1             1
 Used       :         0 (peak)   0.79 (ave)

============================================
