R is about to run

R version 4.4.1 (2024-06-14) -- "Race for Your Life"
Copyright (C) 2024 The R Foundation for Statistical Computing
Platform: x86_64-conda-linux-gnu

R is free software and comes with ABSOLUTELY NO WARRANTY.
You are welcome to redistribute it under certain conditions.
Type 'license()' or 'licence()' for distribution details.

R is a collaborative project with many contributors.
Type 'contributors()' for more information and
'citation()' on how to cite R or R packages in publications.

Type 'demo()' for some demos, 'help()' for on-line help, or
'help.start()' for an HTML browser interface to help.
Type 'q()' to quit R.

> 
> 
> growth_matrix <- matrix(c(0.1, 0.0, 0.0, 0.0,
+ 0.5, 0.4, 0.0, 0.0,
+ 0.0, 0.4, 0.7, 0.0,
+ 0.0, 0.0, 0.25, 0.4),
+ nrow=4, ncol=4, byrow=T)
> 
> reproduction_matrix <- matrix(c(0.0, 0.0, 0.0, 2.6,
+ 0.0, 0.0, 0.0, 0.0,
+ 0.0, 0.0, 0.0, 0.0,
+ 0.0, 0.0, 0.0, 0.0),
+ nrow=4, ncol=4, byrow=T)
> 
> clutch_distribution <- c(0.06,0.08,0.13,0.15,0.16,0.18,0.15,0.06,0.03)
> 
> #=========================================================================================
> rm(list=ls())
> graphics.off()
> source("Demographic.R")
> source("kl2621_HPC_2024_main.R")
[1] 0 0 0 0 3
[1] 3 3 2 2 2
[1] 2 2
 [1] 7 4 4 3 2 2 2 2 2 2 1 1 1 1 1 1 1 1 1 1 1
> 
> 
> ###4 initial conditions
> 
> ############################################################
> 
> 
> 
> #VVVVVVVVVVVV-------------COMMENT ME OUT WHEN RUNNING THE THING
> #iter <- 5
> #VVVVVVVVVVV--------------UNCOMMENT ME OUT
> iter <- as.numeric(Sys.getenv("PBS_ARRAY_INDEX"))
> set.seed(iter)
> 
> 
> if (iter <= 25) {
+ initial_state <- state_initialise_adult(4,100) #100 adults
+ } else if (iter >25 && iter <= 50) {
+ initial_state <- state_initialise_adult(4,10) #10 adults
+ } else if (iter >50 && iter <= 75) {
+ initial_state <- state_initialise_spread(4,100) #100 spread
+ } else {
+ initial_state <- state_initialise_spread(4,10) #10 spread
+ }
> 
> reslist <- list()
> 
> ####100 cluster runs
> ###################################################
> ####150 runs of stochastic_simulation per cluster run
> for (i in 1:150) {
+     #################################
+     ###120 steps of stochastic_simulation per simulation
+     stochasticresult <- stochastic_simulation(initial_state,growth_matrix,reproduction_matrix,clutch_distribution,120)
+     reslist[[i]] <- stochasticresult
+     #################################
+ }
> ###################################################
> 
> print(reslist)
[[1]]
  [1]  10  13   7  13   9   9  11  11  10  10   9   8  15  18  25  30  27  23
 [19]  22  16  15  26  29  33  22  19  14  13  22  22  22  24  34  30  25  30
 [37]  38  37  50  48  45  47  41  60  68  58  55  55  68  49  57  70  67  59
 [55]  56  81  96  89  83  79 117  97 113  97 105 106 121 116 107 120 125 139
 [73] 161 179 171 147 160 151 186 208 198 189 182 187 222 222 248 283 303 286
 [91] 284 299 321 374 366 358 360 387 373 451 471 473 507 565 596 582 595 625
[109] 605 672 722 717 717 736 727 737 791 894 903 911 928

[[2]]
  [1]  10  17   9  15  11  10  10   8  13   9   7  14   8  10  20  13  12  11
 [19]  14  18  20  14  17  12  11  10  17  12  10  13   9  19  23  23  19  17
 [37]  17  12  19  13  19  16  21  20  15  10  19  27  17  19  12  10   8   8
 [55]  14  21  21  19  16  27  20  27  32  30  29  24  24  35  52  58  55  53
 [73]  48  41  51  69  71  72  94  86  86  82 103  85  84 100  99  86 103  95
 [91] 113 100 111 103  97  90  93  94 106  98  80  88 106 110 111 116  90 118
[109] 131 116 135 131 141 142 136 147 184 183 185 189 190

[[3]]
  [1]   10   15   18   20   14   12   11   16   25   17   16   14   17   18   27
 [16]   18   15   20   28   28   32   37   38   31   25   34   46   40   49   52
 [31]   71   54   55   59   63   74   91   71   70   87   94  111  133  118  135
 [46]  106  120  138  153  130  127  136  156  177  168  187  170  164  176  184
 [61]  191  180  164  181  178  161  182  187  195  189  205  209  203  212  223
 [76]  230  225  216  261  273  295  294  306  342  337  336  393  383  394  414
 [91]  407  439  459  458  450  458  482  544  554  568  588  656  694  708  698
[106]  708  747  785  836  904  947  946  938 1025 1049  995 1091 1096 1183 1232
[121] 1267

[[4]]
  [1]   10    5    5    5   17   19   16    9    6   12   16   30   22   18   15
 [16]   13   10   24   16   11   18   21   32   27   27   26   27   27   23   22
 [31]   21   29   38   55   43   46   62   73   79   94  104   99  100   99  104
 [46]   98  104  101  116  103  138  122  129  159  137  154  151  158  168  154
 [61]  201  202  190  207  226  225  231  227  233  260  259  259  288  292  324
 [76]  337  325  379  403  447  451  419  405  443  529  541  517  556  563  533
 [91]  526  505  564  620  599  574  641  752  752  700  743  739  799  857  883
[106]  931  932  959 1035 1057 1004 1038 1149 1196 1275 1346 1404 1422 1477 1598
[121] 1522

[[5]]
  [1]  10  17  11  10   9  10  13   7  14   8   8  14  12   9  15  16  23  15
 [19]  10  19  20  21  15  18  14  10  12  15   7   6   4   4   3   3   7   5
 [37]   5   4   4   3   9   6  10   9   6   6  11   6  18  18  20  15  31  21
 [55]  12  10  14  21  19  13  11  16  18  24  23  42  35  35  37  34  31  29
 [73]  35  36  48  48  40  36  27  40  52  61  54  41  55  68  68  56  58  53
 [91]  53  60  77  85  67  85 107 101 106 127 111 149 115 120 141 141 155 185
[109] 175 176 190 174 169 187 196 199 194 229 246 253 264

[[6]]
  [1] 10  8  6  4  4  6  4  2  8  4  1  1  1  1  1  1  1  0  0  0  0  0  0  0  0
 [26]  0  0  0  0  0  0  0  0  0  0  0  0  0  0  0  0  0  0  0  0  0  0  0  0  0
 [51]  0  0  0  0  0  0  0  0  0  0  0  0  0  0  0  0  0  0  0  0  0  0  0  0  0
 [76]  0  0  0  0  0  0  0  0  0  0  0  0  0  0  0  0  0  0  0  0  0  0  0  0  0
[101]  0  0  0  0  0  0  0  0  0  0  0  0  0  0  0  0  0  0  0  0  0

[[7]]
  [1]   10    6    5    8    7    9    6    5    9    7    7   15   16   19   15
 [16]   12   12   11   12   28   26   24   23   20   25   22   27   35   35   34
 [31]   32   34   25   26   40   41   45   46   35   38   49   57   63   70   62
 [46]   58   72   76   73   79   71   81   97   90   91   91   91  118  126  120
 [61]  129  125  137  136  142  134  160  154  170  189  176  183  200  222  216
 [76]  224  214  229  236  253  256  282  272  280  271  289  289  311  326  374
 [91]  335  363  379  391  378  393  422  445  463  527  556  559  590  603  616
[106]  668  681  667  646  693  762  798  874  867  838  899  927  978 1000 1067
[121] 1105

[[8]]
  [1] 10 11 10  9 10  9  7 18 10 14  9  7  5  2  2  2  4  8  3  3  1  0  0  0  0
 [26]  0  0  0  0  0  0  0  0  0  0  0  0  0  0  0  0  0  0  0  0  0  0  0  0  0
 [51]  0  0  0  0  0  0  0  0  0  0  0  0  0  0  0  0  0  0  0  0  0  0  0  0  0
 [76]  0  0  0  0  0  0  0  0  0  0  0  0  0  0  0  0  0  0  0  0  0  0  0  0  0
[101]  0  0  0  0  0  0  0  0  0  0  0  0  0  0  0  0  0  0  0  0  0

[[9]]
  [1]   10    8    5   10    4   11   13   11   11   11   26   22   25   29   30
 [16]   35   47   37   38   51   59   75   67   67   77   87   84   99   88  109
 [31]  104  105  106  124  135  138  138  170  190  155  175  196  186  188  171
 [46]  204  196  211  223  216  207  241  278  262  273  284  280  312  292  327
 [61]  340  329  375  377  447  451  471  449  436  439  474  507  509  546  578
 [76]  560  606  603  638  712  720  734  749  774  814  825  828  831  923  896
 [91]  954 1013 1073 1066 1165 1213 1295 1205 1285 1377 1487 1603 1698 1673 1751
[106] 1855 1936 2038 2035 2142 2227 2408 2460 2427 2616 2791 2880 3021 3063 3234
[121] 3241

[[10]]
  [1]  10  10   8  13  10   7  13  12  12  11  16  26  24  16  26  32  21  18
 [19]  13  11  15  17  14  10   8  10  21  34  24  20  17  25  28  38  32  28
 [37]  35  27  41  44  35  30  30  48  49  44  35  37  36  30  24  28  31  43
 [55]  33  33  37  41  39  43  31  33  29  27  34  40  24  40  30  33  30  24
 [73]  39  37  37  36  26  24  37  48  40  38  46  45  59  52  47  49  52  75
 [91]  75  74  54  56  87  96 116 110 115 108 113 150 132 133 115 112 154 136
[109] 160 171 195 225 237 217 227 230 245 289 279 300 297

[[11]]
  [1]   10   20   18   17   18   13   16   14   15   18   14   14   21   14   22
 [16]   16   17   16   18   16   15   16   23   23   19   15   21   18   16   15
 [31]   10    7   11    9   16   21   20   16   15   17   13   23   38   36   51
 [46]   46   47   67   86   71   75   68  101  112  141  137  182  169  170  171
 [61]  178  233  231  209  201  216  233  223  241  271  286  283  297  276  346
 [76]  377  322  341  324  311  370  415  432  452  412  445  448  470  443  513
 [91]  479  476  471  521  611  651  657  620  692  705  687  744  740  778  834
[106]  925  941  976  999 1062 1063 1128 1152 1248 1286 1344 1348 1419 1433 1520
[121] 1584

[[12]]
  [1]   10   15   14   13   13   14   17   17   14   11   24   35   34   37   28
 [16]   31   40   43   45   43   41   51   62   68   64   69   70   61   69   69
 [31]   70   84   62   75   79   83   75   79   79   98   84   88   95  116  110
 [46]  118  121  147  124  146  160  147  143  171  200  184  181  233  246  248
 [61]  246  291  335  321  303  382  378  361  366  356  370  419  413  442  467
 [76]  499  515  520  550  594  579  625  585  629  636  694  681  720  741  746
 [91]  827  863  905  893  915  945  980 1017 1049 1112 1088 1073 1137 1315 1331
[106] 1339 1283 1316 1429 1627 1701 1684 1683 1852 1910 2000 2047 2117 2116 2235
[121] 2258

[[13]]
  [1]  10   6   9  15   9   8  14  16  10   8   9  15  11  16  15   9   9  14
 [19]  15  15  17  20  25  24  24  20  22  16  29  34  32  29  25  23  34  24
 [37]  31  33  26  29  26  24  17  20  26  21  18  17  23  29  22  18  17  14
 [55]  21  24  15  13  13  18  14  20  17  12   9  14  16   9  14  11  14  12
 [73]  12   9   9  14  21  20  11  10  10  15  15  29  39  46  33  41  39  35
 [91]  44  59  49  56  62  64  70  70  72 103 105  88  99  93  95 106 109 135
[109] 133 120 131 169 164 179 163 157 160 164 167 171 176

[[14]]
  [1]  10  14   8   7   6  12  12  18  17  13  10  13  25  17  12  11  10   8
 [19]  15  12  15  19  22  23  26  18  27  21  19  15  25  33  34  54  46  39
 [37]  40  43  53  67  57  66  65  62  59  73  57  70  77  74  62  49  67  50
 [55]  59  72  73  75  80  72  83  93  78  63  73  69  79  96 109  95  92  94
 [73] 106 106 108 101 102 104 136 110 140 152 181 181 171 219 248 255 265 257
 [91] 233 239 320 340 304 304 339 343 388 401 391 413 443 457 462 436 472 493
[109] 488 551 572 596 696 730 748 756 799 852 842 918 972

[[15]]
  [1]   10   13    7    9    8   11   15    6    4    3    3    3    3    3    7
 [16]   17   18    9   11   18   15   27   28   25   35   28   25   32   37   34
 [31]   31   33   30   33   27   39   36   36   27   22   32   36   30   25   34
 [46]   25   25   24   36   33   28   28   34   39   64   62   58   57   52   50
 [61]   59   79   68   82  102  116  111  104  126  110  143  164  148  175  174
 [76]  197  193  205  203  198  229  253  291  309  283  302  301  358  368  391
 [91]  370  443  409  427  443  486  516  529  525  552  598  615  663  674  730
[106]  761  728  796  790  817  775  820  923  939  965  973  980 1000 1059 1074
[121] 1115

[[16]]
  [1]  10   4   4   2   2   2   7   4   3   3   3   7   7   5   4   4  11  14
 [19]   7   6  10   4   4   3   3   3   6  10   6   3   3   3   3   3   8  16
 [37]  13  10  21  13  15  13  23  27  19  20  17  13  25  28  31  21  19  18
 [55]  23  29  38  33  35  27  39  27  28  29  19  31  37  32  28  38  41  32
 [73]  40  40  43  35  44  39  51  62  57  60  56  56  68  89  84  86  81  92
 [91] 109 113 114 109 134 170 159 174 188 202 197 200 220 232 236 252 288 288
[109] 297 295 276 263 310 312 324 336 313 320 327 360 374

[[17]]
  [1]  10  17  18  15  15  11  13  20  18  27  14  23  14  10   9  12  11  19
 [19]  14  13  12  16  15  13  17  17  20  13   9  15  22  17  14  12  20  12
 [37]  10  21  22  25  20  22  30  31  29  28  37  31  29  19  35  26  34  35
 [55]  29  31  40  63  59  51  53  57  56  66  84 104  96 100  89  78  98 114
 [73] 129 112 120 137 128 129 122 117 141 132 165 171 182 179 176 233 254 271
 [91] 247 278 283 283 276 306 319 392 388 378 380 384 419 397 410 421 391 408
[109] 415 436 452 461 475 476 559 552 594 619 636 717 745

[[18]]
  [1]   10   14   12    8   19   14   18   20   17   15   23   24   17   22   28
 [16]   23   31   28   28   27   25   35   33   23   24   25   30   32   29   22
 [31]   22   28   52   48   39   47   63   71   91   76   83   79   64   81   77
 [46]   85   92   89   86   92   94   98  111  117  113  121  119  124  152  159
 [61]  157  184  169  157  150  171  183  185  215  236  242  254  250  288  297
 [76]  324  318  338  311  324  356  365  342  339  328  360  378  426  417  475
 [91]  511  565  536  570  581  588  634  659  702  681  710  718  739  815  833
[106]  832  848  929  985  996 1074 1089 1117 1183 1167 1170 1163 1253 1295 1291
[121] 1299

[[19]]
  [1]   10   15   20   24   31   27   29   29   46   46   38   33   27   39   47
 [16]   47   58   43   35   29   32   22   36   38   56   46   44   47   45   37
 [31]   74   89  100   80   68   67   87  117  120  128  130  115  135  142  168
 [46]  169  150  153  172  175  214  208  218  212  268  258  267  272  301  328
 [61]  349  332  349  371  369  416  458  454  449  465  483  508  543  542  549
 [76]  560  645  701  715  711  715  722  772  824  802  820  864  922  958 1015
 [91] 1051 1045 1005 1019 1029 1098 1210 1320 1261 1324 1467 1532 1507 1530 1681
[106] 1750 1803 1828 1899 2042 2132 2199 2244 2277 2300 2513 2633 2701 2738 2793
[121] 2890

[[20]]
  [1]   10   14   11    8   12   23   21   18   17   21   23   26   31   36   35
 [16]   23   24   23   28   35   38   33   31   43   38   50   59   47   66   56
 [31]   56   64   64   68   61   70   67   57   74   66   74   63   99   71   92
 [46]   85   85   74   88  105  110  118  123  141  132  142  155  163  158  196
 [61]  191  194  171  192  237  261  250  258  253  278  277  292  336  335  320
 [76]  327  375  381  406  431  470  493  501  526  522  542  593  563  641  706
 [91]  738  755  750  753  794  871  895 1005 1046 1067 1175 1189 1188 1128 1181
[106] 1354 1437 1495 1511 1581 1645 1706 1795 1875 1952 1921 1970 2024 2116 2298
[121] 2363

[[21]]
  [1] 10 15 18 16  9 12 10  9 21 15 10 14  9  8  8  7 12 17 16 13 13 11 10  8 12
 [26] 15  9  8  8  6  6 10 13 18 10 10  8  7  6  6 12  7 11 15 10  6 14  7  9  7
 [51]  4 10  7  4  9 13 12  7  4  4 12  8  5  5  4  3  7  3 12  9 10  4  5 10  7
 [76]  6  8  9  7  5  4  4  8 11  8  6  5  4  4  4  6  7  6 12  7  5  3  3  3  3
[101]  3  3 10 13 10  9 11 18 17 20 23 23 18 19 13 10 32 24 21 16 18

[[22]]
  [1]  10  14  15  12  10  16  20  22  17  15  22  19  13  15  19  20  20  13
 [19]  11  12   9  11  14  13  12  10  10  17  13  16  17  14  13  13  10  19
 [37]  20  24  18  13  14  10   9  11  14  16  20  16  11  11  15  20  20  32
 [55]  28  27  27  36  43  47  56  39  32  50  54  48  37  39  39  38  44  58
 [73]  66  59  58  71  73  70  70  72  81  80  82  94  79  91  80  69  74  82
 [91]  85  85  96  99  95 107  98 107 104 153 180 156 143 160 184 174 190 192
[109] 180 176 182 207 231 232 246 265 244 276 298 320 292

[[23]]
  [1]  10   6   6   5  11  11   8  12   9   8  14  14  18  25  24  22  14  23
 [19]  34  33  27  37  28  25  26  32  28  24  39  37  32  28  32  34  33  34
 [37]  40  39  34  31  44  39  32  33  40  59  46  51  55  57  70  71  66  50
 [55]  65  65  73  80  92  70  66  74  70  47  49  69  75  59  59  64  75 108
 [73] 112 105 104 104 132 137 162 159 163 147 152 150 188 175 198 186 191 209
 [91] 234 232 254 258 285 284 290 315 324 330 332 336 360 401 414 432 418 437
[109] 518 491 531 543 608 612 634 653 698 792 849 818 879

[[24]]
  [1]  10  17  17  13   9   8   7   6  11  14   8   6   9  12  19  14  13  15
 [19]  12  23  25  24  21  17  13  22  18  15  11  13  11  12   9   9  14  12
 [37]  10  15   9  15  10   9  15  28  33  38  28  31  28  26  20  32  29  32
 [55]  35  26  31  37  40  35  52  41  39  42  44  57  43  39  32  42  40  52
 [73]  58  59  54  55  67  51  46  49  56  41  42  43  49  55  56  67  60  56
 [91]  62  61  51  60  50  45  55  43  37  46  42  44  46  59  60  62  51  65
[109]  68  76  50  66  72  79  73  72  65  83  88  98 103

[[25]]
  [1]   10   11   12   13   13   12   10   23   23   16   14   13   15   16   31
 [16]   25   25   31   36   41   45   40   30   53   58   47   47   54   64   77
 [31]   73   82   69   74   75  102   89  109   84   97   95   91   87   91  113
 [46]  106   99  107  145  150  167  165  175  178  180  192  194  185  182  213
 [61]  208  209  210  217  253  260  211  261  271  293  306  319  314  268  329
 [76]  342  379  359  412  414  410  410  428  434  468  516  513  530  575  556
 [91]  549  537  573  559  551  594  589  636  646  674  746  736  756  791  801
[106]  837  927  994 1000 1051 1094 1131 1088 1157 1241 1286 1330 1350 1324 1470
[121] 1537

[[26]]
  [1]   10   14   13   14   11   15   11   13   15   13   21   22   22   29   28
 [16]   27   33   30   34   44   33   28   38   32   38   51   59   60   65   66
 [31]   73   87   75   68   73   82   87   83   84   69   63   77   77   93  100
 [46]   84  123  105   90   97   95  103  111  118  107   89   70   79   72   96
 [61]  107  110   95   96   95  151  148  151  138  149  138  153  147  154  160
 [76]  173  191  208  214  218  245  239  294  296  278  325  350  306  309  313
 [91]  313  367  410  398  365  408  451  452  482  491  528  539  546  537  576
[106]  625  672  671  718  755  798  834  874  918  906  989  990 1017 1051 1112
[121] 1191

[[27]]
  [1]   10   22   15   15   14   14   23   31   23   14   14   17   25   28   28
 [16]   30   32   31   29   27   41   32   32   34   38   51   55   57   48   45
 [31]   46   56   82   88  112  117  109  123  139  139  132  110  117  104  108
 [46]  106  127  133  132  144  156  179  201  188  197  190  188  212  222  223
 [61]  244  261  272  309  288  308  339  376  372  410  378  413  434  492  465
 [76]  462  544  564  586  608  628  582  663  686  697  676  729  784  849  907
 [91]  926  981 1016 1062 1016 1177 1260 1258 1314 1378 1374 1465 1409 1501 1610
[106] 1654 1788 1779 1818 1971 2081 2105 2234 2331 2531 2580 2627 2802 2776 2825
[121] 2975

[[28]]
  [1] 10  8 11  9  9  8  7  6  4 15  7  5  4  3  3  2  2  2  1  1  1  1  0  0  0
 [26]  0  0  0  0  0  0  0  0  0  0  0  0  0  0  0  0  0  0  0  0  0  0  0  0  0
 [51]  0  0  0  0  0  0  0  0  0  0  0  0  0  0  0  0  0  0  0  0  0  0  0  0  0
 [76]  0  0  0  0  0  0  0  0  0  0  0  0  0  0  0  0  0  0  0  0  0  0  0  0  0
[101]  0  0  0  0  0  0  0  0  0  0  0  0  0  0  0  0  0  0  0  0  0

[[29]]
  [1]   10   19   13   17   12   13   17   23   23   25   23   21   33   19   24
 [16]   26   20   35   56   55   58   51   43   45   44   44   52   54   60   66
 [31]   62   71   73   76   62   56   69   72   66   71   81   75   66   65   78
 [46]   96  102  119  107  111  124  124   99  102  118  126  141  121  130  149
 [61]  143  128  129  114  133  157  162  155  188  188  195  212  244  248  263
 [76]  270  301  287  258  246  272  285  320  325  289  287  319  320  348  375
 [91]  422  472  416  416  421  445  432  473  494  481  533  541  592  643  642
[106]  704  703  765  818  873  840  842  884  962  931 1089 1096 1045  992 1107
[121] 1144

[[30]]
  [1]  10  12   9   8  13   7   5   3   3   2   2   1   1   1   1   2   4   6
 [19]   4   2   2   2   2   8   6   8   6   5  12  13   9  12  11  19  12  22
 [37]  15  20  28  31  26  33  27  25  23  28  30  21  29  26  21  16  23  35
 [55]  35  37  28  31  32  26  31  23  24  31  42  41  48  41  45  54  63  96
 [73]  93  79  83 102 116 117 141 131 136 107 120 136 138 130 163 162 174 207
 [91] 193 206 195 193 190 208 221 219 284 288 261 323 349 380 400 405 416 474
[109] 465 466 508 510 509 523 517 545 557 561 571 583 633

[[31]]
  [1]  10  12   8   8   8  14  16  11  10  12  22  23  28  19  29  24  26  27
 [19]  32  42  37  41  37  38  38  45  34  26  21  23  19  17  20  20  13  15
 [37]  22  31  22  19  36  27  27  30  26  41  49  30  23  17  15  34  31  31
 [55]  27  28  36  41  33  23  18  19  52  31  31  27  35  49  53  43  41  37
 [73]  50  55  47  44  42  46  38  36  44  49  49  42  45  35  28  34  42  34
 [91]  40  37  38  36  28  40  33  38  41  32  46  43  48  48  47  53  61  64
[109]  77  82  88  62  57  65  75  96  97  86 101 100 122

[[32]]
  [1]   10   15   10    8    7    5    4    4    4   13    9    6    6   13   18
 [16]   13   12   12   14   24   28   18   20   20   31   27   22   21   20   41
 [31]   56   52   55   58   75   77   73   75   74   51   64   67   62   63   77
 [46]   72   69   74   84   88   80   79   92   67   96  103  103  113  120  122
 [61]  129  121  127  142  154  166  170  169  163  164  198  221  222  237  234
 [76]  225  228  254  312  285  264  290  291  309  316  281  339  325  328  341
 [91]  341  351  373  392  421  443  453  492  486  538  531  551  617  589  610
[106]  667  682  696  747  757  759  836  940  951  972  985 1103 1096 1109 1243
[121] 1283

[[33]]
  [1] 10  6  4  4  4  3  3  8  5  5  4  4  3  3  7  3  2  6  3  3  2  1  1  1  0
 [26]  0  0  0  0  0  0  0  0  0  0  0  0  0  0  0  0  0  0  0  0  0  0  0  0  0
 [51]  0  0  0  0  0  0  0  0  0  0  0  0  0  0  0  0  0  0  0  0  0  0  0  0  0
 [76]  0  0  0  0  0  0  0  0  0  0  0  0  0  0  0  0  0  0  0  0  0  0  0  0  0
[101]  0  0  0  0  0  0  0  0  0  0  0  0  0  0  0  0  0  0  0  0  0

[[34]]
  [1]   10    5    5    5    5    5    4    3    3    9   12    9    8    7   10
 [16]   14   18   14   13   22   24   21   24   22   16   19   18   21   21   33
 [31]   36   28   23   26   32   39   42   53   45   40   53   53   68   68   70
 [46]   76   84   91   90  100  100   95   88   94  102  120  106  107  134  141
 [61]  157  154  151  168  168  188  202  182  170  218  200  218  247  243  232
 [76]  251  276  285  318  296  322  303  308  307  303  321  351  326  333  375
 [91]  380  383  372  426  441  411  445  449  474  475  502  528  521  564  560
[106]  580  633  654  639  660  738  763  788  810  864  957 1006 1029 1044 1092
[121] 1070

[[35]]
  [1] 10  8  5  5  5  5 10  7  4  4  4  4  4  3  6  5  5  5 10  5  7  6  6  9  6
 [26] 15 10  7  6  6  4  3  4  3  3  3  3  3  5  6 11  9  5  5 14  9 13 12  9  8
 [51] 10  7 10  5  5  5 11 13 11 20 19 22 19 16 21 23 24 25 27 21 22 22 19 20 25
 [76] 23 22 18 16 18 18 17 20 28 29 24 22 22 32 21 26 25 23 21 18 27 21 33 31 31
[101] 27 36 33 37 26 30 35 35 34 52 57 41 45 37 47 52 41 40 43 41 44

[[36]]
  [1]  10   6   5  11  11   9   8   7   7  13  17   9   8   7  15  12  11  23
 [19]  21  27  25  22  18  25  31  31  26  28  27  19  22  21  37  31  31  34
 [37]  27  30  50  41  35  37  27  41  35  29  38  33  39  36  27  34  44  58
 [55]  53  50  46  56  78  84  74  67  76  79  85  73  71  83  92  89  76  92
 [73]  93  97 100 102 108 120 135 112  99 120 109 105 142 145 160 142 144 146
 [91] 171 160 206 186 209 206 225 236 250 233 230 244 253 299 274 290 255 310
[109] 334 339 326 312 319 412 376 360 401 409 426 399 424

[[37]]
  [1]  10  13   7   6   6   8   6   5   5  10  11   9   8   8  26  26  18  15
 [19]  12  24  23  27  19  22  21  18  14  15  28  27  22  18  22  34  55  44
 [37]  46  42  43  34  53  40  37  40  49  52  49  48  53  75  70  89  67  91
 [55]  88 111 121 100 104 115 115 105 125 142 155 148 163 161 178 175 164 159
 [73] 168 178 161 164 191 203 198 164 187 228 215 240 241 234 232 252 249 244
 [91] 305 304 311 268 268 252 262 284 302 304 368 449 429 438 420 438 482 531
[109] 554 554 553 551 586 595 670 754 760 805 813 781 845

[[38]]
  [1] 10  6  6  6  6 12 15 14 11  7  7  7  2  2  1  1  1  1  1  1  8  5  4  2  2
 [26]  1  1  1  1  1  1  1  1  5  3  3  2  2  2  2  2  2  2  1  1  1  1  1  6  8
 [51]  3  3  3  3  2  1  1  1  1  1  1  0  0  0  0  0  0  0  0  0  0  0  0  0  0
 [76]  0  0  0  0  0  0  0  0  0  0  0  0  0  0  0  0  0  0  0  0  0  0  0  0  0
[101]  0  0  0  0  0  0  0  0  0  0  0  0  0  0  0  0  0  0  0  0  0

[[39]]
  [1]   10   18   12   15   16   23   20   20   26   27   24   33   40   44   42
 [16]   51   58   55   57   61   75   81   67   78   89  110  112  124  138  125
 [31]  135  143  140  147  155  159  167  181  160  154  161  199  227  235  207
 [46]  204  232  233  258  279  244  245  255  270  340  313  313  286  288  370
 [61]  360  357  325  378  405  432  454  464  495  541  581  575  625  709  725
 [76]  751  777  800  797  786  906  881  889  932  997  947 1024 1073 1065 1146
 [91] 1227 1305 1308 1372 1393 1433 1438 1513 1619 1756 1864 1854 1864 1975 1975
[106] 2144 2204 2365 2456 2506 2681 2686 2826 2963 3012 3081 3352 3498 3626 3694
[121] 3886

[[40]]
  [1]   10   24   24   29   24   34   36   27   21   26   22   27   49   51   48
 [16]   41   38   42   62   66   67   85   90  118  142  109  109  105  129  140
 [31]  116  113  121  123  139  145  144  151  173  190  189  206  189  197  190
 [46]  219  225  230  262  267  289  270  286  268  285  281  264  310  327  369
 [61]  351  367  395  440  476  505  447  430  462  528  542  551  547  566  582
 [76]  695  686  713  758  792  848  813  843  898  946  935  899 1000 1068 1170
 [91] 1196 1190 1244 1323 1399 1498 1484 1492 1552 1673 1647 1787 1841 1893 2003
[106] 2124 2297 2439 2456 2592 2576 2799 2925 3082 3170 3362 3417 3588 3669 3892
[121] 4026

[[41]]
  [1]  10  18  19  22  20  24  24  40  26  27  21  42  38  38  35  41  41  35
 [19]  45  44  35  33  25  25  21  29  28  21  21  17  37  32  27  31  35  56
 [37]  50  41  43  45  45  38  50  43  51  49  57  56  60  76  61  61  51  52
 [55]  72  71  85  83  89  72  66  67  59  50  63  54  74  68  62  62  54  71
 [73]  72  75  88 107 106 115 114 138 136 128 130 143 166 195 203 179 191 175
 [91] 192 186 209 177 175 191 197 211 233 245 266 278 276 315 289 324 328 414
[109] 457 452 455 503 476 550 566 604 622 683 703 716 753

[[42]]
  [1] 10 12  8  5  4  4  4  3  2  2  2  2  2  2  2  2  1  7  5  4  4  4  2  1  9
 [26]  5  3  3  2  1  1  1  0  0  0  0  0  0  0  0  0  0  0  0  0  0  0  0  0  0
 [51]  0  0  0  0  0  0  0  0  0  0  0  0  0  0  0  0  0  0  0  0  0  0  0  0  0
 [76]  0  0  0  0  0  0  0  0  0  0  0  0  0  0  0  0  0  0  0  0  0  0  0  0  0
[101]  0  0  0  0  0  0  0  0  0  0  0  0  0  0  0  0  0  0  0  0  0

[[43]]
  [1] 10 11  8  7 10  9  8  6  5  3  2  2  2  2  2  1  1  4  3  3  2  1  1  1  1
 [26]  0  0  0  0  0  0  0  0  0  0  0  0  0  0  0  0  0  0  0  0  0  0  0  0  0
 [51]  0  0  0  0  0  0  0  0  0  0  0  0  0  0  0  0  0  0  0  0  0  0  0  0  0
 [76]  0  0  0  0  0  0  0  0  0  0  0  0  0  0  0  0  0  0  0  0  0  0  0  0  0
[101]  0  0  0  0  0  0  0  0  0  0  0  0  0  0  0  0  0  0  0  0  0

[[44]]
  [1]  10  12  10   7   6   6   6  10  13  13  15  10  10  19  12  10  11   9
 [19]   9  12  16  12   8  10   9  16  14  27  21  20  20  15  13  19  20  22
 [37]  21  20  18  12  16  29  18  22  18  22  16  21  34  23  22  17  23  28
 [55]  20  18  19  18  11  12  22  24  31  22  21  13  17  13  18  20  20  15
 [73]  17  28  34  34  27  23  21  30  31  39  37  30  27  44  55  49  53  57
 [91]  45  46  56  53  65  50  52  60  70  59  97  76  70  84  83  81  81  93
[109]  83  77  84 119 114 107 110 127 138 153 146 153 159

[[45]]
  [1]   10   16   19   24   20   26   18   16   15   27   35   44   41   36   30
 [16]   32   34   51   58   48   39   47   84   97   87   87   77  106  136  152
 [31]  166  182  191  202  176  166  184  205  235  267  231  233  279  313  313
 [46]  305  351  373  397  400  383  361  349  434  493  445  496  530  529  525
 [61]  557  592  654  688  680  759  792  860  879  927  900  954  956 1013  981
 [76] 1045 1149 1217 1347 1363 1423 1413 1513 1557 1596 1573 1658 1777 1916 1890
 [91] 1987 2081 2270 2311 2482 2429 2551 2630 2762 2865 2979 3158 3270 3327 3455
[106] 3540 3594 3651 3792 3882 3987 4202 4282 4657 4833 4860 4981 5081 5325 5604
[121] 5762

[[46]]
  [1] 10 12  6  4  3  2  2  1  1  1  1  6  4  1  1  1  1  0  0  0  0  0  0  0  0
 [26]  0  0  0  0  0  0  0  0  0  0  0  0  0  0  0  0  0  0  0  0  0  0  0  0  0
 [51]  0  0  0  0  0  0  0  0  0  0  0  0  0  0  0  0  0  0  0  0  0  0  0  0  0
 [76]  0  0  0  0  0  0  0  0  0  0  0  0  0  0  0  0  0  0  0  0  0  0  0  0  0
[101]  0  0  0  0  0  0  0  0  0  0  0  0  0  0  0  0  0  0  0  0  0

[[47]]
  [1]  10  18  13   7   8   8  15  13   8  15  26  30  18  15  15  25  22  15
 [19]  16  16  14  18  32  31  25  25  26  38  45  51  42  50  63  66  60  61
 [37]  59  67  68  87  69  77  75  69  74  83  64  71  86  78  70  73  60  60
 [55]  70  63  84  74  69  99  93  92  81  72  83  95  98  96 100 113 117 111
 [73] 120 140 128 145 143 149 149 146 146 141 149 148 149 154 165 178 194 200
 [91] 206 192 203 231 220 220 237 223 220 255 259 267 273 263 271 285 281 300
[109] 302 326 315 363 374 410 409 426 407 420 441 407 468

[[48]]
  [1]   10   18   12   10   15   16   12   13   13   22   21   20   12   10   14
 [16]   19   22   25   20   23   29   25   27   42   38   36   38   42   42   65
 [31]   60   60   66   71   64   71   63   63   56   46   58   64   67   65   64
 [46]   71   69   76   71   75   84   98   97  123  114  115  120   95  135  182
 [61]  155  161  147  147  163  184  179  186  185  173  213  244  256  248  242
 [76]  255  266  274  292  335  330  367  390  349  378  371  413  462  493  514
 [91]  502  483  579  586  594  633  654  631  672  724  642  643  681  748  772
[106]  824  909  914  926  981 1087 1092 1154 1144 1183 1231 1259 1354 1429 1455
[121] 1548

[[49]]
  [1]  10  12  18  19  15  13  24  20  22  17  22  27  37  26  24  21  31  25
 [19]  19  18  26  28  28  47  35  30  27  40  25  26  24  20  28  32  24  20
 [37]  23  20  30  29  32  23  31  44  33  44  40  34  36  39  36  34  44  52
 [55]  42  46  33  39  41  48  40  29  32  45  56  66  55  50  55  69  79  96
 [73] 100  88  91 105  97  91  88 115 140 141 131 134 143 158 157 191 178 169
 [91] 190 227 246 265 301 305 311 306 316 313 347 322 343 342 385 406 434 426
[109] 417 434 523 512 512 522 561 579 615 589 659 693 747

[[50]]
  [1]  10   9   9   9   7   5   4   3   3   8   4   3   2   2   9   7  11   8
 [19]   6   6   6   6   5  11  11  23  16  16  14  22  24  25  30  39  25  35
 [37]  27  41  38  41  33  35  32  32  36  43  25  21  33  38  50  49  54  67
 [55]  83  64  76  77  52  56  58  58  48  58  84  84  93  86  76  63  60  50
 [73]  65  80  67  90  97  97  89 104  94  88 127 128 132 130 132 133 164 174
 [91] 183 182 203 202 193 215 189 197 227 246 245 240 257 265 267 265 299 348
[109] 337 323 285 284 343 377 433 447 458 459 454 483 481

[[51]]
  [1]   10    7   10   10    8    7    7   21   16   16   14   33   34   31   23
 [16]   17   27   40   27   32   41   37   37   47   45   51   57   61   59   64
 [31]   76   74   67   81  114   96  101   95  105  118  132  119  126  127  134
 [46]  146  133  130  140  136  164  164  159  151  150  205  205  207  197  196
 [61]  222  238  234  254  244  257  244  252  275  295  317  328  311  355  421
 [76]  446  434  452  479  522  540  582  609  628  711  737  759  781  840  892
 [91]  918  951  961  978 1078 1075 1045 1069 1117 1203 1368 1344 1263 1333 1423
[106] 1505 1527 1586 1583 1716 1696 1901 1945 1961 2093 2225 2470 2491 2562 2671
[121] 2901

[[52]]
  [1]  10  11   7   7   7  18  14  14  11  10  11  21  24  19  14  17  18  15
 [19]  20  18  20  12  20  15  26  25  15  15  15  14  12  22  14  16  14  12
 [37]  22  16  14  13  23  26  27  27  36  27  23  32  23  25  25  23  19  21
 [55]  22  24  19  29  29  28  26  26  29  31  25  24  20  18  45  44  47  33
 [73]  32  34  33  31  49  42  43  37  52  46  44  36  44  39  52  46  57  47
 [91]  48  55  65  66  61  74  69  78  70  69  81  66  71  55  68  69  75  73
[109]  71  80  72  68  69  60  63  62  73  93  78 111  95

[[53]]
  [1]   10   20   13   10   10   10   10   16   21   28   20   17   16   18   13
 [16]   17   18   21   24   15   18   20   26   17   19   22   24   20   25   24
 [31]   19   21   18   25   19   27   33   25   24   33   27   33   37   41   41
 [46]   37   38   36   41   34   33   40   38   49   49   70   56   56   75   86
 [61]   90   70   79   74   68   83   77   99  112   98   97  102  116  122  149
 [76]  162  152  127  179  195  198  183  213  214  220  232  228  224  249  272
 [91]  263  283  294  311  339  325  416  414  412  429  442  418  465  475  540
[106]  551  559  566  656  714  689  709  731  757  758  784  804  840  920  972
[121] 1036

[[54]]
  [1] 10 13  9  5  7 10  6  6  3  2  1  8  5  3  3  2  0  0  0  0  0  0  0  0  0
 [26]  0  0  0  0  0  0  0  0  0  0  0  0  0  0  0  0  0  0  0  0  0  0  0  0  0
 [51]  0  0  0  0  0  0  0  0  0  0  0  0  0  0  0  0  0  0  0  0  0  0  0  0  0
 [76]  0  0  0  0  0  0  0  0  0  0  0  0  0  0  0  0  0  0  0  0  0  0  0  0  0
[101]  0  0  0  0  0  0  0  0  0  0  0  0  0  0  0  0  0  0  0  0  0

[[55]]
  [1]  10  15  18  16  13  12  19  25  19  14  19  20  14  12  12  21  26  20
 [19]  15  17  19  17  22  21  12  13  25  18  23  19  40  27  29  41  42  34
 [37]  35  42  42  38  49  39  45  51  47  50  39  41  48  49  54  46  30  24
 [55]  30  25  25  39  41  32  33  43  52  48  51  46  49  42  48  56  58  47
 [73]  40  52  70  76  95  83  99 102 116 114 117 117 120 150 158 159 147 182
 [91] 156 182 183 181 183 202 180 181 233 240 257 249 236 252 271 328 301 357
[109] 313 357 387 412 440 459 485 494 501 484 582 560 560

[[56]]
  [1]   10   13   19   15   24   17   15   14   26   36   33   26   21   15   13
 [16]   18   25   20   26   27   21   33   29   20   28   42   39   41   41   43
 [31]   43   60   65   78  110  102   80   96  106  122  110  111  123  107  103
 [46]  105  117  132  128  133  113  110  110  116  127  143  129  127  128  133
 [61]  136  137  170  159  160  168  154  149  198  241  241  254  226  223  220
 [76]  275  287  256  236  260  334  346  350  344  403  420  441  451  482  492
 [91]  520  514  520  522  562  603  579  612  625  664  779  783  806  898  911
[106]  990  983  973 1021 1163 1276 1303 1335 1346 1268 1364 1509 1555 1646 1648
[121] 1663

[[57]]
  [1]   10   19   12   11   10   19   17   21   21   24   28   20   26   30   44
 [16]   38   29   27   35   43   43   40   36   29   37   28   26   36   51   40
 [31]   44   44   41   50   47   61   70   82   61   62   72   71   96   82   64
 [46]   90   90   94   86  101  106  110  124  113   97  101  116  157  164  146
 [61]  141  132  144  157  149  176  161  194  162  173  177  169  175  198  223
 [76]  221  192  190  192  200  226  247  245  237  254  299  280  287  304  331
 [91]  373  348  357  399  417  412  392  420  500  497  530  527  496  539  552
[106]  607  669  704  677  706  764  816  821  799  876  922 1002 1062 1114 1164
[121] 1164

[[58]]
  [1] 10 12 10  7  7  6  9 11  8  3  3  3  2  5  2  2  2  2  2  7  6  4  2  1  1
 [26]  1  0  0  0  0  0  0  0  0  0  0  0  0  0  0  0  0  0  0  0  0  0  0  0  0
 [51]  0  0  0  0  0  0  0  0  0  0  0  0  0  0  0  0  0  0  0  0  0  0  0  0  0
 [76]  0  0  0  0  0  0  0  0  0  0  0  0  0  0  0  0  0  0  0  0  0  0  0  0  0
[101]  0  0  0  0  0  0  0  0  0  0  0  0  0  0  0  0  0  0  0  0  0

[[59]]
  [1]   10    7    4    4    9   14   16   16    9    9    8   14   22   22   21
 [16]   22   18   34   38   60   53   45   38   47   53   65   60   69   65   76
 [31]   76   89   99  104  112  117  110  100  110  129  118  118  151  142  149
 [46]  207  212  192  210  213  252  241  231  227  270  269  235  259  306  312
 [61]  348  380  358  390  411  421  434  484  557  579  555  573  586  582  658
 [76]  675  757  760  742  780  797  825  870  895  969 1014 1084 1062 1096 1174
 [91] 1288 1377 1496 1505 1507 1522 1578 1621 1711 1780 1898 1877 1945 2020 2177
[106] 2155 2228 2220 2325 2421 2593 2643 2708 2745 2945 3058 3245 3408 3421 3635
[121] 3798

[[60]]
  [1]   10   21   17   13   20   14   18   14   13   18   32   38   58   39   36
 [16]   41   57   64   60   60   58   74   90   87   65   64   56   62   60   78
 [31]   92  100  116  111  111  134  139  140  149  154  161  175  189  208  235
 [46]  236  252  235  270  271  268  281  305  321  316  366  389  403  430  409
 [61]  433  435  489  493  528  588  563  575  601  621  689  717  789  778  851
 [76]  925  873  871  978 1102 1149 1176 1149 1229 1300 1350 1373 1423 1586 1590
 [91] 1657 1743 1809 1821 1903 1865 1988 2016 2240 2260 2379 2423 2504 2557 2618
[106] 2760 2962 3065 3096 3124 3258 3373 3620 3789 3992 4104 4218 4466 4635 4706
[121] 4866

[[61]]
  [1]   10    9    6    4    4   12    9    8    7    9    8   11    9   15   26
 [16]   29   35   38   34   30   39   39   44   54   55   55   46   44   45   54
 [31]   67   62   69   51   41   69   70   74   86   94  135  131  136  131  124
 [46]  141  140  138  134  155  144  160  121  141  151  154  151  144  155  175
 [61]  191  200  193  213  277  269  266  235  247  310  334  312  309  354  338
 [76]  331  373  372  422  392  468  488  487  464  510  539  501  536  574  562
 [91]  558  626  609  664  673  735  791  798  803  818  947  954  949 1045 1098
[106] 1099 1187 1316 1290 1334 1376 1441 1471 1513 1590 1592 1590 1673 1744 1885
[121] 1977

[[62]]
  [1]  10  17  10  20  14  11  10  20  21  13  16  17  12   8   7   7   5   8
 [19]  14  24  14  11   7   7   7  11  14  15  16  12  12  15   7   6   6   6
 [37]   6   6   5   3   8  11  10   7   6  10   8  12   8   7   8  15  18  24
 [55]  28  24  27  28  32  17  13  36  42  35  37  43  40  53  46  37  32  26
 [73]  34  49  36  48  37  41  50  61  64  67  48  44  45  58  64  61  65  69
 [91]  80  90  96 116 108 119 107 103  89  99  88  85 106 110 115 128 116 139
[109] 126 148 144 150 146 149 166 147 157 152 167 167 150

[[63]]
  [1]  10  12  11  18  21  21  19  17  13  13  19  20  24  30  21  21  38  34
 [19]  34  25  19  26  25  23  22  26  31  40  24  38  25  26  43  30  26  31
 [37]  50  44  34  34  65  57  63  46  43  42  52  63  85 113 109  88  82 133
 [55] 114 109 102 116 105 117 116 117 137 156 147 158 144 148 148 152 155 143
 [73] 180 180 152 181 203 187 178 198 198 224 230 223 275 280 287 280 287 299
 [91] 290 301 304 281 317 283 293 277 323 385 368 378 379 443 407 477 485 468
[109] 467 494 544 578 603 635 590 606 636 664 703 710 730

[[64]]
  [1]   10   15   12    8   10   15   10   11   16   17   23   24   44   35   28
 [16]   31   28   47   44   36   44   54   57   49   37   40   39   41   40   36
 [31]   31   41   47   34   41   47   56   50   54   40   34   54   51   39   40
 [46]   63   57   45   71   95  102  111  119  140  130  144  163  153  164  173
 [61]  169  207  217  206  178  208  220  228  206  231  233  236  275  265  301
 [76]  296  327  320  310  369  417  438  432  417  427  438  450  439  429  445
 [91]  491  536  569  538  534  560  590  591  645  735  725  689  727  748  813
[106]  829  931  939  967 1066 1012 1132 1169 1168 1266 1339 1388 1485 1547 1690
[121] 1846

[[65]]
  [1]   10   16   11    8    7    8   12   17   11   13   11   13   21   22   18
 [16]   17   16   14   17   26   23   19   21   17   26   21   28   38   48   37
 [31]   52   48   46   45   55   72   88   81   66   57   76   88  100   97   79
 [46]   94  117  117  123  132  133  133  161  148  129  132  167  161  180  206
 [61]  206  215  195  211  243  246  232  255  277  270  288  303  337  333  314
 [76]  355  392  373  405  407  485  463  455  469  500  557  599  622  653  662
 [91]  677  708  650  697  696  743  823  895  896  952  966  974  987  999 1085
[106] 1214 1241 1308 1350 1323 1293 1513 1584 1633 1650 1779 1798 1938 2037 2110
[121] 2217

[[66]]
  [1]  10  11  17  23  24  18  15  15  21  18  20  17  16  18  17  26  36  37
 [19]  26  23  20  16  19  20  19  20  12  18  29  32  30  23  17  18  18  15
 [37]  21  19  21  24  20  17  23  31  24  27  32  24  27  46  27  40  33  49
 [55]  50  49  35  35  32  30  47  39  35  38  36  30  33  42  44  53  40  42
 [73]  68  60  63  60  51  62  65  75  67  76  78  73  66  66  81  86 100  74
 [91]  88  90 109 127 123 112 118 114 131 152 134 140 155 136 153 159 154 178
[109] 185 203 176 194 178 202 212 247 258 307 329 340 377

[[67]]
  [1]  10  13  19  21  22  29  26  20  18  26  27  18  21  31  36  41  40  33
 [19]  28  33  25  36  42  38  43  33  32  26  44  54  52  45  50  55  58  44
 [37]  72  80  83  84  81  74  96  79  85  74  73  81  89  87  68  73  61  73
 [55]  73  64  64  65  72  51  60  65  64  76  64  78  79  91 100  95 112  99
 [73] 115 139 138 127 144 135 171 175 165 149 158 170 167 197 171 186 213 211
 [91] 235 221 247 269 267 254 238 271 292 306 357 371 405 401 420 466 488 467
[109] 517 529 495 528 583 576 665 706 745 799 739 785 844

[[68]]
  [1]  10   9  10   8  15  19  13  15  21  18  14  10  19  12  11  10  25  21
 [19]  28  31  26  21  25  18  18  31  22  28  27  22  23  24  24  35  47  37
 [37]  33  39  40  31  35  34  44  46  39  46  43  54  62  63  56  61  80  67
 [55]  66  62  54  54  42  52  48  46  47  64  65  72  71  67  64  74  74  75
 [73]  78  82  95  88  93  93 110 150 142 133 137 148 145 155 147 144 154 164
 [91] 145 132 153 183 194 234 227 229 199 209 220 249 260 243 228 258 270 301
[109] 306 349 333 330 310 357 332 366 391 378 373 398 449

[[69]]
  [1]  10  19  17  12  20  19  15  14  11  21  16  10   8   9   7   5  14  11
 [19]  14  16   9  16  14  16  24  22  19  15  14  20  28  25  19  20  16  32
 [37]  25  29  25  27  26  35  25  22  44  41  43  46  44  46  44  56  50  59
 [55]  60  59  93  84  85  99 101 109  98  90  96  97  87 122 129 117  92  98
 [73] 114 146 157 164 157 161 172 178 192 199 204 177 185 186 198 223 197 179
 [91] 199 173 211 269 258 267 235 256 247 284 253 303 360 348 390 395 405 392
[109] 384 378 394 408 457 502 476 496 458 497 529 579 574

[[70]]
  [1]  10   9   6   6  11   8   8  16  10   5   2   2   2   1   1   5   9   7
 [19]   6   5   5  11   9   6   5   5  10  18  13   9  10  30  43  43  37  39
 [37]  39  32  30  36  49  51  53  42  51  64  71  65  71  61  64  72  66  79
 [55]  69  65  73  82  85  90  92 108 131  97 107 105 121 127 136 166 154 157
 [73] 153 143 171 195 216 219 211 251 240 223 244 265 263 288 278 284 280 305
 [91] 293 299 334 342 346 356 345 388 357 364 360 379 416 430 433 490 465 479
[109] 463 570 591 579 622 583 597 651 702 691 726 775 756

[[71]]
  [1]   10    8   10    9    8   20   21   22   20   28   21   28   27   41   28
 [16]   24   25   38   30   33   32   31   31   30   21   23   48   44   47   46
 [31]   48   50   59   75   77   57   52   41   47   65   73   66   71   68   79
 [46]   75   66   67   84   73   90   95   69   77   81   80   93  112  126  122
 [61]  124  116   98  128  134  173  160  144  158  202  224  229  215  213  203
 [76]  242  236  239  259  271  269  252  250  303  334  307  314  315  347  372
 [91]  371  385  393  431  445  459  453  460  468  509  525  518  550  574  603
[106]  608  640  662  694  699  769  806  827  856  892 1006 1050 1079 1127 1148
[121] 1164

[[72]]
  [1]  10   7   9   7  16  11   8   7   9   6   5  17   9   5   5   4   3   2
 [19]   5   8   9   9   6   8   7   7   5   8   3   3   3   3   3   3   3   3
 [37]   3   2   2   2   8   5   4   4   3   3   3   3   3  16  14  12  10  16
 [55]  26  30  23  20  19  16  18  29  22  23  19  17  21  19  21  21  17  25
 [73]  28  26  20  19  36  44  41  30  35  48  48  42  64  66  59  46  58  69
 [91]  84  79  93  92  94  94  92 117 113 112 112 133 135 136 143 186 185 182
[109] 181 198 177 186 215 237 218 256 255 303 291 298 292

[[73]]
  [1]   10   10    9   21   18   13   11   15   24   32   37   39   36   41   37
 [16]   32   35   37   33   28   44   50   54   58   56   62   65   60   62   59
 [31]   43   47   57   72   80   77   64   65   76  121   96   89  101   93   91
 [46]  143  139  140  117  116  135  128  139  163  160  156  169  150  169  173
 [61]  179  190  191  205  194  208  240  226  230  206  222  227  249  261  243
 [76]  240  272  305  308  307  276  329  332  367  377  377  397  411  452  447
 [91]  482  460  476  522  606  579  642  676  659  735  830  779  871  841  882
[106] 1085 1051 1099 1080 1176 1196 1217 1229 1362 1385 1471 1511 1550 1622 1709
[121] 1707

[[74]]
  [1]   10   14   19   17   13   11   10   14   23   31   35   25   19   27   24
 [16]   19   24   33   38   26   19   27   33   24   26   22   25   21   31   27
 [31]   32   36   34   52   56   55   74   74   72   78   79   90   72   88   84
 [46]  106   92   77  116  123  111  127  130  136  129  154  132  119  135  122
 [61]  132  166  162  160  164  167  167  165  195  190  203  186  199  211  213
 [76]  231  249  245  239  251  271  316  341  354  354  394  383  413  468  512
 [91]  474  475  467  497  582  577  610  623  621  638  635  624  690  709  743
[106]  798  883  938  921  969 1016 1006 1067 1055 1142 1162 1230 1366 1395 1364
[121] 1472

[[75]]
  [1] 10  6  5  3  6  9  6  5  5  5  7  6  8 11  5  8 10  7 11  8  9  8  6  8 10
 [26]  8  8  8  4 12 13  8  7  7 14  6  5  4  4  9  7  6  5  4  2  2  1  1  1  6
 [51]  5  1  1  1  6  5  4  2  1  1  1  1  1  0  0  0  0  0  0  0  0  0  0  0  0
 [76]  0  0  0  0  0  0  0  0  0  0  0  0  0  0  0  0  0  0  0  0  0  0  0  0  0
[101]  0  0  0  0  0  0  0  0  0  0  0  0  0  0  0  0  0  0  0  0  0

[[76]]
  [1] 10 15 16 17 12 10  8 16 21 19 13 11  8  6  4 12 14 11  9  6  5  3  9  7  6
 [26]  7  5  3  9  5  3  2  1  0  0  0  0  0  0  0  0  0  0  0  0  0  0  0  0  0
 [51]  0  0  0  0  0  0  0  0  0  0  0  0  0  0  0  0  0  0  0  0  0  0  0  0  0
 [76]  0  0  0  0  0  0  0  0  0  0  0  0  0  0  0  0  0  0  0  0  0  0  0  0  0
[101]  0  0  0  0  0  0  0  0  0  0  0  0  0  0  0  0  0  0  0  0  0

[[77]]
  [1] 10  7  6  5  4  7 11  7  6  4  4  5  5  5 10  4  4 11  8 12  6  5  8  4  2
 [26]  1  9  3  2  1  6 10  5  5  3  2  2  2  1  4  3  3  3  3  3  5  5  4  4  4
 [51] 11 14  8  8  8  7  6 16  9  9  6  5  6  3  3  6  8  5  8  5  4  4 12  7  5
 [76]  5  5  5  4 16 12  7  6  6  5  5  4 10  6  2  1  7  5  3  1  0  0  0  0  0
[101]  0  0  0  0  0  0  0  0  0  0  0  0  0  0  0  0  0  0  0  0  0

[[78]]
  [1]  10  21  16  14  13  11  10  10   8  10  19  18  16  11  16  17  17  16
 [19]  18  15  12   7   5   4   4   9  17   7   7   5   5  12   4   5   7   4
 [37]   3   8  16  13  16  19  32  27  31  44  41  35  34  33  36  37  62  74
 [55]  57  60  46  68  72  63  82  74  62  65  78 106 117 122 114 114 104 121
 [73] 116 123 164 138 135 152 146 165 209 222 188 200 197 203 224 250 241 259
 [91] 277 273 259 274 312 305 329 351 350 388 417 450 441 489 481 521 499 536
[109] 614 594 706 730 767 718 768 759 797 841 924 972 946

[[79]]
  [1]  10  15  20  13  12  12   9   8   6  16  13  11  11  13  12  17  23  18
 [19]  28  32  22  26  21  20  22  32  27  37  36  35  31  27  36  36  57  45
 [37]  45  36  35  47  52  45  52  57  56  63  48  59  50  43  62  46  55  52
 [55]  46  48  42  48  55  44  51  45  52  40  55  51  54  39  42  56  65  72
 [73]  75  72  78  79  98  89 109  86  92 102 102  97 108 157 168 150 158 205
 [91] 207 209 229 262 235 250 277 290 312 303 332 349 392 393 382 428 432 490
[109] 476 483 575 518 564 555 597 582 679 759 727 763 773

[[80]]
  [1]  10  20  11  10   9  20  26  20  25  28  21  31  21  19  32  31  26  17
 [19]  19  19  21  17  21  21  19  24  40  36  28  25  27  24  36  30  30  38
 [37]  30  21  34  25  30  33  27  31  35  38  29  26  43  40  37  33  32  33
 [55]  27  51  62  40  41  43  43  58  80  68  65  63  61  58  59  69  85  85
 [73]  84 102 103  90 101 108  99 101 110 126 122 140 139 140 163 145 156 162
 [91] 169 184 202 213 202 235 271 257 266 324 340 359 324 339 364 407 454 467
[109] 499 515 537 573 681 683 691 708 727 780 841 856 813

[[81]]
  [1] 10  7  4  3  6  4  3  2  6  4  3  3  3  1  1  1  1  1  1  1  1  1  0  0  0
 [26]  0  0  0  0  0  0  0  0  0  0  0  0  0  0  0  0  0  0  0  0  0  0  0  0  0
 [51]  0  0  0  0  0  0  0  0  0  0  0  0  0  0  0  0  0  0  0  0  0  0  0  0  0
 [76]  0  0  0  0  0  0  0  0  0  0  0  0  0  0  0  0  0  0  0  0  0  0  0  0  0
[101]  0  0  0  0  0  0  0  0  0  0  0  0  0  0  0  0  0  0  0  0  0

[[82]]
  [1] 10  9  4  4  1  1  0  0  0  0  0  0  0  0  0  0  0  0  0  0  0  0  0  0  0
 [26]  0  0  0  0  0  0  0  0  0  0  0  0  0  0  0  0  0  0  0  0  0  0  0  0  0
 [51]  0  0  0  0  0  0  0  0  0  0  0  0  0  0  0  0  0  0  0  0  0  0  0  0  0
 [76]  0  0  0  0  0  0  0  0  0  0  0  0  0  0  0  0  0  0  0  0  0  0  0  0  0
[101]  0  0  0  0  0  0  0  0  0  0  0  0  0  0  0  0  0  0  0  0  0

[[83]]
  [1]  10   6  17   9   7   6  14   9   8   8   7  13  10  10   8  12   7  13
 [19]  10  15  17  18  24  17  12  15  13  15  19  17  18  22  16  22  17  14
 [37]  20  16  23  16  16  13  24  22  13  19  20  16  19  22  25  23  28  21
 [55]  31  35  26  29  36  46  53  33  48  49  52  45  48  58  51  49  38  49
 [73]  56  50  51  62  74  85  88  86  84  73  67  74  87  64  68  82  70  90
 [91]  87  94  88 111 102  98  73  67  72 100 127 121 101 121 140 140 135 131
[109] 146 161 152 149 152 175 173 174 199 194 211 193 188

[[84]]
  [1]   10   16   12    9    8    7    6   16   18   13   10   15   25   20   19
 [16]   13   24   24   12   15   10   17   11   11   15   20   15   14   12   22
 [31]   16   29   25   24   26   19   21   26   31   49   32   33   31   47   59
 [46]   42   44   45   55   64   78   71   74   75   77   96   88  114  104   83
 [61]  102  113   94  101  108  116  135  157  135  138  144  145  157  151  185
 [76]  186  215  205  197  215  230  238  211  218  222  249  248  262  277  276
 [91]  279  288  337  370  333  390  441  421  409  437  478  496  487  520  592
[106]  576  591  614  680  743  757  766  783  771  853  919  905  920  990  948
[121] 1057

[[85]]
  [1]  10   6   9   8   4   4   3   2  10   7   7   6  13   9   8  11   8   7
 [19]   7   7  15  13  14   9  13  15  10   6  11  16  11  11  15  18  16  22
 [37]  17  15  20  23  33  20  25  30  31  25  22  27  43  40  39  50  47  47
 [55]  51  77  82  71  65  64  85 100  86  75  83  81 110  99  93  98 107  92
 [73]  95  97 115 120 112 112 110 111 140 135 156 167 169 172 179 150 168 180
 [91] 193 200 202 202 228 226 239 230 236 249 271 305 302 301 309 336 369 414
[109] 420 431 420 462 437 450 479 517 471 521 562 543 563

[[86]]
  [1]  10  13  11   6   7   5  15  17   7   5   4   9  14   8   9   9   7   6
 [19]  15   7   7  11  17  10   9   8  13   9  19  12  12  16  15  18  37  33
 [37]  21  19  31  27  27  27  43  39  39  34  57  50  46  42  57  56  63  50
 [55]  61  50  52  45  47  63  59  60  67  62  49  69  51  65  65  67  59  71
 [73]  73  75  73  65  69  71  70  64  72  84  72  69  80  80  74  98 105 114
 [91]  89  81  97 109 125 149 132 135 138 140 134 124 127 131 140 168 157 144
[109] 156 161 179 179 168 179 179 193 213 214 208 185 191

[[87]]
  [1] 10  7  7  6  6 11  8  4 10 17 17 13  9 13 14 23 20 12  9 14 21 25 22 19 15
 [26] 18 21 26 22 19 17 32 39 32 24 30 35 45 38 31 25 20 15 18 17 21 17 10 10  7
 [51]  6  5 11  7 13 11  8  5  5  2  2  2  1  1  1  1  1  1  1  1  5  9  9  5  4
 [76]  4  4  4  3  2  2  0  0  0  0  0  0  0  0  0  0  0  0  0  0  0  0  0  0  0
[101]  0  0  0  0  0  0  0  0  0  0  0  0  0  0  0  0  0  0  0  0  0

[[88]]
  [1]   10   21   16   11   16   11   17   23   17   16   18   17   34   43   52
 [16]   39   42   44   34   49   42   36   34   41   59   47   47   56   61   69
 [31]   76   85   97  101  102  107  129  125  108   90  114   97  117  151  143
 [46]  129  114  118  142  142  145  136  160  204  199  198  206  205  239  271
 [61]  235  279  303  303  305  303  310  323  307  333  350  348  322  368  420
 [76]  496  509  493  536  526  614  636  658  696  713  767  828  857  877  920
 [91] 1020 1056 1151 1142 1164 1175 1271 1278 1299 1342 1378 1479 1498 1522 1602
[106] 1681 1815 1831 1885 1888 1999 2033 2128 2248 2322 2420 2480 2627 2911 2977
[121] 3069

[[89]]
  [1]  10   8  12   6   5   4   3   8  14   7   7   6   5   4   4   7   8   7
 [19]   6   6   4   8  10   9   9   9  17  20  24  19  14  17  16  12   9   8
 [37]   7  14  28  26  32  22  22  17  23  23  18  20  32  28  21  18  19  18
 [55]  23  22  35  52  45  37  39  34  29  45  56  50  39  39  45  52  49  53
 [73]  60  71  73  72  60  54  62  61  58  56  57  67  67  73  72  59  68  88
 [91]  96  79  75  89  89  89  93 130 111 114 126 107 105 109 122 137 124 122
[109] 134 154 172 159 172 169 177 188 194 210 203 248 275

[[90]]
  [1]  10   5  10  10  14  15  16  14  15  11  16  17  17  17  18  12  16  23
 [19]  24  29  23  23  29  21  21  16  25  29  28  39  33  43  41  35  40  41
 [37]  32  31  36  50  60  57  46  53  75  67  68  52  64  67  85  89  80  80
 [55]  68  83  76  94  92  86  86 106 113 111  78  84  82  94  85 100 141 134
 [73] 132 119 138 131 129 138 161 146 158 182 171 160 148 211 258 287 306 291
 [91] 278 294 356 370 348 355 353 356 404 422 475 515 511 497 535 562 581 617
[109] 647 639 632 649 714 740 796 767 838 830 884 918 874

[[91]]
  [1] 10 11  8  6  8 11  7  5  2  1  1  1  1  1  1  0  0  0  0  0  0  0  0  0  0
 [26]  0  0  0  0  0  0  0  0  0  0  0  0  0  0  0  0  0  0  0  0  0  0  0  0  0
 [51]  0  0  0  0  0  0  0  0  0  0  0  0  0  0  0  0  0  0  0  0  0  0  0  0  0
 [76]  0  0  0  0  0  0  0  0  0  0  0  0  0  0  0  0  0  0  0  0  0  0  0  0  0
[101]  0  0  0  0  0  0  0  0  0  0  0  0  0  0  0  0  0  0  0  0  0

[[92]]
  [1] 10 10  8  7 12  7  5  4  4  3 11  8  5  4  4  4 10  5  1  1  0  0  0  0  0
 [26]  0  0  0  0  0  0  0  0  0  0  0  0  0  0  0  0  0  0  0  0  0  0  0  0  0
 [51]  0  0  0  0  0  0  0  0  0  0  0  0  0  0  0  0  0  0  0  0  0  0  0  0  0
 [76]  0  0  0  0  0  0  0  0  0  0  0  0  0  0  0  0  0  0  0  0  0  0  0  0  0
[101]  0  0  0  0  0  0  0  0  0  0  0  0  0  0  0  0  0  0  0  0  0

[[93]]
  [1]  10  14   6   5   5  15  10   7   8  11  10   6   3   3   3   4   3   3
 [19]   3   3   8   3   9   8  11   9   7   8   6   6  16  19  16  12   9   9
 [37]   7   7   7  12   8   8  11  13  14  12   9  14  27  19  14  11  19  16
 [55]  14  16  25  20  15  14  21  20  30  35  28  26  39  48  47  38  50  59
 [73]  86  65  67  65  55  48  44  47  65  55  55  51  58  68  77  59  71  62
 [91]  67  64  91 109 102  97  92  88 115 103 106 127 127 143 201 179 174 160
[109] 193 192 214 178 201 189 181 221 230 199 226 217 210

[[94]]
  [1]   10   11   16   17   13   15   12   16   11   20   22   13   18   12   10
 [16]   14   15   12   13   15   20   19   22   34   30   30   37   34   35   38
 [31]   36   31   38   45   42   42   62   63   55   49   60   62   56   66   63
 [46]   64   72   66   65   68   69   63   64   92   89   69   97   89   97  117
 [61]  134  143  132  143  150  143  129  162  155  165  155  196  194  194  243
 [76]  231  204  200  226  273  270  297  267  293  309  312  297  318  343  311
 [91]  321  332  340  341  342  354  390  408  404  414  392  427  462  483  468
[106]  531  559  534  554  588  605  591  616  667  700  792  793  840  897  925
[121] 1013

[[95]]
  [1]  10   6   6   6   5  11  11  10   8   6   5   3   2   5   3   7   6   4
 [19]   3   2   9   7   6   6  13  10  13  21  33  23  30  22  31  23  22  27
 [37]  15  14  13  15  14  21  16  15  26  26  22  15  25  33  32  25  18  22
 [55]  23  26  30  38  64  60  65  55  44  56  39  39  47  53  50  58  51  54
 [73]  49  48  50  56  45  73  57  61  74  92  86  84  72  69  78  97 116 117
 [91] 107 104 102  86  95 116 101  97  96 117  92 104 131 124 135 157 175 184
[109] 184 211 238 217 187 233 238 247 250 261 279 298 364

[[96]]
  [1]  10   7  11  12  21  16  24  16  15  18  13   7   5   4   6  10   9   6
 [19]   6   6  14  12  10  17  14  25  20  21  24  25  21  20  28  25  33  26
 [37]  27  24  21  33  34  35  42  35  38  43  36  39  39  45  58  85  84  74
 [55]  87  78  73 101  77  70  81  65  71  86 109 106 126 113 112 119 121 121
 [73] 111 115 114 114 138 111 100 107 101 149 155 143 155 151 191 188 179 171
 [91] 187 216 232 221 245 254 266 279 273 280 304 332 363 360 394 414 431 444
[109] 551 539 590 532 538 573 627 637 671 665 671 714 745

[[97]]
  [1] 10  6  5  3  3  6  5  4  2  1  0  0  0  0  0  0  0  0  0  0  0  0  0  0  0
 [26]  0  0  0  0  0  0  0  0  0  0  0  0  0  0  0  0  0  0  0  0  0  0  0  0  0
 [51]  0  0  0  0  0  0  0  0  0  0  0  0  0  0  0  0  0  0  0  0  0  0  0  0  0
 [76]  0  0  0  0  0  0  0  0  0  0  0  0  0  0  0  0  0  0  0  0  0  0  0  0  0
[101]  0  0  0  0  0  0  0  0  0  0  0  0  0  0  0  0  0  0  0  0  0

[[98]]
  [1] 10 14 10  7  5 16 17 14 11 10  6  6  4  4  4  4  4  4  8 19 15 17 11 10 15
 [26] 10 14 12  8 12 13 11 12  9  9 11 15 19 19 22 18 17 15 14 11  9 15 12 10 11
 [51] 19 12 12  9 16 17  8 10 15 12 10  9  6  5  5  8  4  4  2  1  4  3  2  2  6
 [76]  4  3  3  3 10  7 12  8  7  7 12 16 26 19 23 17 16 20 19  9 13 15 27 26 17
[101] 15 11 15 24 26 18 23 26 33 29 26 41 42 42 47 41 31 29 33 46 45

[[99]]
  [1] 10  6  9  5  5  6  5 10  8  5  3  3  2  2 10  8  6  8  4  3  7  3  9  7  4
 [26]  4  4  4  3  2  2  2  2  2  2  1  1  1  1  1  1  1  1  1  1  1  1 10  5  4
 [51]  4  4  4  8 11  8  8 12 11 21 10 10 13 10  8  7  6  6 11  9  6  5 17 13  9
 [76]  9 14 14 18 26 14 10 22 19 17 15 21 23 24 21 16 22 34 31 25 25 30 28 38 23
[101] 23 24 32 23 20 35 34 43 35 42 45 42 44 47 50 55 61 81 82 80 77

[[100]]
  [1]   10   12    7    4    4    9   13   10   10   12   15   17   14   13   22
 [16]   30   23   21   19   34   45   44   37   37   41   39   39   41   45   47
 [31]   45   56   72   75   59   60   60   51   49   56   81   87   82   77   90
 [46]   90   89  107   91   98   93  111  113  124  119  109  124  111  145  152
 [61]  124  121  163  180  221  228  248  210  213  178  202  249  244  248  246
 [76]  264  301  293  287  298  320  320  317  303  341  399  384  375  428  458
 [91]  484  494  489  495  496  511  564  593  575  600  614  627  700  671  692
[106]  706  732  834  822  913  919  972  913  908  991 1026 1143 1158 1166 1234
[121] 1266

[[101]]
  [1]   10   13   14   10   16   12   27   33   31   26   26   25   23   49   48
 [16]   40   40   56   57   62   63   55   44   51   67   87   72   61   67   71
 [31]   72   72   92   70   59   88   70   62   84   99   93   89   77   77   72
 [46]   65   71   70   71   77   82   84   86   85  109  104   84  102   85   78
 [61]   94  114  138  137  140  161  188  199  180  200  170  185  197  199  197
 [76]  220  209  249  244  287  265  282  280  310  298  297  289  312  340  327
 [91]  386  384  380  412  413  431  412  434  453  532  548  578  647  600  686
[106]  710  703  719  765  844  880  892  873  874  921  967 1076 1109 1128 1103
[121] 1117

[[102]]
  [1]  10   7   6  10  12  16  12  10   9  13  11  18  13  11  10  19  19  15
 [19]  16  20  21  24  26  18  22  37  39  37  34  26  21  34  34  34  44  38
 [37]  44  42  42  36  39  49  39  44  67  57  58  55  56  51  54  51  64  58
 [55]  60  65  60  55  58  78  81  80  74  75  67  53  74  70  85  74  71  60
 [73]  74  65  59  68  91  98 103  88  80  93  84  81  81 104 113 126 135 156
 [91] 177 198 187 190 222 217 223 227 210 220 274 283 313 299 291 299 323 330
[109] 385 389 395 408 412 416 441 453 486 529 574 563 592

[[103]]
  [1] 10 14  7  6  5  3  2  2  1  6  5  4  3  3  3  8  3  9  7 11  8  6  2  2  2
 [26]  1  6  8  6  4  3  3  6  9  4  9  5 10  7  3  3  2  6  4  2  2  2  6  9  6
 [51]  5  5  5  4  4  3 11 10 14  8  5  3  3  2  2  2  2  2  1  1  1  1  1  1  4
 [76]  8  5  4  3 11 15  9  8  8  6  5 10  8  7  7 14 21 14 22 17 21 27 24 23 23
[101] 20 27 35 37 34 41 38 40 40 40 49 61 60 45 54 67 67 78 84 84 88

[[104]]
  [1]   10   17   21   25   18   16   20   31   42   40   28   27   23   41   50
 [16]   43   42   44   67   59   53   43   48   60   57   53   56   67   74   78
 [31]   71  108  113  113  109   98   97  110  130  118  104   96  120  115  108
 [46]  116  113  115  116  126  125  111  122  129  177  183  167  174  132  163
 [61]  180  164  160  200  194  164  196  187  192  181  174  208  203  220  220
 [76]  232  233  247  283  279  298  333  337  384  391  425  448  471  461  466
 [91]  506  531  553  558  535  545  621  597  647  705  753  755  774  843  835
[106]  878  984 1029 1102 1145 1101 1122 1249 1356 1247 1310 1337 1389 1452 1500
[121] 1558

[[105]]
  [1] 10 10  8  3  2  2  2  2  9 10 12  8  6  2  2  2  2  1  1  0  0  0  0  0  0
 [26]  0  0  0  0  0  0  0  0  0  0  0  0  0  0  0  0  0  0  0  0  0  0  0  0  0
 [51]  0  0  0  0  0  0  0  0  0  0  0  0  0  0  0  0  0  0  0  0  0  0  0  0  0
 [76]  0  0  0  0  0  0  0  0  0  0  0  0  0  0  0  0  0  0  0  0  0  0  0  0  0
[101]  0  0  0  0  0  0  0  0  0  0  0  0  0  0  0  0  0  0  0  0  0

[[106]]
  [1]   10   13   14   16   21   21   20   38   35   41   36   36   35   40   39
 [16]   40   46   53   59   69   95   82   90   94   94   83   75   94  105  112
 [31]  114  111  101  119  131  125  178  202  183  184  183  209  203  212  247
 [46]  318  329  315  305  332  324  377  373  376  376  418  475  477  466  486
 [61]  566  591  595  610  637  659  658  706  719  728  745  838  810  869  922
 [76]  924  949  973  939 1020 1044 1094 1175 1141 1269 1286 1297 1289 1362 1479
 [91] 1451 1539 1575 1612 1707 1722 1824 1850 1953 1999 2160 2270 2352 2407 2575
[106] 2642 2814 3052 3101 3136 3222 3225 3371 3620 3919 4039 4225 4254 4532 4652
[121] 4867

[[107]]
  [1]   10   17   23   19   20   12   17   25   24   35   26   17   24   27   22
 [16]   23   38   42   47   47   41   57   56   48   51   46   49   64   71   67
 [31]   72   81   85   90   84  100   96  101  104   94  123  131  113  121  124
 [46]  119  110  143  165  179  182  186  177  173  164  142  175  187  192  183
 [61]  186  194  197  230  238  267  301  291  299  320  339  338  349  385  394
 [76]  400  437  432  417  427  498  535  576  530  571  597  630  700  749  774
 [91]  811  896  931 1001  986 1035 1095 1118 1082 1076 1178 1178 1278 1251 1265
[106] 1298 1498 1582 1655 1797 1803 1812 1928 1990 2076 2093 2291 2372 2415 2502
[121] 2616

[[108]]
  [1]   10   16   12   18   12   10   15   12   11   12   22   26   29   24   19
 [16]   19   44   51   36   33   41   47   49   55   48   60   56   66   57   54
 [31]   49   73   95   85   94  110   89   89  118  102   94  105  107  164  155
 [46]  150  140  137  146  153  136  178  163  170  200  213  202  191  206  191
 [61]  207  201  230  216  214  251  256  252  270  270  288  283  300  277  318
 [76]  300  367  389  397  397  376  427  472  454  435  491  512  472  522  543
 [91]  527  534  542  590  637  654  680  718  704  711  656  751  769  786  761
[106]  766  858  923  914  936 1052 1105 1144 1147 1172 1144 1253 1289 1396 1488
[121] 1498

[[109]]
  [1]  10   7  13  24  16  12  11  11  24  20  16  13  11  14  10   8   7   3
 [19]   3   6  11   6   6   6   6  14  17  12  11   8   7   4  10   7  14  16
 [37]  14  11  13  14  21  24  22  18  20  16  19  19  20  21  22  24  29  24
 [55]  23  24  13  16  18  16  19  16  19  20  31  27  18  13  20  19  19  25
 [73]  21  20  34  35  28  21  34  33  31  42  41  41  50  71  60  58  50  50
 [91]  48  65  86  76  66  53  58  83  72  71  69  72  71  90  95  90 108  85
[109] 103  95 110 105 106 127 147 138 116 117 104 109 107

[[110]]
  [1]   10    5   10    7    6   10   15   17   20   28   28   37   37   32   29
 [16]   33   35   40   31   26   32   28   40   31   39   34   41   41   37   46
 [31]   43   39   44   58   54   49   34   56   55   69   77   99   89   84   96
 [46]  118  123  109  142  131  109  125  129  141  144  148  143  176  163  201
 [61]  192  197  216  209  197  220  216  236  258  257  260  276  318  300  316
 [76]  334  323  336  357  396  418  470  442  424  421  455  429  480  444  427
 [91]  469  547  543  588  620  662  681  678  666  703  746  828  876  939  940
[106]  917  924  981  972 1048 1167 1223 1227 1222 1260 1340 1314 1456 1556 1696
[121] 1660

[[111]]
  [1]  10  14  13   7  16  17   9   7  15  14  15  18  15  18  17  15  15  12
 [19]  21  33  42  51  48  44  31  32  36  53  41  41  41  42  33  31  35  38
 [37]  37  28  30  28  36  34  32  33  32  34  31  38  32  28  20  17  28  32
 [55]  23  30  32  30  40  40  30  45  42  38  43  62  55  52  51  40  47  60
 [73]  70  78  84  78  79  84 104 102 110 102 116 106  86  93 135 148 127 130
 [91] 123 119 102 111 113 111 104 110 117 100 115 125 148 149 150 153 150 154
[109] 149 140 153 164 147 173 197 206 190 217 228 265 273

[[112]]
  [1]  10  20  19  14  16  21  35  24  19  23  18  15  17  19  21  21  15  11
 [19]  13  23  24  20  18  15  22  15  18  29  20  31  25  22  19  18  33  41
 [37]  28  26  27  34  41  35  55  70  56  72  71  81  88  71  73  54  58  75
 [55]  98  72  88  80  78 104 104  97 106 103  89 103 100 119 112 118 114 109
 [73] 136 120 127 162 157 162 169 148 142 169 179 209 214 219 213 209 221 253
 [91] 264 303 308 286 278 323 312 324 356 403 392 396 407 402 417 441 487 466
[109] 495 529 572 547 579 619 645 685 687 704 765 777 806

[[113]]
  [1]  10  12  21  15  20  21  25  19  22  22  19  17  13  15  14  23  17  14
 [19]  16  19  22  31  27  29  27  41  45  39  32  30  38  41  56  64  64  61
 [37]  65  68  66  86  75  78  81  65  47  60  63  67  69  61  75  56  62  67
 [55]  60  58  70  72  75  71  79  71  71  85  93  82  79  95  85  93  85  90
 [73]  85 108 112 122 120 121 130 138 150 139 131 129 133 124 146 154 199 187
 [91] 193 195 220 235 188 182 238 221 230 260 250 229 230 253 227 240 298 327
[109] 315 295 304 316 325 343 394 374 395 417 444 480 455

[[114]]
  [1]  10   9   6   7  11  20  16  17  13  17  13  19  18  16  19  16  17  13
 [19]  12  21  28  24  25  22  26  29  24  22  18  16  14  24  16  15  11  10
 [37]   9  18  21  16  14  23  24  35  23  23  34  31  22  18  23  37  25  25
 [55]  32  28  23  21  19  28  28  25  21  24  32  24  22  24  31  28  28  25
 [73]  26  36  26  38  37  38  37  59  61  60  55  43  49  69  65  64  71  92
 [91] 107 104 113 107 111 115 130 150 156 152 149 148 187 195 205 213 190 184
[109] 190 200 217 215 207 221 225 262 240 282 268 279 269

[[115]]
  [1] 10  8 13  8  7  9 14 12 17 13 14 14 17 12  9 15 17 19 14 25 27 20 20 15 12
 [26] 11 10  8  5  4  3  8  6 10 18 14 10 10 12 22 20 15  9 12  9  8  6  6  9  8
 [51]  6  8  8  6 10  6 10  7  6  6 14 19 19 21 15 10  7  6  9 12 16 10  9 11 11
 [76] 14 23 14 14 11  8 17 11 17 28 25 23 20 22 17 22 21 19 13 17 21 17 16 19 22
[101] 23 17 13 30 30 23 20 16 14 16 23 21 18  9  9  8 15 32 37 28 26

[[116]]
  [1]  10   7   6   6   5   3   2   7   5   4   4   4   4   4   4  12   6   6
 [19]   5  11   9   7   6   8  11   6   8   6   5   4   4   4   4   9   6   5
 [37]   4   4   4   9   6  10  15  12  18  17  19  19  23  22  23  14  13  18
 [55]  18  21  18  13  12  18  22  16  11  11  15  13  13  15  12  12  13  14
 [73]   8   6   6   9  13   7   7   2   2  10   7   6  10  14   6   5   4   4
 [91]  15  20  16  21  18  20  23  16  25  25  24  22  26  20  29  22  23  29
[109]  46  49  51  44  55  73  72  77  83 121  88  74  76

[[117]]
  [1]   10    8    6    5   10    8    6    6   11   15   12   11   18   20   22
 [16]   17   24   28   41   41   37   33   40   46   54   60   45   44   49   65
 [31]   62   60   55   46   45   56   53   50   50   53   44   50   48   56   61
 [46]   52   59   68   72   61   65   57   69   63   75   74   73   74   75   74
 [61]   68   99   97   85   92  104  126  121  114  118  131  141  192  223  216
 [76]  216  264  302  335  323  316  325  370  381  418  419  468  521  473  518
 [91]  550  582  582  607  615  672  695  701  774  771  773  833  811  903  898
[106]  930  953 1002 1092 1054 1112 1165 1220 1305 1333 1411 1510 1621 1632 1562
[121] 1682

[[118]]
  [1]   10   10   12   16   16   16   13   11   10   13   12   12   19   20   15
 [16]   15   33   21   27   25   20   23   21   30   18   23   23   18   20   28
 [31]   39   31   26   23   31   37   41   52   40   33   27   52   51   48   61
 [46]   57   67   72   77   93   91  107   95  110   88  100   97  141  154  152
 [61]  121  155  188  165  166  179  168  201  222  230  227  235  262  257  256
 [76]  256  272  283  325  301  328  346  397  388  475  460  499  489  516  515
 [91]  525  557  569  575  676  685  677  736  785  774  793  890  929  953 1014
[106] 1083 1046 1112 1201 1202 1188 1263 1271 1386 1461 1405 1481 1591 1548 1669
[121] 1738

[[119]]
  [1]   10    8   12   25   19   30   23   26   20   23   24   21   30   30   34
 [16]   33   38   46   39   48   48   39   33   26   34   34   50   41   41   50
 [31]   48   35   41   58   61   60   63   58   63   88   86   99  107  128  133
 [46]  112  113  111  129  176  164  164  163  143  153  189  210  195  214  205
 [61]  196  231  239  225  216  260  278  281  270  296  352  350  361  346  377
 [76]  380  405  426  433  425  431  438  457  479  526  606  598  576  565  666
 [91]  636  682  708  756  726  753  781  768  831  874  917  921  976  968 1024
[106] 1128 1165 1239 1271 1299 1375 1416 1523 1517 1574 1661 1825 1929 1912 1952
[121] 2006

[[120]]
  [1]  10  11   9  12  12  14  10   8   7  10   9  16  17  16  10   7  13  15
 [19]  12  22  23  33  18  19  22  21  24  27  28  31  29  24  31  26  26  35
 [37]  42  29  26  25  36  46  46  43  42  36  28  30  29  33  35  24  23  19
 [55]  15  22  25  27  28  28  30  29  25  21  39  31  37  31  26  29  32  36
 [73]  42  38  32  38  30  38  46  36  43  37  33  36  31  42  52  74  81  78
 [91]  77  99 101  78  83  77  85 108  99 113  92 110 116 141 158 157 167 137
[109] 141 126 116 143 200 180 193 176 185 185 194 216 243

[[121]]
  [1]   10   11   13   16   13   16   11   11   14   21   17   11    9   11   13
 [16]   15   14   17   14   10   18   33   33   26   22   23   39   29   37   32
 [31]   32   29   34   24   31   28   31   30   45   32   30   38   35   45   45
 [46]   43   35   44   70   72   81   65   61   80  117  134  128  137  168  161
 [61]  183  195  176  189  210  203  211  221  226  245  224  228  254  268  285
 [76]  277  284  347  387  367  349  342  372  344  360  394  403  436  452  457
 [91]  505  549  524  565  580  636  651  680  663  715  728  662  731  726  734
[106]  788  813  802  797  867  933  898  953  981  993 1081 1143 1201 1279 1300
[121] 1355

[[122]]
  [1]   10   15   15   14   24   28   27   23   17   31   30   27   35   42   28
 [16]   32   23   46   31   33   29   25   38   30   26   32   24   33   25   38
 [31]   36   38   46   51   41   50   44   62   62   65   71   77   82   91   94
 [46]  103  106  127  115  125  126  134  137  140  145  194  227  242  214  204
 [61]  220  229  234  248  267  246  248  268  289  334  369  338  346  392  385
 [76]  450  440  518  530  552  531  570  580  627  622  677  683  739  756  747
 [91]  762  758  769  805  883  908  859  901  958  991 1033 1016 1053 1170 1254
[106] 1274 1266 1317 1448 1542 1622 1689 1738 1841 1959 1964 2020 2202 2299 2341
[121] 2371

[[123]]
  [1]  10  18  14  13   9   8   7   7   5   5   9   6   6  10   7  12  12  12
 [19]  15  13  12   9  21  16  23  19  15  16  20  16  28  32  32  21  19  23
 [37]  29  23  32  29  39  32  34  36  26  36  32  42  33  27  47  51  53  60
 [55]  60  70  54  77  66  68  76  67  65  75  83  96 106  96  81  98  81  78
 [73]  79  81  86 108  99  89  96 106 119 116 115 122 133 120 123 111 149 140
 [91] 143 165 181 177 176 198 206 199 190 222 258 276 261 275 297 283 305 299
[109] 323 315 328 363 383 384 388 435 414 421 435 436 478

[[124]]
  [1] 10  8  5  3  5  3  7 12 11 16 12  9  8  5  5 11 12  9  7 10  8 19 16 17 13
 [26] 16 22 23 20 15 21 22 21 19 16 13 17 14 13 26 18 10  9 13 17  8  6  6 11  9
 [51]  9  9  8  7  4  6  8  8 10  7  6  5  9  6  6  4  3  3  8  6  6  6  5  3  2
 [76]  2  5  7  3  3  3 11  7  3  3  3  8 12  8  8  8  5  4  2  2  7  6  6  6 25
[101] 33 38 27 25 23 29 24 26 33 26 30 29 31 34 39 31 34 49 40 36 28

[[125]]
  [1]  10  13  12  22  17  12  10   8   9   8  16  23  24  17  12  11  15  10
 [19]  22  29  17  15  21  19  24  23  16  12  20  18  13  13  14  20  26  30
 [37]  35  36  32  25  24  35  40  42  51  49  39  51  47  41  35  44  36  40
 [55]  40  34  39  25  35  48  51  47  49  43  38  72  68  68  68  69  82  79
 [73]  69  75  78  92 111 107  95 114 137 150 163 164 163 156 164 170 205 198
 [91] 211 203 223 250 260 250 257 261 301 333 336 337 370 351 368 385 423 430
[109] 413 443 465 477 463 506 526 546 523 589 609 548 591

[[126]]
  [1]  10  18  12  16  21  16  17  15  16  20  14  23  20  23  26  27  26  29
 [19]  23  19  27  40  38  35  27  29  27  29  36  38  52  40  45  45  44  47
 [37]  55  56  43  49  45  44  46  53  40  49  57  68  71  56  57  50  69  76
 [55]  84 111 100  94  91  86  89  84  78  82  91  88  89  77 112 126 129 108
 [73] 111 117 155 143 150 172 144 147 150 134 158 172 170 189 208 219 242 254
 [91] 286 272 284 326 345 324 321 328 350 366 392 387 402 427 462 494 480 452
[109] 469 496 497 518 552 570 597 685 692 714 733 712 760

[[127]]
  [1]  10  14   8  12  17  13  24  18  16  13  13  13   9   8   7   9  11   8
 [19]  17  12  11  10  15  17   9  11   8   8  13  13  10  11   7  11   7   5
 [37]   5   4   8   8   6   6   5   4  10  12   6   5   3   4  10   8   6   6
 [55]   6  15  16  13  19  15  19  17  18  14  12  10   9   7   8  13  17  15
 [73]  15  11  18  15  17  17  21  17  16  17  11  10   8  20  35  34  34  26
 [91]  24  29  26  24  22  43  52  47  61  57  69  78  81  82  75  79  68 104
[109] 101 108 109 129 138 124 115 122 115 116 135 143 119

[[128]]
  [1]   10   18   17   17   19   20   22   19   17   17   15   13   14   11   10
 [16]    8   13   21   23   26   13   11   13   11   16   22   20   14   15   12
 [31]   17   19   23   29   32   42   31   36   36   35   37   64   53   39   42
 [46]   34   51   71   75   72   75   70   55   68   89   92   96   87   89   99
 [61]   97  110  111  143  132  134  155  170  167  174  170  183  179  203  185
 [76]  191  230  228  208  225  243  288  286  292  271  297  323  340  374  421
 [91]  441  469  479  478  511  522  565  580  619  616  695  724  724  744  727
[106]  773  866  890  948  980  980 1006 1107 1122 1184 1323 1373 1488 1624 1593
[121] 1756

[[129]]
  [1]   10   14   12   17   20   12   16   17   16   16   24   16   12    9   14
 [16]   15   29   25   29   20   18   23   14   16   13   18   19   31   27   25
 [31]   31   29   23   32   30   29   39   27   33   38   32   28   35   47   48
 [46]   50   60   58   68   73   81   60   57   57   56   66   68   66   68   59
 [61]   63  101   95  100   81   85   98  141  140  133  135  117  125  122  123
 [76]  111  127  126  124  147  160  179  187  186  192  242  259  280  267  271
 [91]  289  308  309  343  372  394  429  418  458  500  581  525  518  552  629
[106]  626  702  715  737  744  796  852  824  868  954  970 1035 1079 1105 1124
[121] 1171

[[130]]
  [1]   10   10   24   14   14   12   14   25   27   31   33   25   22   31   40
 [16]   26   22   27   29   22   34   29   28   33   31   41   50   38   41   56
 [31]   57   60   66   71   66   67   53   61   92  111  122  125  119  146  156
 [46]  177  200  183  182  219  222  213  220  238  224  227  263  280  296  307
 [61]  273  286  310  295  267  299  320  345  329  342  339  309  323  347  341
 [76]  393  407  397  397  445  445  460  494  492  523  540  536  626  670  711
 [91]  747  785  809  808  779  881  913  974  971 1055 1129 1209 1270 1263 1320
[106] 1405 1498 1592 1681 1669 1831 1910 2059 2145 2226 2279 2287 2380 2498 2594
[121] 2595

[[131]]
  [1]  10  15  11   8   6   7   6   9  21  12  11  13  12  13   7   7   6  10
 [19]  14   9  18  13  12  10  14  11  14  15  15  13  11   9   6   6   6   9
 [37]   6   6  13   9  13  10   6   5   4  10  14  11  16  12  13  11  16  18
 [55]  14  13  18  18  21  17  14  20  17  18  26  24  16  13  18  13  21  32
 [73]  30  38  34  41  42  42  39  35  32  31  37  38  42  45  35  30  35  36
 [91]  49  47  46  44  45  58  42  65  54  66  69  74  84  84  97  96 112 106
[109] 125 148 155 140 161 165 178 206 222 211 205 204 240

[[132]]
  [1]  10  12  10   6   8  11   6  10   4   4   4  10   6   9  14  15  11  16
 [19]  11  14  12  13  17  15  12  18  13  11  20  20  19  30  29  24  24  27
 [37]  25  23  17  20  16  15  14  23  23  19  15  12  25  16  15  14  14  10
 [55]  15  15  22  23  35  22  23  19  22  39  29  20  25  28  27  26  21  26
 [73]  50  37  30  30  26  24  23  27  33  25  37  38  37  46  52  40  47  43
 [91]  42  38  44  66  67  69  66  66  76  94  90  88  77  72  75  81 100  78
[109]  74  82  72  94  93  94  97  95 103 101 113 104 126

[[133]]
  [1] 10  8  7  5  4 10 14 11  6  5  3  2  2  6  2  2  2  2  3  2  2  5  3  2  1
 [26]  1  1  1  1  1  1  1  1  0  0  0  0  0  0  0  0  0  0  0  0  0  0  0  0  0
 [51]  0  0  0  0  0  0  0  0  0  0  0  0  0  0  0  0  0  0  0  0  0  0  0  0  0
 [76]  0  0  0  0  0  0  0  0  0  0  0  0  0  0  0  0  0  0  0  0  0  0  0  0  0
[101]  0  0  0  0  0  0  0  0  0  0  0  0  0  0  0  0  0  0  0  0  0

[[134]]
  [1]   10    7   17   17   14   11   10   14   21   14   19   15   16   13   13
 [16]   19   14   16   12   15   16   13   23   30   22   36   37   32   40   46
 [31]   57   60   62   75   70   62   55   60   47   45   56   69   64   69   56
 [46]   48   72   87   94   87   80   88   85  105  119  113  148  135  129  128
 [61]  124  137  157  150  170  179  167  178  179  202  224  217  221  199  203
 [76]  229  257  306  321  310  293  391  365  398  418  383  410  470  471  513
 [91]  528  584  575  586  661  690  661  725  724  771  767  833  907  933  953
[106]  962 1031 1109 1084 1203 1211 1265 1262 1339 1428 1449 1562 1589 1682 1731
[121] 1737

[[135]]
  [1]  10   9  10  11  20  22  16  15  11   7   6  11   6   4  12  14  14  12
 [19]  11  11  11  13  29  27  19  17  15  11   7   7  13   8  16  15  11  10
 [37]  16  17  19  17  33  34  34  32  38  38  38  38  35  39  41  40  41  39
 [55]  47  66  55  54  65  78  67  70  80 102 111  92 109 117 111 105 119 133
 [73] 128 145 142 159 153 177 180 160 158 166 178 231 242 238 257 244 238 219
 [91] 246 243 247 222 232 254 253 271 289 267 266 278 338 365 339 370 367 392
[109] 406 400 461 454 455 527 569 545 544 565 572 572 566

[[136]]
  [1]  10   9   6  12   8   8   6   6  10   5   5   7   4   2   2   5   4   3
 [19]   3   3   8   6   4   4   3   3   2   2   2   4   5   4   3   3   3  14
 [37]  13  10   7  12  17  11   9   8  19   9  15  13  14  10   8  16  16  21
 [55]  20  12  22  19  14  10   8   9   8  26  28  34  21  27  27  30  46  45
 [73]  37  37  40  37  27  35  40  49  35  55  64  60  52  55  66  76  85  73
 [91]  64  63  81  89  84  72  65  72  67  72  88  75  78 105 121 141 122 113
[109] 123 153 169 171 169 172 188 166 168 200 235 241 255

[[137]]
  [1]  10  13   8   6  10  13   8   5   2   2   1   1   8   6   6   5   4   5
 [19]   2   2   1   1   1   1   1   1   1   1   6   7   4   3   3   3   2   1
 [37]   1   8   8   4   3   7   6   5  11   7  13  10  21  17  14  21  23  22
 [55]  24  16  25  20  22  29  38  29  24  26  21  20  21  18  23  19  15  29
 [73]  22  28  21  31  21  19  34  36  35  42  37  37  31  57  56  49  43  51
 [91]  48  76  63  63  69  63  77  73  66  96  98 101  96  81  91  73 105 134
[109] 125 133 127 131 114 109 102 119 109  95 103  98  99

[[138]]
  [1]   10   16    9   11   17   12    9    8   13   20   21   16   15   16   25
 [16]   19   22   16   20   23   32   35   32   36   42   36   35   31   29   25
 [31]   36   40   33   41   26   27   21   42   54   44   41   48   54   59   56
 [46]   46   49   55   76   71   76   73   74   87   77   73   84  102  127  122
 [61]  156  132  151  145  180  168  200  166  170  153  188  206  210  231  246
 [76]  241  250  273  276  278  280  286  400  413  365  429  464  515  492  505
 [91]  472  509  548  568  614  599  624  710  661  655  605  614  623  649  669
[106]  700  703  739  734  738  778  835  845  845  941  970  949  940  961 1091
[121] 1108

[[139]]
  [1] 10 10  7  6  5  8 13 14  9  7  3  3  2  6  4  2  2  1  1  1  1  1  1  1  1
 [26]  0  0  0  0  0  0  0  0  0  0  0  0  0  0  0  0  0  0  0  0  0  0  0  0  0
 [51]  0  0  0  0  0  0  0  0  0  0  0  0  0  0  0  0  0  0  0  0  0  0  0  0  0
 [76]  0  0  0  0  0  0  0  0  0  0  0  0  0  0  0  0  0  0  0  0  0  0  0  0  0
[101]  0  0  0  0  0  0  0  0  0  0  0  0  0  0  0  0  0  0  0  0  0

[[140]]
  [1]   10   15   18   18   13   10   21   15   10   10   11   12    8   14   17
 [16]   23   24   25   28   32   46   41   31   38   34   43   39   40   44   41
 [31]   55   51   53   45   54   51   56   63   55   64   79   70   72   79   74
 [46]   78   98   92  102  120  129  135  119  112  129  144  166  183  167  173
 [61]  220  198  183  199  219  234  225  255  267  253  264  294  299  298  325
 [76]  326  352  340  339  396  387  430  437  426  450  485  521  481  514  494
 [91]  578  576  532  543  646  684  662  682  722  817  851  828  975  950  989
[106] 1068 1045 1051 1076 1244 1289 1418 1383 1457 1531 1588 1643 1674 1710 1852
[121] 1818

[[141]]
  [1]   10   16   25   16   15   15   15   23   23   23   17   35   33   41   39
 [16]   45   42   52   38   54   52   65   61   51   66   77   68   71   64   77
 [31]   75  101  106  127  115  110  106  136  172  160  157  145  159  193  207
 [46]  205  204  232  236  250  248  305  334  309  320  307  331  324  361  398
 [61]  390  405  393  416  415  481  509  481  512  546  519  535  572  653  662
 [76]  707  790  797  844  836  908  953  965 1050 1132 1197 1198 1240 1254 1354
 [91] 1347 1384 1498 1581 1627 1632 1766 1849 1836 2019 2083 2174 2238 2357 2486
[106] 2452 2555 2630 2822 2914 2981 3134 3206 3227 3364 3574 3586 3714 3887 4021
[121] 4286

[[142]]
  [1]   10    8   17   19   15   12   18   14   25   39   46   46   39   48   43
 [16]   49   55   37   38   55   60   54   44   58   57   54   51   53   55   65
 [31]   64   54   48   49   61   62   68   85   95   99  100  111  109   99  112
 [46]  136  117  124   93  118  136  130  149  143  119  127  142  136  162  156
 [61]  164  167  157  172  175  206  208  226  250  235  264  268  307  330  386
 [76]  363  341  379  432  434  431  451  453  493  513  545  489  576  566  612
 [91]  638  674  687  692  707  705  729  718  751  879  937  969  911  976  990
[106] 1088 1081 1111 1161 1232 1294 1346 1337 1348 1405 1435 1489 1544 1585 1646
[121] 1715

[[143]]
  [1]  10  14  15  16  20  21  15  12  17  25  21  17  13  15  21  39  35  39
 [19]  26  24  18  36  54  38  35  28  22  32  26  25  25  27  26  19  14  14
 [37]  21  14  19  19  28  33  34  30  32  39  33  41  42  38  27  35  32  38
 [55]  49  41  43  40  53  69  72  72  71  70  67  61  56  48  68  82  99  97
 [73] 106 102 117 117 113 128 144 157 177 176 180 207 207 196 194 201 188 190
 [91] 193 212 189 201 180 178 198 203 192 183 234 255 258 267 241 285 273 313
[109] 326 337 351 342 341 360 358 411 403 444 457 494 533

[[144]]
  [1]  10  16  10   8  10  17  15  10   8  12   9   8   9  17  17  13  11   9
 [19]  12   8  10  15  16  16  23  14  18  15  12  11   9  11  12  20  15  19
 [37]  17  17  21  17  14  11  10  19  13  13   8  11  14   8   8   6  10  19
 [55]  15  10  19  14  11  15  15  24  23  17  16  14  18  25  18  15  13  13
 [73]  19  19  26  30  24  23  27  25  24  21  41  37  52  58  56  74  64  77
 [91]  68  68  99  86  86 101 100 103  96  94 100 126 137 136 157 160 179 180
[109] 187 207 180 155 210 234 232 251 203 197 232 234 250

[[145]]
  [1]  10  10   9   6   6   6  11   7   6   9  11   8   5   5   4   3   1   1
 [19]   1   1   1   1   1   1   3   2   1   1   1   1   1   1   1   7   4   3
 [37]   3   3   6   3   3   2   2   2   2   8   4   3   3   3   7  13   9   5
 [55]   5  11   8   7   6  10  25  15  12   8  13  11  18  16  10   9   9  21
 [73]  18  22  25  27  23  23  18  26  14  27  28  23  34  32  51  44  47  51
 [91]  46  65  64  60  48  66  62  82  77  68  62  55  57  54  65  74  67  75
[109]  70  69  88 106  98  94 119 131 125 117 141 132 159

[[146]]
  [1]   10   17   17   13    9    8    7    7   14   15    7    9   11    9    8
 [16]    8   14   17   16   21   20   31   44   39   34   46   62   83   86   69
 [31]   58   69   88  103  128  127  142  132  133  132  135  121  129  138  136
 [46]  135  166  171  186  179  187  179  204  225  242  285  301  321  310  302
 [61]  376  367  367  409  385  452  450  524  474  504  489  496  509  534  534
 [76]  539  610  569  593  670  693  677  666  672  712  772  830  867  880  825
 [91]  844  966  998 1062 1109 1131 1199 1323 1427 1482 1508 1516 1499 1695 1789
[106] 1918 2005 2063 2134 2240 2309 2493 2452 2598 2735 2849 2899 2991 3122 3166
[121] 3290

[[147]]
  [1]   10   11   13   18   17   23   17   18   14   18   16   16   18   15   12
 [16]   16   18   18   15   14   27   24   24   32   32   29   36   26   40   41
 [31]   42   54   45   59   49   42   59   67   70   59   62   42   39   66   59
 [46]   58   54   66   63   77   63   61   66   62   65   67   68   72   69   72
 [61]   75   83   84   98   96  100  122  131  159  174  165  169  186  184  165
 [76]  172  244  285  249  246  272  254  265  281  286  312  315  317  318  351
 [91]  360  360  405  415  446  483  484  550  585  593  599  624  671  699  723
[106]  744  787  885  914  872  939 1020 1121 1059  999 1014 1082 1122 1155 1170
[121] 1290

[[148]]
  [1]   10   15   13   12   19   13   17   16   16   24   23   22   22   29   43
 [16]   42   45   44   53   59   54   56   59   85   77   96   85   90   86   94
 [31]   95  105   94   93  119  114   99  121  110  151  159  146  130  142  186
 [46]  225  215  191  194  188  239  213  203  232  244  254  250  265  272  283
 [61]  328  359  358  348  368  386  419  399  410  419  459  487  535  510  481
 [76]  567  552  604  586  652  659  675  675  731  738  777  772  829  906  969
 [91]  952 1049 1041 1079 1154 1231 1287 1281 1321 1418 1498 1520 1600 1693 1792
[106] 1862 1870 1963 1957 2081 2195 2195 2284 2377 2519 2549 2691 2820 2877 3033
[121] 3098

[[149]]
  [1]  10  14  11  26  21  17  12  10  10   8  10   8  10  13  18  16  14  17
 [19]  14  22  20  16  12  22  20  14  13  10  16  11  13  11  18  17  23  17
 [37]  17  25  25  22  19  30  20  18  27  21  26  23  42  46  54  49  52  42
 [55]  46  38  55  75  70  63  68  79  93  79  62  67  84  98  74  79  83  92
 [73]  79  79  83  70  72  95  85  91  90 105  99 108  98 127 124 104 107 118
 [91] 110 157 146 150 150 130 122 140 155 190 165 167 173 167 173 200 173 191
[109] 198 230 244 233 244 258 251 279 271 290 306 331 323

[[150]]
  [1]   10   14   15   33   29   35   35   31   35   42   46   50   41   65   71
 [16]   65   74   78   96   97   70   87   84   89  104  103  117  125  143  120
 [31]  109  112  142  143  129  138  129  153  163  152  145  154  154  170  166
 [46]  178  199  202  191  211  220  225  240  254  249  239  245  260  277  276
 [61]  303  315  317  352  351  381  386  422  443  516  543  557  553  607  578
 [76]  611  603  631  711  686  726  728  764  860  905  899  941  977 1035 1090
 [91] 1042 1131 1153 1207 1267 1340 1427 1429 1581 1567 1589 1761 1803 1960 1949
[106] 2090 2058 2165 2271 2414 2368 2427 2511 2611 2639 2764 2879 3127 3245 3353
[121] 3561

> save(reslist, file=paste("output",iter,".rda",sep=""))
> 
> 
> ###############################################################
> 
> 
> # Clear the workspace and turn off graphics.
> #  Load all the functions you need by sourcing the provided demographic.R file
> #  Read in the job number from the cluster. To do this, your code should include a new
> # variable iter and should start with the line:
> # iter <- as.numeric(Sys.getenv(PBS_ARRAY_INDEX))
> #  Control the random number seeds so that each parallel simulation takes place with a
> # different seed. Your function should therefore set the random number seed as iter so that
> # each parallel simulation has a unique random seed.
> #  In each parallel run, select the initial condition to be used. Ensure that 25 of the parallel
> # simulations are allocated to each of the initial conditions.
> #  Create a variable which is the filename to store your results. The end of the filename
> # should be the number iter to ensure that simulation files do not overwrite one another on
> # the cluster.
> #  Initialise a list which will contain the results of your 150 simulations.
> #  Call the stochastic_simulation function to do the appropriate simulation 150 times,
> # appending the output to the results list, and then save the results list.
> 
> #four initial conditions (25 cluster runs per)
> #each cluster run runs simulation 150 times
> #1) large population of 100 adults
> #2) small population of 10 adults
> #3) 100 individuals spread
> #4) small population of 10 individuals
> 
R has finished running

============================================

        Job resource usage summary 

                 Memory (GB)    NCPUs
 Requested  :         1             1
 Used       :         0 (peak)   1.00 (ave)

============================================
