R is about to run

R version 4.4.1 (2024-06-14) -- "Race for Your Life"
Copyright (C) 2024 The R Foundation for Statistical Computing
Platform: x86_64-conda-linux-gnu

R is free software and comes with ABSOLUTELY NO WARRANTY.
You are welcome to redistribute it under certain conditions.
Type 'license()' or 'licence()' for distribution details.

R is a collaborative project with many contributors.
Type 'contributors()' for more information and
'citation()' on how to cite R or R packages in publications.

Type 'demo()' for some demos, 'help()' for on-line help, or
'help.start()' for an HTML browser interface to help.
Type 'q()' to quit R.

> 
> 
> growth_matrix <- matrix(c(0.1, 0.0, 0.0, 0.0,
+ 0.5, 0.4, 0.0, 0.0,
+ 0.0, 0.4, 0.7, 0.0,
+ 0.0, 0.0, 0.25, 0.4),
+ nrow=4, ncol=4, byrow=T)
> 
> reproduction_matrix <- matrix(c(0.0, 0.0, 0.0, 2.6,
+ 0.0, 0.0, 0.0, 0.0,
+ 0.0, 0.0, 0.0, 0.0,
+ 0.0, 0.0, 0.0, 0.0),
+ nrow=4, ncol=4, byrow=T)
> 
> clutch_distribution <- c(0.06,0.08,0.13,0.15,0.16,0.18,0.15,0.06,0.03)
> 
> #=========================================================================================
> rm(list=ls())
> graphics.off()
> source("Demographic.R")
> source("kl2621_HPC_2024_main.R")
[1] 0 0 0 0 3
[1] 3 3 2 2 2
[1] 1 1
 [1] 7 4 3 1 1 1 1 1 1 1 1 1 1 1 1 1 1 1 1 1 1
> 
> 
> ###4 initial conditions
> 
> ############################################################
> 
> 
> 
> #VVVVVVVVVVVV-------------COMMENT ME OUT WHEN RUNNING THE THING
> #iter <- 5
> #VVVVVVVVVVV--------------UNCOMMENT ME OUT
> iter <- as.numeric(Sys.getenv("PBS_ARRAY_INDEX"))
> set.seed(iter)
> 
> 
> if (iter <= 25) {
+ initial_state <- state_initialise_adult(4,100) #100 adults
+ } else if (iter >25 && iter <= 50) {
+ initial_state <- state_initialise_adult(4,10) #10 adults
+ } else if (iter >50 && iter <= 75) {
+ initial_state <- state_initialise_spread(4,100) #100 spread
+ } else {
+ initial_state <- state_initialise_spread(4,10) #10 spread
+ }
> 
> reslist <- list()
> 
> ####100 cluster runs
> ###################################################
> ####150 runs of stochastic_simulation per cluster run
> for (i in 1:150) {
+     #################################
+     ###120 steps of stochastic_simulation per simulation
+     stochasticresult <- stochastic_simulation(initial_state,growth_matrix,reproduction_matrix,clutch_distribution,120)
+     reslist[[i]] <- stochasticresult
+     #################################
+ }
> ###################################################
> 
> print(reslist)
[[1]]
  [1]   10    9   11   14   21   14   11    9    7   10   13   20   14   21   46
 [16]   40   32   30   32   34   42   34   52   63   55   75   83   99  105  103
 [31]  119  123  139  119  114  159  155  156  137  138  153  167  174  183  190
 [46]  184  185  165  173  172  163  174  168  217  237  214  238  242  249  235
 [61]  229  252  273  244  288  280  298  324  300  323  329  388  389  410  410
 [76]  370  403  384  399  459  447  446  428  472  487  470  499  560  557  555
 [91]  594  588  646  730  766  728  757  779  827  901  858  895  902  959  981
[106]  997 1009 1014 1076 1145 1110 1211 1241 1319 1324 1370 1465 1515 1637 1780
[121] 1734

[[2]]
  [1]  10   8  13  11  10  10  12  24  19  24  19  15  13  10  15  16  13  13
 [19]   8   8   8  21  20  16  16  12  15  16  14  13  15  12  11  15  24  19
 [37]  12  22  20  15  13  14  17  16  16  15  15  20  20  35  37  33  25  27
 [55]  37  52  58  52  49  53  50  58  66  75  86  77  81  74  80  98  85  71
 [73]  66  75  80  65  70  82 107 109  96  85  78  93 110 110 106 115 105 120
 [91] 125 135 140 170 173 163 145 157 180 163 224 211 217 204 243 240 213 240
[109] 232 251 245 235 258 252 264 297 329 354 320 319 360

[[3]]
  [1] 10 17 18  9 10  7  7  6  5  4  8  4  4  3  3  3  6  4  4  4  4  3  3  3  2
 [26]  2  2  1  1  1  0  0  0  0  0  0  0  0  0  0  0  0  0  0  0  0  0  0  0  0
 [51]  0  0  0  0  0  0  0  0  0  0  0  0  0  0  0  0  0  0  0  0  0  0  0  0  0
 [76]  0  0  0  0  0  0  0  0  0  0  0  0  0  0  0  0  0  0  0  0  0  0  0  0  0
[101]  0  0  0  0  0  0  0  0  0  0  0  0  0  0  0  0  0  0  0  0  0

[[4]]
  [1]  10  13  10  12  11  11  15  16  23  27  29  26  30  23  33  40  39  49
 [19]  51  59  59  53  47  53  56  57  73  72  66  70  64  78  94  78  64  86
 [37]  80 105  80  83  70  78  83  93  78  77  86 116 104  91 132 121 117 126
 [55] 117 113  93  98  92 116 129 114 112 112 129 123 151 139 138 156 176 175
 [73] 182 169 162 178 197 206 195 192 210 218 250 276 286 261 261 237 244 294
 [91] 316 309 297 289 305 336 327 362 357 330 337 344 410 413 437 439 387 392
[109] 443 503 551 583 541 555 642 669 701 661 692 731 703

[[5]]
  [1]  10  11   7  13   6   5   5  14  17  16  13  22  24  26  26  16  24  31
 [19]  25  31  26  22  15  24  17  24  22  23  24  25  24  19  13  17  42  29
 [37]  20  15  18  23  21  25  30  30  33  36  31  37  36  37  38  41  39  33
 [55]  31  35  50  59  48  49  57  44  65  55  58  63  60  53  49  44  54  48
 [73]  46  64  58  77  83  77  76  61  68  80  83  89  94  72 101 101  95  83
 [91] 100  93  82  89  99  87  80  83  94 130 101  99  97  91  98 113 126 118
[109] 111 118 146 129 160 167 143 195 207 216 223 231 224

[[6]]
  [1]   10   10   17   12   10   10    9   17   27   26   23   26   28   19   15
 [16]   23   14   28   20   20   17   15   26   50   45   39   39   33   36   57
 [31]   57   83   74   90   99  104   94  102  120  107  104   99  160  143  137
 [46]  133  145  154  164  161  174  161  166  148  149  181  204  203  209  220
 [61]  300  320  328  309  324  345  375  338  426  460  438  438  441  490  537
 [76]  579  566  560  581  618  665  661  615  643  642  682  717  827  778  782
 [91]  821  877  883  880  881  964  961  997  997  984 1103 1126 1159 1177 1250
[106] 1318 1415 1567 1676 1649 1663 1724 1735 1930 1970 2020 2125 2202 2211 2320
[121] 2451

[[7]]
  [1]  10   8   5   3   2   2   2   2   2   6  10   7   6   6   6   6  12  14
 [19]  12   8  14   9  16  12  17  11  18  23  26  26  19  32  25  36  36  44
 [37]  38  29  36  44  32  31  28  32  35  30  46  44  44  40  41  42  55  57
 [55]  70  65  66  57  60  63  59  56  69  58  87 100  83  88  92  91  89  88
 [73] 100 117 115  97 106 101  94 111 125 115 112 123 111 116 101 113 132 145
 [91] 127 130 135 132 162 150 167 173 163 172 168 175 187 186 219 233 233 248
[109] 261 261 299 298 298 281 301 346 349 380 350 387 356

[[8]]
  [1] 10  9  8 13 10 11 14 13 13 10  8  8 15 15 26 17 12  9  8 16 13 13 16 17 20
 [26] 19 18 14 12 14 23 16 10 13 13 16 15 11 14  9  9 11  7  7  6 12 12 10  8 11
 [51]  8 16 19 15 10 16 15 14 17 13 11 16 23 17 24 15 17 29 21 28 27 39 27 24 23
 [76] 29 19 20 24 27 31 31 21 19 21 35 29 31 25 24 20 31 43 41 46 36 30 29 34 35
[101] 25 21 21 23 25 26 47 42 43 46 38 41 29 37 48 51 52 53 53 46 58

[[9]]
  [1] 10  7 15  8  7  5 10  7  5  8  7  5  5  4  4  9  7  5  3  3  3  8  5  3  3
 [26]  3  5  3  2  1  1  0  0  0  0  0  0  0  0  0  0  0  0  0  0  0  0  0  0  0
 [51]  0  0  0  0  0  0  0  0  0  0  0  0  0  0  0  0  0  0  0  0  0  0  0  0  0
 [76]  0  0  0  0  0  0  0  0  0  0  0  0  0  0  0  0  0  0  0  0  0  0  0  0  0
[101]  0  0  0  0  0  0  0  0  0  0  0  0  0  0  0  0  0  0  0  0  0

[[10]]
  [1]   10   17   14   15   25   16   16   14   19   25   28   30   34   30   40
 [16]   36   43   46   46   55   63   55   47   45   46   44   46   65   92   85
 [31]   78   78   93  106   96  101   97  125  129  126  139  132  164  158  159
 [46]  162  177  228  265  256  254  240  238  271  277  273  297  296  287  286
 [61]  354  353  364  372  418  424  434  439  418  455  462  576  559  573  565
 [76]  561  563  577  597  644  665  712  719  747  762  804  825  889  914  999
 [91] 1029 1050 1095 1114 1183 1165 1286 1313 1381 1473 1502 1580 1606 1650 1681
[106] 1889 1962 2021 1954 2126 2150 2279 2354 2531 2597 2603 2647 2814 2930 3002
[121] 3152

[[11]]
  [1]  10  18  19  14  10   8  14  10  13  10   6   5   8  10   6   6   6  14
 [19]  10  15  14  21  19  15  16  13  16  27  30  25  26  19  27  27  23  24
 [37]  19  31  34  25  30  20  17  25  21  16  32  30  31  34  47  37  32  26
 [55]  29  37  58  39  47  56  43  52  71  61  57  53  61  70  66  89  82  73
 [73]  89 109  90  91  76  81  78  54  77  83  78  74 106  95  99 111 128 125
 [91] 138 146 166 150 139 113 140 156 162 179 180 198 185 192 204 215 225 218
[109] 212 206 235 259 269 254 268 313 342 363 346 342 357

[[12]]
  [1]   10   16   11    7    6   11   14   12   16   18   13   13   16   12   12
 [16]   13   28   29   27   21   17   16   30   23   29   24   15   18   20   16
 [31]   12   22   30   23   21   32   35   29   34   32   29   23   23   31   41
 [46]   32   40   35   42   56   63   76   71   64   89   85   99   92  106  110
 [61]  115  103   85  107  109  109  107  117  123  140  165  144  174  163  133
 [76]  165  174  192  181  201  198  227  236  232  223  268  294  281  324  324
 [91]  402  434  388  405  388  405  370  386  458  490  486  507  495  534  603
[106]  579  608  614  634  735  729  724  699  727  737  863  920  910  974  975
[121] 1001

[[13]]
  [1]  10   8  16  13  17  22  25  37  37  30  24  29  39  41  43  26  26  28
 [19]  41  44  31  28  46  49  42  51  42  37  39  47  45  44  39  60  59  83
 [37]  55  63  60  62  78  82  73  70  66  79  81  90  89  74  82  89  90 117
 [55] 120 130 130 144 131 121 140 135 141 141 131 152 156 166 176 179 182 159
 [73] 164 181 194 210 201 196 217 234 265 251 273 304 277 275 327 356 357 357
 [91] 354 349 330 357 377 363 355 393 367 392 416 432 501 466 488 524 571 610
[109] 624 635 643 668 704 717 824 806 801 842 870 934 882

[[14]]
  [1]   10    9    7   10    7    7   11   20   19   17   17   27   30   47   41
 [16]   31   44   36   39   43   61   74   75   62   55   63   72   72   64   82
 [31]  100  119  101   89   89  105  102   79   68   73   62   91   93  102   99
 [46]   92   81  100  123  130  140  131  122  127  167  160  160  165  175  195
 [61]  218  243  222  233  264  285  279  291  282  363  371  349  336  319  336
 [76]  382  440  449  416  462  501  566  564  573  602  593  600  634  675  675
 [91]  712  768  779  782  813  820  922  912  932  948 1034 1196 1222 1234 1287
[106] 1361 1422 1465 1573 1629 1731 1809 1773 1830 1887 1910 2077 2112 2178 2340
[121] 2353

[[15]]
  [1]  10  10   7   6   6   9  12  22  13  15  12  16  18  20  22  26  28  24
 [19]  29  39  28  27  27  32  39  43  55  48  46  55  55  45  56  51  38  36
 [37]  57  54  46  54  56  56  57  43  52  54  57  69  55  46  55  43  57  66
 [55]  58  54  70  64  67  73  77  79  74  75  74  65  69  63  73  73  86  63
 [73]  86  62  71  74  56  94 105  98  86  79  95  91 109 101 117 119 115 124
 [91] 113 108 107 106  95  98 113 108 129 119 115 130 152 180 186 189 190 199
[109] 216 188 207 188 220 204 229 218 227 261 233 262 278

[[16]]
  [1]  10  13  15   9   9  15  17  20  21  28  26  28  34  28  19  37  30  33
 [19]  31  28  24  30  30  31  35  34  44  38  43  62  53  59  50  39  41  50
 [37]  48  42  42  39  50  36  42  43  36  34  45  38  33  34  31  30  37  36
 [55]  39  47  50  63  68  78  77  69  71  67  86  98  80  99  87  91  90 104
 [73] 112 104 102 128 134 151 151 167 173 160 167 182 176 170 198 234 221 238
 [91] 254 250 251 246 282 283 324 318 338 337 354 345 349 364 382 388 439 462
[109] 427 418 421 499 489 530 504 553 579 654 692 687 682

[[17]]
  [1]  10  14   6  10   6   7   6   6   6   4  13   9   7   6   5   4  11  17
 [19]  12   7   7  16  17  15  17  14  20  19  11  12   8   8   8   6   5   4
 [37]  10  11  12   7   4   4   2   2   2   2   2   2   2   2   2   4   7  11
 [55]  16  19  24  26  23  28  29  27  39  36  36  36  39  33  27  42  43  55
 [73]  38  38  30  34  40  38  50  61  51  47  57  45  62  59  75  75  62  63
 [91]  80  95  93  76  88  85 110 127 122 125 115 129 131 123 146 136 140 175
[109] 173 188 203 178 182 196 216 222 231 246 240 230 255

[[18]]
  [1]   10   15   13   12   12   13    9    9    8    7    9    8   13    7    4
 [16]   10   12    6    6    6    6   17   14   19   18   10   21   13   11   10
 [31]    7   18   12   15   13   19   20   25   22   22   24   21   31   28   28
 [46]   31   33   52   48   51   42   50   61   75   88   91   83   89  100  104
 [61]  106  154  169  158  149  130  149  185  213  203  186  184  180  213  253
 [76]  247  275  233  243  256  325  318  284  328  355  413  391  413  434  455
 [91]  505  548  538  556  573  583  656  646  663  691  652  731  744  788  826
[106]  859  895  949  955 1019 1083 1128 1220 1232 1257 1378 1478 1504 1533 1651
[121] 1719

[[19]]
  [1]   10   14    6    9    6   14   10    8    7   12   25   18   20   24   29
 [16]   50   47   53   45   38   57   71   75   63   74   71   79   80   78  105
 [31]  112  104  111  123  112  140  129  153  168  198  209  209  218  193  266
 [46]  271  334  354  335  361  350  364  407  407  387  429  442  505  460  480
 [61]  499  561  579  589  611  634  685  727  852  883  842  861  840  870  882
 [76] 1020 1044 1049 1066 1019 1105 1151 1235 1299 1379 1474 1465 1495 1583 1577
 [91] 1680 1798 1808 1894 1991 2015 2047 2074 2185 2326 2389 2554 2545 2619 2748
[106] 2994 3088 3202 3285 3480 3635 3821 3996 4131 4325 4494 4630 4775 4882 5303
[121] 5385

[[20]]
  [1]  10  20  16  17  20  23  21  24  19  14  18  15  16  24  21  27  15  17
 [19]  12  23  12  16  12  15  13   9   7   6   6  10   6  12  18  15  21  24
 [37]  19  15  14  10   9  17  16  17  19  23  15  21  16  16  29  36  29  24
 [55]  24  29  20  29  21  20  17  11  11  27  21  19  21  19  23  25  23  18
 [73]  17  22  22  24  31  32  40  39  54  41  34  45  38  47  54  67  60  59
 [91]  51  63  85  78  86  81  82  92  99 110 115 102 127 136 131 157 160 190
[109] 186 172 151 163 184 196 216 211 208 216 248 248 264

[[21]]
  [1] 10  7 11  7  6  5  4  3  2  0  0  0  0  0  0  0  0  0  0  0  0  0  0  0  0
 [26]  0  0  0  0  0  0  0  0  0  0  0  0  0  0  0  0  0  0  0  0  0  0  0  0  0
 [51]  0  0  0  0  0  0  0  0  0  0  0  0  0  0  0  0  0  0  0  0  0  0  0  0  0
 [76]  0  0  0  0  0  0  0  0  0  0  0  0  0  0  0  0  0  0  0  0  0  0  0  0  0
[101]  0  0  0  0  0  0  0  0  0  0  0  0  0  0  0  0  0  0  0  0  0

[[22]]
  [1]   10    9    8    6   14   17   10   15   18   24   25   26   34   37   59
 [16]   44   40   55   68   64   64   59   77   72   72   90   86  113   82   84
 [31]   75   93  106  107  124  125  145  149  154  131  155  177  203  231  244
 [46]  209  202  250  270  324  316  338  382  390  446  403  366  443  443  494
 [61]  506  497  534  554  552  547  636  674  701  711  734  773  781  887  864
 [76]  933  946  984 1034 1074 1165 1209 1175 1184 1290 1321 1422 1519 1609 1675
 [91] 1759 1800 1827 1985 2051 2131 2165 2212 2337 2438 2547 2537 2590 2647 2820
[106] 2933 3055 3207 3305 3507 3688 3841 4088 4200 4268 4454 4646 4758 4878 5174
[121] 5304

[[23]]
  [1]   10   16   13   10    8    8   14   21   20   21   14   14   27   26   20
 [16]   23   19   31   17   20   20   22   16   23   23   25   27   23   20   24
 [31]   24   29   35   35   39   38   45   41   43   41   47   52   66   52   48
 [46]   54   40   54   47   53   48   47   55   63   61   68   67   64   63   67
 [61]   57   80   84   78   80   84  110  102   94  108  119  121  131  139  136
 [76]  148  144  142  166  163  190  197  207  219  252  306  313  306  308  328
 [91]  338  313  330  330  346  373  382  377  426  428  418  474  528  555  600
[106]  621  647  696  666  679  728  751  831  894  887  928  956 1011 1056 1078
[121] 1152

[[24]]
  [1]   10   15   12   11   17   18   23   21   17   23   20   22   21   18   20
 [16]   20   18   28   31   34   32   28   27   27   29   22   28   23   29   45
 [31]   36   39   45   39   34   31   42   27   43   45   38   32   40   38   44
 [46]   57   50   55   63   79   91   85   94   81   89  113  120  112   92  101
 [61]  108  114  111  114  116  126  145  170  163  164  163  203  202  225  208
 [76]  218  251  260  293  266  294  325  330  325  357  361  320  349  380  376
 [91]  398  381  381  423  501  502  517  521  547  576  575  612  624  655  652
[106]  740  769  859  883  992  981 1028 1111 1095 1182 1244 1283 1368 1368 1401
[121] 1442

[[25]]
  [1]   10   16   24   14   18   18   15   18   15   24   31   33   29   27   25
 [16]   24   41   39   32   40   73   69   62   70   66   71   65   60   72   68
 [31]   55   60   81   81   66   63   62   58   65   76   85   93  103  110  118
 [46]  138  127  127  154  155  155  159  158  177  187  198  191  191  206  223
 [61]  197  196  208  243  251  279  285  283  278  287  317  325  354  368  366
 [76]  405  441  426  493  522  509  531  602  600  655  668  631  686  756  734
 [91]  728  777  862  872  924  934  876  949  983  939  998  992 1123 1158 1199
[106] 1185 1225 1233 1226 1221 1334 1335 1326 1394 1483 1573 1633 1706 1739 1793
[121] 1922

[[26]]
  [1]   10   14    8    7   14   10    8   13   25   26   23   20   17   21   43
 [16]   62   38   36   34   39   49   61   63   47   57   57   67   63   66   80
 [31]   63   64   59   55   74   81   83   75   82   67   95   89   80   68   78
 [46]   79   87   78   96   90  102  111  124  126  117  113  138  145  130  122
 [61]  119  126  157  160  169  158  162  185  177  207  193  209  230  223  233
 [76]  241  295  336  342  359  362  331  336  368  447  407  476  463  473  475
 [91]  492  537  574  588  605  568  631  635  694  716  775  807  829  835  890
[106]  937  999 1043 1041 1060 1188 1267 1271 1326 1315 1352 1401 1469 1618 1618
[121] 1682

[[27]]
  [1]  10   9   3   8   4   4   4   8   7   6   5   8  11   9  12   8  12  17
 [19]  20  21  20  24  29  24  22  20  19  20  17  21  15  24  36  24  19  37
 [37]  38  27  27  26  15  27  22  37  28  26  23  26  29  32  31  24  33  25
 [55]  30  45  46  49  51  60  62  54  61  69  71  71  75  86 102 102 107 120
 [73] 117 113 115 145 120 111 147 173 169 140 153 136 169 215 201 211 209 240
 [91] 237 253 276 286 275 286 302 343 308 290 337 377 369 409 412 420 438 445
[109] 473 517 473 545 601 622 625 692 668 731 741 756 818

[[28]]
  [1]  10  16  19  13  11  12  11   8   7  10   9   9   8   6   5  12  17   8
 [19]   7   6   6  11  16   7  17  32  31  24  20  20  20  23  17  17  28  26
 [37]  41  46  46  34  33  30  31  34  36  34  27  35  51  60  60  55  50  53
 [55]  61  52  71  73  88  76  64  66  67  59  79  81  95  85  68  67  93 118
 [73]  99 104 109 120 120 114  99  97 121 132 155 144 145 154 147 140 150 144
 [91] 160 182 177 148 166 169 212 221 223 246 258 278 337 342 307 334 341 367
[109] 362 362 381 462 460 459 459 486 469 486 498 480 517

[[29]]
  [1]   10   10    9    7    6    9   16   10   17   20   14   22   23   31   21
 [16]   20   19   19   27   20   29   22   17   25   25   29   34   31   27   25
 [31]   26   26   25   22   22   28   30   28   25   32   29   33   43   47   43
 [46]   45   44   41   44   58   51   60   72   71   63   65   70   69   73   89
 [61]  110   89   84  114  115  131  144  157  150  131  150  150  153  192  210
 [76]  202  174  160  180  208  242  226  235  254  257  275  289  302  307  345
 [91]  395  439  425  423  429  461  536  503  528  572  579  718  679  743  782
[106]  764  817  806  877  884  934  987 1043 1029 1046 1043 1196 1211 1221 1329
[121] 1352

[[30]]
  [1]  10   7   7   6   5   4   9   4   4   4   2   7   6  11   6   5   4   4
 [19]  21  16  12  11  14  16  16  15  21  22  26  27  29  30  37  37  31  43
 [37]  31  25  24  27  30  30  25  21  26  40  35  30  36  53  52  44  34  46
 [55]  45  52  41  39  47  48  67  44  44  34  45  37  61  56  59  49  45  39
 [73]  50  63  67  66  70  83  82  81  90 102 110 111  99 107 121  97 113 128
 [91] 126 138 117 122 144 150 148 138 148 151 167 163 209 186 214 228 222 233
[109] 266 251 275 265 294 290 309 297 288 293 294 318 329

[[31]]
  [1]   10    9    6    6    5    5   12   16   15   10    9    9    9   15   22
 [16]   24   22   22   15   14   12   11   10   20   29   39   36   28   34   33
 [31]   29   40   36   56   45   52   50   47   48   58   74   76   87   74   67
 [46]   72   75   89   82   80   87   98   92   86   71   93  104  110  102  102
 [61]   82   94   93   75   91   83   85   74  105  118   97   98   87  113  139
 [76]  142  162  210  200  204  200  221  249  223  241  257  269  290  272  257
 [91]  278  307  327  368  387  410  455  490  543  498  522  559  585  622  678
[106]  678  702  774  832  824  847  885  907  995 1029 1021 1065 1046 1125 1159
[121] 1248

[[32]]
  [1]   10    4    3    2    2    2    2    2    2    1    1    1    1    7   10
 [16]    5    4    8    5    9    8   10   13   14   12   17   20   26   31   23
 [31]   19   18   28   38   43   37   48   54   50   67   64   76   71   75   89
 [46]   81   81   71   98   88   95   94   85   98   94   85   83  108   94  121
 [61]  130  157  137  150  133  152  171  172  171  148  175  173  213  229  219
 [76]  209  222  256  291  276  269  298  302  305  308  291  311  352  363  371
 [91]  354  366  398  484  482  501  495  470  508  513  539  562  546  526  591
[106]  651  719  741  736  754  808  838  841  918  883  935  981 1011 1055 1067
[121] 1052

[[33]]
  [1]   10   12    9   14   10   16   17   18   16   19   13   21   26   27   23
 [16]   17   24   20   27   23   17   22   22   41   37   31   23   21   33   26
 [31]   25   27   20   16   16   31   26   16   15   29   32   38   48   55   59
 [46]   51   57   64   58   72   62   84   88   76   92   79   97   92   98  107
 [61]  111  119  119  123  129  142  145  140  137  158  185  194  193  192  221
 [76]  219  225  218  198  227  252  274  275  313  357  368  358  382  377  361
 [91]  411  416  458  523  542  548  532  560  584  591  632  639  638  662  695
[106]  731  708  761  706  759  850  905  842  864  828  899  953  965  992 1101
[121] 1074

[[34]]
  [1]  10  17  12  10   9  14  12  10   9   6   5   7   8   4   3   8   6  11
 [19]  16  11  14  10   8   7   7  10  16  17  17  15  28  25  26  25  23  28
 [37]  27  25  23  31  24  32  28  26  21  33  34  34  29  27  30  36  28  23
 [55]  19  25  37  33  30  27  39  52  45  50  44  32  39  34  37  66  61  54
 [73]  41  48  57  59  55  56  64  57  61  59  51  44  51  55  89  73  92  92
 [91] 108 100 118  99 101 100 108 130 134 117 129 119 101 134 130 137 146 132
[109] 152 159 189 178 179 191 210 202 213 225 218 259 259

[[35]]
  [1]  10  10   9  20  22  18  19  14  16  17  14  18  21  16  20  13  10   9
 [19]  12   9  17  15  14  13  19  15  12  11  16  17  22  17  22  17  20  19
 [37]  21  18  21  26  23  23  28  28  25  19  23  20  28  16  31  23  27  24
 [55]  31  24  22  37  38  41  37  42  38  45  40  52  29  36  41  44  44  50
 [73]  47  51  55  80  53  82  75  82  90  80 105 101 109 115 114 112 139 158
 [91] 161 154 154 141 157 176 162 172 179 172 167 200 198 199 168 183 206 187
[109] 206 216 220 222 211 193 185 211 215 216 224 246 245

[[36]]
  [1]   10   18   14   13   10    9   19   18   19   11    8    8    6   10    8
 [16]   14   13   15   18   20   15   13   26   32   40   42   39   41   44   55
 [31]   56   59   66   73   76   78   98  103   98   79   64   67   83  105   92
 [46]   85   89   89  106  103  121  112  143  153  179  179  160  187  195  225
 [61]  260  247  248  262  268  278  307  311  306  328  298  307  323  358  375
 [76]  367  381  393  438  443  474  487  529  551  583  571  597  637  742  691
 [91]  692  765  859  889  890  929  962 1064 1131 1193 1229 1259 1432 1530 1641
[106] 1628 1651 1657 1696 1860 1897 2002 2048 2149 2344 2360 2448 2474 2542 2683
[121] 2812

[[37]]
  [1] 10 12 20 21 12  9 11 11 10  9  9  7 10  7  6  9  6  6  8  7  6  6 12 10  8
 [26] 15 15 11 10 14 16 12 10 14 13 28 24 17 12 10 13 16 15 10  5  3  3  2  6  2
 [51]  2  1  1  1  4  4  3  2  3  3  2  2  2 12 11 11  8  6  4  3  3  4  3  1  1
 [76]  1  0  0  0  0  0  0  0  0  0  0  0  0  0  0  0  0  0  0  0  0  0  0  0  0
[101]  0  0  0  0  0  0  0  0  0  0  0  0  0  0  0  0  0  0  0  0  0

[[38]]
  [1]  10  13   7   5  12  12  12  10  12  10  11   9  20  13  12  29  21  16
 [19]  11  10   8  15  18  11  15  11  20  17  20  21  15  23  26  42  40  26
 [37]  22  18  22  19  27  27  19  19  15  23  25  15  12  11  11  15  25  22
 [55]  22  17  41  38  36  30  43  36  56  55  56  49  58  45  57  56  53  48
 [73]  85  72  94  99 110 117 117  83 102  97  85  97 102 121 107  95 111 131
 [91] 154 151 159 185 200 218 241 249 235 238 242 299 300 308 319 314 335 336
[109] 329 350 347 383 365 359 356 408 445 412 439 469 482

[[39]]
  [1] 10  6 13 13  7  5  4  4  3  3  3  6 10  9  6  6  5  4 13 19 22 20 15  9  7
 [26]  6 15 11 10 10  9 14 11  7 11  8 19 15 20 25 25 22 32 28 39 30 26 22 32 36
 [51] 27 27 24 20 31 31 31 37 38 30 41 46 34 36 45 43 28 43 42 38 34 35 32 29 25
 [76] 26 33 31 32 31 29 38 29 34 39 36 29 27 31 35 42 44 36 44 61 46 45 45 45 44
[101] 48 49 59 73 57 58 76 57 52 54 62 67 69 55 57 56 86 88 75 78 86

[[40]]
  [1]  10   7  16  15  12  10   7   6  15  19  15  13  21  20  25  18  13  11
 [19]  11  16  10  13  12  13  18  12   9   9  11   7  10  27  19  14  10   9
 [37]  17  18  13   9   9   7   6  13  11  10  10  10   9  15  20  22  19  25
 [55]  13  14  10  17  19  12  10   9  17  15  12  11  16  17  18  17  19  15
 [73]  14  15  10  12  17  19  22  28  26  26  36  24  22  21  21  26  23  22
 [91]  28  33  30  36  39  43  54  59  44  58  70  69  60  61  56  80  84  78
[109]  87  85 102 100 115 142 155 143 147 161 183 189 226

[[41]]
  [1] 10  8 11 14  9  5 10  7  7 11  7  8  6  5  3  2  2  9  5  3  2  2  1  0  0
 [26]  0  0  0  0  0  0  0  0  0  0  0  0  0  0  0  0  0  0  0  0  0  0  0  0  0
 [51]  0  0  0  0  0  0  0  0  0  0  0  0  0  0  0  0  0  0  0  0  0  0  0  0  0
 [76]  0  0  0  0  0  0  0  0  0  0  0  0  0  0  0  0  0  0  0  0  0  0  0  0  0
[101]  0  0  0  0  0  0  0  0  0  0  0  0  0  0  0  0  0  0  0  0  0

[[42]]
  [1]  10  18  15  10   8   8   6   8  10  13   6   5  16  22  24  29  19  23
 [19]  15  20  37  33  35  39  26  34  26  40  29  38  46  43  45  40  47  45
 [37]  35  28  47  47  40  48  45  46  49  52  43  36  41  39  56  48  47  47
 [55]  43  34  40  35  44  31  29  30  25  18  17  19  18  19  23  13  19  24
 [73]  26  16  31  26  27  34  29  24  36  35  38  43  52  68  60  65  64  53
 [91]  55  40  43  50  41  57  61  61  64  62  69  80  98  88  99 107 115 108
[109] 114 118 111 125 110 139 164 154 133 125 165 189 194

[[43]]
  [1]  10  11   9  12  13  11  22  12  20  18  16  16  20  17  22  25  30  36
 [19]  29  36  32  37  38  36  35  32  41  29  36  34  41  44  35  33  29  37
 [37]  45  42  35  34  40  32  39  41  40  43  51  45  37  41  33  31  31  39
 [55]  32  35  43  58  57  42  51  54  69  71  78  79  73  74 118 124  95  96
 [73]  95  90  88 107 130 128 115 132 109 137 154 149 134 129 142 148 170 167
 [91] 149 160 167 193 201 200 227 201 211 234 264 283 277 281 310 325 301 303
[109] 337 336 337 378 378 400 415 439 421 418 469 500 543

[[44]]
  [1] 10  6  5 10  5  9 11  8  6  4  3  7  2  4  4  4  4  4  2  1  1  6  4  4  3
 [26]  2  7  6  6  6  6  5  9  6  5 10  5  5  5  9  8  7  9  8  7  6  6  6  9  6
 [51]  5  7 12 15 11 10  8  7 13 10 12 13 12 10 17  8  7  9  7 14 16 11  7  5  4
 [76]  4 10  6  4  4  3  9 17  9  8  5  4  4 10  5  3 11 11  8  8  7  7 11 12 15
[101] 14 11 11 11 14 15 16 12 11  9  7 18 13 10 10 18 19 13 13 17 16

[[45]]
  [1]  10  12  17  17  16  13  15  26  27  31  22  15  27  29  27  26  22  18
 [19]  23  20  21  16  13  12  27  40  35  40  29  35  30  49  50  51  38  35
 [37]  51  69  56  58  54  57  59  56  78  84  74  80  77  61  54  57  63  71
 [55]  69  54  52  73  71  72  96  80  85  99 103  84  97 101  88 122 110 103
 [73]  93 104 100  94  83  89  93 105 114 134 119 108 110 113 153 134 132 145
 [91] 139 156 152 140 150 138 147 171 168 187 194 246 267 266 319 310 318 324
[109] 331 348 394 374 357 333 349 390 414 379 359 419 429

[[46]]
  [1] 10 10 15 13 13 17 14 21 14 18 13 16 13 19 14 13 11 12 16 15 14 20 21 15 12
 [26]  9 14 16 14 20 15 18 27 22 17 17 14 12 17 11 10 11  9 12  9 12 17 12 11 18
 [51] 10 23 21 15 16 23 18 17 17 18 22 21 17 26 18 30 21 21 20 19 24 20 26 29 24
 [76] 25 26 30 26 32 32 41 52 55 52 39 43 35 38 52 48 46 36 50 56 39 46 33 38 55
[101] 46 66 49 42 58 49 58 53 47 34 38 38 37 30 32 32 34 31 24 24 43

[[47]]
  [1]  10  14   9  13   9   8  15  12   8   7  12  16  19  14  15  12  10  15
 [19]  21  32  41  56  50  40  43  47  59  42  40  37  38  28  30  40  34  45
 [37]  35  43  28  31  41  38  39  44  34  26  35  52  45  43  40  46  60  46
 [55]  46  51  42  57  66  61  69  81  81  73  81 106 113 106 102 107  95 111
 [73] 105 103 124 114 126 114 127 132 125 134 118 126 147 145 152 157 166 146
 [91] 152 161 170 172 203 205 212 194 201 229 234 214 202 203 220 261 247 252
[109] 301 268 291 285 302 308 377 445 410 432 462 532 534

[[48]]
  [1]   10   16   15   12    9    4    8    7   18   15   25   20   22   20   20
 [16]   29   29   27   42   38   33   27   35   48   40   51   60   41   44   41
 [31]   41   51   65   67   65   54   60   56   58   76   82   60   55   44   49
 [46]   61   47   53   66   69   77   70   72   97   84  127  126  140  121  111
 [61]  134  154  147  135  116  124  133  177  146  139  142  151  182  193  216
 [76]  195  214  221  283  285  331  357  358  405  407  452  465  455  471  525
 [91]  586  605  625  605  603  573  657  680  675  757  857  859  892  922  968
[106] 1021 1059 1145 1106 1130 1262 1281 1323 1417 1441 1469 1473 1626 1746 1842
[121] 1854

[[49]]
  [1]  10  19  14  10  13  11  23  17  12  10   9  17  21  31  29  31  25  31
 [19]  28  26  25  19  21  39  27  26  29  22  17  20  21  16  22  18  13  13
 [37]  22  15  26  20  15  12  11  20  29  40  34  32  24  24  32  43  53  68
 [55]  59  50  76  72  77  87 100  96  79  77  74  84  98  94  95 118 121 143
 [73] 142 142 155 151 151 182 180 184 187 221 250 244 248 246 255 284 265 244
 [91] 259 324 328 317 325 325 319 387 378 387 407 420 452 455 482 474 457 489
[109] 516 530 578 613 572 559 604 589 673 733 779 832 862

[[50]]
  [1] 10 15 12  9  8  8  7 10 13  9  4  3  4  3  2  5  1  8  3  3  2  2  2  7  8
 [26]  7  5  4  6  5  4 10 11  8  6  5  9  7  5  4  2  1  1  1  4  2  1  0  0  0
 [51]  0  0  0  0  0  0  0  0  0  0  0  0  0  0  0  0  0  0  0  0  0  0  0  0  0
 [76]  0  0  0  0  0  0  0  0  0  0  0  0  0  0  0  0  0  0  0  0  0  0  0  0  0
[101]  0  0  0  0  0  0  0  0  0  0  0  0  0  0  0  0  0  0  0  0  0

[[51]]
  [1]   10   13   14   13   36   34   39   28   35   51   47   60   47   62   67
 [16]   57   44   54   54   55   55   52   56   58   54   51   69   66   87   64
 [31]   74   62   74   77   72   70   89   92   93   78   89   97   93  102   99
 [46]  108  113  138  125  145  148  155  141  170  164  168  197  200  227  245
 [61]  257  259  310  304  313  331  338  329  367  364  372  409  395  443  525
 [76]  544  552  566  527  598  715  729  724  727  801  838  859  853  889  877
 [91]  948  950  969  953  979 1060 1140 1155 1202 1230 1312 1422 1487 1456 1525
[106] 1677 1681 1772 1754 1916 2038 2174 2107 2158 2297 2463 2564 2643 2752 2882
[121] 3019

[[52]]
  [1]   10   12   16   22   28   37   37   34   44   44   53   37   33   52   52
 [16]   53   54   57   53   51   64   68   88   74   63   73   72  110  105   94
 [31]  105   94  109  116  129  141  132  143  128  146  154  150  148  171  176
 [46]  181  162  165  171  181  172  210  195  207  215  226  226  221  235  219
 [61]  225  205  244  252  306  320  323  331  348  341  356  406  431  438  460
 [76]  427  489  476  477  497  526  596  551  620  621  660  634  665  718  705
 [91]  770  836  867  887  852  896  968  970 1031 1068 1107 1131 1190 1232 1228
[106] 1268 1291 1368 1390 1441 1507 1588 1709 1731 1829 1901 1958 2050 2082 2148
[121] 2306

[[53]]
  [1]  10   9   7   4   4   3   8  13   6   6   6   5   5   4   4  10   5   5
 [19]   3   3   8   5   5   5   4   4   9   6  10   8   7  15  19  15  18  16
 [37]  21  13  18  15  18  12  11  14  10   8  12  24  20  15  25  18  28  15
 [55]  11  12  21  33  28  22  28  17  22  22  24  49  35  23  26  36  30  30
 [73]  30  39  36  57  47  39  42  42  45  48  65  60  72  65  69  62  66  82
 [91]  80  67  92 102 114 114 103 124 111 121 116 122 149 151 180 169 167 159
[109] 176 204 241 214 228 220 225 260 257 255 297 291 294

[[54]]
  [1] 10  6  5 10  5 10  9  7  6  8  3  3  2  1  0  0  0  0  0  0  0  0  0  0  0
 [26]  0  0  0  0  0  0  0  0  0  0  0  0  0  0  0  0  0  0  0  0  0  0  0  0  0
 [51]  0  0  0  0  0  0  0  0  0  0  0  0  0  0  0  0  0  0  0  0  0  0  0  0  0
 [76]  0  0  0  0  0  0  0  0  0  0  0  0  0  0  0  0  0  0  0  0  0  0  0  0  0
[101]  0  0  0  0  0  0  0  0  0  0  0  0  0  0  0  0  0  0  0  0  0

[[55]]
  [1]  10  13  13  16  15  23  16  18  13  10  15  12  14   8   9   7   7   7
 [19]  14  18  19  16  12  15  12  15  13  11   9   9  14  10  15  12  15  18
 [37]  16  13  19  14  25  21  15  10  22  24  17  17  20  24  28  33  41  43
 [55]  32  38  45  46  61  48  47  53  56  62  73  68  61  78  60  60  68  68
 [73]  64  67  88  82  85  99  76  76  64  62  71  72  70  77  83  94  93  96
 [91]  93  91 101  90 107 114 100  94 106 131 128 133 159 161 164 190 186 200
[109] 249 241 251 253 251 271 298 357 326 329 378 381 390

[[56]]
  [1]  10  15  13  11   8  12  17  12  16  24  17  15  20  20  20  16   9   9
 [19]  12  11  27  16  15  13  12  21  28  14  17  21  16  23  25  31  35  30
 [37]  42  32  28  23  24  28  30  34  30  54  55  44  45  42  38  42  33  41
 [55]  46  65  58  53  41  55  56  78  65  57  69  72  85  74  70  70  80  84
 [73] 109  87 103  99 102 109 102  98  92  89 117 130 159 157 149 149 159 150
 [91] 183 191 198 193 210 202 232 235 243 245 266 296 260 301 289 289 325 351
[109] 349 388 413 418 416 443 426 445 482 489 568 546 595

[[57]]
  [1] 10 10  5  4  4  7  3  2  6  4  3  1  1  1  1  1  1  3  1  0  0  0  0  0  0
 [26]  0  0  0  0  0  0  0  0  0  0  0  0  0  0  0  0  0  0  0  0  0  0  0  0  0
 [51]  0  0  0  0  0  0  0  0  0  0  0  0  0  0  0  0  0  0  0  0  0  0  0  0  0
 [76]  0  0  0  0  0  0  0  0  0  0  0  0  0  0  0  0  0  0  0  0  0  0  0  0  0
[101]  0  0  0  0  0  0  0  0  0  0  0  0  0  0  0  0  0  0  0  0  0

[[58]]
  [1]   10    6    6    9    7    6    5    5   10    9   12   10   13   11   21
 [16]   14   12   17   12   18   18   24   19   16   14   23   28   43   40   31
 [31]   26   40   48   46   42   49   61   59   49   44   55   55   54   66   71
 [46]   70   75   72   61   52   72   89   71   86  105   87  110  102   97   89
 [61]  142  127  116  125  164  143  168  185  147  176  195  207  218  236  255
 [76]  264  294  283  295  324  326  338  357  340  366  347  358  357  365  418
 [91]  407  457  512  496  558  536  533  540  593  634  629  655  652  685  668
[106]  727  713  728  765  777  849  833  854  917  965  983 1024 1112 1190 1179
[121] 1261

[[59]]
  [1]   10   14    7    9   11   15   11    6    5    5    5    4    4    3   11
 [16]   12    9    9   14   11   11   24   28   18   20   16   20   18   17   38
 [31]   36   33   38   36   49   57   39   36   46   49   58   57   53   74   73
 [46]   80   69   79   80   95  107  103  125  117  123  125  129  154  177  158
 [61]  177  188  193  201  234  233  205  179  202  199  221  267  281  269  283
 [76]  300  347  350  376  396  367  384  378  416  401  446  467  518  564  540
 [91]  508  550  567  631  679  677  669  630  636  726  756  796  797  842  811
[106]  884  963 1018 1096 1106 1103 1170 1199 1314 1298 1386 1409 1474 1509 1591
[121] 1558

[[60]]
  [1]  10   6   6   6  10  13  13  12  11   9   8  10  15  18  14  20  20  28
 [19]  31  30  31  32  36  34  40  44  52  52  51  50  55  47  42  42  51  47
 [37]  43  33  35  39  27  37  32  43  34  34  34  50  42  28  35  25  21  26
 [55]  20  22  27  23  24  30  32  37  31  33  27  46  45  27  23  21  26  22
 [73]  21  37  36  27  34  36  23  31  24  24  17  28  20  33  24  31  34  25
 [91]  32  36  45  30  33  32  40  35  23  24  54  55  46  36  56  38  58  89
[109]  79  63  61  86  95  77  76  81  74  67  89 112 100

[[61]]
  [1]   10    4    4    3    3    3    3   15    8    8    7    7   11   18    9
 [16]   13   12    8    8   18   20   13   25   24   20   19   32   29   33   43
 [31]   38   37   36   32   25   23   30   46   55   73   69   53   66   76  101
 [46]   87   83   76   84   84   81   82   71   56   83   84   80   87   81   70
 [61]   85  102  112  103  129  143  159  168  167  189  195  201  229  234  256
 [76]  222  231  246  228  283  297  310  322  342  359  330  340  331  336  357
 [91]  408  417  436  477  552  558  549  562  610  577  621  630  670  669  733
[106]  795  854  888  909  934 1019 1054 1147 1142 1137 1247 1334 1298 1382 1443
[121] 1511

[[62]]
  [1]  10  13   7   6   5   4  18   9   6   5   4   6   6   6   4   3   1   1
 [19]   1   1   1   8   9   6   5   4  10  14  16  11   9   9  12  13  13   7
 [37]   6   9  13   9   5   4   4   4  10   8   9   5  10   7   6   6  13  19
 [55]  30  31  23  20  17  18  24  24  22  21  17  34  55  47  46  42  38  42
 [73]  29  51  51  44  54  46  57  59  76  69  65  58  79  97 113 112 111 128
 [91] 149 167 174 168 176 188 188 185 214 254 286 277 300 310 324 344 384 357
[109] 403 419 399 376 361 410 406 389 413 448 473 487 499

[[63]]
  [1] 10  4  4  4  3  7  7  7  6  4  2  2  2  2  1  1  1  1  0  0  0  0  0  0  0
 [26]  0  0  0  0  0  0  0  0  0  0  0  0  0  0  0  0  0  0  0  0  0  0  0  0  0
 [51]  0  0  0  0  0  0  0  0  0  0  0  0  0  0  0  0  0  0  0  0  0  0  0  0  0
 [76]  0  0  0  0  0  0  0  0  0  0  0  0  0  0  0  0  0  0  0  0  0  0  0  0  0
[101]  0  0  0  0  0  0  0  0  0  0  0  0  0  0  0  0  0  0  0  0  0

[[64]]
  [1]   10    4   11   15    9    7    4    4   10   17   16   18   13   12   14
 [16]   17   13   16   19   13   13   12   10   14   14   12   18   15   14   19
 [31]   12   13   16   15   12   14   15   20   16   14   15   22   15   27   34
 [46]   34   38   48   56   44   41   49   61   68   51   47   63   62   84   88
 [61]   89   95   99  122  110  116  106  120  142  152  198  189  167  167  173
 [76]  178  205  215  217  216  216  259  228  224  250  271  274  307  279  289
 [91]  308  326  353  378  390  399  416  453  426  481  464  508  545  600  582
[106]  585  632  692  699  680  750  813  855  872  823  894  949 1028 1087 1085
[121] 1221

[[65]]
  [1]  10  12   9   7  10   7   7  15  15  14  12  15  26  26  34  35  29  38
 [19]  41  34  27  29  26  25  28  34  34  30  26  27  30  31  30  47  29  27
 [37]  41  43  42  34  29  30  33  49  50  43  50  58  41  47  30  35  36  35
 [55]  34  40  40  25  24  33  44  55  49  55  84  75  81  66  65  64  66  64
 [73]  62  65  66  58  82 103 102  98  98 104  93  85  82 107 104 102  88  94
 [91] 130 129 125 122 128 113 137 159 149 147 147 164 171 202 185 190 227 236
[109] 261 238 222 242 244 255 295 318 315 334 307 301 312

[[66]]
  [1]   10   13    9    7    6    6    4    3    3    6   10   10    9    8    5
 [16]    4    4    1    1    4    3    3    3    2    5   10   14   17   11   11
 [31]   10    7    8    7    7   13   15   24   20   15   18   20   23   18   36
 [46]   35   37   43   28   51   40   47   49   66   61   75   70   68   64   66
 [61]   77  100   95  103  112  123  115  112  131  145  143  160  156  191  228
 [76]  236  241  243  272  312  321  286  282  242  245  306  314  360  361  373
 [91]  364  412  409  394  424  495  519  551  519  505  551  625  670  781  793
[106]  816  806  807  792  871 1022 1012 1000 1089 1079 1184 1226 1290 1284 1328
[121] 1331

[[67]]
  [1]  10  12  12   9   8   5   7   5   5   4   4   5   7   6   5   5  16  11
 [19]   8   8  14  18  20  12  18  16  20  17  21  23  21  17  15  14  11  21
 [37]  17  25  22  31  30  28  46  29  22  18  27  37  32  23  23  28  21  29
 [55]  38  43  43  48  62  47  56  42  57  49  53  53  51  57  55  67  63  70
 [73]  67  63  73  67  66  71  82  88  92  89  95  82  73 109 126 109  90  99
 [91] 128 136 183 161 169 172 199 217 237 219 223 232 233 309 309 336 348 349
[109] 398 376 375 435 451 511 493 499 528 621 611 623 675

[[68]]
  [1]   10   15   18   14   24   28   30   27   28   22   20   32   26   26   41
 [16]   29   33   37   49   59   55   60   59   59   64   63   73   79   59   72
 [31]   65   68   65   77   85   67   85   89  100   94   82   84   91   85   95
 [46]   98  118  118  128  144  145  166  159  155  167  159  213  236  262  246
 [61]  239  266  275  297  319  348  364  379  411  378  393  425  465  433  455
 [76]  469  520  504  508  558  588  653  636  701  651  663  710  698  698  708
 [91]  757  771  868  958  996  946  916  937 1023 1088 1189 1250 1286 1292 1410
[106] 1499 1574 1566 1613 1623 1813 1856 1935 2035 2133 2197 2210 2265 2367 2417
[121] 2557

[[69]]
  [1] 10 14 15 10  9  9  7  7 11  7  4  3  3  3 12  6  5  3  5  3  3  6  5  3  3
 [26]  2  1  1  1  1  1  0  0  0  0  0  0  0  0  0  0  0  0  0  0  0  0  0  0  0
 [51]  0  0  0  0  0  0  0  0  0  0  0  0  0  0  0  0  0  0  0  0  0  0  0  0  0
 [76]  0  0  0  0  0  0  0  0  0  0  0  0  0  0  0  0  0  0  0  0  0  0  0  0  0
[101]  0  0  0  0  0  0  0  0  0  0  0  0  0  0  0  0  0  0  0  0  0

[[70]]
  [1]   10   19   18   23   33   32   25   27   32   35   38   33   38   35   35
 [16]   32   28   50   43   40   43   57   56   56   65   74   78   79   84   78
 [31]   82  104  102  144  141  142  150  165  148  175  215  223  208  243  238
 [46]  231  226  265  233  265  289  273  264  263  285  322  370  391  484  454
 [61]  462  472  460  479  528  555  590  592  628  700  729  707  679  686  821
 [76]  810  797  880  895  897  969 1053 1043 1044 1115 1179 1195 1289 1303 1441
 [91] 1474 1548 1552 1583 1642 1810 1854 1919 2019 2145 2357 2363 2400 2581 2648
[106] 2705 2863 2961 3049 3133 3374 3386 3540 3865 3988 4278 4314 4450 4612 4727
[121] 4988

[[71]]
  [1]   10    8    7   14   15   14   19   21   24   32   37   40   29   34   43
 [16]   38   30   40   33   29   29   33   36   31   44   56   48   42   45   52
 [31]   71   59   41   37   44   38   41   44   39   36   35   35   39   35   35
 [46]   48   45   36   44   58   57   50   43   64   68   53   58   58   64   64
 [61]   83   69   57   70   90  106   92   93  103  115  138  119  148  123  143
 [76]  161  190  187  217  212  216  217  239  240  223  219  215  252  265  277
 [91]  315  326  305  338  372  395  440  447  474  507  545  593  603  607  586
[106]  646  654  646  714  755  826  905  939  927  952  988 1102 1104 1098 1133
[121] 1123

[[72]]
  [1]   10   20   19   15   13   13   34   25   35   22   17   14   24   22   17
 [16]   22   44   46   43   36   39   59   58   58   77   73   95   88  100  102
 [31]  104  106  110  157  183  188  175  184  212  248  240  231  226  246  269
 [46]  283  297  268  304  292  301  319  332  348  337  348  361  376  449  430
 [61]  455  478  503  544  567  521  527  607  658  629  622  620  707  685  739
 [76]  774  789  814  813  862  899 1003 1060 1014 1071 1090 1122 1136 1151 1171
 [91] 1279 1368 1360 1396 1394 1410 1541 1577 1735 1812 1849 1907 2015 2079 2235
[106] 2318 2284 2435 2639 2808 2850 2954 2960 3094 3337 3419 3510 3617 3789 4056
[121] 4055

[[73]]
  [1]  10  16  11  10   9  12  19  12   9  12   8   8  12  11   6   6   6  16
 [19]  21  15  15  12  17  14  14  20  18  20  20  20  20  25  31  32  36  29
 [37]  27  40  39  38  42  47  48  45  53  48  47  45  48  54  55  77  72  75
 [55]  72 100 116 104 108 120 116 136 124 142 149 135 158 176 149 136 139 155
 [73] 179 201 209 216 209 222 204 239 239 261 258 272 265 248 286 284 267 276
 [91] 290 314 327 343 304 363 364 388 405 417 426 487 479 461 503 517 557 555
[109] 550 569 622 678 680 668 687 779 808 847 827 850 943

[[74]]
  [1]   10   16   13    9   16   15   14   17   14   10   10   11   15   13   15
 [16]   18   12   31   32   21   23   25   23   15   20   38   61   45   39   35
 [31]   45   43   49   52   38   51   33   37   36   47   41   45   45   52   50
 [46]   47   42   48   68   64   60   81   86   88   71   81   93  100  106   87
 [61]   76   92   94  109  105   92   94  127  125  142  149  171  191  181  193
 [76]  167  214  222  214  231  226  257  275  302  301  300  313  299  313  338
 [91]  332  365  385  401  401  414  435  461  453  455  492  548  572  559  627
[106]  684  731  730  749  782  859  869  893  933  988 1015 1092 1135 1219 1276
[121] 1343

[[75]]
  [1]   10   10    6   11   13   13   18   21   15   21   22   12   11   14   11
 [16]   14    9    7   12   14   11    9   10   14   11   14   11   18   17   21
 [31]   17   23   16   15   22   22   16   19   22   23   32   33   36   38   45
 [46]   49   49   61   76   85   69   70   89   87   68   82   79   84   92   95
 [61]  101  100  114  109  114  112  136  124  122  138  153  144  162  194  181
 [76]  208  220  237  236  248  262  264  300  340  330  338  333  360  407  443
 [91]  458  424  481  494  522  543  595  585  584  557  638  731  753  724  750
[106]  722  790  833  918  859  938  955  943 1009 1057 1031 1059 1135 1152 1202
[121] 1339

[[76]]
  [1] 10 17 10  8  8  8 19 22 21 13 16 10  9  5  5  4  3  9  7  4  4  8 13  9  8
 [26]  7 11 14 13 10  8  8 14 13 12 16 16 10 13  7  6  6  5  5  3  3  8 12  6  4
 [51]  4  4  4  8  4  8  6  4  4  4  3  2  2  5  4  4  3  3  7  2  2  3  2  2  2
 [76]  2  2  3 11  5  4  3  3  2  2  2 13  6  5  5  5  3  2  1  0  0  0  0  0  0
[101]  0  0  0  0  0  0  0  0  0  0  0  0  0  0  0  0  0  0  0  0  0

[[77]]
  [1]   10   10   17   22   20   23   19   23   25   23   33   29   32   42   40
 [16]   32   26   30   34   43   43   42   44   47   36   41   40   32   45   46
 [31]   38   27   35   45   35   36   39   59   49   40   39   45   43   45   43
 [46]   73   72   86   85   80   76   76   93  105  131  125  126  140  143  144
 [61]  132  152  146  135  145  167  156  201  207  201  236  245  256  268  283
 [76]  275  263  334  316  333  351  383  377  463  488  485  495  522  560  602
 [91]  622  648  667  697  777  795  835  862  865  868 1019  959 1055 1085 1162
[106] 1178 1211 1255 1272 1300 1357 1360 1413 1448 1521 1628 1734 1765 1882 1958
[121] 1902

[[78]]
  [1] 10 12  9  6  6  9  5  3  3  3 10  8  6 10  6  3  2 12  6  5  4  3  3  6  3
 [26]  6  4  2  2  1  0  0  0  0  0  0  0  0  0  0  0  0  0  0  0  0  0  0  0  0
 [51]  0  0  0  0  0  0  0  0  0  0  0  0  0  0  0  0  0  0  0  0  0  0  0  0  0
 [76]  0  0  0  0  0  0  0  0  0  0  0  0  0  0  0  0  0  0  0  0  0  0  0  0  0
[101]  0  0  0  0  0  0  0  0  0  0  0  0  0  0  0  0  0  0  0  0  0

[[79]]
  [1] 10  7  4  4  4  3  4  4  4  5  3 10 12  8 13  9  9 14 24 16 13 15 15 16 11
 [26] 16  8  5  4 11  7  4  3  3  3  8  6  6  6 10  5  4  3  3  8  9  8  6  5 11
 [51] 11 12  9  6  6  6 10  9  9 13 10  9 14 15 10  8 11  8 13  7 11 10  8  8 15
 [76] 11 15 19 16 12 10  8  7  9  7  7 10  7 20 17 14 11 17 18 19 12 10 15 19 29
[101] 36 41 35 41 42 36 34 44 51 42 56 76 84 76 72 70 79 69 89 82 84

[[80]]
  [1]   10   18   19   22   14   20   24   27   24   28   27   37   34   23   32
 [16]   32   38   36   39   24   21   28   31   18   24   28   42   36   40   40
 [31]   29   35   36   22   23   25   27   23   37   35   45   48   37   49   43
 [46]   37   50   48   60   44   58   42   50   56   70   68   71   72   60   62
 [61]   67   74   88   83   72   95  112  104   87  116  147  124  145  139  119
 [76]  141  176  164  144  156  184  210  215  232  242  265  242  249  284  306
 [91]  314  312  289  286  314  312  335  367  368  401  410  446  450  449  502
[106]  506  522  588  619  622  660  696  743  754  781  824  849  887  917  948
[121] 1000

[[81]]
  [1]   10   14   15   13   10   15   18   13   13   14   13   17   13   12   15
 [16]   20   25   24   28   35   40   58   55   61   76   83   68   99  120  131
 [31]  144  132  146  130  162  146  138  150  187  185  154  183  170  212  203
 [46]  213  197  213  245  235  281  272  285  314  311  331  335  347  354  364
 [61]  341  389  433  464  531  540  572  589  647  665  742  713  702  772  800
 [76]  785  815  824  909  941 1005 1080 1088 1160 1086 1122 1163 1225 1291 1324
 [91] 1332 1467 1541 1549 1602 1708 1736 1823 1837 1922 2051 2081 2120 2333 2524
[106] 2666 2723 2800 2907 3020 3108 3181 3242 3424 3690 3811 3910 3988 4129 4359
[121] 4556

[[82]]
  [1] 10 15 14 12 19 24 16 14 14 23 18 22 19 15 25 18 14 13 15 15 15 16 17 12 20
 [26] 13 13 14 12 18 29 33 26 25 27 25 40 38 40 34 46 33 40 47 45 33 37 28 19 17
 [51] 19 34 17 13  9  7  8  6  4  4  4  9  6  5  5  4  4  3  8  9  7  7  5  4 12
 [76]  6  4  4  5  5  2  0  0  0  0  0  0  0  0  0  0  0  0  0  0  0  0  0  0  0
[101]  0  0  0  0  0  0  0  0  0  0  0  0  0  0  0  0  0  0  0  0  0

[[83]]
  [1]   10   14   10   16   27   20   17   24   44   49   41   39   41   41   54
 [16]   44   34   52   60   62   56   45   50   65   73   75   65   73   80   84
 [31]   86   83   85  120  114  110  122  163  172  176  181  169  163  181  187
 [46]  193  231  244  262  219  221  242  255  253  301  324  359  374  362  407
 [61]  464  471  447  510  489  528  554  583  559  594  571  639  656  633  707
 [76]  726  716  732  750  762  834  903  883  914  984 1119 1155 1193 1239 1312
 [91] 1397 1419 1492 1554 1592 1631 1766 1841 1791 1885 1990 2103 2209 2316 2353
[106] 2426 2526 2641 2828 2950 3122 3182 3335 3512 3688 3776 4043 4233 4252 4397
[121] 4728

[[84]]
  [1] 10  8  6  5 11 11 10 11 12 12 12  7 15 17 16 14 11 12 12 11  6 12  8 11  6
 [26]  5  5  4  4  4  3  1  4  1  1  1  1  1  1  0  0  0  0  0  0  0  0  0  0  0
 [51]  0  0  0  0  0  0  0  0  0  0  0  0  0  0  0  0  0  0  0  0  0  0  0  0  0
 [76]  0  0  0  0  0  0  0  0  0  0  0  0  0  0  0  0  0  0  0  0  0  0  0  0  0
[101]  0  0  0  0  0  0  0  0  0  0  0  0  0  0  0  0  0  0  0  0  0

[[85]]
  [1] 10  8 14  8 13 12 22 16 12 14 15  9  6  7  5 11  9 13 17  9  9  7 10  8  4
 [26]  4  2  6  4  4  7 11 15 17 12  9 14 23 20 16 18 18 27 17 11 11 19 17 14 15
 [51] 10 14 11  6  6  6  5 19 12 18 25 26 25 18 15 18 14 16 15 18 12 10  7 11 12
 [76] 16  9 11  9 11  7  5  4  3  3  8  6  5 10 14 13 11  9 14 12 12 16 10 16 14
[101] 18 15 15 18 29 30 30 24 22 18 17 22 16 12 13 25 18 24 18 23 13

[[86]]
  [1]   10    6    6    5   12   15   14   11   13   19   12   15   16   15   16
 [16]   15   14    9   10   14   15   11   11   15   14   19   15   14   16   13
 [31]   28   39   30   31   30   29   32   37   33   31   32   27   36   33   32
 [46]   35   40   53   46   55   39   46   39   43   34   51   57   55   46   46
 [61]   60   63   62   70   62   76   78   83  111   97   88  108  124  123  126
 [76]  143  114  120  155  181  193  200  164  189  213  222  273  293  278  266
 [91]  273  349  355  363  360  388  388  401  434  436  476  479  463  506  567
[106]  565  619  557  594  598  663  711  681  727  787  784  886  939  970 1005
[121]  963

[[87]]
  [1]  10   8  14  15  13   9   8   7   8   6  11  14  14   9  15  14  15  15
 [19]  14  19  18  21  15  15  13  18  13  18  20  20  16  13  13  23  40  38
 [37]  37  31  34  35  41  33  37  44  38  45  51  53  45  52  67  61  63  60
 [55]  57  60  59  70  71  78  88  64  62  47  61  69  99 101  85  85  85 100
 [73]  93  96 123 108 108 115 152 140 127 143 153 154 172 194 208 211 206 200
 [91] 209 232 223 274 256 246 246 275 276 282 314 335 306 308 365 402 389 343
[109] 348 371 442 463 486 428 413 431 539 508 543 568 602

[[88]]
  [1]   10   19   21   21   16   15   27   35   38   41   27   23   25   28   37
 [16]   42   53   44   54   47   52   46   47   53   47   50   70   53   41   52
 [31]   46   60   85   90   89   84  103   98  107  122  120  123  143  168  150
 [46]  166  169  163  188  218  227  239  256  263  286  279  313  342  371  338
 [61]  359  343  357  428  437  440  458  431  420  446  513  528  506  546  579
 [76]  574  615  605  673  648  692  747  745  760  764  816  833  804  913  949
 [91] 1031 1055 1014 1098 1123 1156 1191 1211 1265 1222 1286 1409 1534 1480 1476
[106] 1506 1601 1701 1753 1773 1780 1803 1954 2040 2179 2253 2329 2437 2453 2537
[121] 2676

[[89]]
  [1]  10   6   6   6   4   4   4   8   7   4   3   2  13  16  10   9  13   8
 [19]   6   6  14  10  18  13   9  19  17  17  19  19  14  20  25  18  13  13
 [37]  10   9   9   9   6   7  25  18  12  10   9  12  18  23  22  14  12  13
 [55]  19  23  16  13  28  24  23  20  20  17  26  26  26  38  33  26  23  20
 [73]  37  48  44  46  41  52  49  53  58  46  51  57  65  58  46  36  46  65
 [91]  60  53  51  68  67  69  74  61  64  80  84  72  87  82 102 112 129 123
[109] 117 124 141 136 144 129 125 129 125 142 157 164 181

[[90]]
  [1]   10   10   10    7   17   25   16   16   11   11   14   18   19   17   24
 [16]   21   15   17   19   24   34   35   43   45   61   63   52   52   49   59
 [31]   71   72   70   84   66   79   86   84   71   91   77   73   73   70   82
 [46]   68   71   78  101   96   80   94  106  106   93   91  107  107  112  103
 [61]  135  112  131  139  129  156  158  158  163  177  191  199  221  224  227
 [76]  227  251  263  269  296  281  289  338  356  350  365  400  421  484  435
 [91]  456  487  495  530  566  581  573  638  675  718  723  727  751  716  770
[106]  792  804  793  860  894  962  953 1016 1089 1059 1088 1110 1156 1192 1307
[121] 1359

[[91]]
  [1]  10  12   6   4   5   4   4   4   4   3   2   7   4   8   5   4   4   3
 [19]   3   3   5   4   2   2   2   2   2   2   2   2   2   2   1   1   1   1
 [37]   1   1   1   7   4   2   2   2   7   5   3   3  11  13   9   7   6   6
 [55]   6  14  24  18  16  10   9  16  18  16   7   7   9  19  12   9   7  27
 [73]  28  28  31  33  28  40  40  34  28  40  45  42  39  33  58  69  59  43
 [91]  42  42  77  75  63  70  64  64  74  90  79  89  92  94 103 111 102  96
[109] 120 133 124 138 137 139 135 158 162 153 152 152 186

[[92]]
  [1]  10  17  16  12  12  14  16  17  13  14  11  13  21  27  35  19  24  19
 [19]  28  20  14  13  17  17  18  15  16  12  19  22  25  16  16  20  21  27
 [37]  19  21  21  31  29  22  20  25  19  27  36  24  21  19  43  35  31  37
 [55]  32  34  27  36  48  52  48  43  44  41  40  37  58  77  52  61  70  81
 [73]  98  86  80 100 147 148 152 162 157 156 159 167 187 196 188 199 202 245
 [91] 223 234 243 240 265 236 278 301 301 297 297 323 311 337 389 399 393 385
[109] 427 437 497 512 465 507 520 515 536 617 621 649 691

[[93]]
  [1]  10  13  15  11   9  12  10   7  13  15  12  13  13  12  11  18  17  17
 [19]  19  28  30  25  19  27  25  17  19  16  23  20  20  14  23  23  26  32
 [37]  27  22  24  33  30  35  39  37  44  54  46  47  38  39  44  68  56  67
 [55]  65  66  74  86  79  73  88 102 102 104 105 113 119 116 143 132 142 148
 [73] 130 136 133 153 184 193 206 198 217 203 224 253 253 248 272 291 300 338
 [91] 318 330 331 351 364 412 412 413 443 467 496 492 511 555 602 650 618 646
[109] 651 719 708 691 722 724 759 744 786 802 865 893 941

[[94]]
  [1]   10   14   19   15   13   11   17   10    6    5    3    3    9    4    3
 [16]    2    9   11   16   17   17   20   26   28   29   36   45   36   27   23
 [31]   33   38   50   61   49   53   47   81   68   60   50   54   58   57   69
 [46]   53   69   72  100  101   74   77   82   84  111  110  115  105  108  104
 [61]  126  123  108  116  141  140  137  154  160  177  173  182  187  173  172
 [76]  181  196  208  214  236  233  242  278  313  296  281  333  327  333  379
 [91]  376  375  376  378  436  427  447  454  497  533  514  521  528  614  605
[106]  611  635  691  692  727  711  758  799  895  941  974 1019  994 1006 1100
[121] 1157

[[95]]
  [1]  10   6  12  10  16  13  11  17  13  12  18  20  15  10  11  15  15  24
 [19]  17  19  17  18  18  29  27  23  32  20  23  23  24  34  32  35  29  36
 [37]  45  42  46  40  43  37  37  38  43  43  37  43  58  57  64  65  62  68
 [55]  62  57  80  80  89  84  82  77  92  89 102 111  89  87 106 134 136 125
 [73] 130 110 122 131 130 142 141 153 160 147 156 151 148 170 169 142 151 181
 [91] 189 179 160 185 194 209 223 247 246 222 233 253 232 268 299 318 335 354
[109] 414 414 443 454 444 467 518 501 532 562 589 655 649

[[96]]
  [1] 10  6  5 11 14 12  7  6  6 14  9 13  6  6  5  4  2  2  1  1  1  1  1  1  1
 [26]  1  1  1  1  1  1  1  1  1  3  2  2  2  1  1  0  0  0  0  0  0  0  0  0  0
 [51]  0  0  0  0  0  0  0  0  0  0  0  0  0  0  0  0  0  0  0  0  0  0  0  0  0
 [76]  0  0  0  0  0  0  0  0  0  0  0  0  0  0  0  0  0  0  0  0  0  0  0  0  0
[101]  0  0  0  0  0  0  0  0  0  0  0  0  0  0  0  0  0  0  0  0  0

[[97]]
  [1]  10   7   6  10   8   7   6  10   7  11   7   6   6  21  30  19  13  12
 [19]  20  16  14  16  13  14   7  10  15  14  18  21  14  13  22  18  18  20
 [37]  28  29  26  24  41  38  23  23  32  67  57  58  54  40  52  44  63  55
 [55]  80  69  52  63 101  79  79  74  80  89  85  99  87 102 116 120 117 111
 [73] 132 121 151 132 135 168 205 203 203 186 169 206 212 182 201 183 190 177
 [91] 216 255 233 225 239 241 253 267 296 291 310 353 369 369 367 382 396 390
[109] 406 475 474 511 521 573 633 650 695 693 731 668 753

[[98]]
  [1]   10    8    6    4    6   13   18   12   10    9    7   12   21   22   19
 [16]   21   20   24   26   22   19   22   44   33   43   44   37   35   35   41
 [31]   38   37   36   40   38   34   34   42   59   47   35   31   48   42   48
 [46]   49   52   47   46   41   48   68   70   74   82   90   82   78   78   97
 [61]   86   95   84   94   83   86   72   95   94   90   85  118  135  135  125
 [76]  134  145  141  175  178  217  206  221  230  253  296  273  277  316  366
 [91]  392  428  453  452  482  495  460  458  508  570  621  640  678  657  670
[106]  698  738  790  787  862  857  904  911  944  940 1013 1022 1070 1145 1182
[121] 1278

[[99]]
  [1]   10   20   14   12   10    9   12   11    9    9   11   25   30   26   20
 [16]   15   18   15   23   27   38   35   26   26   32   40   33   27   32   38
 [31]   34   41   40   46   46   48   57   66   76   81   82   96   88  113  116
 [46]  110  103  134  180  187  169  169  154  194  218  236  216  240  217  242
 [61]  231  241  254  271  301  270  301  274  286  314  316  265  265  302  318
 [76]  309  334  309  352  371  339  370  370  388  401  438  428  419  405  409
 [91]  434  458  480  499  523  538  540  550  618  606  622  666  659  739  734
[106]  753  748  806  874  824  823  867  948 1047 1045 1077 1171 1224 1245 1338
[121] 1373

[[100]]
  [1]   10   16   11   12    9    5    8    6    5    3    3    3    7    3    8
 [16]    5    5    8    4    3    3    3    3    7    7    6   13    9    8    6
 [31]    9   12   11   19   13   16   17   28   27   28   47   42   44   47   44
 [46]   48   46   60   53   51   65   81   82   73   97   87  100  127  121  140
 [61]  124  138  127  134  132  178  164  220  240  278  309  279  289  300  318
 [76]  349  354  387  380  376  418  436  477  460  477  455  458  487  515  580
 [91]  592  655  634  620  775  728  707  735  769  809  779  843  905  944  962
[106] 1044 1072 1138 1169 1261 1269 1308 1366 1508 1524 1554 1584 1693 1767 1811
[121] 1876

[[101]]
  [1] 10 10  8  9  6  5 10 13  9  8  6  4 10 13  6  4  1  1  6  4  2  1  1  1  1
 [26]  1  5  3  3  3  2  9  5  5  5  4  3 10  6  4  3  3  7  5  5 17 11 10  7 12
 [51]  7 10  8 10  4  5  5  3  3  6  5  7  5  5  3  3  2  2  2  2  2  2  1  1  5
 [76]  1  1  1  1  1  1  1  1  1  1  1  1  1  1  1  1  1  1  7  5  3  1  1  1  0
[101]  0  0  0  0  0  0  0  0  0  0  0  0  0  0  0  0  0  0  0  0  0

[[102]]
  [1]   10   15   16   23   24   17   19   21   26   23   37   45   39   31   34
 [16]   29   24   27   41   44   38   36   32   42   49   46   37   43   41   51
 [31]   49   65   62   69   86   79   65   65   52   93   98   87   86   96   98
 [46]   90   96   88   87   87   67   76   67   85   96   90  130  124  113  116
 [61]  136  145  168  164  158  170  167  180  201  179  191  232  207  201  197
 [76]  203  230  233  210  229  233  237  259  236  264  312  315  326  339  368
 [91]  411  431  436  400  417  438  533  523  519  557  583  635  643  646  681
[106]  730  745  683  739  836  883  923  956  933  985 1077 1108 1165 1228 1283
[121] 1295

[[103]]
  [1]   10   15   13   19   12   18   12   18   15   28   21   39   35   44   32
 [16]   49   47   43   45   39   29   41   47   48   47   48   35   63   59   76
 [31]   79   85   80   77   92   93   99   88   73   82   89   90   80   70   85
 [46]   99   90  115  114  134  143  125  141  167  177  187  193  182  171  169
 [61]  193  203  232  231  218  194  198  206  252  283  296  262  310  355  370
 [76]  331  325  330  371  432  441  430  463  452  517  516  541  511  577  591
 [91]  613  628  670  771  768  821  851  844  845  899  889  937  989 1072 1112
[106] 1127 1113 1110 1103 1163 1199 1236 1386 1407 1481 1519 1580 1622 1686 1745
[121] 1815

[[104]]
  [1]   10    6    5    5   17   21   16   16    8   11   15   13   12   14   19
 [16]   15   27   21   33   23   32   31   38   34   37   35   42   58   57   53
 [31]   45   48   65   62   72   83   78   82   85   87   87   92  125  133  125
 [46]  157  169  182  172  187  161  198  198  214  237  211  231  220  217  255
 [61]  242  253  259  328  301  300  270  328  329  315  327  374  383  470  484
 [76]  500  501  521  503  539  554  597  647  646  622  638  663  675  703  772
 [91]  817  872  853  884  917  951 1021 1019 1108 1164 1169 1223 1282 1370 1290
[106] 1392 1388 1533 1605 1671 1689 1684 1784 1804 1880 2062 2003 2114 2116 2402
[121] 2496

[[105]]
  [1]  10  14  11   8   7   7   6   6   9   9   7   6  10  10   7   6   6  10
 [19]   5   4   3   7   3   3   3   3   7  12   8   7   6  12  11  17  18  19
 [37]  22  19  26  24  19  25  19  19  25  39  32  25  32  43  55  53  47  39
 [55]  43  55  48  36  36  44  49  47  53  44  39  34  52  53  63  51  46  60
 [73]  72  76  77  68  78  96  89  81 109 107 111 108 117 131 141 133 159 145
 [91] 166 147 172 146 140 168 158 187 158 176 216 219 196 226 206 232 283 285
[109] 325 304 296 355 395 450 464 496 479 455 487 518 566

[[106]]
  [1] 10  9 14 10 15 12 18 16 23 16 10 10 14 16  8 13 10 17 18 14 12 13 13  9 14
 [26] 10 14 10 13 13  6  6 15 17 15  9  7  9  7  5  8  6  8  5  5  6  5  2  2  2
 [51] 10  5  3  9 12 11  6  5 12  9  8  8  7  7 14 16 25 19 16 11 14 20 16 10  7
 [76] 10  8  7  8  5 10  8  6  6  7 14 14 15 12  9 10  8  7 15 10  8  9  6  8  8
[101]  5  4  4 10  7  3  4  8 13 12  7 11  6  9 13 10 18 16 19 19 28

[[107]]
  [1] 10  4  4 17 11  8  6  4  3  3  2  2  2  2  2  8  9  5  5  4  4  3  6  1  0
 [26]  0  0  0  0  0  0  0  0  0  0  0  0  0  0  0  0  0  0  0  0  0  0  0  0  0
 [51]  0  0  0  0  0  0  0  0  0  0  0  0  0  0  0  0  0  0  0  0  0  0  0  0  0
 [76]  0  0  0  0  0  0  0  0  0  0  0  0  0  0  0  0  0  0  0  0  0  0  0  0  0
[101]  0  0  0  0  0  0  0  0  0  0  0  0  0  0  0  0  0  0  0  0  0

[[108]]
  [1]  10  18  11  16  10   9  13  18  12  10   8   9   7  10  11  17  14  16
 [19]  14  16  27  22  18  19  14  19  15  18  15  23  22  13  12   9   7   7
 [37]  10   6  13   9   7   4   4  11  12  10   9  16  15  10  13  19  14  12
 [55]  23  20  16  21  16  25  22  16  28  29  27  32  38  33  38  36  40  39
 [73]  39  41  43  38  40  45  60  51  60  59  48  52  61  73  60  60  50  86
 [91]  94  84  68  90  96 107  87  81  94 119 102  93  89 107 110 115 112 101
[109] 105 125 106 120 131 155 137 137 132 137 157 143 170

[[109]]
  [1]   10   20   22   16   13   18   30   27   20   17   19   19   18   27   32
 [16]   23   19   21   18   16   29   31   33   32   31   42   55   55   49   62
 [31]   53   50   65   79   75   93   91   90  121  132  128  137  128  127  117
 [46]  150  177  188  171  155  153  170  202  196  219  220  229  230  257  234
 [61]  238  275  285  285  325  304  344  334  320  342  356  395  441  428  387
 [76]  413  479  460  468  465  450  515  573  579  595  602  674  737  741  756
 [91]  760  750  879  903  923  988  963  985 1093 1033 1103 1127 1252 1279 1315
[106] 1400 1454 1487 1521 1637 1687 1812 1860 1928 1899 1870 1993 2137 2260 2323
[121] 2391

[[110]]
  [1]  10   8   8  10  18  21  15  10  17  26  23  22  17  18  23  18  11  15
 [19]  15  27  21  15   9   8  12  10  16  13   8   7   5   5   4   2   2   2
 [37]   2   2   1   8   8   6   6   6   5   5  11  19  12  10   8  18  23  21
 [55]  28  33  39  45  37  50  52  50  54  56  53  74  60  84  74  90  84  65
 [73]  82  87 109 121  97  95  78  87  81 104 125 143 138 129 131 124 115 149
 [91] 158 145 148 126 121 162 153 146 157 162 173 198 196 202 181 207 219 201
[109] 225 208 214 233 213 228 238 289 283 323 300 296 277

[[111]]
  [1]   10   21   12   10   16   11   14   22   16   15   13   16   13   10   11
 [16]   13   16   10   18   15   16   15   22   13   13   21   18   18   22   13
 [31]    9   12    9   10   13   16   29   38   36   36   31   38   55   46   42
 [46]   38   61   68   91   83   78   87   93   77  105  107  101   94   94   98
 [61]   94  119  149  161  161  159  151  178  189  214  234  236  236  231  228
 [76]  243  251  250  282  290  299  316  359  353  369  371  383  357  399  384
 [91]  408  388  399  463  434  478  513  576  562  617  651  656  746  786  762
[106]  825  826  909  906  939  954 1032 1113 1058 1123 1156 1212 1233 1308 1231
[121] 1335

[[112]]
  [1]  10  20  13  10  15  19  25  16  17  14  13  16  10   6   6   8  10  20
 [19]  16  12  16  14  17   9  14  13  10  11   9   6  24  23  19  13  13  11
 [37]  10  12  16   9   8  10   6   7   5   4   4   4  10   7   4   8   5   5
 [55]   5  10   9   8   7   7   6   6   5   3   1   1   1   1   9  10   7   6
 [73]  11  13  16  23  30  36  30  37  30  22  30  49  48  48  36  48  57  44
 [91]  44  63  63  53  72  57  64  83  74  67  71  64  68  71  79  92  96  90
[109]  71 115  98 119 104  94 108 105 105 114 127  98  97

[[113]]
  [1] 10 10  9 21 15 21 26 19 19 18 15 14 15 12 12 12 12  9 12  7  6  4  4 11  8
 [26]  6 12  6  5 16 24 20 16 13 16 20 18 13 13  7 14  8  7  5  5  5  5  6  6  5
 [51]  4  4  4  4  8  5  4  4  3 12  9  7  7  7  6 17 16 14  6  4 12  9  9  9  8
 [76] 19 11  7  6  5  5  8  5 11 15  7  5  4  3  2  6  2  2  2  2  2  2  2  2  3
[101]  1  1  0  0  0  0  0  0  0  0  0  0  0  0  0  0  0  0  0  0  0

[[114]]
  [1]   10   11   11   10   22   18   19   16   19   30   33   43   54   43   53
 [16]   43   39   64   57   60   58   52   60   55   78   88   76   64   82  111
 [31]   80  109  117  101   99  109  102  141  170  159  138  149  144  184  220
 [46]  223  220  229  270  262  240  240  265  271  267  267  280  288  322  352
 [61]  384  418  388  389  416  469  471  468  498  535  578  638  641  641  685
 [76]  712  735  775  774  808  855  813  875  932  976  966 1003  998 1046 1040
 [91] 1103 1128 1143 1274 1382 1341 1485 1546 1630 1753 1761 1833 1891 1948 2004
[106] 2043 2193 2340 2300 2384 2446 2572 2619 2691 2838 2950 3106 3267 3546 3652
[121] 3838

[[115]]
  [1]  10   7   8   7  11  12  15  21  27  22  16  22  18  16  23  25  28  29
 [19]  22  19  17  31  25  29  30  23  32  41  34  30  20  20  22  13  13  12
 [37]  17  12  35  27  23  22  19  21  37  32  22  19  24  28  26  46  36  40
 [55]  38  38  43  34  32  34  45  57  41  43  36  30  55  49  68  56  59  67
 [73]  70  63  78  94 127 128 130 119 118 129 134 186 176 174 181 157 163 167
 [91] 195 173 182 173 163 187 180 210 209 208 219 231 251 236 276 291 285 290
[109] 337 349 319 342 349 354 374 373 382 385 422 465 412

[[116]]
  [1]  10   8  13   4   4   4   3   5   5   5   4   3   3   3   3   3   2  10
 [19]   6   4   3   3   3   3   3   7  11  18  10   8   4   9   8   7  14  13
 [37]  13  17  15  13  18  17  18  21  21  20  19   9   9   7   6   6   7  14
 [55]  17  15  18  11  15  26  31  27  18  16  23  19  38  44  35  35  38  42
 [73]  41  38  40  34  46  42  54  48  47  60  46  62  57  59  53  51  56  55
 [91]  44  87  75  65  67  71  73  90  94 100  89  99  98 109 120 126 130 145
[109] 137 155 152 162 159 164 161 161 188 186 195 208 204

[[117]]
  [1] 10 12 10  7  5  5 10 12 13 10 17 15 12 11 13 13 12  9  4  4  5  4  4  3  8
 [26] 12  7  5  4  2  2  2  5  5  8  6  5  2  2  2  2  6  3  2  2  2  2 14  8  5
 [51]  3  3  3  2  2  2  1  1  1  1  1  1  0  0  0  0  0  0  0  0  0  0  0  0  0
 [76]  0  0  0  0  0  0  0  0  0  0  0  0  0  0  0  0  0  0  0  0  0  0  0  0  0
[101]  0  0  0  0  0  0  0  0  0  0  0  0  0  0  0  0  0  0  0  0  0

[[118]]
  [1]  10  11   7   5   4   4   4  11   9  11   9   8   6   5   5   4   4   3
 [19]   3   3   7   3   9   7   7   5   6   5  10  13  11  24  19  28  28  21
 [37]  24  26  32  40  42  50  46  58  47  60  64  60  59  55  51  61  77  83
 [55]  86  83  73  80  84  76 111 107 112 102  96 124 130 139 127 124 118 101
 [73] 113 124 127 123 116 120 125 138 159 177 165 170 182 200 191 196 213 203
 [91] 203 215 212 248 255 278 298 297 330 365 419 427 402 393 418 478 500 508
[109] 516 507 540 588 608 634 650 606 658 725 765 810 822

[[119]]
  [1] 10 18 12 11  8 18 10  7  6  5  4  4  3  3  3  2  5  2  1  1  1  1  1  1  4
 [26]  2  2  2  2  1  7  4  3  3  3  5  1  0  0  0  0  0  0  0  0  0  0  0  0  0
 [51]  0  0  0  0  0  0  0  0  0  0  0  0  0  0  0  0  0  0  0  0  0  0  0  0  0
 [76]  0  0  0  0  0  0  0  0  0  0  0  0  0  0  0  0  0  0  0  0  0  0  0  0  0
[101]  0  0  0  0  0  0  0  0  0  0  0  0  0  0  0  0  0  0  0  0  0

[[120]]
  [1]  10   9  19  12  11  11   9   7  11   8   7  10  14  13  10  10  14  15
 [19]   8  10   7   7   8   6   6   6  13  18  20  19  29  24  28  20  22  19
 [37]  30  31  32  29  47  37  40  31  40  39  43  44  31  44  51  41  56  45
 [55]  64  78  67  75  91  97 105  99 102 114 133 124 137 125 120 111 117 131
 [73] 147 129 127 161 131 138 135 154 148 161 168 160 161 190 205 188 203 222
 [91] 226 215 206 233 270 275 276 288 294 333 336 317 332 347 357 400 439 436
[109] 454 513 549 556 649 677 594 606 684 741 728 747 796

[[121]]
  [1]   10   16   23   29   21   15   14   14   15   10   19   21   20   18   16
 [16]   24   30   36   32   32   33   24   23   19   30   44   46   48   49   43
 [31]   49   51   56   42   38   46   59   62   56   71   82   80   84   90   99
 [46]  100   85   85   78   89   98  113   73   85  101  124  127  126  114  122
 [61]  118  124  135  142  127  115  108  118  153  141  144  150  128  149  166
 [76]  181  208  199  216  204  220  224  201  211  245  240  284  279  308  275
 [91]  266  306  345  343  402  403  406  423  415  464  550  547  556  555  606
[106]  605  671  648  651  627  663  738  781  769  763  806  863  909  984  996
[121] 1035

[[122]]
  [1]  10   7  13   9   7   6   4   3  13  12   8   8  14  14  15  13   9  10
 [19]  12  25  14  24  19  35  32  23  17  13  16  18  21  22  21  29  37  43
 [37]  39  33  41  52  33  37  40  29  33  38  36  53  41  35  39  54  60  51
 [55]  47  59  57  44  48  55  43  42  45  52  41  43  44  53  48  49  38  35
 [73]  29  41  37  27  41  40  37  32  25  35  35  33  60  60  51  53  53  80
 [91]  78  67  62  57  72  87  83  91  89  83  89  81  93 109 121 116 119 115
[109] 114 123 127 146 142 148 173 221 229 231 204 209 225

[[123]]
  [1]   10   11   11   13   15   13   12   22   23   22   15   22   23   21   30
 [16]   36   33   24   22   16   21   33   39   37   31   32   45   44   58   49
 [31]   55   47   55   65   54   54   43   44   55   59   87   68   66   57   71
 [46]   74   63   48   48   60   70   83   71   80  101  106   90   89   91  109
 [61]  118  118  111  120  138  138  102  121  138  158  183  173  184  172  176
 [76]  187  194  206  195  171  220  236  208  220  239  255  245  240  256  280
 [91]  293  365  366  385  408  416  503  519  509  542  584  633  707  661  720
[106]  736  687  730  711  830  867  866  907  858  926  986 1025 1048 1180 1172
[121] 1196

[[124]]
  [1]   10   21   21   17   13   27   19   20   15   22   14   12   26   28   21
 [16]   16   15   20   23   50   58   42   35   37   58   74   77   62   54   50
 [31]   60   81   62   78   67   55   61   85   75   83   84   95   86  103   90
 [46]   73  106  112   96   97   83   91  123   95   71   93  103  116  111   86
 [61]  118  148  168  151  147  155  182  203  215  228  189  222  223  245  267
 [76]  240  277  285  277  313  342  381  368  389  370  447  444  485  473  506
 [91]  523  531  534  543  588  592  642  681  725  730  754  778  900  960  963
[106] 1041 1126 1099 1122 1164 1217 1252 1291 1395 1453 1540 1583 1634 1650 1750
[121] 1779

[[125]]
  [1]   10   14   11    8   13   15   11   11    8   13   10    8    6    6   20
 [16]   23   24   18   24   28   20   24   35   36   55   43   43   84   81   80
 [31]   89   77   92  103  135  126  131  145  138  162  159  176  171  172  183
 [46]  231  248  229  233  266  251  256  256  267  257  292  306  306  314  270
 [61]  296  305  310  317  304  308  317  352  342  388  429  428  446  457  435
 [76]  508  519  537  563  527  519  534  581  628  644  636  651  681  746  775
 [91]  871  856  866  897  941  966 1009 1066 1104 1228 1282 1322 1305 1316 1478
[106] 1596 1614 1746 1861 1815 1886 2098 2119 2195 2219 2255 2317 2387 2637 2647
[121] 2704

[[126]]
  [1]   10   17   17   11   16   10   19   12    9   19   15   12   18   27   32
 [16]   25   29   25   31   36   48   44   35   34   40   49   49   45   48   36
 [31]   52   48   55   64   56   86   62   63   69   79   73   65   65   62   75
 [46]   88  104   86  111  110  131  132  115  126  148  147  168  167  155  148
 [61]  174  165  158  180  178  190  183  177  199  201  207  244  236  242  239
 [76]  244  265  260  254  247  255  264  265  258  279  280  312  323  332  367
 [91]  358  391  369  381  395  470  498  464  497  482  495  490  523  598  666
[106]  644  632  649  703  750  773  742  853  895  910  861  937 1048 1025 1080
[121] 1092

[[127]]
  [1]   10   20   18   10   17   21   32   23   19   17   27   28   31   39   39
 [16]   20   30   28   32   27   32   39   30   22   14   22   22   26   23   32
 [31]   47   42   42   36   36   41   40   36   46   35   33   43   35   42   42
 [46]   46   48   42   47   72   53   58   82   93   93   74   69   68   77   78
 [61]   70   73   85   93   91  108  108  110  144  161  143  127  151  153  158
 [76]  143  137  168  170  179  182  172  196  225  250  198  220  212  244  269
 [91]  295  302  315  308  359  363  344  380  391  420  480  495  528  544  555
[106]  565  624  640  701  727  691  730  743  834  845  866  897  929 1011 1002
[121] 1015

[[128]]
  [1]   10   21   15   10    9   11   13    9    8    7   11   10   13   15   13
 [16]   11   16   12   15   29   23   26   27   24   25   30   23   21   19   29
 [31]   38   35   43   37   36   39   52   54   37   41   52   42   64   74   73
 [46]   66   73   85  101  110  107  102   99   81  104  117  118  106  121  126
 [61]  123  120  138  143  147  166  169  179  181  184  181  205  233  228  230
 [76]  244  259  247  241  260  281  251  278  285  268  277  248  297  289  297
 [91]  342  344  362  424  435  467  465  444  484  513  540  566  571  613  602
[106]  581  652  705  770  826  829  819  845  847  877  920 1005  978 1049 1087
[121] 1080

[[129]]
  [1]   10   18   20   13   12   15   20   22   14   26   25   23   24   20   23
 [16]   17   15   16   18   25   30   27   30   42   48   48   39   60   63   48
 [31]   48   60   49   53   63   82   72   70   89   84  110   84  112  132  132
 [46]  129  132  136  140  144  146  174  163  159  165  187  178  181  227  205
 [61]  220  241  264  249  252  259  232  282  301  304  318  330  330  354  395
 [76]  376  378  436  461  462  505  466  496  503  528  522  560  639  655  654
 [91]  680  692  711  771  906  916  944 1051 1061 1092 1079 1063 1111 1171 1209
[106] 1282 1331 1335 1384 1512 1662 1696 1753 1836 1916 1951 2109 2172 2219 2256
[121] 2354

[[130]]
  [1]   10   15   15   18   19   19   15   12   14   28   32   28   24   24   24
 [16]   23   25   35   35   43   44   43   31   49   39   52   56   57   46   48
 [31]   61   57   51   54   68   86   81   79   82   76   89   86   70   90   99
 [46]   92   93  121  124  102   99  109  114  127  127  153  162  167  154  149
 [61]  160  163  180  186  176  195  219  183  226  244  230  258  267  284  345
 [76]  342  371  419  442  421  477  553  519  492  562  529  589  629  637  692
 [91]  749  706  761  835  817  865  888 1006  985 1015 1071 1095 1183 1253 1359
[106] 1321 1359 1435 1465 1528 1600 1660 1728 1706 1815 1911 2036 2063 2144 2186
[121] 2257

[[131]]
  [1] 10  6  5  5 11  8 13  9  6  4  4  3  7  5  8  9  5  3  3  3  3  3  3  7  7
 [26] 10  4  4  7  5  5  4  3  3  9  9  7  9  8  5  5  7  5  4  4  6 15 18 10  9
 [51]  7 11  8  5  3 10  7 10  6 12 17 12 12 19 16 12  9  7  8 17 12  9  7 10  8
 [76] 11 11 23 15 13 11 23 27 20 23 17 26 25 19 19 23 28 36 25 20 19 17 18 24 19
[101] 15 18 15 11 11 23 18 19 21 28 27 34 33 38 40 31 35 35 48 44 59

[[132]]
  [1]  10  12   9  11   9   7   7   6   9   5   5   5   4   5   9  12  14   7
 [19]   7   7   7  11  11   9   7   6  13  11  15  11  13  15  12  10  20   9
 [37]  11  14  23  17  13  10   8   7  14  24  20  30  19  24  27  28  26  29
 [55]  55  63  49  39  27  39  41  39  45  54  58  65  70  64  59  79 110 116
 [73] 107  95 104 106 107 124 112 113 106 121 142 144 155 126 133 165 160 159
 [91] 174 185 167 156 176 211 247 228 218 210 219 207 197 211 233 263 259 274
[109] 278 275 283 281 316 342 354 363 380 385 409 408 449

[[133]]
  [1]   10   19   14   11   12   13   13   13   10   17   25   28   28   23   22
 [16]   17   26   25   30   26   22   18   22   20   21   38   22   33   33   29
 [31]   34   31   28   35   31   33   37   29   49   46   49   48   66   65   65
 [46]   72   82   93   86   96   91   95   93  101  134  122  137  122  144  130
 [61]  160  158  155  174  210  209  225  212  220  213  214  219  214  268  319
 [76]  280  273  301  297  324  317  330  320  323  348  310  313  371  374  363
 [91]  373  381  424  469  499  524  524  519  578  575  643  700  644  681  741
[106]  787  825  811  909  979  988 1021 1023 1074 1143 1175 1228 1309 1284 1333
[121] 1431

[[134]]
  [1]  10   9  12   6   9  11   8   7   7   9  23  25  18  19  15  27  19  15
 [19]  16  18  19  17  16  22  22  25  20  34  41  29  34  27  28  26  32  28
 [37]  26  27  36  43  44  44  44  38  46  44  63  50  54  46  61  76  82  85
 [55]  74  77  71  76  74  74  74  64  73  58  74  68  68  72  86  84  87  88
 [73]  92  94  92  99 105 106 119  98 108 108 105 134 119 122 116 115 120 122
 [91] 148 128 170 171 199 210 217 184 210 203 221 254 260 303 312 299 341 368
[109] 368 369 391 390 459 480 525 530 576 563 597 536 631

[[135]]
  [1]   10   12    8   11    8   15   22   25   16   11   20   18   28   31   30
 [16]   28   27   20   33   26   23   22   20   29   39   37   35   44   38   29
 [31]   23   31   31   34   30   38   37   46   60   56   46   54   73   91  104
 [46]   93   92   89   80   84   89   94   82  105  122  123  147  167  154  160
 [61]  172  184  180  197  214  226  240  216  243  223  259  267  359  358  343
 [76]  373  351  400  411  466  438  460  471  427  500  512  522  527  523  581
 [91]  592  660  637  674  694  713  742  745  847  895  973  962 1055 1035 1116
[106] 1113 1216 1252 1260 1274 1419 1516 1558 1623 1720 1751 1803 1866 1979 2077
[121] 2199

[[136]]
  [1]  10   8   7  10   6   6   9   7   9   5   4   7   8   7   5   4   3   3
 [19]   2   2   7   5   2  10   6   4   4   4   3   2   6   4  16  12  11   7
 [37]  14  17  13  16  11  10  12  21  15  19  12  10  23  35  33  30  24  30
 [55]  29  36  36  48  42  36  33  34  46  61  46  38  49  54  54  48  53  63
 [73]  53  68  65  72  71  68  71 114 111  87  98  87 104 129 130 140 164 158
 [91] 179 185 180 188 260 269 280 273 287 322 336 371 374 382 367 389 391 417
[109] 413 429 488 504 499 544 492 497 499 547 567 525 575

[[137]]
  [1]  10  12  14  15  15  16  13  16  19   9   8  11   8   6   4   4  15  19
 [19]  21  16  13  23  22  16  14  14  16  27  27  20  17  25  21  18  33  39
 [37]  49  35  37  47  41  45  44  45  52  66  64  57  52  52  71  55  68  48
 [55]  41  55  46  41  44  45  73  64  60  58  64  82  81  70  65  70  79  90
 [73] 103 120 140 127 124 114  94 117 122 118 104  87 108 122 126 136 120 132
 [91] 177 170 193 178 171 207 235 262 243 232 219 216 224 225 207 241 235 233
[109] 233 219 223 255 292 291 303 330 376 368 412 467 408

[[138]]
  [1]   10   16   10   15   22   17   26   19   23   21   38   26   27   26   31
 [16]   41   37   45   37   27   36   47   37   26   24   42   34   40   35   31
 [31]   42   35   44   52   40   42   33   45   54   43   42   46   42   50   65
 [46]   78   54   54   64   66   85  102   82   81   98  122  132  129  155  155
 [61]  129  124  136  154  180  192  181  189  176  205  228  206  222  227  192
 [76]  191  227  238  251  258  248  278  311  332  302  324  353  349  350  374
 [91]  375  351  368  380  383  403  444  458  496  485  510  533  537  547  590
[106]  620  633  719  747  764  756  812  858  919  926  945  957  980 1060 1122
[121] 1208

[[139]]
  [1] 10  5  5  5  9  5  3  2  1  1  1  1  1  1  0  0  0  0  0  0  0  0  0  0  0
 [26]  0  0  0  0  0  0  0  0  0  0  0  0  0  0  0  0  0  0  0  0  0  0  0  0  0
 [51]  0  0  0  0  0  0  0  0  0  0  0  0  0  0  0  0  0  0  0  0  0  0  0  0  0
 [76]  0  0  0  0  0  0  0  0  0  0  0  0  0  0  0  0  0  0  0  0  0  0  0  0  0
[101]  0  0  0  0  0  0  0  0  0  0  0  0  0  0  0  0  0  0  0  0  0

[[140]]
  [1]  10  16  12   8  17  21  11  16  10  14  13  10   8   8   7   9  14  11
 [19]  14  27  20  19  20  22  25  29  31  29  24  17  26  26  39  33  29  31
 [37]  30  24  16  28  27  22  29  29  40  54  35  45  39  38  51  58  62  63
 [55]  49  51  85  85  81  77  71  92  96  98  90 101  95  93  80 116 126 131
 [73] 117 133 137 163 187 199 192 170 152 189 205 197 236 226 209 224 226 241
 [91] 265 266 273 290 315 305 285 297 346 393 386 363 431 441 420 391 381 398
[109] 417 476 442 479 475 538 610 644 622 596 637 657 696

[[141]]
  [1]   10   15   10    7    7   13   11    9    8   15   10   10   14   15   14
 [16]   14   24   17   13   14   11   10    8   11   23   12   12   14   12   18
 [31]   18   16   23   28   25   27   28   37   33   38   55   41   45   45   49
 [46]   61   46   43   30   38   37   59   73   71   65   62   58   73  117  115
 [61]  121  127  128  114  155  130   98  110  138  174  179  182  181  189  180
 [76]  205  179  189  203  195  205  191  208  204  201  188  203  219  251  231
 [91]  256  240  250  252  247  302  332  340  357  377  374  414  436  438  463
[106]  544  547  562  540  614  637  723  687  719  733  770  831  939 1017  987
[121] 1002

[[142]]
  [1]   10   11   15   17   21   21   28   37   36   34   43   39   38   47   54
 [16]   59   49   60   63   80   66   63   53   65   65   82   97   89   98   95
 [31]  111  140  170  185  186  167  195  171  207  228  257  244  223  260  232
 [46]  242  264  264  277  283  282  297  311  334  396  391  402  393  419  427
 [61]  432  488  492  506  566  546  559  565  570  532  609  687  647  658  633
 [76]  674  724  772  839  858  914  941  899  971 1066 1105 1144 1147 1225 1329
 [91] 1379 1442 1532 1563 1542 1663 1707 1762 1925 1979 2019 2065 2202 2429 2456
[106] 2442 2518 2613 2685 2733 2893 3070 3243 3319 3427 3662 3804 3876 4113 4177
[121] 4219

[[143]]
  [1]  10  14  15  11  12  13  13  17  18  16  18  26  28  34  25  22  18  15
 [19]  13  11  14  22  13  16  20  21  24  17  14  11  19  22  22  14  11   7
 [37]  13  10  19  19  12  18  17  15  13  18  14  14  12   9  21  26  17  16
 [55]  23  24  18  16  29  36  25  31  35  46  56  81  79  66  58  80  79  74
 [73]  71  76  82  89  85 111 106 120 124 141 128 133 153 171 190 207 197 173
 [91] 226 223 262 259 248 268 260 260 268 240 230 253 303 282 284 278 302 342
[109] 324 355 362 380 420 421 415 435 431 458 454 489 478

[[144]]
  [1]  10   6   8   6   8   4  11   8   6  10   7  12  10   9  13  15  17  13
 [19]  27  29  28  25  28  33  33  28  32  29  27  42  36  52  31  33  27  34
 [37]  44  43  49  42  34  41  37  50  54  52  67  63  55  40  51  79  81  64
 [55]  55  47  84  85  87  82  92 108 129 134 154 140 125 147 138 123 182 176
 [73] 171 177 173 170 182 233 215 227 253 273 272 260 240 265 297 322 296 328
 [91] 339 318 349 384 355 375 411 450 429 431 422 474 492 511 502 523 580 573
[109] 637 639 693 646 654 654 694 759 743 724 810 847 910

[[145]]
  [1]   10   14    9   16   30   31   25   20   17   17   14   21   29   30   30
 [16]   28   36   43   46   45   66   63   52   45   37   39   38   32   31   38
 [31]   35   32   25   38   43   37   51   41   41   47   52   44   50   52   48
 [46]   60   54   72   83   74   82   72   62   71   90   95   92   81   89  115
 [61]  126  114  111  128  143  178  184  209  230  220  224  218  230  251  261
 [76]  261  282  292  286  311  318  378  385  406  419  447  421  480  497  528
 [91]  538  525  556  559  627  663  616  583  640  673  726  782  756  837  948
[106]  913  921  945 1034 1106 1087 1109 1197 1256 1232 1365 1367 1335 1365 1435
[121] 1517

[[146]]
  [1]  10   9  10  15  14   8   6  11   9  11  10  10  12  14  14   9   9   5
 [19]   4   4   4  12  21  15  13   8   8   6   5   5   8  12  17  13  12  22
 [37]  31  26  26  26  35  28  33  38  36  33  42  35  48  59  61  40  43  48
 [55]  56  55  51  46  51  67  62  53  59  57  51  51  55  56  80  86  88  84
 [73]  88  80 102  88  94  73  93 110 124 119 116 124 134 121 112 118 133 136
 [91] 143 140 142 175 162 177 166 154 182 192 187 227 305 286 284 263 333 349
[109] 416 379 412 427 465 469 443 470 510 555 565 554 591

[[147]]
  [1]  10  12  17  12  11   9  21  22  16  21  24  19  13  10  11  14  18  18
 [19]  20  23  22  18  19  33  22  25  17  19  33  29  18  12  12  17  26  20
 [37]  24  32  26  34  28  28  35  32  27  40  45  42  37  36  41  39  37  39
 [55]  57  49  68  74  48  59  57  61  64  54  56  79  49  58  74  86  71  63
 [73]  80  96  95 108 120 106 120 120 148 142 135 145 130 127 136 136 124 128
 [91] 126 139 145 176 196 181 162 181 164 193 214 197 194 186 187 202 250 299
[109] 303 328 308 336 359 385 380 358 359 321 354 373 360

[[148]]
  [1]   10   15   10    8   19   17   12   12   10   22   18   25   18   24   21
 [16]   17   20   25   29   23   17   23   19   38   30   28   29   35   37   41
 [31]   35   29   25   29   30   35   43   37   44   38   58   58   58   53   58
 [46]   66   64   79   81   81   96   86   83   92   93  118  119  109  129  124
 [61]  104  117  137  147  153  149  156  167  164  207  195  206  194  193  220
 [76]  208  199  236  231  239  270  273  236  249  293  289  320  332  346  359
 [91]  324  324  365  362  386  446  469  496  478  479  521  514  540  550  589
[106]  622  630  617  644  680  672  712  759  884  907  928  938  956 1030 1076
[121] 1057

[[149]]
  [1]  10  10  13  12   9  16  14   7   7   6   6   5   3   8   6   5   4   3
 [19]   3   2   8   8   4   3   3   6   8   5   5   9  14  14  16  12  15  17
 [37]  14  18  12  10  20  27  27  28  29  25  23  28  32  33  47  46  53  40
 [55]  42  38  34  54  51  59  58  68  64  78  88  56  53  67  74  97  77  69
 [73]  79  74  91 105 115 109 123 104 125 132 124 127 142 171 131 146 163 155
 [91] 163 175 225 217 205 240 250 321 312 312 360 390 365 420 436 403 433 445
[109] 466 488 487 467 480 523 527 535 557 589 624 607 587

[[150]]
  [1]   10   13    9    6    6   12   18   21   21   18   26   22   13   11    9
 [16]    9   14   12   29   23   20   24   25   30   30   31   43   30   31   36
 [31]   29   34   49   50   47   50   46   41   48   62   65   91   73   72   75
 [46]   75  105   90   97   87   86   90   82   83   89  107   97  104  124  115
 [61]  116  112  122  147  145  146  132  146  152  191  195  182  168  178  199
 [76]  197  219  190  230  244  236  234  250  240  278  309  304  295  305  320
 [91]  338  343  374  351  357  394  437  444  469  517  558  616  653  723  692
[106]  734  730  721  762  816  864  899  962  968 1042 1052 1146 1137 1172 1228
[121] 1295

> save(reslist, file=paste("output",iter,".rda",sep=""))
> 
> 
> ###############################################################
> 
> 
> # Clear the workspace and turn off graphics.
> #  Load all the functions you need by sourcing the provided demographic.R file
> #  Read in the job number from the cluster. To do this, your code should include a new
> # variable iter and should start with the line:
> # iter <- as.numeric(Sys.getenv(PBS_ARRAY_INDEX))
> #  Control the random number seeds so that each parallel simulation takes place with a
> # different seed. Your function should therefore set the random number seed as iter so that
> # each parallel simulation has a unique random seed.
> #  In each parallel run, select the initial condition to be used. Ensure that 25 of the parallel
> # simulations are allocated to each of the initial conditions.
> #  Create a variable which is the filename to store your results. The end of the filename
> # should be the number iter to ensure that simulation files do not overwrite one another on
> # the cluster.
> #  Initialise a list which will contain the results of your 150 simulations.
> #  Call the stochastic_simulation function to do the appropriate simulation 150 times,
> # appending the output to the results list, and then save the results list.
> 
> #four initial conditions (25 cluster runs per)
> #each cluster run runs simulation 150 times
> #1) large population of 100 adults
> #2) small population of 10 adults
> #3) 100 individuals spread
> #4) small population of 10 individuals
> 
R has finished running

============================================

        Job resource usage summary 

                 Memory (GB)    NCPUs
 Requested  :         1             1
 Used       :         0 (peak)   0.85 (ave)

============================================
