R is about to run

R version 4.4.1 (2024-06-14) -- "Race for Your Life"
Copyright (C) 2024 The R Foundation for Statistical Computing
Platform: x86_64-conda-linux-gnu

R is free software and comes with ABSOLUTELY NO WARRANTY.
You are welcome to redistribute it under certain conditions.
Type 'license()' or 'licence()' for distribution details.

R is a collaborative project with many contributors.
Type 'contributors()' for more information and
'citation()' on how to cite R or R packages in publications.

Type 'demo()' for some demos, 'help()' for on-line help, or
'help.start()' for an HTML browser interface to help.
Type 'q()' to quit R.

> 
> 
> growth_matrix <- matrix(c(0.1, 0.0, 0.0, 0.0,
+ 0.5, 0.4, 0.0, 0.0,
+ 0.0, 0.4, 0.7, 0.0,
+ 0.0, 0.0, 0.25, 0.4),
+ nrow=4, ncol=4, byrow=T)
> 
> reproduction_matrix <- matrix(c(0.0, 0.0, 0.0, 2.6,
+ 0.0, 0.0, 0.0, 0.0,
+ 0.0, 0.0, 0.0, 0.0,
+ 0.0, 0.0, 0.0, 0.0),
+ nrow=4, ncol=4, byrow=T)
> 
> clutch_distribution <- c(0.06,0.08,0.13,0.15,0.16,0.18,0.15,0.06,0.03)
> 
> #=========================================================================================
> rm(list=ls())
> graphics.off()
> source("Demographic.R")
> source("kl2621_HPC_2024_main.R")
[1] 0 0 0 0 3
[1] 3 3 2 2 2
[1] 1 1
 [1] 7 5 4 3 2 1 1 1 1 1 1 1 1 1 1 1 1 1 1 1 1
> 
> 
> ###4 initial conditions
> 
> ############################################################
> 
> 
> 
> #VVVVVVVVVVVV-------------COMMENT ME OUT WHEN RUNNING THE THING
> #iter <- 5
> #VVVVVVVVVVV--------------UNCOMMENT ME OUT
> iter <- as.numeric(Sys.getenv("PBS_ARRAY_INDEX"))
> set.seed(iter)
> 
> 
> if (iter <= 25) {
+ initial_state <- state_initialise_adult(4,100) #100 adults
+ } else if (iter >25 && iter <= 50) {
+ initial_state <- state_initialise_adult(4,10) #10 adults
+ } else if (iter >50 && iter <= 75) {
+ initial_state <- state_initialise_spread(4,100) #100 spread
+ } else {
+ initial_state <- state_initialise_spread(4,10) #10 spread
+ }
> 
> reslist <- list()
> 
> ####100 cluster runs
> ###################################################
> ####150 runs of stochastic_simulation per cluster run
> for (i in 1:150) {
+     #################################
+     ###120 steps of stochastic_simulation per simulation
+     stochasticresult <- stochastic_simulation(initial_state,growth_matrix,reproduction_matrix,clutch_distribution,120)
+     reslist[[i]] <- stochasticresult
+     #################################
+ }
> ###################################################
> 
> print(reslist)
[[1]]
  [1]   10   20   23   21   18   19   15   12   21   25   31   27   24   23   25
 [16]   26   24   17   28   33   24   40   47   46   37   41   58   64  106  112
 [31]   97  101  102  101  110  120  140  111  122  153  150  133  132  142  181
 [46]  184  182  186  178  190  201  203  235  228  283  290  307  326  321  305
 [61]  336  363  379  358  344  414  484  443  447  428  498  459  477  502  526
 [76]  520  500  530  550  566  625  646  575  603  639  677  673  713  796  821
 [91]  843  852  885  896  979 1018  992 1046 1035 1105 1121 1159 1181 1166 1295
[106] 1421 1349 1352 1401 1428 1493 1540 1675 1743 1927 1923 1901 1957 2028 2178
[121] 2237

[[2]]
  [1] 10  7  8  3  3  3  8  9  6  5  5  5  4  4  4  2  1  1  1  0  0  0  0  0  0
 [26]  0  0  0  0  0  0  0  0  0  0  0  0  0  0  0  0  0  0  0  0  0  0  0  0  0
 [51]  0  0  0  0  0  0  0  0  0  0  0  0  0  0  0  0  0  0  0  0  0  0  0  0  0
 [76]  0  0  0  0  0  0  0  0  0  0  0  0  0  0  0  0  0  0  0  0  0  0  0  0  0
[101]  0  0  0  0  0  0  0  0  0  0  0  0  0  0  0  0  0  0  0  0  0

[[3]]
  [1]   10   15   16   19   19   24   38   38   47   39   44   46   53   53   55
 [16]   49   88  100   96  114  116  111  111  129  140  131  144  148  137  167
 [31]  174  166  153  176  194  168  192  201  228  221  230  247  265  271  281
 [46]  277  294  305  335  351  389  406  416  410  434  461  441  468  493  563
 [61]  562  570  640  681  771  728  725  769  855  881  866  875  936  995 1040
 [76] 1115 1189 1160 1184 1252 1251 1366 1463 1467 1477 1483 1548 1720 1866 1924
 [91] 1975 2068 2167 2153 2299 2263 2307 2477 2560 2582 2752 2813 2794 2957 3104
[106] 3065 3221 3366 3552 3602 3579 3683 3793 3888 4171 4218 4364 4487 4784 4837
[121] 5024

[[4]]
  [1]  10   7  10  11   6   6   6   9   9  10   8   5   3   3  10  11   8   7
 [19]  11  17  12  11  10   8  12   7   4   3   3   2   4   3   3   2   2   6
 [37]   5   4  10   6   6   5  14   8   4   3   3   3   3   9   9   7  16  12
 [55]  11  17  21  20  18  27  22  26  28  34  32  26  21  28  32  32  34  34
 [73]  31  32  24  20  17  37  32  24  19  22  22  29  27  28  35  42  44  35
 [91]  34  48  37  38  43  40  42  55  58  61  64  68  67  70  71  73  81  78
[109]  82  79  72  77  75  90  90 111 101  98  89 105 106

[[5]]
  [1] 10 13  8  5  5  8  5 20 14 13 10 12 25 21 15 18 12 10  7  6 11 10  6  6  4
 [26]  7  9  7  7  7  7  6  4 10  6  6 10  8  5  4  2  2  2  1  1  0  0  0  0  0
 [51]  0  0  0  0  0  0  0  0  0  0  0  0  0  0  0  0  0  0  0  0  0  0  0  0  0
 [76]  0  0  0  0  0  0  0  0  0  0  0  0  0  0  0  0  0  0  0  0  0  0  0  0  0
[101]  0  0  0  0  0  0  0  0  0  0  0  0  0  0  0  0  0  0  0  0  0

[[6]]
  [1]  10  17  14  12  14  26  21  17  27  25  17  17  14  17  17  12   9  10
 [19]   8  20  20  39  28  23  19  20  24  27  34  30  23  30  27  30  41  44
 [37]  52  59  41  34  40  37  45  40  34  50  56  38  37  41  38  37  39  31
 [55]  45  43  44  31  35  50  37  50  49  55  36  28  25  28  34  29  38  51
 [73]  41  49  56  46  47  45  59  63  54  65  80  90  83  96 105  89  87 114
 [91] 104  82  87  88 113 122 115 105 126 128 160 141 117 130 147 134 132 139
[109] 144 155 157 156 127 160 188 195 189 187 189 199 202

[[7]]
  [1]   10   16   10    9    9   15   25   37   28   22   17   21   23   28   29
 [16]   32   23   26   39   29   41   46   56   64   64   45   63   72   83   88
 [31]  113  107   93  120  115  114  153  179  149  164  151  147  168  184  151
 [46]  150  168  149  159  187  185  157  165  182  192  194  233  237  239  233
 [61]  250  225  271  273  248  298  326  312  338  332  395  395  403  427  458
 [76]  455  475  510  535  525  544  536  560  621  644  660  721  691  780  831
 [91]  858  918  944  918  965 1075 1141 1193 1230 1215 1279 1246 1269 1273 1413
[106] 1425 1425 1557 1613 1686 1790 1889 1919 1867 1943 2078 2041 2142 2277 2358
[121] 2458

[[8]]
  [1]   10   21   22   17   14   20   16   22   26   26   20   25   33   23   23
 [16]   29   28   24   23   35   34   44   46   39   46   59   74   80   77   79
 [31]   70   62   66   83   83  100   92   92   91   95   92  111  119  136  159
 [46]  151  131  137  157  155  167  165  175  179  184  212  239  211  214  248
 [61]  264  262  299  303  329  319  358  383  397  405  430  436  463  473  482
 [76]  538  516  561  559  662  685  670  687  708  714  761  774  770  706  785
 [91]  904  914  942 1015 1033 1006 1061 1124 1164 1193 1152 1220 1264 1389 1424
[106] 1430 1470 1535 1630 1740 1831 1846 2023 1989 2084 2122 2257 2321 2498 2610
[121] 2673

[[9]]
  [1]   10   21   13   10   21   28   25   27   24   18   21   22   35   30   29
 [16]   19   21   38   54   47   51   43   58   71   69   55   63   70   99   82
 [31]   69   90   94  117  123  124  111  119  119  127  124  153  187  187  178
 [46]  162  179  197  202  196  169  188  200  212  207  184  175  167  200  202
 [61]  232  241  256  268  264  261  266  281  296  288  313  352  400  377  402
 [76]  418  472  496  558  568  574  609  641  695  683  699  727  769  874  859
 [91]  877  937  948  983 1100 1097 1130 1219 1289 1342 1262 1306 1347 1397 1465
[106] 1605 1685 1750 1750 1818 1857 1992 2114 2201 2267 2281 2464 2529 2554 2734
[121] 2757

[[10]]
  [1]   10   13   15   21   28   23   18   21   21   30   28   32   34   39   50
 [16]   39   36   46   58   69   58   60   56   61   81   77   60   59   63   73
 [31]   77   87   76   66  103  113  104   97  123  136  140  146  155  153  178
 [46]  189  183  206  181  166  169  211  220  242  264  259  307  327  350  403
 [61]  444  416  435  443  554  561  557  512  519  579  639  602  577  552  562
 [76]  618  672  680  694  769  721  857  798  869  866  907  975  975 1057 1083
 [91] 1147 1200 1259 1360 1424 1460 1497 1574 1600 1728 1832 1875 1868 1969 1936
[106] 2104 2214 2271 2387 2414 2544 2736 2819 2838 3031 2953 3111 3250 3262 3362
[121] 3468

[[11]]
  [1]   10    5    8   10    3    3    3    3    7   11   11   21   17   16   17
 [16]   28   26   33   31   28   26   31   37   46   49   55   44   43   44   65
 [31]   72   64   61   60   62   77   82   93   93   89   96   97   94   90   96
 [46]   99  118  115   98   77   78   96   91   83   88   80  104   86   92   90
 [61]  105  119  131  119  108  126  137  145  131  143  148  190  189  207  206
 [76]  229  229  249  296  282  308  312  275  317  300  331  362  339  351  350
 [91]  351  370  386  410  432  444  430  508  536  566  573  646  635  636  645
[106]  704  707  661  743  798  815  826  838  930  985 1005  975 1056 1175 1194
[121] 1278

[[12]]
  [1]  10   8  17  13   7   7  17  18  23  20  11  23  19  15  23  18  23  17
 [19]  12  10  16  13  19  27  28  25  28  37  35  37  37  33  41  46  34  44
 [37]  55  67  58  70  87  75 104 101 114 110 122 104 107 113 127 123  99 112
 [55] 122 137 128 116 135 154 153 129 115 133 154 150 159 141 132 101 118 138
 [73] 146 159 151 146 157 145 154 126 144 154 139 149 139 158 149 178 165 187
 [91] 205 194 169 216 236 220 225 227 232 217 231 232 225 233 279 287 279 257
[109] 292 287 318 322 352 372 386 457 492 476 481 485 507

[[13]]
  [1]   10   12   12    9   14   19   10   10    9   12   16   16   18   16   23
 [16]   32   32   29   20   28   33   37   38   44   45   39   36   39   43   60
 [31]   54   54   81   72   80   73   68   79   65   84   78   91   92  119  120
 [46]   92  102  102  128  140  154  146  160  184  204  212  192  208  251  259
 [61]  247  235  272  285  312  346  376  387  414  447  489  516  459  485  483
 [76]  568  622  634  632  634  690  714  768  781  762  767  820  887  903  965
 [91] 1016 1063 1122 1150 1215 1219 1191 1215 1393 1478 1588 1575 1629 1681 1663
[106] 1830 1794 1842 1909 2127 2143 2230 2363 2486 2448 2618 2645 2748 2892 3020
[121] 3214

[[14]]
  [1] 10  8  7 10  7  6  9  5  2  2  2  2  1  1  1  1  1  1  0  0  0  0  0  0  0
 [26]  0  0  0  0  0  0  0  0  0  0  0  0  0  0  0  0  0  0  0  0  0  0  0  0  0
 [51]  0  0  0  0  0  0  0  0  0  0  0  0  0  0  0  0  0  0  0  0  0  0  0  0  0
 [76]  0  0  0  0  0  0  0  0  0  0  0  0  0  0  0  0  0  0  0  0  0  0  0  0  0
[101]  0  0  0  0  0  0  0  0  0  0  0  0  0  0  0  0  0  0  0  0  0

[[15]]
  [1]   10   15   10   18   13   21   19   18   16   16   21   21   19   26   30
 [16]   35   26   25   35   41   50   48   50   43   55   61   59   73   68   52
 [31]   56   61   64   80   63   66   60   77   84   94   93  103   98  107  119
 [46]  123  121  115  127  125  134  158  153  179  177  214  218  226  243  249
 [61]  267  320  309  299  321  367  325  363  392  443  439  455  466  537  505
 [76]  557  589  648  679  774  766  802  858  836  889  887  922 1012 1001 1031
 [91] 1054 1104 1169 1170 1294 1406 1429 1469 1487 1540 1617 1717 1781 1830 1780
[106] 1908 2034 2145 2162 2214 2299 2388 2435 2464 2652 2801 2843 2860 3158 3235
[121] 3387

[[16]]
  [1]  10  12   9   7   7   9  14  22  36  21  16  23  23  21  19  16  18  24
 [19]  24  20  16  14  22  17  20  17  23  25  19  22  16  15  22  26  33  51
 [37]  52  45  45  49  51  52  57  44  56  59  52  68  66  53  56  66  58  63
 [55]  67  56  64  70  53  59  71  83  80  99  79  78  88  96 108 130 106  97
 [73] 114 126 105 108 117 140 134 137 119 144 143 154 154 177 202 176 207 187
 [91] 192 220 241 248 245 225 230 228 258 269 280 295 277 308 328 349 352 364
[109] 381 407 410 433 472 473 511 574 596 615 685 680 667

[[17]]
  [1]   10   15   18   14   16   20   22   22   24   26   40   39   36   41   40
 [16]   28   34   25   40   30   25   23   38   35   32   35   43   55   48   54
 [31]   50   65   66   69   83   96   92   85   77   75   94   85   71   78   87
 [46]   78   83  114  128  104  102  134  142  175  144  161  157  174  176  180
 [61]  172  207  197  254  260  284  297  303  337  326  352  390  363  366  368
 [76]  386  403  456  467  500  523  508  510  550  643  606  624  625  633  677
 [91]  672  709  714  727  796  882  880  890  960  991 1059 1121 1161 1209 1238
[106] 1235 1353 1448 1466 1474 1559 1608 1691 1863 1950 1923 2044 2194 2161 2333
[121] 2298

[[18]]
  [1]   10   17   20   17   20   30   25   20   20   27   29   27   28   27   38
 [16]   35   36   38   40   49   62   46   64   70   76   81   92   91   89   80
 [31]   81  111  114  122  145  148  147  140  140  153  157  138  152  163  161
 [46]  136  160  182  204  208  197  223  261  290  263  258  256  294  346  339
 [61]  366  377  346  333  371  411  423  408  423  453  445  487  496  556  592
 [76]  625  658  633  656  688  737  757  803  812  855  856  916 1008 1019 1041
 [91] 1022 1098 1150 1175 1253 1275 1279 1349 1395 1474 1555 1612 1622 1639 1657
[106] 1768 1820 1936 1992 2130 2147 2273 2424 2580 2692 2765 2893 2849 3021 3122
[121] 3212

[[19]]
  [1]  10  17  16  14  14  12  15  17  27  22  19  21  24  23  15  11  16  18
 [19]  18  19  27  20  26  29  26  17  22  18  31  29  25  41  52  47  43  48
 [37]  43  47  41  36  54  46  45  42  57  44  57  43  42  35  45  67  81  65
 [55]  48  46  53  73  70  55  70  67  73  75  69  88  86  80  70  65  68  96
 [73] 105  97 111 110  99 115 119 117 140 130 173 189 169 184 195 191 192 208
 [91] 185 206 211 237 255 236 261 278 299 306 328 316 345 334 296 344 389 419
[109] 417 377 353 407 454 460 532 514 573 626 606 644 700

[[20]]
  [1]   10   12    9   17   11    7    4    7    5    9   16   11    9   16   20
 [16]   19   22   22   20   18   17   11   26   31   34   28   23   30   24   31
 [31]   33   31   31   42   46   50   52   63   58   63   53   72   60   96   75
 [46]   76   76   73   77   89   81   86   99   98   95   84  102   83   94   90
 [61]   74   90  113  127  111  120  146  164  168  183  203  224  217  219  224
 [76]  258  252  258  285  286  285  273  308  336  343  374  338  350  397  393
 [91]  380  437  495  502  480  451  485  472  537  545  595  574  609  668  653
[106]  699  709  749  775  828  880  907  887  948  973  978 1075 1124 1154 1214
[121] 1235

[[21]]
  [1]  10   9   7   9   7  11  15  12  19  14  16  16  16  20  23  26  28  23
 [19]  37  38  31  28  26  31  42  33  28  39  42  45  42  46  39  50  45  40
 [37]  49  41  40  46  48  43  42  53  44  53  62  82  78  86  71  77  93  84
 [55]  86 116 113 114 118 107 106 145 152 130 142 136 163 167 156 173 150 141
 [73] 139 134 149 154 169 171 142 165 155 174 200 183 180 189 190 221 206 208
 [91] 223 217 222 226 275 307 331 309 344 365 369 386 372 380 396 399 438 448
[109] 490 504 466 508 530 585 585 666 711 739 778 782 766

[[22]]
  [1]  10   6   4   8   5   5   4   4   4  13  20  16  14   9   8   8   9  14
 [19]  14  15  14  20  16  16  10  16  26  20  14  12  12  27  19  22  26  25
 [37]  32  30  37  34  39  38  32  28  28  41  31  29  26  24  33  38  26  28
 [55]  28  29  22  30  24  24  25  32  30  39  37  30  31  26  36  47  54  60
 [73]  59  71  72  72  85  89 108 101 139 137 122 115 128 140 157 152 152 173
 [91] 178 170 171 202 208 196 198 209 206 269 296 270 301 332 312 347 347 455
[109] 472 528 520 531 565 575 642 683 716 771 792 812 818

[[23]]
  [1]   10    9   15   17   12    8    7    7    9   12    9    8    9    8    8
 [16]    8    5   15   26   23   19   15   35   34   37   27   31   28   31   33
 [31]   37   38   53   61   63   62   56   67   92  109   98  109   98   97   93
 [46]  128  124  137  142  127  130  149  133  147  145  144  143  156  169  172
 [61]  175  181  214  236  224  213  222  237  252  293  297  300  327  329  337
 [76]  328  302  324  316  343  366  355  353  388  366  412  410  429  442  495
 [91]  505  533  555  584  629  584  597  686  656  682  733  806  849  817  858
[106]  943 1006 1042 1059 1093 1128 1205 1233 1336 1402 1448 1502 1557 1615 1683
[121] 1730

[[24]]
  [1] 10  8  6 11 11 14  8  8  8  8 13 12 12  9 14 13 10  9  8  8  5  8  5  5 16
 [26] 12 13 14 19 13 18 20 33 25 28 28 39 50 38 34 37 45 53 42 35 28 27 28 35 36
 [51] 25 18 25 17 28 27 29 33 36 34 29 32 40 38 34 30 35 36 28 28 33 41 36 36 26
 [76] 27 28 27 30 21 24 23 25 28 29 27 23 19 20 17 24 31 34 27 43 46 37 35 23 33
[101] 33 29 25 25 33 45 44 45 46 37 38 55 44 41 41 35 47 56 62 53 55

[[25]]
  [1]  10   8   5   7  10  12  14   8   7   7   6  13  17  17  13  11  11  20
 [19]  17  14  15  12  11  15  18  20  26  23  17  22  16  28  27  30  21  21
 [37]  18  15  17  15  28  25  20  16  11  29  20  29  22  17  24  23  33  39
 [55]  51  48  36  39  26  44  40  40  53  43  43  53  53  47  59  46  60  49
 [73]  54  42  66  66  49  56  68  62  59  61  86  79  75  88  86 100 110 115
 [91] 126 153 156 131 157 190 170 207 199 209 235 245 229 249 266 267 279 269
[109] 292 313 333 351 368 381 370 419 441 416 457 428 514

[[26]]
  [1]   10    6   10    7    7   18   12   10   15   16   19   19   15   18   19
 [16]   22   32   24   27   30   28   28   25   27   34   26   34   42   41   32
 [31]   38   42   70   61   57   53   50   54   54   57   56   85  115   80   72
 [46]   94   93   98  105   99  112  144  150  154  139  145  155  166  157  184
 [61]  187  192  213  229  214  205  197  257  237  265  275  291  274  300  300
 [76]  338  340  348  381  379  407  410  392  417  448  458  449  434  532  541
 [91]  574  561  606  576  606  590  617  695  674  678  706  700  774  787  806
[106]  816  852  869  920  947 1075 1029 1052 1104 1215 1251 1347 1390 1375 1459
[121] 1514

[[27]]
  [1]   10    8   15   12   10   15   13   16   29   23   31   32   23   26   22
 [16]   16   34   20   26   18   25   17   19   22   20   29   24   22   26   28
 [31]   31   39   44   47   51   38   49   76   73   86   77   83   88  111  114
 [46]  113  101  103  147  159  163  163  159  176  175  165  189  182  178  158
 [61]  179  200  192  196  192  219  183  234  236  279  273  258  269  263  296
 [76]  269  306  308  352  387  404  354  385  407  408  434  485  481  503  520
 [91]  519  554  561  553  512  568  614  634  677  651  678  749  712  721  748
[106]  742  760  791  864  913  864  868  937  973  980  969  975 1071 1132 1176
[121] 1141

[[28]]
  [1] 10  9  7  5  5  3  8 10  5  3  2  2  5  1  1  1  1  1  1  8 11  7  7 13 13
 [26] 11 10  9 16 21 13  8 12 18 19 10  8 12 14 20 24 26 28 26 21 23 22 22 25 24
 [51] 26 28 31 30 29 43 56 53 46 46 46 46 44 62 60 46 39 43 45 39 32 33 29 31 35
 [76] 37 33 35 33 27 26 40 22 45 30 24 17 17 17 36 22 24 24 28 35 36 30 39 39 30
[101] 43 48 42 41 33 35 33 41 42 40 31 41 46 47 36 48 40 37 37 53 54

[[29]]
  [1]  10   8  23  14   9  11  18  23  26  20  12  16  12  15  23  17  17  14
 [19]  20  13  14  12   7  10  19  17  13  12  16  12  17  14  21  30  40  29
 [37]  21  19  35  25  27  17  19  21  22  24  18  19  16  19  18  24  16  23
 [55]  35  35  34  41  52  55  43  52  46  69  59  60  53  56  64  75  74  61
 [73]  59  51  59  65  56  50  60  60  57  57  72  80  95  92  87  78  95 111
 [91] 117 122 110 114 115 122 123 144 132 142 135 144 187 176 200 187 204 226
[109] 202 207 224 249 242 240 240 254 259 284 317 315 341

[[30]]
  [1]   10    8    4    3    4    4    3    2    2    1    1    1    1    1    7
 [16]    5    4    3    3    3    3    3    4   10   12   12   11   11   11   12
 [31]   18   20   23   19   24   25   34   51   59   66   70   67   71   71   82
 [46]   79   84   91   89   80   81  101  113  109   98  101  108  116  125  112
 [61]  119  122  172  190  170  189  185  198  175  200  217  208  229  233  263
 [76]  285  288  298  309  289  328  324  301  330  333  364  363  377  352  360
 [91]  379  391  428  433  453  431  483  534  576  569  573  597  627  701  738
[106]  743  779  774  812  792  846  892  937  953  992  995 1013 1037 1096 1146
[121] 1171

[[31]]
  [1]  10  17  16  17  13  22  17  15  16  13  13  20  24  23  23  18  11   8
 [19]   7  18  24  22  19  18  15  16  22  30  21  27  28  20  18  33  28  35
 [37]  35  34  41  38  38  38  43  34  35  29  36  49  38  56  71  67  79  72
 [55]  69  85  96 102  94  95 110 118 111 137 148 151 173 151 141 130 154 163
 [73] 161 176 150 152 167 189 176 214 205 238 228 222 256 266 256 285 296 303
 [91] 259 274 319 340 336 354 376 396 367 355 382 457 474 486 442 507 529 568
[109] 568 615 566 649 667 670 741 749 756 758 807 873 928

[[32]]
  [1]  10  12   9   5   5  12  22  17  20  15  23  20  22  22  20  21  17  16
 [19]  11  10   8  25  27  26  14  18  15  12  12  17  24  15  19  24  24  32
 [37]  28  27  23  37  28  26  21  22  28  22  14  15  16  26  18  21  13  17
 [55]  11   7   6  13  18  13  20  15  13  31  24  22  25  22  33  27  28  52
 [73]  51  57  42  45  47  67  76  63  47  61  61  75  75  80  76  81 108 105
 [91]  96  86 109 111 107 113 108  95 106 115 143 139 124 123 119 149 154 154
[109] 169 181 188 213 229 234 267 258 246 291 299 308 307

[[33]]
  [1]   10    9   13    6    6   25   24   22   22   16   24   35   41   29   35
 [16]   36   59   54   61   54   68   62   61   68   92   94   82   74   94   85
 [31]  104  113  126  105  141  158  147  144  155  177  203  189  205  210  205
 [46]  230  213  220  233  247  256  262  250  255  284  311  298  318  356  387
 [61]  366  390  389  417  413  448  428  443  451  445  486  475  537  561  579
 [76]  582  570  570  635  653  652  662  701  770  771  762  795  811  882  959
 [91]  979 1037 1077 1070 1081 1087 1163 1219 1265 1271 1332 1442 1523 1525 1555
[106] 1704 1815 1874 1985 1993 2068 2080 2217 2270 2429 2436 2470 2551 2580 2714
[121] 2861

[[34]]
  [1]  10  14   9   9  16  13  15  14  15  13   9   7  12  16  14  12  14  24
 [19]  16  14  10   9  11  17  24  20  23  29  20  23  18  17  18  26  21  29
 [37]  24  22  32  40  29  41  40  27  22  21  30  27  33  35  31  31  34  59
 [55]  68  52  42  51  54  62  54  56  48  47  46  50  82  77  78  69  69  77
 [73]  71  71  67  77  75  83  80  85  85  85  77  91 111 101 116 159 167 156
 [91] 172 224 218 205 221 209 216 265 301 291 296 310 292 316 305 325 390 359
[109] 381 431 413 402 418 478 490 498 481 527 542 599 567

[[35]]
  [1]  10  13  13  15  17  12  10   7  14  15  15  13  17  21  27  24  23  21
 [19]  29  28  24  28  19  27  34  35  26  30  44  40  32  28  40  40  40  32
 [37]  30  48  54  36  29  41  34  35  37  36  32  34  30  33  27  34  40  39
 [55]  28  29  30  30  31  41  46  41  38  38  43  39  37  37  33  45  35  33
 [73]  41  50  53  62  59  60  62  62  75  73  62  62  67  71  95  90  89  90
 [91] 102 120 134 141 112 100 110 136 127 139 129 146 152 170 197 241 262 272
[109] 280 320 287 368 371 406 413 451 428 455 479 524 514

[[36]]
  [1] 10  7 13 11  8  9 11 15 20 12  9 16 21 15 13  9  7  7  6 11  8  5  5  7  7
 [26] 14 11 11  8 10  8  8 11  9 12 11 10 17 12  8  6 14  9  7  7  6  6 14  9  7
 [51]  7  7  7 11 16 19 21 13 13 21 26 22 17 23 19 16 20 18 19 16 15 17 19 21 25
 [76] 24 27 39 36 41 41 35 38 35 35 45 28 32 47 37 41 48 57 42 56 44 46 52 51 56
[101] 52 40 43 59 48 63 55 55 60 55 62 57 66 79 76 72 75 66 81 73 73

[[37]]
  [1] 10 10  9 14  5 17 12  8  8 15 10  6 10  9  5  5 12  8  4  4 10 12  8  7  7
 [26]  5  5  8  4  3  1  6  3  2  2  2  2  2  0  0  0  0  0  0  0  0  0  0  0  0
 [51]  0  0  0  0  0  0  0  0  0  0  0  0  0  0  0  0  0  0  0  0  0  0  0  0  0
 [76]  0  0  0  0  0  0  0  0  0  0  0  0  0  0  0  0  0  0  0  0  0  0  0  0  0
[101]  0  0  0  0  0  0  0  0  0  0  0  0  0  0  0  0  0  0  0  0  0

[[38]]
  [1]   10   14   19   21   25   16   16   14   27   20   20   24   26   23   32
 [16]   26   33   35   26   42   54   65   63   56   55   62   70   70   57   56
 [31]   69   67   54   65   76   73   80   76   67   61   67   58   48   63   64
 [46]   65   64   62   59   68   69   58   63   64   69   90   74   67   66   57
 [61]   77   65   91  110   96  102  100   98  110  123  152  138  145  141  149
 [76]  157  152  170  183  195  201  217  229  229  243  252  258  286  287  283
 [91]  283  320  326  381  365  360  360  427  434  531  556  508  490  523  557
[106]  587  632  663  655  629  692  739  816  855  856  889  917  976 1011 1102
[121] 1151

[[39]]
  [1]  10   6  10   7   5   8  11  14  12   9   8   7  18  22  21  18  13  19
 [19]  20  15  17  21  22  35  24  25  25  26  31  22  20  28  21  32  25  19
 [37]  22  14  30  17  21  22  24  36  26  21  20  27  23  20  16  13  10  11
 [55]  34  24  18  15  14  18  41  40  34  30  34  25  27  34  31  41  41  48
 [73]  47  42  47  53  47  50  53  60  71  70  63  69  89  75  58  78  94  95
 [91]  98  86 106 113 117 102 115 129 127 120 120 133 122  93 111 129 143 149
[109] 128 122 110 120 114 107 121 150 157 158 166 161 185

[[40]]
  [1]   10    7    6    5    4   10    8   12    8    6    6    8    7    6   10
 [16]    9    8   25   21   24   20   25   20   26   27   26   18   19   29   29
 [31]   25   25   28   42   30   29   36   38   41   44   37   50   48   50   57
 [46]   58   61   64   53   55   63   75   61   54   86   88  102  107  112  116
 [61]  116  116  115  153  165  143  165  150  168  176  183  179  183  184  212
 [76]  254  255  261  262  259  278  286  280  292  297  294  316  364  395  413
 [91]  429  474  485  472  514  497  519  568  576  581  631  673  712  731  779
[106]  677  764  760  839  915  886  889  938  989 1058 1161 1219 1242 1263 1310
[121] 1419

[[41]]
  [1] 10  8  6  5  7 11 13  7  6 10 13 15 12  7 15 16 12 11 10 10  9  7 10 13 10
 [26]  7  6  5 10  5  9  7 12  7  6  5  4 10 11 13 16 13  8 13  8  6  4  3  2  2
 [51]  0  0  0  0  0  0  0  0  0  0  0  0  0  0  0  0  0  0  0  0  0  0  0  0  0
 [76]  0  0  0  0  0  0  0  0  0  0  0  0  0  0  0  0  0  0  0  0  0  0  0  0  0
[101]  0  0  0  0  0  0  0  0  0  0  0  0  0  0  0  0  0  0  0  0  0

[[42]]
  [1]   10   12   14   17   23   17   18   20   25   14   13   13   10   19   19
 [16]   22   21   21   17   24   19   17   28   33   32   53   45   39   40   66
 [31]   72   69   57   77   70   77   72   83   78   98   87   82   86   83   86
 [46]   89  105   95   87   92   98   87  112  115  118   94  118  144  120  133
 [61]  147  146  172  164  201  184  181  209  210  207  214  210  200  196  198
 [76]  225  247  262  266  278  260  275  281  324  367  376  404  422  366  371
 [91]  428  465  505  469  456  416  475  477  490  505  532  554  601  599  677
[106]  688  717  663  736  775  832  869  919  897  989  952 1032 1065 1152 1152
[121] 1245

[[43]]
  [1]   10    8   17   13   15   13   20   19   21   27   28   27   22   25   29
 [16]   38   42   41   36   38   38   34   38   50   45   58   46   41   44   38
 [31]   47   48   38   57   65   89   77   72   69   77   84   84   88   79   97
 [46]   97  117  103  115  104  111  136  137  143  137  113  137  150  148  160
 [61]  181  190  205  212  236  238  278  292  261  294  277  297  299  346  346
 [76]  322  329  334  348  352  395  401  395  398  437  488  500  513  524  511
 [91]  570  621  660  643  663  668  693  826  871  895  901  911  970 1015 1099
[106] 1097 1125 1108 1157 1176 1252 1343 1278 1362 1423 1441 1531 1634 1640 1757
[121] 1831

[[44]]
  [1]  10  10   9   6  15  16  13  11  14  26  21  23  21  21  17  14  13   9
 [19]  11  24  17  12  11  10  10  12  16  13  25  18  16  12  13  18  17  23
 [37]  20  41  34  43  35  45  48  50  46  46  59  44  45  45  59  68  69  64
 [55]  75  95  82  74  83  87  80  88  83  83  86  98  90  79  88 116 107 135
 [73] 132 131 124 134 132 132 126 151 165 183 171 198 219 196 221 197 208 239
 [91] 246 341 361 382 358 389 386 414 392 408 430 402 392 437 505 505 545 554
[109] 559 645 655 648 639 660 693 724 761 760 762 778 767

[[45]]
  [1]   10   12   10   14   15   11   10   10   14   14   30   28   19   29   22
 [16]   22   18   19   28   52   40   47   46   55   53   50   53   55   51   75
 [31]   87   74   72   69   83   77   83   87   90   97   95   95  106  104   85
 [46]   90  114  122  111  113  113  119  157  137  126  142  148  153  150  171
 [61]  189  245  257  245  229  239  291  345  297  337  302  310  309  378  364
 [76]  415  392  465  482  538  482  493  580  578  580  613  639  661  678  682
 [91]  729  745  782  777  856  899  890  905  917  960 1065 1117 1089 1118 1250
[106] 1303 1380 1423 1475 1591 1557 1690 1804 1909 1941 1989 2007 2092 2266 2249
[121] 2376

[[46]]
  [1]   10   22   25   29   34   36   31   23   41   27   33   36   45   34   29
 [16]   32   27   44   47   40   48   33   31   30   29   29   33   43   47   68
 [31]   65   61   64   76   85  105  108  114  120  110   96  121  122  134  136
 [46]  166  173  165  138  158  168  180  160  190  189  218  226  240  269  239
 [61]  244  244  260  258  234  254  319  287  306  293  349  363  344  411  439
 [76]  437  441  469  500  475  488  498  522  550  621  605  560  608  625  628
 [91]  669  715  732  838  847  857  893  972 1051 1036 1107 1126 1154 1258 1309
[106] 1365 1398 1428 1464 1586 1671 1727 1804 1841 1903 2019 2041 2085 2217 2313
[121] 2376

[[47]]
  [1]   10    9    8   13    9    7   20   17   19   21   17   13   20   16   13
 [16]   19   17   38   41   47   35   33   37   29   33   33   37   55   45   39
 [31]   47   54   54   58   69   60   61   65   92   95   89   84   76   92  105
 [46]   86  114  107  114  132  124  122  133  143  140  145  189  170  206  206
 [61]  218  206  228  217  185  215  248  264  241  263  283  280  299  298  291
 [76]  283  318  334  349  326  309  360  388  435  419  447  469  496  533  597
 [91]  609  596  610  643  702  743  717  735  797  854  890  928  951  915  964
[106] 1018 1076 1069 1111 1143 1188 1278 1319 1337 1353 1440 1545 1584 1660 1726
[121] 1843

[[48]]
  [1] 10 12  9  8  9 12  9 14 10  8  5  9 18 10 10  9 11 11  5 10  6  4  4  4  4
 [26]  4 13 10  9 13  7  4  3  3  3 16 20 10 10 11  7 11 12 12 10  8  6  5  4  3
 [51]  4  5  4  4  4 12 15 10 11  8  7  6 14 13 15 13  6  6  9 13  8  8  7  6  5
 [76]  5  3  3  3  3  8 13 11  9  8 13 12  9  7  5  8  7 21 15 13 13 14 22 14 10
[101] 10 10 18 15 11 17 14 18 17 12  8  7 14 22 22 23 28 32 36 34 29

[[49]]
  [1]   10   15   12   10   10    7    7   10   22   24   26   33   21   19   25
 [16]   19   27   32   31   33   34   30   29   24   30   25   47   46   38   46
 [31]   46   48   48   46   40   40   37   34   41   41   51   48   48   42   49
 [46]   52   64   54   59   58   55   66   52   78   68   80   75   89   91  103
 [61]  111  103  104  106   96  113  126  143  148  162  166  170  185  200  202
 [76]  225  209  225  216  240  258  244  254  303  303  291  331  309  347  343
 [91]  361  355  422  404  403  416  437  467  522  540  512  550  529  633  646
[106]  699  690  673  666  709  799  819  852  828  959 1018 1147 1117 1188 1195
[121] 1276

[[50]]
  [1]   10   17   12   10   12   12   19   28   21   17   15   20   35   42   37
 [16]   39   34   42   43   47   50   43   57   85   62   63   62   75   88   84
 [31]   97  103  104  108  110  116  111  109  161  185  172  165  187  219  220
 [46]  208  223  211  216  246  240  232  255  262  274  283  319  310  329  335
 [61]  356  357  396  400  434  448  485  490  529  613  586  636  610  668  726
 [76]  715  766  729  761  842  859  850  905  919  949 1003 1035 1109 1076 1184
 [91] 1275 1278 1306 1370 1321 1368 1474 1592 1623 1718 1789 1806 1951 2062 2072
[106] 2121 2202 2357 2481 2428 2497 2701 2809 2817 2818 2959 3133 3327 3392 3508
[121] 3627

[[51]]
  [1]   10   13   24   23   28   24   19   22   39   66   68   59   48   60   60
 [16]   61   70   81   78   86   96   94   93   87   94   99   96   96   91  105
 [31]  117  100  109  145  139  169  147  152  187  190  203  206  232  241  278
 [46]  284  296  276  273  330  322  355  357  341  359  406  418  426  429  436
 [61]  464  433  470  464  515  583  601  578  663  716  759  733  752  779  828
 [76]  831  823  856  891  971  971  945 1008 1055 1171 1208 1165 1203 1244 1325
 [91] 1316 1451 1564 1608 1641 1655 1630 1830 1829 1905 2017 1942 2035 2094 2130
[106] 2155 2338 2533 2623 2721 2941 3122 3252 3424 3563 3764 3976 4085 4301 4494
[121] 4679

[[52]]
  [1] 10  7  3  2  2  2  2  2  2  2  2  2  1  1  1  1  1  0  0  0  0  0  0  0  0
 [26]  0  0  0  0  0  0  0  0  0  0  0  0  0  0  0  0  0  0  0  0  0  0  0  0  0
 [51]  0  0  0  0  0  0  0  0  0  0  0  0  0  0  0  0  0  0  0  0  0  0  0  0  0
 [76]  0  0  0  0  0  0  0  0  0  0  0  0  0  0  0  0  0  0  0  0  0  0  0  0  0
[101]  0  0  0  0  0  0  0  0  0  0  0  0  0  0  0  0  0  0  0  0  0

[[53]]
  [1] 10 12 11 16 18 21 17 14 21 25 25 29 20 21 16 12 16 12 12 16 10 12 16 12 11
 [26]  9 14 18 22 18 20 25 18 23 14 17 10 10  9 14 14  9  9 12 13 18 18  8 11 12
 [51] 10 10  8  9  8 10  8 13 15 11 10  9 13 17 20 24 19 13 16 12 10 10 12  7  6
 [76] 11 12 15 12 11  7  7  8  7  5  4  3  2  7 12 15 21 15 22 17 16 13 26 24 15
[101] 11 14 19 22 13  9 15  9  8  6  5  3 10 12  6  1  1  0  0  0  0

[[54]]
  [1]   10   15   12   11   20   27   19   18   18   17   11   10   10   23   29
 [16]   19   15   10   20   23   20   13   14   20   12   20   28   27   23   16
 [31]   22   33   41   34   47   49   47   50   46   51   66   60   73   74   98
 [46]   80   81   88   77   90   92   85   98  103  107  102  112  133  151  151
 [61]  141  156  148  173  170  172  165  156  148  137  137  158  174  187  195
 [76]  183  177  206  237  247  279  266  295  298  295  300  333  380  371  423
 [91]  411  407  390  433  458  516  532  537  553  575  591  605  617  656  698
[106]  718  781  931  893  919  941 1058 1152 1198 1178 1157 1223 1308 1447 1521
[121] 1499

[[55]]
  [1]  10  17  11   8   5  10  16  13  10   9  11  15  10   9   9  12  13  11
 [19]  15  11  18  17  10  11   8  17  14  10  14  17  15   9   8   7  16  14
 [37]  14  10   9  14  21  17  13  19  26  24  25  32  26  25  21  23  40  45
 [55]  40  44  41  44  41  49  72  63  67  66  76  95  86  86 103  95 102  91
 [73] 106 129 121 160 143 151 152 146 190 164 161 163 183 192 160 144 151 175
 [91] 183 167 170 208 211 214 232 261 274 250 251 282 289 300 280 307 320 309
[109] 372 365 380 371 364 398 455 464 495 463 505 524 532

[[56]]
  [1]  10  11   9   7   5   4  13  10   6   6   3   2   3   3   2   8  10   8
 [19]   6   4   4   3   3  16  12   7  14   9   7  11  13   5   9  13  12  10
 [37]   8   8   5   4   4  10   9   9  10  14   8  10  28  22  18  15  39  33
 [55]  51  38  32  35  42  47  51  47  50  55  52  65  63  68  59  73  68  94
 [73]  89 101  92 102  89  90 107 111 113 137 126 127 136 128 158 134 137 181
 [91] 160 188 173 181 166 193 229 231 243 265 247 243 265 279 315 315 319 313
[109] 282 323 340 390 337 388 371 354 368 402 431 471 486

[[57]]
  [1] 10 12 15 17 15 17 23 25 20 30 23 17 13 20 19 13 15 28 37 33 29 30 36 34 25
 [26] 19 35 38 28 24 17 22 21 16 14 12  9 16 16 20 13 16 11  9 15 23 14 12 17 24
 [51] 16 13 12 15 19 20 23 19 16 14 15 13 16 13 16 24 29 26 14 11 12 13 11 14 15
 [76] 18 13  8  5  5  5  3  2  2  1  0  0  0  0  0  0  0  0  0  0  0  0  0  0  0
[101]  0  0  0  0  0  0  0  0  0  0  0  0  0  0  0  0  0  0  0  0  0

[[58]]
  [1]  10   6   6  13  20  13   8  19  17  15  11  10  15  15  28  17  21  28
 [19]  23  34  41  34  36  38  44  38  38  46  52  50  49  43  50  49  69  72
 [37]  70  56  55  67  64  80  80  69  74  89  75  70  60  63  74  96  85  82
 [55]  87  87  90  95  98  81  87 102  99 114 109  89 127 112 100  88  95 107
 [73]  92  85  89  95 113 107 113 125 146 137 129 122 140 184 162 184 163 170
 [91] 187 160 154 186 189 174 176 225 243 231 221 225 250 243 218 231 282 302
[109] 287 265 272 318 331 323 317 330 328 336 374 372 439

[[59]]
  [1]  10  10  14   9   7   4   4   9  11   5   7  11   9   8  11  10  13  16
 [19]  19  16  15  20  18  21  16  14  24  23  43  32  32  22  21  27  31  37
 [37]  49  44  50  54  78  54  51  47  51  65  78  63  44  38  61  66  44  45
 [55]  35  35  36  42  25  39  42  33  42  51  52  42  51  50  45  50  42  37
 [73]  41  56  48  46  43  64  65  64  73  69  97  91  88  72  57  61  66  64
 [91]  71  78  90  84 110  83  89  83  99  86 128 134 146 138 141 163 179 185
[109] 218 223 230 205 242 246 210 283 261 253 261 264 286

[[60]]
  [1]  10  10  12  20  17  11  12  14  17  23  21  15  11   9  17  13   9   8
 [19]  17   8   7   6   6  17  11   9  14  17  18  13  18  25  22  20  16  12
 [37]  11  16  22  28  33  24  22  23  19  40  38  35  33  35  36  31  47  41
 [55]  49  66  77  69  75  73  86 112  91 103 112 101 105 103 105 118 112 123
 [73] 124 119 130 141 154 178 159 145 139 156 167 203 205 200 226 221 214 217
 [91] 199 188 225 248 232 237 248 243 224 264 268 301 328 358 365 384 394 398
[109] 402 438 438 439 491 559 648 648 622 626 688 751 810

[[61]]
  [1]   10    7    7   14   26   17   16    9   14   25   18   15   13   13   14
 [16]   23   15   12   10   24   17   20   16   14   32   34   33   47   40   36
 [31]   40   47   36   50   47   47   35   55   48   30   51   74   95   82   75
 [46]   89   97  109   98  116  123   98  107  114  107  133  131  150  151  174
 [61]  168  199  170  168  194  189  179  199  237  242  232  265  250  247  241
 [76]  261  322  333  297  319  323  355  386  442  461  474  489  500  522  558
 [91]  593  632  642  672  732  813  780  765  848  903  990 1024 1051 1081 1135
[106] 1237 1353 1318 1366 1380 1569 1597 1598 1706 1749 1865 1903 2005 2045 2049
[121] 2209

[[62]]
  [1]   10    9   11    7    7    8    7    7   12    4    4    4    4   10    7
 [16]    6    5   10   11   25   18   19   16   21   28   26   21   19   45   45
 [31]   40   40   41   44   48   42   45   51   73   73   71   75   93   92   89
 [46]  101  114  131  120  115  105  118  145  162  154  161  167  170  191  215
 [61]  212  213  250  247  244  254  248  265  277  266  284  319  373  383  345
 [76]  355  402  455  430  408  458  495  571  521  579  662  583  637  633  690
 [91]  777  733  734  809  869  890  950  972 1018  992 1036 1076 1132 1192 1244
[106] 1250 1303 1336 1453 1509 1509 1523 1577 1627 1726 1799 1876 2013 2024 2050
[121] 2148

[[63]]
  [1]   10   19   15   12   11    9   15   15   12    9    8   26   17   19   16
 [16]   17   16   16   12   15   15   16   19   24   24   23   31   49   41   37
 [31]   34   37   63   57   56   61   54   53   51   50   49   52   43   66   63
 [46]   58   57   55   72   93  110  117  126  116  117  120  118  147  136  160
 [61]  137  163  150  146  178  180  185  194  217  212  201  189  216  252  263
 [76]  248  278  283  247  236  259  274  272  307  320  316  336  402  373  364
 [91]  412  431  452  447  484  441  490  508  510  596  606  618  654  654  718
[106]  731  845  874  877  875  898  964  959  981 1113 1130 1152 1213 1178 1206
[121] 1243

[[64]]
  [1]  10   8  11  14  17  12  15  13  25  21  23  19  19  40  43  40  37  33
 [19]  27  32  32  33  37  47  40  39  52  60  48  44  41  48  54  56  49  50
 [37]  48  56  59  71  66  67  58  76  61  81  80  65  64  77  92  77  77  63
 [55]  80  88  75  57  60  67  85  96 104  86  71  92  94 109 117 127 125 142
 [73] 145 139 132 139 153 176 171 168 175 229 200 206 195 204 204 206 206 226
 [91] 243 232 246 257 277 296 300 345 328 347 330 324 340 336 339 342 351 346
[109] 354 365 388 443 419 423 433 494 505 534 558 557 593

[[65]]
  [1]  10   9  10   7   5   5   5  10  13  11  16  10  17  21  27  24  32  21
 [19]  20  17  25  18  20  15  14  10   7   7  12  15  22  16  19  14  17  22
 [37]  18  18  23  22  26  35  38  47  49  50  48  56  50  59  67  70  57  57
 [55]  55  58  58  69  59  53  68  92 103 107 122 119 125 114 104 129 147 131
 [73] 152 167 189 185 175 215 247 263 257 240 219 216 210 249 218 234 263 296
 [91] 315 329 324 335 327 359 410 405 401 351 381 412 453 529 459 445 505 545
[109] 562 608 669 677 706 709 697 765 837 791 809 806 839

[[66]]
  [1]   10    8    7   17   15   15   10   10   12    7   15   21   30   36   24
 [16]   23   23   19   26   29   27   20   27   35   37   27   20   25   32   36
 [31]   36   44   58   55   71   63   66   56   60   67   83   83   81   79   83
 [46]  105   94  104   99   65   83   92   91  120  108  112  101  117  121  121
 [61]  107  111  148  161  149  140  179  209  216  212  210  206  279  278  290
 [76]  265  314  363  366  344  410  430  454  441  416  453  498  571  585  611
 [91]  613  608  655  718  753  810  796  816  800  887  880  977 1069 1058 1156
[106] 1218 1240 1257 1387 1459 1472 1532 1589 1633 1745 1881 2004 2032 2129 2240
[121] 2270

[[67]]
  [1]   10   13   18   35   23   19   16   14   13   16   17   17   21   24   24
 [16]   28   34   23   33   31   21   22   17   13   21   29   18   27   19   13
 [31]   19   35   30   26   21   25   27   32   28   42   45   58   49   55   66
 [46]   66   64   74   63   67   71   53   67   75   94  107  103  100  102  116
 [61]  114  105  102  104  123  138  153  174  141  142  135  170  150  139  166
 [76]  163  148  149  156  197  198  216  221  227  241  276  256  259  295  283
 [91]  290  337  384  391  396  432  401  448  437  488  522  510  484  512  501
[106]  554  628  689  707  644  643  674  725  749  820  795  850  904  922 1020
[121] 1069

[[68]]
  [1]  10   4   3   8   6   6   6   4   8  10   5   5   4   4   4   4   9  17
 [19]  14  10   8   8  18  24  15  10  12  11  12  28  22  22  26  23  20  16
 [37]  24  23  21  33  27  22  25  29  27  28  31  35  46  51  52  58  56  51
 [55]  48  60  69  70  71  84  75  66  89  88  75  73  69  68  75  72  71  82
 [73]  62  67  81 100  78 102 109  98  88  96  76  85 100 111 132 139 124 126
 [91] 149 173 159 173 192 200 232 257 233 236 239 245 238 260 229 239 237 259
[109] 250 252 269 259 284 276 275 284 285 303 291 291 311

[[69]]
  [1] 10 15  9 12 13  8  6 10  6  9  6  6 12  8  5  4  4  4  4 10  7 13  7  4  3
 [26]  3  3  1  1  1  1  1  1  0  0  0  0  0  0  0  0  0  0  0  0  0  0  0  0  0
 [51]  0  0  0  0  0  0  0  0  0  0  0  0  0  0  0  0  0  0  0  0  0  0  0  0  0
 [76]  0  0  0  0  0  0  0  0  0  0  0  0  0  0  0  0  0  0  0  0  0  0  0  0  0
[101]  0  0  0  0  0  0  0  0  0  0  0  0  0  0  0  0  0  0  0  0  0

[[70]]
  [1]  10  14  11  11   9  11   8   7   6   6   8   5   8   6   4   5   7   3
 [19]   1   1   1   1   1   7  13  14  11   8  10   7  11  18  20  19  19  19
 [37]  17  17  14  15  26  14  10  13  16  19  22  18  16  17  14  13  24  24
 [55]  16  20  21  25  26  25  24  28  33  38  29  37  30  28  29  37  41  51
 [73]  52  46  49  44  34  55  40  51  51  77  60  64  47  51  51  78  75  88
 [91]  77  72  89 104 108 115 111 132 118 141 132 143 164 170 189 200 194 204
[109] 217 209 253 262 277 280 270 276 305 360 345 356 371

[[71]]
  [1]  10  10   8  11  11  11  11  10  13  11  14   9  19  27  17  15  13  14
 [19]  18  15  14  13   9  12  11  25  13  15  11  10  13  11   9   8  15  18
 [37]  21  15  12  14  10  18  18  12  15  13  14  16  21  17  17  20  16  18
 [55]  13  12  17  20  20  27  26  29  25  22  26  35  30  42  38  26  19  18
 [73]  13  18  27  18  19  37  29  31  22  25  35  31  28  31  33  29  39  29
 [91]  32  60  55  49  43  37  46  43  39  47  36  63  56  63  58  55  61  66
[109]  60  68  74  69  74  82  97  88 110 106 107 150 125

[[72]]
  [1]   10    7    7    6    5   14   18   17   12   12   13   11   11   12   17
 [16]   24   19   34   31   24   33   24   16   25   33   40   31   44   51   37
 [31]   46   39   29   63   60   54   48   48   57   74   70   76   76   77   87
 [46]   78   75   88   99  101  109  103   97  108  100  116  135  180  157  150
 [61]  156  187  191  177  177  183  218  217  212  204  220  250  265  267  294
 [76]  298  288  294  330  368  401  384  430  458  492  482  523  528  551  604
 [91]  630  626  631  666  711  760  760  820  842  828  872  948 1116 1027 1041
[106] 1085 1195 1248 1251 1348 1351 1380 1384 1514 1632 1682 1716 1774 1882 1954
[121] 2002

[[73]]
  [1] 10 13 14 12  7 11  9 10  6 12  9  8 13 11  7  7  9 10 10  8  6  5  3  9  7
 [26] 11  8 11 10  9  8 11 19 22 14 13 14 14 31 19 21 16 23 23 18 17 14  9 12  6
 [51]  4  2  2  1  1  1  4  1  1  0  0  0  0  0  0  0  0  0  0  0  0  0  0  0  0
 [76]  0  0  0  0  0  0  0  0  0  0  0  0  0  0  0  0  0  0  0  0  0  0  0  0  0
[101]  0  0  0  0  0  0  0  0  0  0  0  0  0  0  0  0  0  0  0  0  0

[[74]]
  [1]  10  15  11   8   9   9   5   9  14  14  10  15  17  12  21  16  12  11
 [19]  10  23  20  24  18  19  26  16  16  13  22  26  25  26  23  16  22  28
 [37]  50  46  57  47  55  43  32  44  47  43  32  41  46  36  45  48  42  50
 [55]  47  58  58  46  43  42  55  52  58  59  61  72  61  49  81  71  82  70
 [73]  84  75  86  86  85  93 100  85  73  91  99  83  90 102 111 103 112 117
 [91] 120 133 120 116 125 110 112 108 104 142 145 130 159 163 190 190 192 196
[109] 217 203 217 236 258 266 271 274 294 325 353 376 354

[[75]]
  [1]   10    9   14   23   15   15   23   28   32   41   42   40   37   38   51
 [16]   52   46   66   57   60   54   47   63   53   62   67   58   56   74   76
 [31]   89   85   94  102  132  129  140  123  112  141  127  128  136  142  147
 [46]  150  155  170  168  207  193  199  207  187  187  197  207  239  250  229
 [61]  230  274  275  276  289  282  295  288  284  304  336  350  346  370  390
 [76]  387  403  422  434  454  475  545  562  554  550  597  652  650  659  747
 [91]  763  856  861  839  874  982 1071 1135 1100 1173 1183 1280 1285 1485 1445
[106] 1452 1527 1582 1752 1861 1901 1920 1976 2041 2099 2246 2394 2516 2627 2704
[121] 2800

[[76]]
  [1]   10   19   16   15   13   13   20   25   35   37   35   34   35   56   43
 [16]   46   49   43   40   55   55   54   71   94   64   65   68   99   96  106
 [31]  110  133  131  120  119  145  126  134  190  182  187  175  183  168  193
 [46]  206  217  210  237  244  219  232  250  253  274  275  299  326  398  403
 [61]  369  415  475  464  555  562  574  579  614  690  649  636  676  744  780
 [76]  838  867  852  941  999 1037  993  989 1046 1111 1256 1334 1336 1315 1366
 [91] 1440 1532 1630 1697 1784 1874 1956 2052 2121 2204 2337 2346 2382 2355 2426
[106] 2556 2764 2954 2769 2864 3079 3350 3455 3643 3808 4014 4003 4131 4410 4590
[121] 4761

[[77]]
  [1] 10 10  7  5  5  4  7  7  6  6  9  6  5 11 15 20 15 13 10  9 15 23 22 18 18
 [26] 12 19 13 11 15 18 29 34 31 29 21 15 16 16 10 15  8 11 19 12  9  7 11 12  9
 [51] 16 14 10 13  9 11 13 10  6  6 16  5  5  5  4  4 23 21 25 28 19 14 17 12 11
 [76] 21 16 17 20 18 22 12  8  7 11  6 10  7 10  7  4  3  3  3  7  5  4  4  4  4
[101]  4 10  6 11 17 12  8 16 25 19 14 16 19 16 17 10 14 11  9 17 20

[[78]]
  [1]  10  13   9  23  24  22  18  17  12  16  24  25  37  33  37  41  37  36
 [19]  36  44  47  33  33  40  36  35  31  46  48  42  42  50  47  48  46  45
 [37]  34  49  55  40  33  41  47  54  50  48  53  53  50  53  55  41  44  47
 [55]  45  38  46  46  64  63  80 101 100 123 115 123 119 140 168 157 147 125
 [73] 137 144 183 159 142 144 175 192 179 193 191 196 216 298 297 275 282 272
 [91] 263 275 267 267 284 291 362 330 329 370 390 417 389 429 419 434 434 452
[109] 451 428 435 464 469 488 514 502 588 588 610 622 699

[[79]]
  [1]   10   14   18   15   11   11   11   11   12   10   14   17   13   11   10
 [16]   17   21   20   21   16   14   20   18   29   19   18   25   34   46   43
 [31]   38   43   55   47   45   47   59   72   84   78   77   78   76   91   90
 [46]  100   97   99  109  132  131  133  146  156  149  166  180  193  193  174
 [61]  167  186  207  239  201  209  221  242  254  281  305  316  311  329  357
 [76]  348  344  401  397  371  369  374  377  367  467  491  493  447  448  518
 [91]  552  594  570  613  635  671  725  790  763  809  846  929  956 1018 1073
[106] 1129 1104 1093 1143 1252 1309 1287 1284 1390 1390 1436 1487 1528 1589 1703
[121] 1725

[[80]]
  [1]   10   14   15   13   12   16   33   20   24   41   32   28   20   32   42
 [16]   46   41   35   37   32   38   48   42   47   36   33   40   39   43   50
 [31]   37   36   44   43   41   54   62   45   48   67   83   84   89   71   77
 [46]   88   95   94  100   94   82   71   70   73   79   83   81   94  115  111
 [61]  152  149  118  140  144  153  141  173  172  177  172  177  227  219  218
 [76]  259  280  277  287  311  326  341  366  343  367  392  396  385  415  426
 [91]  441  460  490  451  488  504  526  544  544  595  523  549  573  571  602
[106]  675  695  693  759  789  814  800  778  851  943  999 1030 1055 1029 1147
[121] 1196

[[81]]
  [1]   10    9   13    9    8    8   10   10   13   14   15   12   17   30   32
 [16]   24   24   30   20   17   38   39   39   32   28   36   53   59   49   48
 [31]   58   71   62   63   63   78   84   58   76   90   81  100   89   99  110
 [46]  117  117  116  141  121  154  174  180  182  179  166  163  187  210  258
 [61]  251  243  273  282  326  395  380  367  392  419  433  455  472  461  473
 [76]  481  546  574  586  610  577  594  661  662  669  704  743  813  863  895
 [91]  914  987 1012  992 1077 1073 1104 1091 1285 1318 1296 1268 1317 1422 1483
[106] 1593 1696 1692 1700 1879 1969 2041 2118 2170 2260 2390 2555 2585 2682 2781
[121] 2967

[[82]]
  [1]   10   11   12   11   18   18   13   11   14   19   20   29   33   33   29
 [16]   36   36   44   41   41   37   43   62   64   60   55   62   57   62   53
 [31]   62   70   65   71   69   79   84   95  103   80   94   95  110  105  130
 [46]  114  108  112  132  118  143  138  146  173  186  175  165  171  187  191
 [61]  186  194  214  200  241  253  250  291  324  302  325  334  353  384  433
 [76]  441  433  491  552  616  665  605  613  640  655  684  698  715  808  838
 [91]  832  847  942 1022 1000 1066 1151 1162 1196 1262 1301 1335 1391 1448 1506
[106] 1560 1639 1639 1631 1826 1863 1869 1935 1980 2074 2078 2316 2407 2464 2588
[121] 2739

[[83]]
  [1]   10    6   20   15   18   12   12   16   12   10    8    6    9    7    5
 [16]    4    4    8   15   17   13   12   11   22   23   26   25   35   33   41
 [31]   63   59   47   50   45   50   45   64   78   82   68   65   56   75   68
 [46]   68   72   85   99   86   99  104   95  115  138  138  113  147  131  141
 [61]  161  161  157  169  182  174  165  184  162  215  195  185  228  225  230
 [76]  295  307  295  278  281  299  337  320  324  350  350  355  345  347  395
 [91]  396  432  430  420  455  488  518  503  546  587  640  641  678  700  695
[106]  761  749  844  919  849  891  921  950 1006 1076 1120 1111 1246 1285 1304
[121] 1435

[[84]]
  [1] 10  7 10  7  5  3  3  3  3  6  3  3  3 11  6  5  3  3  2  2  2  2  2  2  9
 [26] 10  7  6  5  4  4 11  8  8  8  6  4  3  3  3  3  1  1  1  1  0  0  0  0  0
 [51]  0  0  0  0  0  0  0  0  0  0  0  0  0  0  0  0  0  0  0  0  0  0  0  0  0
 [76]  0  0  0  0  0  0  0  0  0  0  0  0  0  0  0  0  0  0  0  0  0  0  0  0  0
[101]  0  0  0  0  0  0  0  0  0  0  0  0  0  0  0  0  0  0  0  0  0

[[85]]
  [1]  10  19  12  11  10  13  11  16  19  21  16  23  19  27  23  29  24  28
 [19]  31  29  17  23  22  31  28  35  34  32  35  36  33  35  34  40  38  32
 [37]  29  29  37  38  51  44  37  42  47  45  61  49  65  65  65  61  60  54
 [55]  70  65  83  65  71  60  59  61  71  78  66  68 104  95  97  85 106 129
 [73] 107 135 140 141 139 151 171 170 183 202 209 231 233 262 262 266 260 273
 [91] 305 288 275 294 321 334 338 342 308 366 378 404 411 417 366 456 433 451
[109] 474 498 514 572 565 576 595 678 701 699 737 730 786

[[86]]
  [1] 10 12 14 12  9  9  8  7 16 16 11 13 24 22 17 18 12 18 20 17 21 20 19 26 25
 [26] 36 22 23 25 20 25 17 12 12  8  8  7 11  7  5  9  7  6  6 12 15 10  7  4  4
 [51]  3  3  3  3  1  1  1  1  1  1  1  1  1  5  5  3  2  2  2  8  4  4  2  2  5
 [76]  4  4  3  3  3  3  7  5  5  4  3  9 22 22 16 17 14 26 23 24 25 26 24 26 18
[101] 18 23 22 15 15 20 23 36 40 35 26 23 19 14 14 11  8 12 23 28 24

[[87]]
  [1]   10   19   14   20   21   15   14   18   17   20   17   13    8    7    6
 [16]   17   11   10    7    6   14    8    7    5   11   11   18   14   12   14
 [31]   21   17   25   40   36   40   36   38   36   49   46   45   40   40   51
 [46]   42   43   58   75   85   98  100  110   94  124  108  106  150  136  151
 [61]  142  135  142  155  163  139  131  184  176  175  161  182  180  190  177
 [76]  224  203  195  256  283  280  274  328  375  378  386  420  450  485  506
 [91]  508  528  572  584  644  673  700  725  744  825  796  777  798  918  935
[106]  914  967 1015 1065 1163 1237 1264 1251 1256 1354 1444 1497 1533 1630 1528
[121] 1695

[[88]]
  [1]  10  15  14   6   9   6   7  13   9  20  20  28  22  20  26  22  20  28
 [19]  32  35  38  29  27  30  38  32  31  29  45  57  71  59  46  57  66  60
 [37]  55  57  61  58  52  49  52  53  58  59  57  52  46  73  92  83  84  82
 [55]  87 106  79  76  97 104 122 115 113 107 109  95  93 113 119 128 126 127
 [73] 127 145 154 171 166 154 152 190 203 223 231 242 222 227 198 197 210 195
 [91] 194 222 239 211 209 212 273 254 235 232 262 254 277 301 326 340 317 290
[109] 314 361 379 360 378 387 409 395 462 492 492 492 578

[[89]]
  [1]  10  12  10  10  14  11  19  29  21  23  18  22  27  28  19  18  17  31
 [19]  22  22  23  17  21  13  17  21  26  23  18  19  26  42  42  35  30  29
 [37]  39  56  63  51  52  55  64  57  66  53  57  57  59  58  60  56  59  42
 [55]  57  61  66  59  73  57  71  70  60  63  72  74  63  84  95  86  83  84
 [73]  91  91 125 120 110 103 120 122 123 112 113 139 132 143 134 127 112 133
 [91] 130 143 141 150 121 135 152 155 158 172 177 189 188 190 198 198 210 216
[109] 229 213 208 216 238 295 281 304 301 306 323 359 391

[[90]]
  [1] 10  9 11  6  5  4 11 10 12  9  7 17 24  9  8  7 10  9  9  6  6  3  3  2  1
 [26]  1  1  1  1  1  1  1  0  0  0  0  0  0  0  0  0  0  0  0  0  0  0  0  0  0
 [51]  0  0  0  0  0  0  0  0  0  0  0  0  0  0  0  0  0  0  0  0  0  0  0  0  0
 [76]  0  0  0  0  0  0  0  0  0  0  0  0  0  0  0  0  0  0  0  0  0  0  0  0  0
[101]  0  0  0  0  0  0  0  0  0  0  0  0  0  0  0  0  0  0  0  0  0

[[91]]
  [1]   10   14    9   16   13   12   13   13   12   17   24   20   13   12    8
 [16]   10   16   14   11    9    7   12   16   21   27   28   29   35   53   52
 [31]   56   46   51   53   49   62   71   72   79   84   78   76   92   89   72
 [46]   76   67   77   89   82   85   82   96  120  118  109  109  109  137  162
 [61]  167  178  162  182  189  188  184  181  195  228  248  230  264  254  270
 [76]  291  297  279  310  392  355  346  402  422  397  408  409  462  454  504
 [91]  457  502  558  607  637  666  644  692  751  733  729  759  820  873  861
[106]  861  925  898  935 1048 1147 1152 1197 1230 1305 1333 1397 1390 1399 1485
[121] 1546

[[92]]
  [1] 10  7 19 11  7 10  8  8  7  6  5 12  9  6  6  5  3  3  4  6  5  3  3  3  6
 [26]  9  4  4  4  4 11 15 10 17  9  7  7  9  7 16 11 15 12 13 10 16 12  6  6  9
 [51]  7  5  5  3 11 13 11  9 12 12 16 13 10 13  8  6  1  1  1  1  1  1  0  0  0
 [76]  0  0  0  0  0  0  0  0  0  0  0  0  0  0  0  0  0  0  0  0  0  0  0  0  0
[101]  0  0  0  0  0  0  0  0  0  0  0  0  0  0  0  0  0  0  0  0  0

[[93]]
  [1]  10  16  10  10  16  12  15  13  11  14   9   8   6   9   9  11   9  19
 [19]  19  12  10   6   5  16  19  16  14  12  12  11  22  18  33  20  32  28
 [37]  27  21  23  23  32  16  15  14   9  13  17  11  15  30  22  21  17  17
 [55]  22  14  17  15  12  10  24  31  23  16  13  14  13  15  22  16  13   9
 [73]  24  33  26  27  34  39  35  38  30  28  40  35  32  42  31  29  26  34
 [91]  30  32  37  49  43  49  51  58  49  58  75  58  55  70  59  51  54  64
[109]  68  83  61  50  63  59  83  92  95 103 102 110 103

[[94]]
  [1]   10   19   14   28   25   26   21   39   49   47   48   52   59   48   45
 [16]   46   53   61   63   58   73   71   67   68   85   70   76   82   87   97
 [31]   79   74   96  108  128  143  122  102   93  100  112  136  135  138  136
 [46]  175  202  210  210  191  191  228  247  246  225  256  252  239  263  260
 [61]  299  316  325  305  276  313  324  307  353  370  376  391  390  385  397
 [76]  400  475  501  475  496  512  561  567  596  668  673  710  700  729  773
 [91]  802  780  807  868  925  968  984 1052 1074 1182 1220 1311 1366 1441 1370
[106] 1484 1646 1744 1709 1765 1772 1833 1882 1966 1968 2053 2151 2345 2447 2524
[121] 2627

[[95]]
  [1]   10   15   17   29   18   20   25   19   20   12   11   15   13    9   14
 [16]   17   14   13   11   23   16   16   21   20   16   23   20   16   18   24
 [31]   19   19   21   27   24   26   35   27   24   21   30   23   44   42   35
 [46]   32   32   41   48   55   50   54   53   68   68   62   68   79   83   82
 [61]   76   70   79   98  113  106  106  106  119  118  137  145  148  154  141
 [76]  162  173  173  160  167  165  194  181  230  231  227  214  225  234  256
 [91]  270  309  349  311  326  357  382  392  427  436  507  519  510  512  562
[106]  640  581  640  701  669  689  703  780  796  796  803  835  948  943  922
[121] 1047

[[96]]
  [1]   10    7    8    4    3    2    8    5    8   14   17   25   18   16   32
 [16]   38   43   29   40   44   46   38   35   38   41   47   40   33   37   58
 [31]   47   50   48   48   40   55   60   72   57   68   83   88   88   98   96
 [46]   77   80   97   75   78  105  118  120  117  123  127  126  140  140  131
 [61]  158  147  174  171  181  176  197  221  223  248  240  219  227  265  288
 [76]  250  262  278  311  333  367  353  337  354  366  377  419  426  441  444
 [91]  458  483  502  517  578  639  658  638  628  685  725  715  724  805  868
[106]  823  839  862  915  934 1046 1081 1100 1127 1203 1233 1337 1291 1396 1378
[121] 1535

[[97]]
  [1]   10    6    6   11    7    7    7    5   10   12    8    5   11    7    3
 [16]    2    6    3    5    8    5    4    4   18   17   14   11   18   20   17
 [31]   18   24   20   15   13    9    8   12   17   26   17   22   18   20   18
 [46]   35   28   25   28   20   19   21   42   50   48   42   40   43   51   45
 [61]   45   49   59   56   64   69   59   66   56   68   88   77   75  102   93
 [76]  104  109  112  121  125  138  137  164  168  198  211  203  224  220  199
 [91]  245  274  274  302  337  335  356  371  421  417  436  492  502  548  548
[106]  614  661  603  605  703  761  739  833  822  861  871  903  993  985 1030
[121] 1065

[[98]]
  [1]   10   14   12   21   15   17   19   17   13   19   21   27   39   41   36
 [16]   30   38   49   35   38   29   33   38   59   56   75   68   80   81   90
 [31]  110   99  127  118  119  132  141  146  141  166  185  174  147  167  176
 [46]  183  193  209  239  222  226  287  299  255  281  314  318  333  336  324
 [61]  332  312  348  372  378  326  380  420  444  468  472  463  451  488  541
 [76]  538  531  542  558  601  649  618  617  670  737  804  792  835  789  876
 [91]  903  910  948  960 1005  996 1001 1123 1216 1239 1230 1228 1320 1379 1422
[106] 1509 1519 1684 1795 1915 1986 2053 2112 2083 2190 2284 2222 2329 2405 2637
[121] 2676

[[99]]
  [1]   10    8    7    2    2    9    9    5    5    9   18   14   18   21   24
 [16]   23   14   11   27   33   32   24   27   20   33   32   32   25   32   37
 [31]   33   35   33   33   43   42   53   53   57   51   39   43   61   53   66
 [46]   68   49   57   51   73   74   79   91   96  100  114  114  118  123  126
 [61]  105  119  109  131  139  154  165  152  133  127  153  174  196  195  209
 [76]  203  221  223  241  245  252  248  255  293  276  297  297  336  308  325
 [91]  347  319  331  360  388  408  428  474  487  476  490  547  589  628  671
[106]  602  617  673  689  688  713  722  811  864  906  935  951  974  998 1071
[121] 1095

[[100]]
  [1]   10    7   19   12   11   13   14   10   16   17   14   14   22   12   17
 [16]   17   21   23   25   29   33   37   44   45   43   44   49   58   47   56
 [31]   46   68   68   78   69   67   68   70   66   72   70   67   59   71   85
 [46]   86   83  114   97   93   75  101  118  127  118  123  111  130  163  166
 [61]  170  169  152  147  137  150  187  201  192  173  207  204  239  222  230
 [76]  234  223  246  257  262  303  335  319  314  339  399  401  469  484  472
 [91]  464  508  512  561  574  579  606  670  657  590  615  696  723  777  795
[106]  827  842  926  965 1002 1069 1081 1074 1077 1145 1228 1345 1437 1465 1411
[121] 1419

[[101]]
  [1]   10    7   12    9   11   13   11   21   16   20   26   30   29   34   32
 [16]   27   29   36   39   32   34   38   46   56   40   33   41   47   44   59
 [31]   56   61   76   92   95  107   73   79   88   86   75   97   96  125  116
 [46]  102  125  123  102  106  124  149  159  154  133  130  133  128  130  138
 [61]  158  164  162  152  153  180  183  171  204  221  214  227  231  220  230
 [76]  237  241  274  285  286  296  304  378  395  365  345  393  439  454  445
 [91]  424  421  513  509  540  605  599  625  652  740  705  664  806  822  810
[106]  823  860  873  881  896  989  975  964 1111 1137 1138 1231 1271 1288 1353
[121] 1422

[[102]]
  [1]   10   16   15   14   11    9   17   21   35   35   35   35   36   34   44
 [16]   45   51   54   53   60   69   77   81   87   87   94   88   80   90  102
 [31]  158  145  114  131  141  138  142  147  151  147  147  152  144  129  152
 [46]  160  205  201  194  208  201  257  231  219  243  242  278  317  328  343
 [61]  313  333  353  364  349  355  412  433  436  455  490  517  493  529  585
 [76]  639  695  698  748  739  793  796  812  863  895  949  949 1024 1009 1091
 [91] 1160 1133 1167 1172 1310 1334 1409 1431 1513 1601 1646 1609 1656 1761 1858
[106] 1945 2001 1974 2125 2205 2340 2495 2598 2629 2829 2855 2906 3005 3027 3191
[121] 3223

[[103]]
  [1]  10   7   5  17  10   9  15   9   7   7   6  14  20  15  19  15  14  31
 [19]  20  15  13  23  25  26  21  17  15  14  13  11  19  16  23  18  13  11
 [37]  15  18  21  14  11  16  17  15  28  19  20  18  14  13  18  34  29  28
 [55]  19  23  21  16  15  13  11  16  26  22  27  20  14  20  22  17  14  11
 [73]  16   9  19  19  18  16  12  25  19  17  19  26  29  29  26  22  17  16
 [91]  15  20  22  31  29  30  30  40  50  51  49  48  70  65  63  72  81  70
[109]  88  80  86  87  70 101 101  89  87  72  76 104 138

[[104]]
  [1]   10   19   13   11   10    8   11   14   20   20   32   26   30   25   23
 [16]   22   29   26   36   41   29   30   26   24   36   39   29   31   25   25
 [31]   22   23   40   39   38   40   52   53   55   62   81   84   68   73   76
 [46]   74   72  106   99  113  125  142  147  161  168  157  164  189  209  214
 [61]  186  208  202  216  218  252  261  296  272  289  334  364  370  336  374
 [76]  382  414  415  449  488  481  502  563  577  630  617  681  684  759  813
 [91]  881  943  934  937  886  973 1049 1044 1132 1105 1164 1174 1293 1404 1430
[106] 1427 1504 1487 1598 1628 1698 1780 1815 1965 2092 2187 2357 2404 2557 2603
[121] 2569

[[105]]
  [1] 10 18 12 11  8  9  6 12  8 12  8  8  7  6  6  4  4 14 18 14 10  8 11  9 10
 [26] 10 15 10  8 12  7 10 10  9  7 13 15 11  8  6  6  6  5  3  3  3  1  6  1  1
 [51]  1  1  1  1  1  1  1  1  1  6  2  2  2  2  2  2  1  1  0  0  0  0  0  0  0
 [76]  0  0  0  0  0  0  0  0  0  0  0  0  0  0  0  0  0  0  0  0  0  0  0  0  0
[101]  0  0  0  0  0  0  0  0  0  0  0  0  0  0  0  0  0  0  0  0  0

[[106]]
  [1]  10  14   7   5   4   8  11  12  12   9   9  11  10  10   7   7   6   5
 [19]   9   8   4   8   6   3   2   2   2   2   4   3   2   5   4   7   5   9
 [37]   9   5  20  16  13  14  10  16  13  25  14  13  22  22  24  19  28  21
 [55]  18  26  17  17  15  16  33  30  31  38  28  22  19  30  45  44  37  44
 [73]  52  64  61  59  74  73  76  81  89 114 106 117 106 133 113 115 119 123
 [91] 125 148 169 153 188 206 193 211 221 269 260 248 272 292 334 333 382 407
[109] 393 413 465 478 494 462 503 525 534 554 587 598 605

[[107]]
  [1] 10  8 11 17 11 18 14 17 17 13 11  9 13 16 18 20 14 13 11 12  9 13 13 21 15
 [26] 12 11 16 15 18 11 14 15  9 14 18 12  7  7  8  6  6  6  6 11  9  6  5 10  7
 [51]  5  4 10 10  8  6  4  4  7 13 11  9 16 11 13 10  8  7 13  7  6  8  6 14 21
 [76] 15 17 24 19 19 24 37 41 46 49 48 52 45 39 43 44 33 23 37 50 57 51 45 68 67
[101] 57 60 52 48 42 41 60 65 62 53 55 59 68 59 58 57 67 68 54 48 55

[[108]]
  [1]  10   4   4   4   4  11   6   4   4  13  19  13   9  14  12   7   7   7
 [19]   6  11   9   6   5   8  19  20  14   9   9   7  11  21  20  16  15  14
 [37]  18  17  18  33  34  38  42  31  28  36  35  52  58  66  62  52  50  69
 [55]  69  69  74  69  76  83  80  60  52  62  70  76  85  82  83  95  95  82
 [73]  85 106 117 125 110  88 105 116  94 120 114 134 118 125 134 123 114 138
 [91] 131 143 141 120 153 140 136 153 149 132 152 149 175 197 201 188 200 213
[109] 220 233 263 278 278 290 307 322 351 382 379 358 389

[[109]]
  [1]  10   6   3   3   3   9   9   5   5   5  11  12  11   9   8   7  10  10
 [19]  12  14  14  17  24  25  20  29  39  38  38  36  42  68  69  53  54  60
 [37]  55  73  68  57  63  71  71  77  81  76  71  74  66  78  91  79  68  67
 [55]  77  65  82  68  67  61  64  76  90 102  84  75  72  72  74  81  78  88
 [73]  91  99 120 135 135 161 163 160 176 201 219 203 223 238 265 248 251 254
 [91] 283 275 278 292 311 295 321 285 317 327 328 350 385 403 423 405 402 453
[109] 479 493 512 539 535 594 632 642 657 683 726 706 693

[[110]]
  [1]   10   11   12   10    7    6    5   12    9    7    7    7   11   22   29
 [16]   32   23   19   19   25   36   36   48   37   29   39   43   24   21   26
 [31]   27   38   48   53   42   53   47   60   66   75   75   69   71   94   78
 [46]   77   80   80   76  103   85   82   84   81   99   69   95  109  103  124
 [61]  121  129  116  131  139  156  178  158  177  179  190  213  220  235  217
 [76]  225  258  299  276  292  304  282  274  311  343  373  353  332  313  356
 [91]  383  423  386  355  378  389  462  417  470  506  508  554  603  579  625
[106]  654  687  750  748  781  889  944 1007 1025 1063 1116 1104 1170 1188 1259
[121] 1345

[[111]]
  [1]   10   12    8    6    4    4    6   12   11   14   19   29   21   25   21
 [16]   33   38   41   46   40   48   53   63   58   72   80   91   86   66   84
 [31]  119  122  112  103  100  118  119  134  130  136  115  107  120  123  141
 [46]  126  158  175  170  181  188  169  206  210  228  199  224  257  264  274
 [61]  280  254  278  321  330  347  317  351  381  418  424  430  418  458  480
 [76]  501  494  480  517  618  565  581  622  617  636  649  721  746  767  807
 [91]  807  823  863  875  936  992 1080 1099 1138 1122 1275 1368 1293 1377 1372
[106] 1465 1536 1577 1629 1731 1812 1963 1965 2097 2116 2140 2324 2437 2582 2775
[121] 2830

[[112]]
  [1]  10  11   6   6  18  12  12  12  12  25  30  25  19  23  22  14  10   8
 [19]   7  14  12  13   8  12   8   8   8   9   7   9  17  13  11  16  15  13
 [37]  10  10   8   7  19  31  23  28  35  30  23  23  30  36  27  28  33  29
 [55]  24  34  33  29  22  27  34  28  21  24  27  42  49  47  61  51  43  47
 [73]  49  58  60  65  71  60  65  72  63  85  74  81  73  86  84  87  88  80
 [91] 105  99 101  99  86  86 107 128 130 119 134 133 136 134 179 188 170 208
[109] 203 231 239 240 252 264 284 295 319 320 400 385 400

[[113]]
  [1]   10   18   16   18   12   14   19   31   25   25   27   18   18   28   31
 [16]   36   25   32   24   27   36   31   37   38   48   52   31   23   22   19
 [31]   21   18   30   30   23   25   28   32   29   37   40   33   31   36   42
 [46]   39   46   58   47   48   51   63   63   75   72   69   70   71   65   64
 [61]   63   85   98  109  106   90   93   90  123  126  138  152  145  139  153
 [76]  199  168  178  192  167  144  153  161  148  181  213  215  205  257  267
 [91]  267  281  295  318  350  351  385  407  421  423  528  535  560  609  626
[106]  657  659  668  696  677  697  735  789  875  891  867  898  914 1048 1077
[121] 1170

[[114]]
  [1]  10   8  12  15  25  26  16  13  10  17  19  23  28  17  21  14  12  26
 [19]  17  10  10   7  13  17  18  13   9  11  16  11  10  14  11   9   5  10
 [37]   6   3   3   6  10  18  14  16  14  18  28  31  30  26  30  26  25  32
 [55]  37  28  33  39  39  39  45  41  46  34  34  39  43  40  38  58  56  36
 [73]  51  67  49  47  32  45  53  51  53  43  59  74  67  58  89 112 109 104
 [91] 118 113 127 138 133 153 143 167 193 226 218 216 225 245 296 278 277 273
[109] 260 277 329 377 355 358 357 385 401 369 409 447 408

[[115]]
  [1] 10 15 17 15 20 21 20 18 19 18 17 20 19 15 18 17 17 20 25 17 21 14 11 10 15
 [26] 15 18 12 10  6  6  5  5 11  7 16 16 17 13 14 16 10 10  8  6 12 19 15 11  9
 [51] 15 16 12 17 14 21 13 13 19 12 10  8 16 11  9  8  8  7  5  5  5  6 10  7  6
 [76] 10 11  7  6  4  7 11  8  5  5 17 11 11 15 20 13 20 20 19 18 21 26 28 32 31
[101] 22 34 41 27 27 32 48 43 38 49 61 66 53 48 54 65 56 58 62 64 81

[[116]]
  [1]  10  15  13  11  11  16   8   8  14  15  12  12  16  16  16  19  22  25
 [19]  20  18  23  19  15  24  34  27  25  23  28  24  45  71  69  67  53  62
 [37]  79  96  80  65  84  95  88  96  93  89  94 101  94  92  99  92  85  94
 [55]  71  82 101  96 113 130 101 124 130 131 126 118 142 155 167 153 149 165
 [73] 161 185 195 171 182 187 178 198 213 227 229 243 251 262 257 283 298 273
 [91] 284 275 295 293 325 323 365 384 394 385 403 417 425 425 458 469 496 548
[109] 541 661 657 662 657 683 659 706 725 718 761 766 781

[[117]]
  [1]   10   13   15   12   16   19   23   14   11   10   25   26   19   22   21
 [16]   27   27   25   26   29   26   36   40   32   25   42   46   34   43   51
 [31]   49   35   47   49   56   51   38   48   56   56   37   39   40   45   47
 [46]   61   60   58   66   61   48   63   78   86   69   72   77   99  100  108
 [61]  110  110  103  126  127  138  125  130  123  126  173  173  188  187  182
 [76]  213  239  218  214  258  278  287  316  310  324  302  293  335  360  370
 [91]  370  398  413  444  500  513  524  522  574  546  584  638  694  666  721
[106]  775  796  802  830  887  935  965 1039 1084 1141 1143 1277 1223 1317 1440
[121] 1542

[[118]]
  [1]  10  10  20  17  16  13  15  10   9  13   8   7   5   9   6  13   8   6
 [19]   5   5   7   6   9  13   9  15  13  13  16  15  16  12  16  14  16  13
 [37]  25  29  28  24  32  47  42  57  61  63  60  54  56  55  52  56  69  58
 [55]  85  77  83  77  79  93  84 103  88  86  96  86  86  97 106 118 138 142
 [73] 138 150 141 152 154 186 192 184 210 232 255 244 260 226 245 247 255 283
 [91] 288 289 309 331 330 350 303 308 364 379 369 368 375 387 401 442 473 526
[109] 527 530 576 634 739 722 676 684 776 802 868 812 868

[[119]]
  [1]   10   11   12   17   19   21   19   23   21   12   10   17   17   31   48
 [16]   48   39   40   31   43   35   34   37   43   50   49   39   34   29   60
 [31]   44   42   52   62   60   63   63   59   51   51   52   60   61   66   77
 [46]   74   81   95   89   86  112  118   97   85   84  115  121  127  129  138
 [61]  155  159  156  152  170  191  207  198  218  208  202  214  260  288  295
 [76]  337  329  343  334  355  359  363  373  412  431  473  478  496  540  576
 [91]  596  566  579  576  578  649  649  694  688  685  781  797  810  894  952
[106]  984  985 1064 1118 1087 1160 1208 1248 1287 1394 1483 1511 1559 1629 1713
[121] 1691

[[120]]
  [1] 10 14 13 13 14  9 12 11 12  9  9  6 17 12 14  8  8  6  6  5  5  3 11  6  4
 [26]  8  4  3  3  3  2  1  1  4  3  2  1  0  0  0  0  0  0  0  0  0  0  0  0  0
 [51]  0  0  0  0  0  0  0  0  0  0  0  0  0  0  0  0  0  0  0  0  0  0  0  0  0
 [76]  0  0  0  0  0  0  0  0  0  0  0  0  0  0  0  0  0  0  0  0  0  0  0  0  0
[101]  0  0  0  0  0  0  0  0  0  0  0  0  0  0  0  0  0  0  0  0  0

[[121]]
  [1]   10   14   11    9   26   34   31   27   27   21   27   39   43   44   47
 [16]   38   64   59   56   43   47   55   52   45   42   68   62   62   61   50
 [31]   59   83   76   74  101  107   95   90   86   82   89  109  110   99  113
 [46]  114  122  144  167  154  126  136  156  150  157  179  160  173  179  193
 [61]  204  192  190  193  223  234  256  271  274  285  286  304  291  338  338
 [76]  320  330  389  457  445  462  466  494  500  511  528  573  587  622  727
 [91]  722  726  698  733  719  777  792  876  887  905 1005  993 1039 1060 1095
[106] 1136 1154 1196 1253 1377 1337 1449 1470 1530 1527 1622 1684 1829 1879 1954
[121] 1991

[[122]]
  [1]   10   14   21   21   23   17   13   23   20   15   17   24   22   19   19
 [16]   18   23   35   31   34   45   48   55   58   60   70   73   64   76   75
 [31]   80   92  113  129  117  141  128  133  136  159  160  149  159  163  183
 [46]  166  162  170  208  241  239  211  222  230  252  274  251  246  255  287
 [61]  305  328  313  342  344  348  349  394  411  437  434  448  447  457  496
 [76]  533  528  528  531  564  593  583  669  746  702  726  769  831  823  870
 [91]  933 1041 1004 1049 1118 1130 1235 1206 1200 1266 1229 1303 1416 1522 1591
[106] 1673 1711 1712 1825 1900 1975 2018 2126 2256 2336 2308 2461 2590 2616 2790
[121] 2841

[[123]]
  [1] 10 13  9 14 10  7 15 15 13 10 18 13 15 12 12 14 15 16 19 18 14 14 14 14 15
 [26] 27 21 17 13  9  8 13 16 13 12 15  8  7 11 10 10 10  8  7  8  6  8 10  5  4
 [51]  4  4  3  3  3  2  7  6  9  7  6  5  3  3  2  2  2  2  2  2  2  1  1  0  0
 [76]  0  0  0  0  0  0  0  0  0  0  0  0  0  0  0  0  0  0  0  0  0  0  0  0  0
[101]  0  0  0  0  0  0  0  0  0  0  0  0  0  0  0  0  0  0  0  0  0

[[124]]
  [1]   10    7    7    6    6   12    9    9   15    9   10   13   23   24   17
 [16]   17   17   23   23   22   25   30   21   24   25   32   45   36   33   43
 [31]   46   42   37   48   51   62   57   61   50   61   65   76   86   69   65
 [46]   79  105  113  100  116  114  118  120  121  161  160  166  156  171  213
 [61]  261  243  211  204  247  241  314  324  339  327  351  368  414  430  435
 [76]  433  446  463  512  484  532  581  607  583  608  631  649  698  739  805
 [91]  792  772  846  896  863  926  937 1036 1060 1136 1240 1258 1243 1249 1291
[106] 1400 1443 1519 1518 1476 1575 1709 1830 1859 1997 1877 2009 2132 2208 2294
[121] 2364

[[125]]
  [1]   10   12    7    6   12   11   11   14   22   19   17   14   22   13   17
 [16]   18   35   40   38   27   28   19   35   20   37   34   23   26   26   27
 [31]   25   38   57   54   38   52   66   62   59   62   91  103  102  111  109
 [46]  121  143  113  100  120  124  104  121  148  143  128  134  119  139  143
 [61]  145  157  170  167  180  191  216  219  204  199  168  202  213  233  236
 [76]  257  276  301  283  287  262  284  296  327  349  354  368  375  396  419
 [91]  426  432  437  476  515  485  523  537  556  575  557  635  630  660  665
[106]  714  729  768  807  839  851  889  960  978 1031 1067 1076 1118 1199 1202
[121] 1257

[[126]]
  [1]   10   15    9    8   11   15   15   12   13   12   18   19   14   10   15
 [16]   16   17   10    6    6   11    9   21   24   16   12   10   11   17   18
 [31]   17   10   21   21   16   20   18   33   25   29   39   46   31   32   30
 [46]   40   48   48   61   56   49   64   76   65   79   90   92   79  103   97
 [61]  106  117  115  129  137  153  161  172  169  203  199  184  191  200  185
 [76]  242  238  212  228  243  246  286  296  301  284  337  357  385  429  432
 [91]  445  411  436  506  501  502  526  547  542  629  648  705  706  744  754
[106]  766  746  754  784  908  976  915  967 1069 1131 1074 1103 1138 1183 1190
[121] 1264

[[127]]
  [1]  10  17  10  12  10  14  16  14  10   8   7  14   9  13  17  11   9   8
 [19]  11   8   6  12  22  31  19  16  19  24  22  17  15  23  25  31  29  25
 [37]  29  24  47  31  29  21  24  30  41  35  35  26  29  26  48  38  53  38
 [55]  29  30  28  34  61  63  64  64  62  76  66  66  73  82  81  85  83  78
 [73]  92 110 107 102 100  85 125 121 142 146 142 133 130 133 176 166 160 175
 [91] 171 230 229 236 225 211 235 288 250 259 261 241 247 285 281 313 289 286
[109] 296 342 335 356 350 369 425 439 446 464 525 527 566

[[128]]
  [1]   10   16   21   16   15   14   18   28   47   47   35   30   26   30   31
 [16]   27   20   34   55   44   41   46   38   69   60   72   63   75   94   66
 [31]   75   85   98   98   91  100   82  105  111  122  133  139  119  133  135
 [46]  146  134  132  182  201  189  204  202  205  202  215  220  242  261  256
 [61]  259  282  279  250  257  303  342  372  362  417  419  426  439  494  529
 [76]  546  528  563  577  570  623  679  691  771  777  786  850  955  982 1036
 [91] 1054 1079 1108 1201 1277 1386 1400 1371 1482 1513 1649 1669 1727 1792 1805
[106] 1927 1890 2025 2094 2024 2133 2211 2334 2346 2428 2632 2723 2831 2840 2925
[121] 3031

[[129]]
  [1]  10  14   9   8  13  20  14  12  16  11   8   7  13  14  13  10   7  12
 [19]  23  17  15  18  17  13  16  10  22  14  17  19  22  18  23  28  31  22
 [37]  17  18  21  24  23  24  30  19  22  15  18  25  29  27  21  26  20  28
 [55]  39  27  33  32  37  31  28  36  36  36  45  42  34  31  46  31  40  36
 [73]  44  51  51  58  60  55  60  56  77  83  83  92  88 110 105  99 107 112
 [91] 131 119 132 142 124 135 127 154 145 146 174 170 205 220 199 186 192 219
[109] 240 235 228 218 250 246 266 294 305 349 343 358 374

[[130]]
  [1] 10  9  8 12 11  9  8 10  8  9  7  9 11  7  8  5 11  8  8  6  4  4  4  4  4
 [26]  7  4  4  3  3  3  3 12  8  8  9 12  5  7  7 10  7  4  6  3  3  2  2  6  9
 [51] 15 13 10  9  7 14 20 13 10 16 14 10 10  8 11  7  5 10 10 10  6  7  5  4  4
 [76]  4  4  9 11  5  2  1  1  0  0  0  0  0  0  0  0  0  0  0  0  0  0  0  0  0
[101]  0  0  0  0  0  0  0  0  0  0  0  0  0  0  0  0  0  0  0  0  0

[[131]]
  [1]   10   19   14   19   16   21   32   32   25   21   33   50   45   41   51
 [16]   59   68   54   48   67   79   75   63   59   63   68   70   72   64   72
 [31]   74   70   51   46   65   87  102   84   75   73   84   77   92   93   88
 [46]   95   86   95  104  106  136  174  145  172  177  217  209  193  229  231
 [61]  243  254  278  286  259  285  288  313  309  315  345  337  373  437  419
 [76]  389  446  482  459  473  536  562  557  599  629  637  643  716  771  789
 [91]  782  881  915  927  948 1015 1056 1117 1144 1254 1287 1296 1377 1418 1489
[106] 1542 1643 1718 1721 1842 1774 1845 1916 2040 2122 2167 2143 2323 2434 2486
[121] 2636

[[132]]
  [1]   10   13   18   28   29   34   29   32   25   23   22   23   17   34   39
 [16]   43   34   31   44   49   49   46   78   60   62   65   59   49   60   71
 [31]   52   50   59   63   62   80   68   62   54   45   43   71   60   64   56
 [46]   60   75   98  108   93  109   99  105  106  107  102   96   99  116  116
 [61]  158  155  161  147  165  196  195  204  201  225  262  243  277  300  322
 [76]  320  325  344  365  390  353  379  435  462  450  486  515  532  559  551
 [91]  582  611  575  574  592  627  630  656  666  716  759  763  800  817  881
[106]  922  968  974 1032 1055 1122 1174 1198 1292 1336 1392 1366 1412 1451 1564
[121] 1662

[[133]]
  [1]   10   18   16   23   17   23   23   22   11   13   12   21   20   19   18
 [16]   15   20   12   20   19   13   14   11    8   10   11   17   21   26   24
 [31]   19   27   23   28   25   28   25   37   35   41   60   63   72   70   67
 [46]   89   89  107  105  101  109  118  137  130  151  175  165  191  175  190
 [61]  197  168  180  219  216  227  226  212  199  213  220  254  260  244  279
 [76]  311  355  353  358  342  364  401  400  424  471  516  482  492  518  542
 [91]  562  540  571  519  585  604  634  650  692  686  767  796  778  796  853
[106]  916  928  952 1002 1018 1097 1114 1137 1173 1254 1275 1338 1359 1459 1490
[121] 1503

[[134]]
  [1]   10   20   18   12   12   12    8   14   13    5   14   10   14   12   13
 [16]   20   16   14   11   14   14    9    8    8    8   19   13   13   12   24
 [31]   12   22   18   24   26   20   29   31   34   31   42   57   53   55   51
 [46]   48   50   66   67   72   64   62   61   64   82   76   86   90   98  116
 [61]  101   85   90  119  127  133  125  129  146  150  150  191  191  216  228
 [76]  243  240  266  270  275  304  292  319  318  335  378  382  416  445  480
 [91]  529  524  546  528  553  560  537  624  661  650  660  664  650  704  722
[106]  810  835  889  909  886  933 1017 1126 1110 1197 1186 1260 1251 1279 1404
[121] 1444

[[135]]
  [1]   10   19   11    8    6   16   10   10    8   19   14   13   24   33   26
 [16]   27   22   36   39   40   38   31   49   35   48   36   58   70   69   54
 [31]   51   59   66   63   69   67   81   81   77   68   83   88   88   60   71
 [46]   72   99  100  100  106  105   88  140  141  134  140  147  163  174  173
 [61]  159  183  181  186  191  187  232  231  215  217  232  217  266  274  266
 [76]  309  340  338  376  404  379  370  410  432  449  437  466  555  565  550
 [91]  531  561  631  644  673  698  715  741  773  814  863  855  858  857  898
[106]  954 1001 1000 1033 1055 1110 1108 1149 1190 1220 1236 1291 1392 1415 1460
[121] 1584

[[136]]
  [1] 10  8 17 18 11 10 20 11 15  9  9 16 21 16 17 15 21 15 13 12 13  9 14 19 15
 [26] 18 20 18 13  9  7  9  6  5  5  5  5  5  5 11 11  7  7  5  5  4  8  6  5  4
 [51]  4  3  3  2  2  2  6  2  6  4  4  4  4  4  2  0  0  0  0  0  0  0  0  0  0
 [76]  0  0  0  0  0  0  0  0  0  0  0  0  0  0  0  0  0  0  0  0  0  0  0  0  0
[101]  0  0  0  0  0  0  0  0  0  0  0  0  0  0  0  0  0  0  0  0  0

[[137]]
  [1]  10  12  14  11  12  20  27  19  23  16  17  17  17  21  18  22  28  23
 [19]  22  22  35  36  27  23  25  25  33  20  27  21  34  27  22  26  27  29
 [37]  40  36  43  33  26  40  61  86  55  46  49  53  58  54  48  49  52  79
 [55]  63  72  66  79  83  87  75  66 100 103  95  81 109 149 158 159 148 135
 [73] 160 148 182 188 202 199 198 219 234 223 239 236 264 294 317 340 346 357
 [91] 380 385 402 414 455 451 482 480 499 482 513 534 540 537 520 546 595 596
[109] 591 646 661 620 713 757 733 758 766 795 791 810 867

[[138]]
  [1]   10    6    5    4    2    8    3    1    1    7    4    4    4    3   12
 [16]   10    9   17   11   13   18   19   16   14   13   16   11    9   23   20
 [31]   18   17   21   27   31   28   34   40   46   36   34   35   31   35   43
 [46]   52   50   56   49   34   38   45   64   58   60   64   63   67   79   76
 [61]  103  122   97  101  104  127  128  156  156  135  162  177  173  201  199
 [76]  210  242  240  271  253  278  281  304  334  337  351  353  385  402  396
 [91]  419  466  513  497  516  555  575  575  572  618  641  621  705  745  770
[106]  814  761  829  847  932  877  918  930 1006 1032  999 1023 1096 1099 1125
[121] 1215

[[139]]
  [1] 10  9 14 12  7 12  8  6 10  5  4  0  0  0  0  0  0  0  0  0  0  0  0  0  0
 [26]  0  0  0  0  0  0  0  0  0  0  0  0  0  0  0  0  0  0  0  0  0  0  0  0  0
 [51]  0  0  0  0  0  0  0  0  0  0  0  0  0  0  0  0  0  0  0  0  0  0  0  0  0
 [76]  0  0  0  0  0  0  0  0  0  0  0  0  0  0  0  0  0  0  0  0  0  0  0  0  0
[101]  0  0  0  0  0  0  0  0  0  0  0  0  0  0  0  0  0  0  0  0  0

[[140]]
  [1]   10   10    9    8    6   10   10   17   11   18   11   13   21   15   15
 [16]   12   17   11   17   21   18   22   15   16   25   29   20   21   39   51
 [31]   47   44   51   44   45   41   68   82   61   59   66   66   55   66   63
 [46]   66   69   91  101   94  102  112  107  120  105  140  145  147  145  144
 [61]  140  153  201  199  212  186  174  184  190  218  238  263  250  293  284
 [76]  257  256  260  285  301  298  320  348  380  406  388  402  393  437  439
 [91]  425  441  458  462  443  472  490  525  596  614  586  634  604  731  747
[106]  821  849  851  974  965  924  940 1018 1046 1104 1055 1136 1190 1278 1375
[121] 1433

[[141]]
  [1]   10   17   13   16   23   21   19   19   22   20   20   13   11   18   30
 [16]   26   30   31   30   25   40   48   42   51   39   42   45   48   46   57
 [31]   52   53   64   67   83   79   87  100  123  116  121  138  177  161  146
 [46]  177  161  168  160  136  146  156  163  173  176  184  203  189  189  231
 [61]  260  241  295  325  336  365  367  459  499  467  478  524  553  584  614
 [76]  598  604  625  725  733  689  744  893  900  902  915  878  896  949 1030
 [91] 1038 1072 1059 1214 1244 1319 1316 1323 1294 1343 1412 1553 1576 1661 1661
[106] 1728 1788 1890 2022 2087 2186 2125 2216 2394 2439 2475 2602 2684 2826 2968
[121] 2996

[[142]]
  [1] 10 17 16 14 12 11 13 16 11  9  8 10  7 12  9  5  4  4  9  4  4  2  2  2  2
 [26]  5  9  8  5  3  2  2  1  1  0  0  0  0  0  0  0  0  0  0  0  0  0  0  0  0
 [51]  0  0  0  0  0  0  0  0  0  0  0  0  0  0  0  0  0  0  0  0  0  0  0  0  0
 [76]  0  0  0  0  0  0  0  0  0  0  0  0  0  0  0  0  0  0  0  0  0  0  0  0  0
[101]  0  0  0  0  0  0  0  0  0  0  0  0  0  0  0  0  0  0  0  0  0

[[143]]
  [1] 10 13 12  9  8  8  9  6  4  3  3  3  3  3  2  7  4  3  3  3  2  1  2  1  1
 [26]  1  1  1  1  1  1  1  1  1  1  1  1  0  0  0  0  0  0  0  0  0  0  0  0  0
 [51]  0  0  0  0  0  0  0  0  0  0  0  0  0  0  0  0  0  0  0  0  0  0  0  0  0
 [76]  0  0  0  0  0  0  0  0  0  0  0  0  0  0  0  0  0  0  0  0  0  0  0  0  0
[101]  0  0  0  0  0  0  0  0  0  0  0  0  0  0  0  0  0  0  0  0  0

[[144]]
  [1]   10   15   16   20   15   17   22   23   13   19   33   34   26   36   33
 [16]   27   34   34   27   30   24   28   40   25   29   30   27   30   23   33
 [31]   35   43   44   41   40   40   42   37   45   64   50   60   48   55   56
 [46]   67   70   96   94   92  104   99  130  125  120  126  160  133  173  164
 [61]  183  184  165  176  199  177  165  172  189  205  234  231  254  249  236
 [76]  263  303  287  299  324  367  407  334  359  354  344  365  436  457  460
 [91]  500  478  528  579  549  594  577  583  621  667  707  741  744  742  794
[106]  838  909  983 1030 1073 1088 1150 1145 1156 1222 1221 1215 1203 1228 1256
[121] 1341

[[145]]
  [1] 10  6  6  8  6  5  5 10  8  9  6  4  4  3  6  3  3  3  9  2  2  2  2  2  2
 [26]  2  2  2  1  0  0  0  0  0  0  0  0  0  0  0  0  0  0  0  0  0  0  0  0  0
 [51]  0  0  0  0  0  0  0  0  0  0  0  0  0  0  0  0  0  0  0  0  0  0  0  0  0
 [76]  0  0  0  0  0  0  0  0  0  0  0  0  0  0  0  0  0  0  0  0  0  0  0  0  0
[101]  0  0  0  0  0  0  0  0  0  0  0  0  0  0  0  0  0  0  0  0  0

[[146]]
  [1]  10  13  15   9   6  10  12  23  14  12  15  17  14  16  12  15  12  13
 [19]   9   8  11  13  12  17  10   9  12  11  15  17  13  11  10  17  25  14
 [37]  12  19  22  18  12  16  23  17  20  20  16  29  29  34  28  35  33  34
 [55]  27  21  22  22  19  35  40  30  30  24  28  31  31  27  31  32  38  37
 [73]  31  35  22  19  25  30  28  32  28  30  31  56  35  33  41  53  50  50
 [91]  43  55  47  47  41  51  55  81  84  86  79  85  84  95 102 121 123 120
[109] 122 110 103 146 135 151 155 160 171 180 166 174 200

[[147]]
  [1]  10  16  12  10  15  13  26  21  18  27  20  17  17  21  23  23  24  22
 [19]  16  22  16  19  18  13  13  11  11  15  12  16  12  16  12  12  17  11
 [37]  11  16  18  21  14  19  20  24  16  29  25  21  30  23  20  27  31  28
 [55]  30  38  37  37  34  42  45  53  51  51  48  40  47  51  43  32  37  55
 [73]  60  58  53  75  63  66  77  94  94  91 115 118 125 108 109 126 135 137
 [91] 134 140 129 125 138 149 192 197 176 181 169 151 194 215 210 225 229 252
[109] 266 259 268 284 294 282 272 309 355 367 356 344 394

[[148]]
  [1]   10   16   14   12   15   11   15   12   18   22   19   21   20   17   27
 [16]   26   27   30   37   48   46   46   44   42   35   50   63   54   54   63
 [31]   57   56   65   74   62   49   50   73   64   56   66   63   60   57   72
 [46]   75   78   59   88   89  101   99   92  100   98  108  106  112  140  158
 [61]  168  163  158  174  166  161  159  163  175  183  188  169  185  185  190
 [76]  192  187  193  216  237  266  288  290  275  274  334  330  294  313  356
 [91]  390  400  401  430  464  461  452  483  525  539  563  582  548  624  652
[106]  624  673  693  716  761  808  885  947  943 1043 1006 1101 1102 1151 1170
[121] 1248

[[149]]
  [1]  10  14  13   6   6   3   3   8   4   8   6   6   5   4   4   4   9  14
 [19]  12   7   6   5  13  16  10   9   8  14  25  15  22  23  22  40  44  29
 [37]  25  30  38  30  32  35  31  27  39  36  44  38  57  53  51  58  51  60
 [55]  59  69  52  58  64  63  68  61  54  54  55  57  76  74  60  49  62  75
 [73]  86  76  85  82  98 112 137 129 138 127 160 171 188 188 184 192 191 222
 [91] 218 236 233 253 294 259 270 300 319 349 374 373 399 390 392 418 422 450
[109] 495 499 566 568 594 625 702 665 717 724 813 860 871

[[150]]
  [1] 10  4  3  2  2  2  2  2  1  1  1  1  1  8  5  5  4 10  6  5  4  3  3  4  4
 [26]  3  2  2  2  3  9  3  2  2  2  2  2  2  6 11  7  6 13 11  8  7  6  5  5  4
 [51]  2  2  0  0  0  0  0  0  0  0  0  0  0  0  0  0  0  0  0  0  0  0  0  0  0
 [76]  0  0  0  0  0  0  0  0  0  0  0  0  0  0  0  0  0  0  0  0  0  0  0  0  0
[101]  0  0  0  0  0  0  0  0  0  0  0  0  0  0  0  0  0  0  0  0  0

> save(reslist, file=paste("output",iter,".rda",sep=""))
> 
> 
> ###############################################################
> 
> 
> # Clear the workspace and turn off graphics.
> #  Load all the functions you need by sourcing the provided demographic.R file
> #  Read in the job number from the cluster. To do this, your code should include a new
> # variable iter and should start with the line:
> # iter <- as.numeric(Sys.getenv(PBS_ARRAY_INDEX))
> #  Control the random number seeds so that each parallel simulation takes place with a
> # different seed. Your function should therefore set the random number seed as iter so that
> # each parallel simulation has a unique random seed.
> #  In each parallel run, select the initial condition to be used. Ensure that 25 of the parallel
> # simulations are allocated to each of the initial conditions.
> #  Create a variable which is the filename to store your results. The end of the filename
> # should be the number iter to ensure that simulation files do not overwrite one another on
> # the cluster.
> #  Initialise a list which will contain the results of your 150 simulations.
> #  Call the stochastic_simulation function to do the appropriate simulation 150 times,
> # appending the output to the results list, and then save the results list.
> 
> #four initial conditions (25 cluster runs per)
> #each cluster run runs simulation 150 times
> #1) large population of 100 adults
> #2) small population of 10 adults
> #3) 100 individuals spread
> #4) small population of 10 individuals
> 
R has finished running

============================================

        Job resource usage summary 

                 Memory (GB)    NCPUs
 Requested  :         1             1
 Used       :         0 (peak)   0.79 (ave)

============================================
