R is about to run

R version 4.4.1 (2024-06-14) -- "Race for Your Life"
Copyright (C) 2024 The R Foundation for Statistical Computing
Platform: x86_64-conda-linux-gnu

R is free software and comes with ABSOLUTELY NO WARRANTY.
You are welcome to redistribute it under certain conditions.
Type 'license()' or 'licence()' for distribution details.

R is a collaborative project with many contributors.
Type 'contributors()' for more information and
'citation()' on how to cite R or R packages in publications.

Type 'demo()' for some demos, 'help()' for on-line help, or
'help.start()' for an HTML browser interface to help.
Type 'q()' to quit R.

> 
> 
> growth_matrix <- matrix(c(0.1, 0.0, 0.0, 0.0,
+ 0.5, 0.4, 0.0, 0.0,
+ 0.0, 0.4, 0.7, 0.0,
+ 0.0, 0.0, 0.25, 0.4),
+ nrow=4, ncol=4, byrow=T)
> 
> reproduction_matrix <- matrix(c(0.0, 0.0, 0.0, 2.6,
+ 0.0, 0.0, 0.0, 0.0,
+ 0.0, 0.0, 0.0, 0.0,
+ 0.0, 0.0, 0.0, 0.0),
+ nrow=4, ncol=4, byrow=T)
> 
> clutch_distribution <- c(0.06,0.08,0.13,0.15,0.16,0.18,0.15,0.06,0.03)
> 
> #=========================================================================================
> rm(list=ls())
> graphics.off()
> source("Demographic.R")
> source("kl2621_HPC_2024_main.R")
[1] 0 0 0 0 3
[1] 3 3 2 2 2
[1] 2 2
 [1] 7 5 3 3 2 1 1 1 1 1 1 1 1 1 1 1 1 1 1 1 1
> 
> 
> ###4 initial conditions
> 
> ############################################################
> 
> 
> 
> #VVVVVVVVVVVV-------------COMMENT ME OUT WHEN RUNNING THE THING
> #iter <- 5
> #VVVVVVVVVVV--------------UNCOMMENT ME OUT
> iter <- as.numeric(Sys.getenv("PBS_ARRAY_INDEX"))
> set.seed(iter)
> 
> 
> if (iter <= 25) {
+ initial_state <- state_initialise_adult(4,100) #100 adults
+ } else if (iter >25 && iter <= 50) {
+ initial_state <- state_initialise_adult(4,10) #10 adults
+ } else if (iter >50 && iter <= 75) {
+ initial_state <- state_initialise_spread(4,100) #100 spread
+ } else {
+ initial_state <- state_initialise_spread(4,10) #10 spread
+ }
> 
> reslist <- list()
> 
> ####100 cluster runs
> ###################################################
> ####150 runs of stochastic_simulation per cluster run
> for (i in 1:150) {
+     #################################
+     ###120 steps of stochastic_simulation per simulation
+     stochasticresult <- stochastic_simulation(initial_state,growth_matrix,reproduction_matrix,clutch_distribution,120)
+     reslist[[i]] <- stochasticresult
+     #################################
+ }
> ###################################################
> 
> print(reslist)
[[1]]
  [1]   10   10    6   15   17   23   26   26   25   19   17   19   24   23   21
 [16]   18   34   46   43   40   29   22   27   35   59   57   58   53   74   81
 [31]   85   92  104   93  130  137  144  161  153  145  155  159  141  173  192
 [46]  186  201  222  263  281  251  251  297  315  304  304  345  380  407  392
 [61]  389  415  429  453  501  481  519  580  597  580  564  619  616  600  694
 [76]  749  748  770  779  831  897  965 1022 1043 1026 1058 1159 1237 1228 1216
 [91] 1327 1349 1390 1380 1452 1583 1598 1574 1614 1741 1870 1954 2019 2042 2173
[106] 2185 2253 2334 2446 2623 2692 2766 2832 2930 3145 3459 3399 3638 3847 4011
[121] 4243

[[2]]
  [1]  10  10  15  11  14  14   9   9   8  14  15  24  24  14   7   7   6   9
 [19]  15  11   9   8  10   6   6   6   7   6  10   7   7  12   7   6   5   8
 [37]  12   8  14  19  12  10  15  15  12  11  10  13  10   7   6  13  21  15
 [55]  15  12  14   8   8  14  14  21  17  24  26  25  29  27  30  28  38  31
 [73]  27  32  33  39  34  38  46  52  84  67  68  73  70  62  70  83 114  91
 [91]  82  81  80 101 127 137 156 148 187 196 197 222 239 244 251 277 262 274
[109] 267 306 293 322 332 317 361 358 371 351 344 358 372

[[3]]
  [1]   10    8   15   15   16   10    8   10    7   25   25   21   20   18   20
 [16]   14   23   17   23   23   39   39   28   38   36   30   36   41   33   31
 [31]   29   41   44   51   44   33   43   48   43   50   45   51   51   73   68
 [46]   82   75   78   74   84   91  101   95  114  116  127  138  120  145  152
 [61]  170  165  174  147  159  175  224  220  222  228  239  288  291  290  277
 [76]  311  317  346  322  349  355  365  425  390  406  423  443  459  467  441
 [91]  458  455  483  546  601  589  588  608  617  657  691  754  750  724  794
[106]  861  869  872  954 1016 1052 1142 1175 1213 1299 1262 1402 1391 1507 1590
[121] 1641

[[4]]
  [1]   10   18   12   13   20   24   15   18   30   30   24   26   34   41   37
 [16]   41   32   40   39   36   41   33   41   45   53   50   38   37   47   65
 [31]   56   59   63   64   68   56   59   45   53   69   75   85   94   89   81
 [46]   98   85   67   63   73   99  115  122  114  125  156  187  175  177  196
 [61]  207  229  220  226  212  234  198  233  247  272  279  318  256  299  315
 [76]  336  423  382  389  419  424  427  426  430  428  482  515  493  505  580
 [91]  595  646  658  702  700  708  790  828  865  851  837  901  933 1009 1033
[106] 1062 1128 1167 1232 1223 1255 1356 1349 1426 1484 1466 1539 1617 1650 1800
[121] 1975

[[5]]
  [1]   10   19   20   16   15   22   17   17   18   15   18   21   22   21   20
 [16]   18   17   14   18   23   22   16   13   11   22   22   28   21   20   24
 [31]   32   28   27   27   26   50   49   51   39   42   41   39   60   68   75
 [46]   72   69   83   80   90   94   87   97   96  101  124  127  135  110  146
 [61]  158  167  158  161  183  193  229  238  215  218  227  273  260  241  239
 [76]  269  326  333  308  362  379  380  354  383  413  450  484  513  550  547
 [91]  544  612  650  626  667  703  728  755  868  858  863  915 1013 1069 1052
[106] 1061 1133 1131 1194 1277 1315 1264 1362 1418 1496 1590 1761 1736 1837 1843
[121] 1901

[[6]]
  [1]  10  16  15  11   9  14  12  14  22  17  13  18  15  11   9  15  13  11
 [19]  12  14  14  12  10  12  28  17  25  20  20  24  22  13  19  21  13  21
 [37]  14  15  10  10  14  17  23  20  26  28  23  24  36  29  29  32  28  35
 [55]  31  28  28  39  37  48  33  44  46  34  30  41  41  49  45  36  31  33
 [73]  39  25  24  27  30  37  38  50  42  49  52  60  68  71  74  67  94  87
 [91]  81  81  84  91  97  91  78  72  92  81 112 106  89 101  82  99 115 110
[109] 100 104 124 130 136 157 135 161 151 165 165 191 186

[[7]]
  [1]   10    6   14   11   11   11    8   12   14   15   15   16   16   14   13
 [16]   23   18   19   24   41   53   36   31   31   41   41   38   34   36   48
 [31]   51   51   45   44   55   63   76   72   83   90   99   86  111  124  105
 [46]   97  106  101  116  129  133  159  176  184  182  169  159  209  182  183
 [61]  200  178  202  175  207  235  181  209  210  235  212  232  257  238  224
 [76]  254  269  260  246  257  294  305  283  293  305  351  378  438  485  494
 [91]  545  501  479  464  524  549  530  539  553  586  582  670  657  662  711
[106]  754  790  794  779  815  888  908  934  932 1021 1044 1118 1195 1209 1224
[121] 1299

[[8]]
  [1]   10   22   16   23   25   31   34   23   17   14   19   26   20   17   26
 [16]   44   30   47   59   61   53   48   46   56   65   75   72   79   69   73
 [31]   77   92  102   94  102   84   94  103   91   89   75  115  116  120  111
 [46]  111  122  137  147  148  147  145  144  133  162  158  196  184  191  203
 [61]  257  232  234  241  260  250  285  316  349  325  338  373  338  377  360
 [76]  368  417  404  460  490  488  508  492  511  545  573  590  551  566  610
 [91]  644  650  690  680  697  726  747  744  761  798  834  808  854  897  939
[106] 1006 1070 1132 1171 1169 1181 1277 1385 1452 1452 1460 1555 1608 1669 1819
[121] 1941

[[9]]
  [1] 10 13  9  6 12  8 15  9  8  7  7  7 13 10  8  7  7  7 11  6 12  8  5  5  3
 [26]  2  2  2  1  1  1  1  1  1  1  1  1  1  1  1  0  0  0  0  0  0  0  0  0  0
 [51]  0  0  0  0  0  0  0  0  0  0  0  0  0  0  0  0  0  0  0  0  0  0  0  0  0
 [76]  0  0  0  0  0  0  0  0  0  0  0  0  0  0  0  0  0  0  0  0  0  0  0  0  0
[101]  0  0  0  0  0  0  0  0  0  0  0  0  0  0  0  0  0  0  0  0  0

[[10]]
  [1]  10   5  10  10   7   6   5   9  11  10  10   7   8   6   6  11   7   6
 [19]   6  11   9  11  16  21  21  17  17  13  13  18  14  14  19  22  16  12
 [37]  18  26  27  19  25  18  24  28  33  19  16  21  18  24  30  23  23  23
 [55]  16  14  11  12   9   8  19  14  17  15  13  19  19  24  26  22  29  23
 [73]  22  28  31  32  34  23  24  36  31  34  36  47  31  49  54  60  49  41
 [91]  41  46  50  57  61  69  83  74  82  78  76  95  71  97  94 102 125 120
[109] 112 138 118 113 104 109 114 138 149 152 131 153 136

[[11]]
  [1] 10  9  5  4  4  2  4  2  1  1  1  1  1  1  1  1  1  2  1  1  1  1  0  0  0
 [26]  0  0  0  0  0  0  0  0  0  0  0  0  0  0  0  0  0  0  0  0  0  0  0  0  0
 [51]  0  0  0  0  0  0  0  0  0  0  0  0  0  0  0  0  0  0  0  0  0  0  0  0  0
 [76]  0  0  0  0  0  0  0  0  0  0  0  0  0  0  0  0  0  0  0  0  0  0  0  0  0
[101]  0  0  0  0  0  0  0  0  0  0  0  0  0  0  0  0  0  0  0  0  0

[[12]]
  [1]  10  13  12   9   9  11  27  18  18  23  24  27  18  14  14  12  11  14
 [19]  26  20  13  10  10  18  13  11  11  13  10   9  13  22  14  13  10  10
 [37]  20  15  20  16  26  27  23  25  19  20  32  39  48  47  35  38  37  30
 [55]  25  47  30  30  25  26  24  30  54  65  55  63  79  74  58  51  56  54
 [73]  60  61  47  46  69  46  58  48  55  78  77  77  79  86  81  72  75  90
 [91]  87 100  91  94 102  98  93 103  98 100 116 127 111 111 136 126 131 146
[109] 169 177 180 164 207 244 237 216 225 232 281 293 263

[[13]]
  [1]  10  17  10   9   6   5   4   4  11  23  18  17  16  20  22  28  35  25
 [19]  25  29  22  21  22  21  25  23  27  33  32  40  46  56  46  40  55  59
 [37]  61  57  65  75  85  84  86  89  95  91  94  89 100  82 103 111 115 103
 [55] 105 103  88 101  87 110 130 125 117 125 123 146 152 137 138 163 167 143
 [73] 132 149 202 199 155 148 172 151 159 194 192 188 207 225 195 205 219 233
 [91] 279 264 283 276 300 287 284 302 356 361 397 370 344 386 425 454 479 484
[109] 521 517 558 542 601 674 727 673 715 674 731 793 833

[[14]]
  [1]   10    9   17   26   31   35   30   37   31   35   45   50   51   45   39
 [16]   43   57   77   55   66   54   70   71   63   95  107  100   94   98  115
 [31]  121  144  128  120  135  147  157  164  204  234  235  231  257  259  237
 [46]  295  306  315  279  331  373  367  350  383  358  385  432  402  409  458
 [61]  493  540  554  573  553  575  617  596  609  636  708  647  710  731  759
 [76]  826  764  826  842  868  933  951  975 1052 1066  994 1067 1151 1154 1219
 [91] 1270 1330 1431 1439 1490 1513 1528 1642 1621 1665 1657 1837 1998 2150 2128
[106] 2168 2208 2288 2379 2515 2599 2787 3020 3154 3108 3131 3274 3545 3652 3830
[121] 3974

[[15]]
  [1]  10   9   6   5   5   5   4   5  11   6   3   3   3   3   3   8   4   9
 [19]  13  13  12  14  16  21  14  21  19  14  20  17  28  30  25  19  13  24
 [37]  33  24  16  22  31  23  19  15  23  26  29  27  24  20  18  27  27  18
 [55]  18  11  10  21  24  24  21  18  30  35  33  26  23  35  33  36  31  39
 [73]  25  32  37  38  26  27  33  52  48  57  48  45  60  52  55  49  55  55
 [91]  70  63  58  68  62  67  80  89  75  78  76  79  71  77  72  75 103 114
[109] 105  93 119 129 152 151 143 151 169 203 207 211 222

[[16]]
  [1]   10   19   16   20   27   30   32   22   18   22   23   24   34   28   23
 [16]   23   28   33   37   34   41   37   50   76   59   66   69   44   59   56
 [31]   64   66   50   56   67   68   66   79   88   88   78   91  115  126  126
 [46]   99  116  101  114  128  117  136  127  144  151  144  168  161  164  156
 [61]  160  158  157  224  210  204  216  231  263  258  266  301  333  374  374
 [76]  414  403  414  470  512  533  593  595  576  545  577  638  683  668  709
 [91]  715  774  828  854  838  832  938  918  960 1016 1064 1072 1125 1163 1229
[106] 1270 1433 1421 1431 1475 1617 1652 1728 1826 1828 1893 1944 2006 2194 2372
[121] 2468

[[17]]
  [1]  10  20  25  21  20  12  12  19  13  30  23  19  21  21  20  28  25  26
 [19]  29  23  17  20  27  31  26  25  20  16  25  21  23  28  29  24  20  20
 [37]  18  21  35  24  24  21  14  18  20  20  16  16  27  14  20  21  16  12
 [55]  10  14  22  28  25  29  44  49  41  50  59  69  93  85  93  95  93 109
 [73] 102 121 123 134 130 137 159 176 160 173 188 232 236 278 259 255 299 323
 [91] 341 350 365 318 326 317 370 333 374 410 397 399 427 435 462 465 472 499
[109] 521 562 645 623 674 651 749 742 743 735 780 806 881

[[18]]
  [1] 10  7 12 11  9  8  6  9  7 10 14 14 10 15 19 19 15 13 13 12 11 10 19 12 16
 [26] 19 12  7  8  4  3  3  3  3  1  0  0  0  0  0  0  0  0  0  0  0  0  0  0  0
 [51]  0  0  0  0  0  0  0  0  0  0  0  0  0  0  0  0  0  0  0  0  0  0  0  0  0
 [76]  0  0  0  0  0  0  0  0  0  0  0  0  0  0  0  0  0  0  0  0  0  0  0  0  0
[101]  0  0  0  0  0  0  0  0  0  0  0  0  0  0  0  0  0  0  0  0  0

[[19]]
  [1]  10   5   4   4  16  26  16  13  11   9  14  25  25  29  34  26  42  39
 [19]  70  60  50  56  55  62  49  68  46  53  42  50  48  42  49  51  48  52
 [37]  50  49  58  75  80  61  61  61  51  51  68  65  65  52  60  68  67  65
 [55]  62  64  66  58  63  62  44  41  44  51  55  61  53  47  54  50  42  71
 [73]  78  78  74  84  91 102 105 101 114 115 131 142 165 190 187 172 190 213
 [91] 197 210 259 256 281 258 279 275 329 316 292 308 337 369 393 433 437 427
[109] 382 393 427 419 444 447 468 475 473 516 508 503 581

[[20]]
  [1]   10   18   14   18   12   17   19   19   22   28   29   22   17   30   44
 [16]   52   42   36   46   45   56   56   61   76   69   66   93   87   86   90
 [31]   86   83  118  124  105   90  101  112  114  113  104  111  117  176  188
 [46]  209  202  208  239  236  235  221  238  285  309  359  319  311  333  355
 [61]  364  403  357  411  409  435  479  497  520  512  550  563  593  577  614
 [76]  647  675  652  698  728  835  885  877  904  931  951 1042 1112 1128 1165
 [91] 1199 1293 1343 1451 1429 1539 1560 1601 1656 1722 1900 1918 1967 2107 2182
[106] 2211 2304 2488 2440 2529 2550 2635 2631 2890 3109 3300 3307 3409 3458 3621
[121] 3771

[[21]]
  [1]  10   8   7   6   6   6  15  11  20  14  13  18  30  26  19  16  32  35
 [19]  19  29  37  40  35  38  28  34  43  55  67  53  45  41  54  45  43  32
 [37]  38  36  31  48  37  38  60  59  52  43  49  44  51  61  52  52  53  63
 [55]  56  70  86  99  93  78  79  80 102  99 109 156 149 155 135 157 133 132
 [73] 133 148 161 169 167 172 214 196 227 240 236 273 242 251 269 298 284 294
 [91] 294 332 341 354 350 341 389 381 397 414 409 378 415 426 479 477 457 493
[109] 526 580 566 595 572 617 636 678 661 746 787 793 888

[[22]]
  [1]   10   11   10    9   13   13   15   12   11    9   13   11   17   15   16
 [16]   19   26   27   37   40   29   33   36   56   54   60   50   55   58   69
 [31]   59   68   80   93   87   98   96  104  105  120  132  147  166  154  157
 [46]  180  181  182  180  191  182  159  155  179  182  197  198  213  191  184
 [61]  198  206  191  218  222  267  262  284  301  304  312  329  318  307  342
 [76]  379  372  383  385  391  452  515  506  548  530  585  605  652  656  676
 [91]  688  741  789  801  809  841  859  941  897  957  972 1010 1057 1146 1189
[106] 1258 1329 1404 1531 1452 1558 1619 1707 1793 1809 2008 2072 2035 2078 2217
[121] 2266

[[23]]
  [1]  10   5   5   4   3   7  12   7   6   6   6  17  17  13  12  25  22  18
 [19]  19  23  19  13  16  21  22  20  16  23  24  21  28  16  17  15  21  23
 [37]  26  23  20  17  17  30  19  21  14  18  13   9  16  17  22  29  28  21
 [55]  16  36  33  40  42  45  49  62  64  46  53  49  61  72  66  54  61  55
 [73]  60  59  90  82  85  98  90  87  93 103  96 117 152 140 145 135 157 170
 [91] 178 194 203 201 207 213 212 249 271 306 326 291 290 280 301 337 389 411
[109] 414 430 470 497 514 493 485 509 561 601 651 636 655

[[24]]
  [1]  10  13  11  12  10   9  20  13   8  11  13  12  13  17  18  17  13  17
 [19]  19  19  22  20  19  15  17  18  16  17  18  30  24  21  22  27  22  19
 [37]  20  37  33  44  35  33  24  34  48  53  46  41  51  44  49  53  57  66
 [55]  73  87  88  83  78  83  74  70  80  87  73  86 101 117 116 116 122 118
 [73] 122 128 112 136 136 169 180 190 150 173 211 218 213 206 195 223 243 259
 [91] 246 244 242 260 279 316 302 302 324 319 398 405 399 420 474 489 481 533
[109] 508 516 506 542 586 601 649 646 720 755 722 735 749

[[25]]
  [1]   10   13    7    4    8    7   10   11   15   15   13   12   21   24   22
 [16]   17   16   19   23   26   26   21   29   32   36   39   31   45   49   77
 [31]   85   78   90   88  126  113  107  120  105  134  135  131  114  138  154
 [46]  161  172  161  172  190  167  178  186  195  200  196  175  160  198  217
 [61]  236  228  249  297  298  299  308  288  330  343  331  333  389  393  440
 [76]  436  453  464  462  438  457  458  510  522  520  576  615  545  606  682
 [91]  716  818  808  785  789  815  901  953 1031 1048 1015 1022 1058 1104 1170
[106] 1178 1228 1292 1352 1545 1559 1576 1634 1695 1761 1809 1862 1959 2052 2214
[121] 2247

[[26]]
  [1]   10    7    7   13   13   18   17   15    9   15    9    7   12   24   25
 [16]   16   25   22   22   35   20   23   45   40   33   25   35   42   56   38
 [31]   55   50   47   33   41   38   60   44   45   52   55   40   61   73   65
 [46]   71   73   78  105  112  104  121  139  129  136  141  157  181  184  197
 [61]  176  195  222  253  250  272  261  289  347  328  353  361  447  448  503
 [76]  487  499  531  600  640  663  689  708  701  794  804  838  851  882  984
 [91] 1058 1094 1173 1221 1207 1223 1258 1403 1399 1424 1466 1559 1671 1757 1776
[106] 1766 1868 2008 2144 2211 2256 2344 2439 2662 2766 2753 2917 2970 3109 3249
[121] 3431

[[27]]
  [1] 10  4  4  4  5  7  6  4  4  8  8 12 20 16 15 11 15 10  8  9 20 14  9 13  6
 [26]  7  5  4  3 10  7  6  5  5  7  6  9  8 17 24 18 22 23 15 21 13 12 10 24 15
 [51] 11 10  7  4  4  3  2  1  1  1  1  1  1  1  1  1  1  1  1  0  0  0  0  0  0
 [76]  0  0  0  0  0  0  0  0  0  0  0  0  0  0  0  0  0  0  0  0  0  0  0  0  0
[101]  0  0  0  0  0  0  0  0  0  0  0  0  0  0  0  0  0  0  0  0  0

[[28]]
  [1]   10   15   17   18   14   17   20   23   25   20   19   15   27   20   25
 [16]   27   27   23   29   28   41   46   39   45   47   54   53   59   59   73
 [31]   67   74   68   86   79  101  107   98   94  105   98  112  128  135  141
 [46]  121  143  163  162  153  158  176  197  188  197  189  194  197  191  191
 [61]  213  197  210  237  242  241  260  218  240  246  281  331  349  346  341
 [76]  328  334  336  372  380  413  430  453  457  479  510  518  565  605  553
 [91]  611  615  651  673  737  688  741  769  839  873  908  964  931 1074 1134
[106] 1089 1149 1229 1252 1366 1366 1508 1563 1623 1648 1755 1864 2018 2024 2127
[121] 2173

[[29]]
  [1]  10   7   7  16  16  13   9  15  23  19  14  12  19  25  16  11  10   9
 [19]  11  15  12  10  14  10  10   7   7   7   6  15  16  13  11  10  15   9
 [37]   7   6  14  12   9  18  13  11  22  19  17  19  21  15  18  18  32  38
 [55]  43  40  35  33  33  32  31  41  36  28  38  35  39  50  65  64  50  48
 [73]  73  87  76  93  85  91  82 123 131 146 143 136 124 148 165 158 144 146
 [91] 144 160 160 172 184 177 197 201 253 252 261 267 299 263 262 288 306 346
[109] 372 350 385 392 388 388 417 436 510 523 476 439 447

[[30]]
  [1]  10   9  11   6   5   8  10   6   6   6   8  14  11   6   5   3   3   7
 [19]   3   3   8   8   9  12   9   9   9  14  13  13   9  21  21  22  17  18
 [37]  25  18  20  33  33  31  27  32  46  45  38  30  39  34  32  37  30  27
 [55]  22  27  34  26  21  22  19  24  21  18  32  29  37  25  32  28  31  26
 [73]  22  21  32  35  47  38  36  31  30  39  38  43  32  43  39  29  30  33
 [91]  28  32  37  40  46  47  55  52  59  59  80  67  72  87  68  85 101  96
[109]  99 107 110 111 151 159 169 140 167 177 157 165 198

[[31]]
  [1]   10   14   11   13    9   14   13   14   15   13   25   26   32   31   23
 [16]   31   30   24   30   30   26   39   51   45   39   44   48   44   35   46
 [31]   42   35   38   42   41   41   48   56   63   56   51   46   45   68   70
 [46]   73   68   74  109  113  120  107  122  118  122  127  150  144  166  163
 [61]  138  136  153  179  172  164  189  198  202  202  242  252  266  277  267
 [76]  284  296  329  308  322  334  337  363  384  375  374  348  353  382  364
 [91]  409  411  414  406  420  447  445  445  532  548  588  566  594  601  596
[106]  614  626  687  738  706  716  765  744  819  866  901  965 1048 1086 1028
[121] 1011

[[32]]
  [1]   10   11   13   12   27   34   32   28   36   34   38   53   51   52   47
 [16]   53   54   65   71   69   60   60   78   76   66   63   75   79   89   99
 [31]  100   94  113  104  104  101  103  107  115  134  121  111  127  126  142
 [46]  144  125  141  185  165  149  161  226  204  207  206  233  240  252  241
 [61]  306  319  295  340  390  392  432  418  426  416  450  408  425  477  471
 [76]  510  517  537  618  643  694  714  705  727  839  860  808  829  893  947
 [91] 1003  976 1060 1093 1103 1149 1231 1266 1389 1452 1466 1581 1712 1646 1766
[106] 1842 1949 2091 2019 2114 2238 2352 2452 2441 2678 2666 2833 2895 3041 3160
[121] 3175

[[33]]
  [1] 10 17 15 12  9  9  9  8  7  6  4  3  6  9 10  8 15 12 13 12 13 10 16 11 10
 [26] 11 14 24 18 15 17 21 17 12 11 16 11  9  9 15 20 23 31 24 26 19 13 25 28 19
 [51] 30 30 19 25 19 20 30 27 21 23 17 21 24 24 36 26 25 25 29 44 36 31 27 48 40
 [76] 43 46 36 40 56 41 39 36 44 30 27 24 40 33 42 27 26 17 29 35 39 38 42 50 39
[101] 34 49 53 71 61 47 55 53 61 61 71 57 67 56 64 50 69 71 82 77 84

[[34]]
  [1] 10 11 16  8  9  8  9 11 18 24 23 25 27 18 13 17 12  7  5 12 14 14 12 10 10
 [26]  9  9  8 12  9  7  7  6 11 13 11 10  7  5  4  7  8  7 12 11  5  8  9 13  6
 [51]  6  4  3  3  2  2  2  1  5  2  2  1  1  1  9  5  4  3 10  8  7 11 10  9 15
 [76] 14 21 13 10 12 11  9 16 14 13 13 13 16 18 18 18 12 14 11 23 17 14 18 27 29
[101] 34 32 30 34 48 59 64 62 47 58 59 75 61 62 54 64 66 58 77 86 74

[[35]]
  [1]  10  12   8  13  18  16  15  24  22  20  23  36  26  15  18  17  12  13
 [19]  17  11  12  23  21  15  15  13  22  23  18  14  11   8  12  16   9  15
 [37]   9  10   7   6   9   9   8   7   7  11  10  14  10  16  12  15  12  10
 [55]  15  15  15  11  13   8  10   5   4   3   2   2   9  11  19  13  17  17
 [73]  21  22  18  24  21  17  13  26  32  25  31  26  32  34  28  28  21  20
 [91]  30  47  48  48  46  37  43  48  63  46  45  55  59  72  97  77  78  85
[109]  66  73  95  94  88  99 136 129 121 110  98 123 123

[[36]]
  [1]   10    6   13   19   14   23   46   39   28   48   54   41   45   58   69
 [16]   76   66   69   75   77   79   91  105  110  105  119  130  135  131  141
 [31]  130  125  147  186  184  201  183  204  197  223  208  248  260  281  290
 [46]  285  288  293  277  313  329  346  329  349  391  366  388  452  430  472
 [61]  440  457  462  437  448  554  573  572  603  626  649  633  726  707  742
 [76]  774  793  834  873  894  877  931 1016 1007 1043 1047 1147 1229 1260 1307
 [91] 1269 1276 1345 1420 1475 1610 1680 1694 1773 1804 1966 2043 2174 2248 2337
[106] 2483 2518 2621 2841 3058 3112 3181 3280 3359 3683 3810 3811 4035 4118 4239
[121] 4392

[[37]]
  [1]  10  15  21  12  11   7   7  11   8  13  20  29  27  26  24  19  15  21
 [19]  28  20  17  20  31  21  18  26  26  20  31  21  26  31  36  27  26  18
 [37]  20  23  25  34  26  24  17  26  14   9   9  12   8  10   6   6   4   9
 [55]  15  18  12  10  19  14  14  19  13  11  23  21  19  31  25  19  16  21
 [73]  23  28  26  25  24  21  25  37  37  43  44  48  31  23  21  24  21  29
 [91]  24  20  32  28  20  19  24  20  24  29  20  22  25  25  17  23  25  41
[109]  46  47  38  43  51  56  58  59  59  51  58  73 108

[[38]]
  [1]  10   7  11  10  11  13  12  11   6  11  16  19  18  16  11  20  19  16
 [19]  18  20  17  19  25  25  26  22  26  44  38  38  30  35  35  25  20  32
 [37]  35  31  51  63  58  51  52  54  55  57  50  39  33  39  32  62  65  67
 [55]  61  63  66  77  78  69  62  80  78 106 122 116 116 122 157 146 116 138
 [73] 166 189 176 175 194 207 222 215 211 204 220 222 206 228 210 270 257 248
 [91] 275 285 271 294 292 289 301 315 341 377 429 423 417 432 411 453 487 537
[109] 499 528 508 537 623 632 623 623 616 705 748 748 793

[[39]]
  [1]   10    7   11    7    7    7    8   12   15   14   13   14   14   13   16
 [16]   11   10    9   12   22   20   17   19   13   12   11   16   18   17   20
 [31]   15   23   26   26   22   28   18   15   25   25   26   35   38   27   30
 [46]   39   46   43   50   48   55   60   60   52   64   78   81   99  113  121
 [61]  110  109  122  124  131  176  158  169  163  158  182  193  208  205  200
 [76]  226  265  258  290  289  271  283  281  287  292  302  322  303  339  352
 [91]  388  375  380  402  459  484  506  489  534  560  565  573  639  656  643
[106]  685  723  772  748  805  817  853  934  973 1064 1131 1114 1161 1237 1301
[121] 1385

[[40]]
  [1]   10   14    8    7   13   10    9   10   10    8    7    5    9    6    6
 [16]    5    5   10    9    5    5    5    5   10    5    6    4    8    4    9
 [31]    7   14   12   11   23   31   28   29   25   38   52   49   44   39   55
 [46]   45   63   57   60   72   80   87   74   90  102  105  113  106   93  100
 [61]  111  138  118   99  119  148  175  162  156  172  191  212  184  183  204
 [76]  210  230  225  255  252  278  266  304  334  367  358  366  386  385  383
 [91]  374  419  490  549  546  552  581  633  629  617  661  730  681  739  716
[106]  720  769  826  870  948  948  996 1112 1136 1134 1115 1151 1231 1258 1372
[121] 1375

[[41]]
  [1]  10   8   8   7   8   6   5  10  10  11  10  20  17  19  17  16  29  31
 [19]  37  33  27  24  19  27  22  35  20  17  20  21  12  17  18  23  22  23
 [37]  28  25  19  13  11  15  13  14  12  12  10   8   7  17  18  19  15  19
 [55]  22  30  36  44  31  28  37  30  28  27  33  38  42  35  33  33  48  83
 [73]  62  63  72  64  86  91  97 105 111 121 116 113 121 121 158 168 159 143
 [91] 131 142 200 209 204 200 238 253 276 247 295 316 335 320 357 368 377 413
[109] 419 442 442 474 456 484 491 493 530 615 602 540 611

[[42]]
  [1]   10   18   22   23   16   12   10   19   19   19   20   24   21   21   19
 [16]   24   21   26   19   22   20   27   46   53   51   42   43   37   40   38
 [31]   47   47   36   42   52   76   62   45   55   55   72   74   77   88   85
 [46]   88  107   98  117  118  152  146  141  146  133  163  184  168  172  180
 [61]  178  220  225  261  279  289  304  263  321  370  420  391  414  428  463
 [76]  488  556  595  575  574  547  615  654  705  699  664  683  753  774  805
 [91]  809  883  888  975  887  961  997 1081 1159 1156 1185 1242 1271 1303 1398
[106] 1495 1619 1649 1725 1847 1962 2127 2093 2097 2233 2265 2397 2639 2750 2769
[121] 2808

[[43]]
  [1]   10    6    4    3    3    2    9    7   12   11    8   14   11   16   25
 [16]   23   15   11   19   25   20   28   20   33   23   21   25   30   27   30
 [31]   33   35   36   45   53   58   60   72   72   65   63   60   71   88   67
 [46]   82   85   90   93  104  104  115  119  141  141  126  146  152  200  189
 [61]  185  215  196  205  237  247  234  251  252  307  315  338  363  402  423
 [76]  448  552  569  566  495  551  588  610  659  668  683  759  742  760  827
 [91]  872  946  909  931 1011 1101 1073 1140 1182 1236 1295 1326 1366 1451 1544
[106] 1550 1581 1602 1635 1675 1664 1717 1829 1822 1929 1997 2094 2215 2278 2319
[121] 2384

[[44]]
  [1] 10  7  6  5  4  4  7  6  5  3  6  8  4  3  3  3  6  4  7  3  3  2  2  2  2
 [26]  1  1  0  0  0  0  0  0  0  0  0  0  0  0  0  0  0  0  0  0  0  0  0  0  0
 [51]  0  0  0  0  0  0  0  0  0  0  0  0  0  0  0  0  0  0  0  0  0  0  0  0  0
 [76]  0  0  0  0  0  0  0  0  0  0  0  0  0  0  0  0  0  0  0  0  0  0  0  0  0
[101]  0  0  0  0  0  0  0  0  0  0  0  0  0  0  0  0  0  0  0  0  0

[[45]]
  [1]  10   7  16  22  14  20  17  15  25  20  18  26  35  38  27  33  32  45
 [19]  37  37  29  25  25  23  25  36  44  56  53  67  49  55  50  41  38  40
 [37]  37  51  50  58  38  37  43  34  39  29  51  56  51  40  50  40  42  43
 [55]  42  39  37  59  42  29  33  36  37  36  39  41  34  32  42  45  38  35
 [73]  36  43  54  50  34  45  49  56  54  58  50  65  67  64  51  46  49  60
 [91]  55  53  55  47  55  58  54  55  54  54  54  52  47  66  62  71  61  79
[109]  93 101 102  96  90  80  84 105 100 108 104 108 116

[[46]]
  [1] 10  6 13  8  7  7  5 13  9 12  7  6  5 10  8  8 10 10  9  7  5  3  6  4  3
 [26]  2  2  2  2  3  2  3  8 11 16 19 16 12 10 13  8  6  7  4  5  4  4  4 11  7
 [51]  5  4  4  4 15 16 13 11 11  8  7  9  7 13 16  9  8  6  6 12  6  3  3  3  8
 [76] 10  7  8  8  6  5  5  3  3  2  2  5  2  2  7  4  3  3  2  2  1  1  1  0  0
[101]  0  0  0  0  0  0  0  0  0  0  0  0  0  0  0  0  0  0  0  0  0

[[47]]
  [1]   10   18   22   15   18   28   31   32   35   42   47   31   35   44   53
 [16]   57   44   57   67   64   40   40   44   48   43   48   55   39   48   58
 [31]   69   92   78   68   76   92   88   74   85  108  110   99  114   96   89
 [46]  115  117  110  117  109  137  135  146  150  153  159  171  155  183  182
 [61]  167  179  197  211  217  233  238  249  287  331  332  329  318  345  326
 [76]  321  330  358  377  374  386  416  454  455  483  462  474  514  501  514
 [91]  495  531  630  642  727  702  731  789  838  825  912  975  976 1016 1017
[106] 1103 1109 1199 1231 1269 1279 1370 1437 1464 1562 1707 1795 1899 1921 1967
[121] 1975

[[48]]
  [1]  10  14  17  17  12  13  11   9  19  26  18  18  19  31  24  24  19  31
 [19]  39  33  22  25  26  23  20  24  21  18  20  25  29  29  29  35  30  34
 [37]  35  41  38  36  65  45  48  48  52  65  71  71  57  60  75  73  68  56
 [55]  74  93 104 105  91  78  81  95  98  89 100  80 103 112 104 143 153 110
 [73] 102 140 159 162 139 151 163 178 155 196 197 210 199 210 245 266 304 320
 [91] 348 325 376 415 451 422 438 432 447 451 519 603 580 540 572 590 617 673
[109] 685 677 669 721 789 800 746 808 842 868 878 944 942

[[49]]
  [1]   10   11    8    8    9    9    8   13   11   16   18   18   13   13   22
 [16]   17   13   12   16   16   21   24   26   22   29   40   37   34   41   30
 [31]   44   66   73   66   55   55   69   76   63   72   63   59   75   92   86
 [46]   97  102  101   99  113  117  127  146  123  162  124  130  137  155  200
 [61]  171  174  173  197  223  218  209  201  255  279  265  282  266  261  285
 [76]  299  312  320  321  336  335  359  350  380  418  420  499  517  525  512
 [91]  504  577  597  624  637  663  644  700  734  749  737  798  860  858  823
[106]  883  956  941  980 1045 1060 1098 1132 1184 1311 1315 1329 1425 1493 1519
[121] 1596

[[50]]
  [1]  10   8   7  12   8   7   5   5  13  10  13   7   6   6  10  10  17  17
 [19]  16  20  13  10  23  33  27  23  19  30  30  30  33  49  37  33  28  29
 [37]  27  24  29  41  44  30  33  41  45  46  38  43  34  64  65  70  53  51
 [55]  53  58  66  58  77  73  90  82  79  88  80  69  73  99  99  95  94  99
 [73] 106  96 115 143 117 111 150 151 162 154 150 187 186 189 188 212 195 219
 [91] 228 233 254 256 294 292 308 268 304 313 327 375 429 408 404 383 441 486
[109] 488 515 548 549 557 641 691 775 751 720 707 782 831

[[51]]
  [1]  10  15  20  17  14  17  10  17  29  19  20  17  14  10  10   9  11  15
 [19]  16  19  20  22  19  22  25  29  32  23  38  36  35  37  36  37  56  57
 [37]  48  48  45  60  52  54  67  67  60  72  66  61  54  66  79  80  78  80
 [55]  82  89  94  83  85  92 111 115 115 101 111 112 144 158 149 138 132 161
 [73] 192 202 187 225 224 238 230 261 226 230 256 261 278 271 279 284 286 289
 [91] 263 290 302 314 316 345 387 376 394 420 409 447 430 476 470 486 497 529
[109] 524 531 518 549 601 606 639 664 634 613 655 697 684

[[52]]
  [1]   10    8   10   12    9    7    6   12    9    6   11    8   11    9    6
 [16]   11    9    7   11    9   10   21   21   28   18   21   24   31   40   32
 [31]   34   38   55   58   56   59   62   48   46   54   63   86   65   73   80
 [46]   82   61   76   91   94  102   96  106   96  112  149  130  157  158  162
 [61]  170  175  186  195  224  222  226  234  253  264  255  301  299  278  265
 [76]  270  305  317  352  319  342  382  400  446  452  443  503  540  567  618
 [91]  589  635  640  716  749  759  842  870  903  928  941 1011 1028 1046 1024
[106] 1115 1081 1158 1208 1253 1256 1266 1317 1401 1425 1456 1490 1607 1633 1765
[121] 1792

[[53]]
  [1]  10   8   5   5   5   4   4   8  11  13  15  10  18  18  17  18  15  14
 [19]  14  15  26  20  15  19  23  22  24  31  26  33  23  18  24  21  20  25
 [37]  28  33  25  18  23  24  18  25  19  18  15  22  12  14  23  17  13  13
 [55]  14  30  26  19  19  14  21  19  15  16  25  34  21  16  24  34  33  33
 [73]  30  27  41  39  47  52  42  45  46  58  53  69  72  57  79 111 108  96
 [91]  91  92 112 125 135 138 116 131 144 169 181 176 185 161 160 190 195 214
[109] 206 232 240 253 274 267 284 252 276 336 332 328 346

[[54]]
  [1]   10    4    4   12   18   13   16   13   14   13   15   10    8   16   21
 [16]   24   24   22   16   27   30   25   38   45   38   35   43   59   61   41
 [31]   37   45   37   28   27   40   49   51   54   52   42   55   65   77   74
 [46]   68   65   60   91   89  103  102  104  121  119  103  115   98  109  105
 [61]  131  154  177  178  166  163  162  186  198  198  221  203  195  178  208
 [76]  203  211  215  230  209  225  238  278  264  280  265  284  322  382  363
 [91]  359  322  332  363  392  382  372  394  362  414  447  463  491  496  536
[106]  560  581  592  609  652  712  714  726  736  774  851  907  989  999  922
[121] 1028

[[55]]
  [1]  10   7  15  15  11   9  10   8   7  12   8  11   7   5   5   5  10  10
 [19]  14  14   8   8   9  11  12   9  11  13  15  19  13   9  12  28  32  19
 [37]  15  19  21  26  19  14  16  14  14  12  13  23  29  21  16  20  25  28
 [55]  26  34  39  47  41  47  49  40  51  60  70  50  54  54  90  89  81  74
 [73]  81  77  98 125 100 102  98 101 107  99 118 140 141 140 129 137 152 180
 [91] 184 203 210 172 185 179 214 232 245 218 232 225 247 255 315 285 265 288
[109] 298 333 334 351 401 422 403 423 393 402 448 508 534

[[56]]
  [1]   10    8    7    6    5    7   11   14   12   17   17   15   18   15   30
 [16]   37   26   29   32   39   45   50   40   37   36   32   35   27   23   36
 [31]   32   39   37   30   46   42   43   43   67   56   46   56   66   52   61
 [46]   79   75   78   93   93   90   95   94  117  142  131  160  154  167  153
 [61]  174  166  155  157  168  175  186  191  217  211  235  267  265  297  281
 [76]  294  292  306  324  326  366  393  416  449  407  404  443  448  462  427
 [91]  481  526  558  581  617  614  692  762  813  831  838  880  893  997 1012
[106] 1011 1128 1205 1299 1256 1316 1429 1448 1493 1575 1646 1659 1822 1793 1953
[121] 2031

[[57]]
  [1]  10  13  12   9  17  15  10  14  19  15  19  19  22  17  15  18  20  19
 [19]  18  30  24  22  24  19  22  15  13  17  20  23  18  14  16  13  26  44
 [37]  46  34  48  36  37  51  49  47  41  36  49  57  40  35  53  55  54  60
 [55]  53  59  55  50  62  67  75  72  73  70  85  80  81 113  95  91  98  98
 [73] 107  99 111 110  83  87 107 101  99 101 112 103 125 110 145 141 146 142
 [91] 144 179 159 165 157 156 162 156 173 174 168 213 228 229 230 216 236 282
[109] 284 282 283 287 341 368 366 336 359 382 371 391 381

[[58]]
  [1] 10 13  9  7  4  3  3  3  9  6  4  4  4  4  4  4  4  4  3  9 11  8  7  7  6
 [26]  8 10 11 10  8  5  8  3  3  2  2  1  0  0  0  0  0  0  0  0  0  0  0  0  0
 [51]  0  0  0  0  0  0  0  0  0  0  0  0  0  0  0  0  0  0  0  0  0  0  0  0  0
 [76]  0  0  0  0  0  0  0  0  0  0  0  0  0  0  0  0  0  0  0  0  0  0  0  0  0
[101]  0  0  0  0  0  0  0  0  0  0  0  0  0  0  0  0  0  0  0  0  0

[[59]]
  [1] 10 17  9  8  8 10 10  7  6  6  5  5  5  4  4  4  3  2  1  1  1  1  1  1  1
 [26]  1  1  1  1  1  1  1  0  0  0  0  0  0  0  0  0  0  0  0  0  0  0  0  0  0
 [51]  0  0  0  0  0  0  0  0  0  0  0  0  0  0  0  0  0  0  0  0  0  0  0  0  0
 [76]  0  0  0  0  0  0  0  0  0  0  0  0  0  0  0  0  0  0  0  0  0  0  0  0  0
[101]  0  0  0  0  0  0  0  0  0  0  0  0  0  0  0  0  0  0  0  0  0

[[60]]
  [1]  10  11  11   8  14  12  12  13  10  17  28  22  17  15  14  17  19  22
 [19]  19  18  13  25  23  28  26  28  31  25  34  33  38  37  32  52  52  50
 [37]  45  40  56  50  62  57  53  46  53  63  60  61  64  49  55  57  56  46
 [55]  56  57  51  57  61  66  63  79  70  73  82  89  80  86  86  78  76  90
 [73] 103 117  95  82  87  83  87 108 118 148 131 133 135 142 164 163 181 191
 [91] 193 212 219 222 257 241 247 278 276 279 295 270 316 352 388 365 360 371
[109] 384 398 421 430 390 450 463 505 502 534 562 599 677

[[61]]
  [1]   10   17   18   22   32   23   15   27   24   20   16   22   28   33   19
 [16]   15   20   33   40   38   28   25   18   21   20   22   21   25   23   25
 [31]   25   21   37   29   37   40   41   48   53   42   49   49   44   50   77
 [46]   62   65   47   58   73   65   72   79   75   99   90  100  100  105  100
 [61]  114  124  111  119  141  150  129  129  124  137  157  167  145  188  189
 [76]  196  193  207  211  191  238  230  226  235  228  267  296  258  286  298
 [91]  278  296  276  310  357  430  443  454  479  493  488  485  540  594  622
[106]  599  609  691  636  686  756  777  778  784  894  966  970 1021 1113 1143
[121] 1217

[[62]]
  [1]  10   9   6   5   5   4  18  24  13  11  10   8  16  14   9  10  18  14
 [19]  18  13  12  15  23  19  22  10  12  10   7   6  13  19  25  23  21  26
 [37]  26  30  27  23  18  25  31  30  27  35  45  39  29  42  37  53  49  46
 [55]  47  44  38  47  47  64  53  60  41  44  38  35  34  39  41  33  47  58
 [73]  61  53  52  43  62  78  71  65  71  64  94 108  93  95  87  87 112 101
 [91]  96  79  71 105  93  92  88 111 107  96  82  80 103  98  97 107 111 131
[109] 129 135 129 135 145 193 177 163 165 192 220 228 239

[[63]]
  [1]  10  12  16  18  28  18  16  20  28  21  15  19  17  12  17  23  29  29
 [19]  31  22  27  33  27  22  20  21  25  26  28  24  36  40  31  23  22  27
 [37]  38  25  24  32  28  23  25  38  30  27  47  70  64  59  56  81  73  73
 [55]  64  87  89  85  91 109 118 126 161 152 149 145 157 161 158 184 204 191
 [73] 182 194 192 202 202 214 223 222 236 250 247 272 285 281 325 313 330 311
 [91] 321 318 335 346 317 388 342 378 369 393 393 428 456 487 486 534 552 550
[109] 578 628 653 668 704 682 750 785 825 875 911 929 957

[[64]]
  [1]   10   17   20   18   14   12   12   15   23   14   30   25   22   24   31
 [16]   44   29   26   23   25   30   34   35   35   35   24   34   48   47   39
 [31]   34   40   44   45   43   46   56   51   54   55   70   75   75   66   59
 [46]   78   85   82   82   81   85   78   85   96  114  105  106  108  100  109
 [61]  117  146  134  124  147  155  151  171  164  121  168  164  159  178  197
 [76]  219  245  250  257  231  258  314  281  328  321  332  343  320  354  339
 [91]  399  418  403  404  420  430  463  429  476  511  542  502  600  583  641
[106]  702  679  670  745  790  750  873  876  925  904  888 1014 1046 1061 1073
[121] 1210

[[65]]
  [1]   10   14   10    9   12   11   14   32   34   23   19   18   19   24   30
 [16]   40   31   27   31   45   39   34   35   43   40   51   41   56   64   74
 [31]   84   79   77   81   86   91   95   96  104  114  112  120  123  131  127
 [46]  138  150  178  162  189  173  181  180  163  178  209  232  253  255  249
 [61]  258  299  322  328  318  333  355  379  442  464  477  495  494  581  592
 [76]  558  563  591  626  683  696  718  800  825  809  832  903  907  966 1013
 [91] 1066 1028 1131 1121 1177 1169 1130 1235 1316 1312 1417 1444 1422 1477 1596
[106] 1697 1712 1773 1866 1844 1876 1876 1971 1984 2060 2153 2140 2252 2281 2488
[121] 2525

[[66]]
  [1]  10   9  13   8   5   4  15  23  23  18  20  31  21  22  17  18  19  27
 [19]  24  34  31  26  25  32  33  32  41  45  47  42  42  50  69  53  57  54
 [37]  69  66  74  64  64  63  76  64  52  59  64  64  69  91  81  72  81  72
 [55]  66  72  94  99 102 107 110 117 143 145 130 141 167 165 162 181 186 166
 [73] 179 204 189 184 186 205 234 256 230 249 293 269 301 300 292 295 322 359
 [91] 416 438 430 400 476 483 500 460 468 460 484 496 507 558 581 639 608 669
[109] 658 710 729 707 722 733 721 810 807 832 796 853 864

[[67]]
  [1] 10 13 12  8  7  4  4  4  4  4  4  3  4  1  1  1  1  1  0  0  0  0  0  0  0
 [26]  0  0  0  0  0  0  0  0  0  0  0  0  0  0  0  0  0  0  0  0  0  0  0  0  0
 [51]  0  0  0  0  0  0  0  0  0  0  0  0  0  0  0  0  0  0  0  0  0  0  0  0  0
 [76]  0  0  0  0  0  0  0  0  0  0  0  0  0  0  0  0  0  0  0  0  0  0  0  0  0
[101]  0  0  0  0  0  0  0  0  0  0  0  0  0  0  0  0  0  0  0  0  0

[[68]]
  [1]   10   18   14   12   11    7   13   17   12   25   17   15   18   18   30
 [16]   19   16   29   42   36   32   26   28   32   40   51   39   30   40   40
 [31]   36   38   26   23   21   31   29   26   37   57   78   77   81   70   81
 [46]   87  109  120  113  104  102  113  114  120  128  142  153  174  172  169
 [61]  180  185  225  223  246  246  253  252  241  265  297  243  258  223  241
 [76]  265  245  251  244  256  267  291  272  308  306  339  332  297  290  327
 [91]  371  374  384  388  399  409  448  491  541  573  614  571  623  611  680
[106]  679  733  737  793  789  794  836  887  859  908  946 1015 1012 1050 1127
[121] 1180

[[69]]
  [1]  10  12  12  11  10  17  18  20  18  16  16  15  21  13  12  11  10   9
 [19]  18  12   9  12   8  11   9  13  16  18  22  21  20  17  16  22  31  24
 [37]  25  26  22  25  21  17  28  45  44  30  27  36  41  38  29  36  38  47
 [55]  45  50  41  33  44  39  49  44  57  66  68  57  65  73  77  81  72  81
 [73]  80  93  92 100 114 107 119 115 138 136 134 153 177 157 168 178 188 194
 [91] 182 195 219 240 232 246 245 260 254 287 298 360 338 349 357 359 381 435
[109] 430 430 458 492 528 503 523 537 556 566 551 557 608

[[70]]
  [1]   10   11    8    7    7    7   24   12   14   11   17   11   16   15   22
 [16]   24   33   28   27   38   26   47   47   48   43   64   45   45   40   51
 [31]   57   50   65   79   71   85   85   86   80   73   69  105  108   94   86
 [46]   78   84   77   74   91   96  110  110   99  119  134  111   93   87   89
 [61]   98  104  144  137  141  126  146  140  108  131  123  137  128  131  132
 [76]  138  143  178  153  160  166  168  209  216  189  185  202  196  212  247
 [91]  289  308  296  311  371  395  433  434  408  447  404  472  524  527  532
[106]  554  574  669  733  718  746  755  754  785  874  875  899  893  958  966
[121] 1032

[[71]]
  [1]  10  12  12   7   9   7  10  10  10   8  15  19  22  34  29  24  24  33
 [19]  35  36  31  32  40  56  48  42  35  36  49  34  27  34  36  33  31  41
 [37]  37  39  47  47  42  44  48  48  60  64  56  82  63  70  65  71  90  83
 [55]  79  67  60  53  74  65  75  85  95  84  81  85  80 103  90 106 100  98
 [73] 126 121 127 113 109 109 113 112 110 123 139 156 154 147 149 135 142 156
 [91] 172 182 187 177 171 191 189 211 223 232 236 231 219 230 260 261 296 284
[109] 318 305 340 361 400 460 489 478 448 478 493 470 487

[[72]]
  [1]   10   10    7    6    6    6    7   15   10    6    5    5    4   10    8
 [16]   13   18   10    9   13   14   15   18   24   37   24   19   19   30   23
 [31]   20   26   28   17   30   32   30   24   25   36   39   37   29   49   57
 [46]   43   40   37   61   65   63   78   67   80   88   87   87   83   93   94
 [61]   98  110  117  100  122  157  157  143  156  164  193  203  228  263  288
 [76]  273  275  276  289  311  319  325  320  323  360  347  335  356  358  361
 [91]  408  400  378  426  463  467  485  506  486  598  585  537  534  566  564
[106]  604  635  672  705  739  779  828  815  837  871  898  886 1002 1087 1132
[121] 1210

[[73]]
  [1]   10   17   10   20   21   15   13   17   14   13   19   25   21   21   20
 [16]   35   25   19   15   20   20   15   22   37   46   42   38   36   39   44
 [31]   44   36   43   53   58   63   62   72   70   70   79   67   76  104   86
 [46]   93   83   98  120  120  111  110  142  129  143  154  156  161  129  151
 [61]  146  163  193  184  195  222  218  207  215  249  249  288  281  308  310
 [76]  326  338  318  376  340  372  353  353  347  340  387  405  430  381  383
 [91]  405  426  482  504  517  585  534  548  584  660  659  631  643  736  790
[106]  811  780  830  926  919  960 1039 1041 1076 1130 1167 1238 1346 1393 1396
[121] 1479

[[74]]
  [1]   10   15   22   25   18   15   21   27   29   27   32   23   28   19   30
 [16]   33   34   42   41   36   34   40   49   64   54   43   70   70   91   77
 [31]   74   63   56   57   61   61   73   77   79   74   92  108  102  114  110
 [46]  112  144  143  157  151  152  160  141  143  161  162  190  198  219  215
 [61]  223  272  241  218  206  238  290  296  313  279  340  323  325  344  367
 [76]  404  382  393  430  442  482  495  475  524  505  533  594  591  620  637
 [91]  659  697  727  773  758  767  764  838  918  914  893 1000  968 1006 1069
[106] 1018 1082 1095 1196 1161 1237 1282 1264 1240 1300 1399 1444 1502 1564 1580
[121] 1645

[[75]]
  [1] 10 19 12 15 10 28 21 16 16 14 18 21 25 26 21 17 19 28 26 20 22 20 29 21 28
 [26] 33 28 38 38 48 40 35 22 21 21 17 15 25 23 26 32 20 14 15 11  8 11 12  9 12
 [51] 11 14 10  7 14  9  8  6  6 11  9  7 14  9  9 14 10 14 18 19 17 13 18 23 15
 [76] 25 27 14 11 10 11 18 23 16 15 10 12 13 23 22 22 16 21 26 26 24 19 15 11 10
[101] 14 16 12 28 15 12  9 14 24 28 30 29 37 30 28 24 18 19 35 38 34

[[76]]
  [1]  10   8   8  10   6   5   5   5  10  13  10  12   7   9  14  14  14  12
 [19]  16  14  15  11  10   9  23  28  23  19  18  35  40  33  28  31  38  34
 [37]  36  32  32  49  43  45  36  37  49  56  47  55  41  43  60  60  58  55
 [55]  50  57  62  94  90  95  94 107  92  89 104  98  98 109  89  84 118 122
 [73] 125 135 131 108 119 115 136 158 142 154 160 172 180 169 202 214 207 225
 [91] 222 231 240 249 247 291 298 305 347 323 357 346 367 366 397 403 421 431
[109] 444 438 451 491 500 487 501 509 537 568 585 598 600

[[77]]
  [1]   10   11    9   17   17   15   18   14    9   15   11   11   22   24   20
 [16]   24   25   33   33   35   29   27   27   31   34   39   36   44   26   24
 [31]   35   37   27   29   59   52   42   38   44   32   42   51   53   46   59
 [46]   55   71   71   80   81   68   88   95  102   95   86   84   87   74   89
 [61]   75   79   76   99   91   93   95   99  113  113  128  122  164  177  192
 [76]  222  205  186  221  202  220  213  231  232  242  245  256  299  299  335
 [91]  330  352  408  377  411  413  445  494  497  506  518  568  553  579  598
[106]  615  651  649  713  787  819  885  884  878  920  969 1101 1097 1094 1137
[121] 1263

[[78]]
  [1] 10 12 10  9  9  6  8  6 16 11  8  6 13 11  9 12  9 15 10  7 10 16  8 16 15
 [26] 12  9 11 12 18 12 10 16 17 24 12  9  8  7  8  3  3  2  1  1  1  1  1  0  0
 [51]  0  0  0  0  0  0  0  0  0  0  0  0  0  0  0  0  0  0  0  0  0  0  0  0  0
 [76]  0  0  0  0  0  0  0  0  0  0  0  0  0  0  0  0  0  0  0  0  0  0  0  0  0
[101]  0  0  0  0  0  0  0  0  0  0  0  0  0  0  0  0  0  0  0  0  0

[[79]]
  [1] 10  7 10  7  6  5  5  5  5  5 11 13 14  6  6  5  4  7  5  5  5 11  7 16  6
 [26]  3  3  9  7  5  4  4  3  2  2  2  2  2  2  9  8  6  4  4 10 10 14  8  6 12
 [51]  9 12 11 15 13  9 12  9 11 18 13 12 11 12  5 13  9  6  4  4  4  8 15 12 11
 [76]  9  9  9 22 23 21 29 35 38 35 30 29 31 28 22 32 32 24 26 19 38 40 45 43 41
[101] 36 45 33 40 43 44 34 41 50 53 50 61 61 50 62 78 72 66 86 77 76

[[80]]
  [1]   10   14    7    6   11    8   14   12    8   10    6   12   11    6    9
 [16]    7   12   16   12   20   24   24   21   19   37   42   41   42   42   41
 [31]   42   45   41   40   43   63   77   71   75   55   65   92   94   84   95
 [46]  111  108  108  102  132  106  122  155  183  191  171  198  174  197  189
 [61]  205  211  205  203  228  257  279  281  265  305  287  319  344  352  348
 [76]  364  437  487  482  503  537  563  527  574  585  601  573  597  620  653
 [91]  714  747  779  794  770  812  848  898  948 1018 1066 1044 1079 1123 1177
[106] 1214 1209 1280 1315 1470 1561 1648 1690 1633 1730 1851 1946 1988 2049 2023
[121] 2119

[[81]]
  [1]   10   16   19   15   17   20   15   20   14   19   40   27   41   30   32
 [16]   37   38   45   52   46   42   56   50   49   48   71   63   74   71   67
 [31]   62   61   90   84   71   69   86   75   72   72   97   84   90  104  112
 [46]  121  109  110  109  131  138  146  178  160  149  168  173  178  178  208
 [61]  188  186  190  221  252  251  264  256  283  288  330  310  364  371  421
 [76]  389  386  391  422  514  491  501  490  525  578  587  588  605  651  672
 [91]  693  679  757  720  719  709  741  752  782  887  977  946  994 1089 1086
[106] 1098 1164 1249 1288 1413 1406 1457 1532 1561 1618 1597 1698 1851 1932 1877
[121] 1939

[[82]]
  [1]   10    7    7    5   20   24   15   12   11   15   27   19   14   12   25
 [16]   21   16   11    8   12   18   21   28   26   25   21   28   24   19   16
 [31]   20   16   31   20   24   39   33   42   32   38   45   55   56   70   60
 [46]   64   63   76   70  106   87   67   72   76   69   85   96  101  106  112
 [61]  139  144  156  149  147  172  196  211  176  170  179  201  217  198  254
 [76]  234  237  259  252  280  278  287  305  339  379  364  354  366  409  436
 [91]  462  439  485  519  543  562  559  592  613  645  662  740  781  781  808
[106]  840  882  933  995  985  972  985 1009 1102 1166 1202 1239 1319 1329 1439
[121] 1502

[[83]]
  [1]  10  16  12  12  14  23  17  13  10   8   9   7   6  10   7   7   5  12
 [19]  24  22  16  28  30  30  24  17  20  19  24  42  41  37  32  36  55  51
 [37]  51  41  38  36  54  47  42  55  53  59  48  45  49  47  53  69  64  64
 [55]  85  80  96  94  72  68  57  50  73  83  74  76  81  92 103  88  89  89
 [73]  94  89 122 114 134 111 111 115 108 115 107 131 143 135 150 139 155 152
 [91] 163 180 211 234 230 214 211 225 212 244 225 233 241 247 256 260 258 261
[109] 261 287 292 310 282 292 346 372 418 424 443 438 494

[[84]]
  [1]  10   9  14  13  14  19  24  19  15  12  14  23  22  24  23  22  27  23
 [19]  18  23  37  47  40  33  32  33  28  32  38  33  34  27  36  45  34  29
 [37]  31  31  36  32  25  23  29  31  31  26  27  26  25  27  28  33  24  32
 [55]  29  29  24  25  17  23  30  20  20  22  19  32  31  33  34  43  53  58
 [73]  69  89 102  83  75  71  89  91 104 112 113  90 103 131 126 146 153 129
 [91] 147 168 167 185 184 155 189 171 180 202 211 243 261 269 255 249 242 248
[109] 261 266 302 283 253 298 316 336 353 357 366 377 392

[[85]]
  [1] 10 15 23 25 24 12  8 15 16 13 10 13  8 10  7  5  4  2  0  0  0  0  0  0  0
 [26]  0  0  0  0  0  0  0  0  0  0  0  0  0  0  0  0  0  0  0  0  0  0  0  0  0
 [51]  0  0  0  0  0  0  0  0  0  0  0  0  0  0  0  0  0  0  0  0  0  0  0  0  0
 [76]  0  0  0  0  0  0  0  0  0  0  0  0  0  0  0  0  0  0  0  0  0  0  0  0  0
[101]  0  0  0  0  0  0  0  0  0  0  0  0  0  0  0  0  0  0  0  0  0

[[86]]
  [1]   10    9    7    7    7    7    7   17   23   32   24   17   20   20   21
 [16]   18   23   28   31   23   21   32   49   54   42   36   30   41   48   44
 [31]   46   42   39   50   70   77   61   71   72   76   68   59   65   71   91
 [46]   92   84   76   94   80   94   96  137  146  146  133  159  165  176  205
 [61]  198  200  207  238  244  213  209  231  231  278  224  200  254  247  247
 [76]  272  319  298  297  322  300  334  361  382  432  437  427  455  485  501
 [91]  562  533  528  597  603  600  611  702  691  667  721  696  746  727  776
[106]  831  916  933  885  929  986 1031 1101 1129 1121 1239 1257 1343 1347 1407
[121] 1388

[[87]]
  [1]   10    9   14   12    9    9    9   19   23   16   16   19   19   21   27
 [16]   25   23   18   20   22   22   19   32   35   32   27   25   29   43   37
 [31]   44   41   38   33   37   40   41   58   69   64   91   87   72  110  109
 [46]  107  115  115  126  123  112  120  117  137  124  143  157  157  137  158
 [61]  172  177  173  182  187  232  211  206  222  218  239  250  241  262  313
 [76]  322  333  304  318  346  343  360  369  392  387  414  435  437  458  473
 [91]  488  530  540  531  551  561  626  655  705  733  810  807  821  819  878
[106]  987 1018  942  988 1122 1159 1097 1102 1234 1319 1382 1420 1421 1452 1568
[121] 1731

[[88]]
  [1] 10  8  7  7  9 16 12 14 11  8  7 14  9 14 14 18 13 16 16 19 12 15  8  6  6
 [26]  6 17 17 12  9  8  5  4  5  3  8 10  6  5  4  3  4  3  1  0  0  0  0  0  0
 [51]  0  0  0  0  0  0  0  0  0  0  0  0  0  0  0  0  0  0  0  0  0  0  0  0  0
 [76]  0  0  0  0  0  0  0  0  0  0  0  0  0  0  0  0  0  0  0  0  0  0  0  0  0
[101]  0  0  0  0  0  0  0  0  0  0  0  0  0  0  0  0  0  0  0  0  0

[[89]]
  [1]  10  17  13  11   9   8   6   7   4   3   3   3   2   5   2   1   1   1
 [19]   1   1   7   3   1   1   7   5   3   3   3   8  11   8   8   7   6   6
 [37]  12   5   5   4   4   8  20  12   9  16  13  10  10   8   5   8  15  16
 [55]  11  10  16  12  12  10  10  14  11  12  11  11  16  14  16  13  19  14
 [73]  20  25  22  15  25  26  20  20  23  30  29  30  34  29  32  36  42  56
 [91]  43  44  47  51  54  65  60  70  98  71  62  66  97 102 101 102  81  63
[109]  81  71  95  98 100 116 112 114 119 126 122 117 118

[[90]]
  [1] 10 13  9  8  6  5 11 19 22 15 13 10 13 10  9  5  4  7 14  7  7  8  5  5  4
 [26]  4  3  3  3  2  0  0  0  0  0  0  0  0  0  0  0  0  0  0  0  0  0  0  0  0
 [51]  0  0  0  0  0  0  0  0  0  0  0  0  0  0  0  0  0  0  0  0  0  0  0  0  0
 [76]  0  0  0  0  0  0  0  0  0  0  0  0  0  0  0  0  0  0  0  0  0  0  0  0  0
[101]  0  0  0  0  0  0  0  0  0  0  0  0  0  0  0  0  0  0  0  0  0

[[91]]
  [1] 10  7  7  6  5  5  5  4  4 15 16  8  7  7  8  8  6  4  4  4  4  2  2  4  2
 [26]  2  2  2  2  2  7  3  3  2  2  0  0  0  0  0  0  0  0  0  0  0  0  0  0  0
 [51]  0  0  0  0  0  0  0  0  0  0  0  0  0  0  0  0  0  0  0  0  0  0  0  0  0
 [76]  0  0  0  0  0  0  0  0  0  0  0  0  0  0  0  0  0  0  0  0  0  0  0  0  0
[101]  0  0  0  0  0  0  0  0  0  0  0  0  0  0  0  0  0  0  0  0  0

[[92]]
  [1] 10 11 13 17 14 15  9 11  7  7  5  5  8 16 13 18 14 14 11 23 20 23 17 11  9
 [26]  6  8 11  6  6  8 11 23 16 13 13 21 16 12 16 18 14 26 29 31 24 16 12 18 23
 [51] 20 18 14 12 13 18 15 17 16 13  9  8 12 15  8  7 11 18 11  8  7  6  6  6 15
 [76] 15 14 14  9  5  8  6  5  5  6  5 15 10  8  7  6 10 10 14  5  4  4  4  3  5
[101]  8  3  3  2  2  1  1  0  0  0  0  0  0  0  0  0  0  0  0  0  0

[[93]]
  [1] 10 15 20 12  9  7 11  4  4  3  6  4  2  1  1  6  2  2  2  2  2  6  4  4  7
 [26]  6  3  5 11 12 11  8  7 15  9 15 15 18 13  9  9  7 19 22 22 22 17 13 27 21
 [51] 10 11  8 11 13  8  6  6  6 10 15  9  8  9 13 15 14 13 15 14 12 32 29 37 35
 [76] 54 62 53 49 39 59 58 68 53 54 89 60 71 53 54 54 62 65 61 59 77 79 71 58 61
[101] 67 80 61 67 71 85 73 79 88 84 97 84 83 91 95 82 85 97 97 98 83

[[94]]
  [1]   10    6    6   11   13   10   10   13   15   12   17   26   18   17   21
 [16]   17   15   32   31   27   33   27   38   45   53   44   29   34   28   36
 [31]   50   36   38   45   34   41   34   41   58   76   76   59   58   64   89
 [46]   68   79   76   68   59   65   77   94   82   65   76   82   69   90   82
 [61]   85  116  124  124  109  130  144  149  147  154  148  129  134  158  190
 [76]  200  193  193  179  209  214  191  192  208  208  201  211  241  271  300
 [91]  300  264  262  298  318  361  401  380  376  366  396  455  497  482  497
[106]  531  549  581  596  631  688  725  783  797  881  897  955  976 1009 1056
[121] 1098

[[95]]
  [1]   10    6    5    5    5   12    8    8    6    5    9    7   10    4    4
 [16]    4    6   10    8    5    4    9    7    6   10   16   18   13   10   16
 [31]   24   17   34   33   37   39   32   39   54   48   36   29   30   57   49
 [46]   54   53   54   73   92   91  101  100   93  104  113  102  117  136  145
 [61]  142  153  176  182  173  164  163  195  241  216  214  241  252  275  289
 [76]  294  271  311  313  324  301  312  348  345  354  402  411  403  377  468
 [91]  468  455  484  484  480  495  534  549  594  589  631  638  692  692  752
[106]  720  762  798  853  882  895  943  989 1058 1022 1030 1085 1118 1250 1226
[121] 1291

[[96]]
  [1]   10   17   23   26   26   21   18   17   17   26   30   31   39   29   34
 [16]   39   33   26   54   53   52   46   55   49   56   77   66   72   67   78
 [31]   87   98  100  104   96  107  139  127  133  123  145  139  163  155  182
 [46]  210  206  219  215  232  231  242  218  244  252  273  299  285  324  349
 [61]  336  369  399  464  449  438  430  444  485  490  505  545  558  622  644
 [76]  691  758  780  786  802  872  956  915  861  921  967 1035 1003 1040 1098
 [91] 1115 1113 1243 1331 1397 1432 1492 1478 1570 1712 1604 1721 1808 1798 1820
[106] 1922 1954 2153 2312 2286 2452 2492 2609 2808 2946 3084 3191 3388 3517 3560
[121] 3671

[[97]]
  [1]  10  10   8   5   5  19  14  14  13   9  11  13  17  17  23  24  22  19
 [19]  16  24  27  27  23  30  21  18  22  26  16  16  20  19  21  20  13   8
 [37]   6   6  11  12  11  15  13  13  22  20  18  18  27  22  21  42  33  42
 [55]  44  38  32  40  43  54  41  44  50  55  49  61  47  59  62  89  74  84
 [73]  73  65  72  87  93  94  83  86  97  95 142 145 165 151 144 162 169 185
 [91] 193 200 202 191 200 206 219 233 218 202 241 270 291 267 266 302 339 371
[109] 363 363 382 438 461 467 467 545 585 556 565 632 661

[[98]]
  [1]  10  15  12  15  13  16  14  10   8  11  22  26  20  15  14  26  26  26
 [19]  39  32  28  22  29  22  28  30  44  47  58  66  66  67  54  61  52  49
 [37]  48  57  66  73  68  60  54  70  73  74  95  74  78 102 114 122 111 112
 [55] 133 140 110 105 125 155 126 111 105 114 127 114  87  92  84  96 117 132
 [73] 125 141 145 149 161 164 138 155 167 168 157 180 170 186 154 155 162 180
 [91] 216 200 197 181 216 215 220 228 259 252 242 263 277 285 335 334 357 372
[109] 399 417 434 485 461 532 565 561 575 576 623 692 753

[[99]]
  [1]  10  13  11   9   9  14  11  10   9   8   7  20  22  29  23  17  12  13
 [19]  19  19  20  17  11   8  11  24  26  21  16  14   8   7  10   7  10   9
 [37]  15  13  22  14  13  11  14   8   8  16  21  31  32  34  45  32  29  35
 [55]  38  34  23  24  22  36  32  38  32  30  48  46  34  33  36  32  42  40
 [73]  35  41  42  39  44  41  63  74  77  79  74  88 107 115 124 136 140 143
 [91] 152 152 166 171 177 186 174 204 206 204 238 236 234 220 252 272 258 245
[109] 247 295 302 309 349 324 313 326 360 373 386 412 422

[[100]]
  [1]  10  13  23  23  15  18  22  27  38  37  30  35  29  17  19  30  34  26
 [19]  19  26  38  40  38  29  33  35  37  34  35  37  30  33  31  27  30  36
 [37]  26  45  31  45  51  75  62  52  54  54  67  73  67  79  88  78  70  83
 [55]  88 106  82  90  82  91 104 105  97 115 112 110 121 136 137 126 141 126
 [73] 130 142 133 146 173 193 202 195 198 214 230 252 244 253 239 264 272 298
 [91] 322 304 296 271 329 337 296 292 328 310 353 347 379 411 432 398 428 472
[109] 486 452 504 549 531 503 479 534 567 645 670 688 726

[[101]]
  [1]  10  11   8   7   6   6  16  18  19  12  11   8   8  16  17  18  22  18
 [19]  17  12  20  30  28  25  33  37  37  32  37  47  47  38  46  48  40  41
 [37]  48  39  42  46  35  38  40  47  43  57  50  50  45  53  58  55  40  29
 [55]  39  36  45  55  56  53  37  36  45  55  47  64  55  41  48  51  51  53
 [73]  53  76  72  76  63  89  87  76  70  83  78  92  72  88  94  98  85 108
 [91]  95  94 100  92  91  95  81  75  83  94  85  98 109 103  94 116 101 145
[109] 144 154 150 167 182 206 218 233 216 233 224 238 240

[[102]]
  [1]   10   20   15   10    8    6   11   16   22   24   24   21   22   24   35
 [16]   32   29   30   30   27   32   40   35   38   40   41   56   61   68   51
 [31]   65   54   66   89   73   99  103  122   96  107  121  130  135  134  142
 [46]  153  168  169  164  192  186  166  190  183  189  189  202  207  230  229
 [61]  278  298  283  291  315  294  311  396  373  362  345  356  418  441  492
 [76]  513  524  568  602  626  645  623  636  683  691  704  720  775  856  834
 [91]  905  953  930  886 1000  998  998 1078 1166 1232 1289 1248 1316 1308 1344
[106] 1442 1541 1663 1699 1697 1781 1828 2022 2013 2045 2219 2314 2315 2388 2598
[121] 2622

[[103]]
  [1] 10 11 10  4  3  2  2  2  7  5  5  4  4  8  3  5  2 10  9  6  6  6 11  7  5
 [26]  5  4  5  7  9  6  6 10  5  8 10  4  4  4  3  7 11 10  8  6  4  3  3  2  2
 [51]  1  1  1  1  1  1  0  0  0  0  0  0  0  0  0  0  0  0  0  0  0  0  0  0  0
 [76]  0  0  0  0  0  0  0  0  0  0  0  0  0  0  0  0  0  0  0  0  0  0  0  0  0
[101]  0  0  0  0  0  0  0  0  0  0  0  0  0  0  0  0  0  0  0  0  0

[[104]]
  [1]  10   9   6  12  14  10   9  14  14  21  13   9   8   6   6   5   4  10
 [19]  10   7   7  19  22  17  19  22  23  26  35  47  29  36  48  51  43  37
 [37]  37  44  48  44  54  60  64  56  61  61  68  53  67  85  91  79  68  67
 [55]  78  85  89  91  87  82  94 113  83  72  79  75  86  88 100  98 103 110
 [73] 120 121 124 137 132 125 145 144 162 171 174 183 199 213 235 234 230 220
 [91] 236 203 241 273 264 267 284 306 324 338 342 359 410 400 400 431 520 527
[109] 530 511 548 574 581 642 641 661 743 798 809 798 805

[[105]]
  [1] 10  7  6  5  4  4  3  3  3  6 10  6  5  4  8  5  3  3  8  4  6  3  5  3  3
 [26]  2  2  2  3  1  0  0  0  0  0  0  0  0  0  0  0  0  0  0  0  0  0  0  0  0
 [51]  0  0  0  0  0  0  0  0  0  0  0  0  0  0  0  0  0  0  0  0  0  0  0  0  0
 [76]  0  0  0  0  0  0  0  0  0  0  0  0  0  0  0  0  0  0  0  0  0  0  0  0  0
[101]  0  0  0  0  0  0  0  0  0  0  0  0  0  0  0  0  0  0  0  0  0

[[106]]
  [1]   10   19   17   15   18   22   15   15   15   28   33   22   26   33   31
 [16]   30   30   35   22   18   21   26   30   24   42   39   37   47   57   60
 [31]   79   79   78   79   77   67   64   90  108  104   96  106  119  105  134
 [46]  135  135  121  128  127  162  144  132  145  190  244  248  242  243  259
 [61]  303  291  305  318  301  311  290  330  349  355  361  364  373  338  357
 [76]  376  390  410  446  488  505  570  657  669  675  684  659  719  803  907
 [91]  901  860  903  936  996 1028 1064 1043 1048 1177 1208 1228 1291 1336 1339
[106] 1436 1582 1631 1723 1901 1936 1924 1940 2118 2167 2341 2489 2591 2590 2689
[121] 2983

[[107]]
  [1]   10   10   21   22   14   10   18   16   12   11   21   15   21   18   23
 [16]   15   22   29   29   21   23   46   39   52   37   47   46   56   68   67
 [31]   55   46   42   53   55   59   59   58   49   65   66   94  110   93   92
 [46]   98   96  123  119  129  129  118  118  165  137  148  146  174  178  167
 [61]  191  196  231  236  239  225  224  218  244  255  285  290  291  286  355
 [76]  363  361  334  390  419  434  413  449  502  515  563  525  547  602  605
 [91]  720  734  738  795  845  972 1003 1015 1009  953 1001 1130 1211 1157 1155
[106] 1192 1292 1407 1436 1466 1533 1595 1628 1708 1756 1841 1859 2033 2173 2256
[121] 2342

[[108]]
  [1]  10  21  17  17  12  22  13  15  19  23  29  31  32  28  26  26  29  30
 [19]  25  24  19  34  35  27  28  27  25  31  28  34  33  29  25  25  22  38
 [37]  45  53  44  53  46  43  56  44  50  53  54  57  43  61  94  91  83  77
 [55]  81 109  98 114 103 100 106 109  94 104 105 134 164 185 159 164 172 145
 [73] 139 145 142 151 159 151 168 172 166 153 168 165 163 178 188 216 239 215
 [91] 200 225 217 232 218 257 290 270 287 277 256 288 323 336 369 365 401 386
[109] 381 458 452 519 579 573 554 546 613 601 692 753 825

[[109]]
  [1]   10    8    7    8    8   14   16   14   12   23   20   24   19   12   16
 [16]   18   33   34   39   34   41   33   39   58   64   51   54   54   61   58
 [31]   74   78   71   65   75   81   78   74   99   87   93  100  133  150  135
 [46]  138  136  147  126  142  174  168  171  165  156  161  187  220  215  231
 [61]  243  233  259  264  295  322  331  351  324  338  354  327  362  361  361
 [76]  422  444  411  452  486  490  485  507  605  560  601  650  608  601  650
 [91]  773  822  773  815  807  854  903  917  949  979 1003 1065 1216 1324 1273
[106] 1285 1386 1398 1472 1517 1600 1692 1761 1728 1782 1920 1985 1994 2057 2262
[121] 2310

[[110]]
  [1]   10   17   12   14   15   17   12   18   18   15   18   34   26   24   31
 [16]   33   30   33   32   27   35   31   46   41   41   43   41   46   51   77
 [31]   62   65   74   77   72   81   81   81   88  105  119   89  100  104  125
 [46]  121  139  136  147  155  177  166  170  147  172  191  205  181  183  162
 [61]  192  197  201  212  220  235  246  293  297  306  318  327  340  382  403
 [76]  414  394  403  375  423  400  434  438  517  523  513  576  589  566  608
 [91]  595  619  627  660  689  674  661  681  776  786  745  779  870  929  972
[106] 1007 1047 1085 1126 1145 1180 1310 1351 1444 1481 1522 1529 1586 1690 1814
[121] 1853

[[111]]
  [1]  10  13   9  10   5   8  11  12   8  13  13  15  15   9   7   6   5   9
 [19]   8   7  13  14  17  13  19  15  17  24  22  34  36  28  19  31  28  32
 [37]  29  26  22  25  22  23  25  18  16  17  15  21  11  26  27  24  23  21
 [55]  19  25  17  24  25  18  25  33  38  32  29  27  27  27  36  37  36  37
 [73]  31  37  57  47  40  52  63  73  60  75  86  84  99  94  87  86 108 131
 [91] 126 116 158 129 126 143 177 173 212 210 198 189 226 285 284 277 285 280
[109] 283 344 389 395 404 391 418 470 531 518 556 532 560

[[112]]
  [1]   10   13   17   20   15   15   16   24   22   18   13   33   25   25   14
 [16]   14   12   18   22   13   23   22   31   30   28   17   14   14   20   28
 [31]   25   23   18   12   11   15   14   21   29   32   39   33   40   49   42
 [46]   43   48   49   58   56   75   78   68   70   75  106   94   98  118  141
 [61]  118  136  133  143  155  152  143  164  161  139  157  160  193  206  213
 [76]  202  216  215  212  253  283  306  300  296  298  318  335  341  342  375
 [91]  363  399  436  386  412  429  504  532  536  558  571  589  620  659  740
[106]  720  719  755  750  822  901  887  883  892  910  936 1075 1162 1125 1136
[121] 1127

[[113]]
  [1] 10  6  6 17 11 12  7  9  6  3  3  3  3  3  2  2  2  1  0  0  0  0  0  0  0
 [26]  0  0  0  0  0  0  0  0  0  0  0  0  0  0  0  0  0  0  0  0  0  0  0  0  0
 [51]  0  0  0  0  0  0  0  0  0  0  0  0  0  0  0  0  0  0  0  0  0  0  0  0  0
 [76]  0  0  0  0  0  0  0  0  0  0  0  0  0  0  0  0  0  0  0  0  0  0  0  0  0
[101]  0  0  0  0  0  0  0  0  0  0  0  0  0  0  0  0  0  0  0  0  0

[[114]]
  [1]  10  16  11  12   9  11   7   5   3   7   3   2   2   3   9   4   4   4
 [19]   4  13  18  20  15  20  15  17  16  13  11  15  17  29  33  32  31  38
 [37]  42  47  43  38  43  51  65  52  55  64  74  58  56  48  49  47  65  65
 [55]  78  68  76  82  74  85  81  76  80 111 107 125 124 121 120 145 155 148
 [73] 166 161 164 144 139 135 154 144 164 138 169 169 183 197 211 203 266 255
 [91] 251 229 244 249 299 319 309 317 343 364 417 427 446 452 456 446 468 513
[109] 589 603 636 670 655 660 681 743 742 810 857 910 921

[[115]]
  [1] 10 13  8  7  7  9  9  6 14 16  7 12 10 10  8 15 11 20 20 14 15 12 11 13 11
 [26] 15 15 14 17 15 11 14 13 14 11  7  5  4  6  5  9 13  9 14 26 17 17 19 19 24
 [51] 19 18 17 13 12 24 18 15 14 14 12 18 11  8 12 14 13 13 16 20 22 15 13 13 16
 [76] 10 16 13 11 17 10  7 12  7  6  3  9  7 13 15 16  9 12 10  7  7  7  6  6  7
[101] 10  8 10 14 10  7  7 18 16  9  7 11 16 10  8  8  7  6  6  5  4

[[116]]
  [1]  10  16  13  14  10  10   9  14  16  14  17  12  21  18  19  17  24  27
 [19]  34  34  35  37  40  44  35  37  26  32  41  53  55  49  50  51  57  67
 [37]  67  78  71  70  63  67  79  63  82  82  84  73  69  87  90  93  97  97
 [55] 113 103  97  97  91  84  94  87  69  83  90  93 116 136 118 122 136 141
 [73] 127 136 136 143 147 168 153 155 142 134 159 171 166 185 176 206 239 234
 [91] 214 251 292 282 321 312 329 319 333 338 339 353 390 413 389 398 425 462
[109] 476 466 457 475 516 507 537 529 556 553 651 641 650

[[117]]
  [1]  10  13   9   7  11  20  14   8   6   4   5  13  10  16  10   8   5   4
 [19]   3   3   2   2   2   2   2   2   2   8   4   3   3   2   5   4   3   3
 [37]   3   3   3   2   2   6   4   3   3   6   4  10  14  17  11   9   9  19
 [55]  18  19  15  12  10   7   5   4  13  16  11   9  14  10  10  10  24  21
 [73]  27  20  18  18  16  16  18  21  21  23  19  17  23  24  29  26  35  25
 [91]  19  17  33  26  29  41  46  29  34  33  51  48  50  57  51  68  66  57
[109]  47  55  80 114 117 109 114 139 114 123 110 143 139

[[118]]
  [1]   10   14   10   10    9   12   17   29   27   33   36   39   31   40   64
 [16]   61   65   60   55   63   69   71   62   72   67   63   85   83  102   90
 [31]   88  105  111  102   81   86  104   84  105  128  123  123  124  157  166
 [46]  170  158  159  183  217  212  181  196  206  207  183  215  229  283  266
 [61]  259  278  310  332  325  384  401  381  378  415  473  499  523  538  558
 [76]  560  616  649  648  665  667  637  673  733  785  784  763  839  896  998
 [91] 1037 1104 1144 1124 1205 1246 1202 1399 1491 1487 1485 1524 1603 1789 1794
[106] 1868 1911 2039 2076 2182 2279 2363 2422 2557 2658 2781 2875 2915 3172 3307
[121] 3464

[[119]]
  [1]  10  15   9   7   6  18  14  18  21  13  11  14  10  11  22  15  16  17
 [19]  17  20  13  21  20  29  26  15  19  12  23  18  23  31  30  29  34  33
 [37]  38  39  34  32  30  42  36  38  35  33  38  56  51  48  56  69  59  61
 [55]  60  60  81  74  73  75  72  77  94  82  96 101 105 107 110 103 104 114
 [73] 112 100 132 137 153 129 139 160 185 157 162 180 194 197 179 212 233 248
 [91] 262 255 267 272 264 324 334 320 374 365 371 410 447 483 480 476 514 522
[109] 524 514 534 600 622 643 654 728 694 704 762 797 843

[[120]]
  [1]  10  12   7   7   5   9  14  13  16  17  16  12  17  14  11  27  20  33
 [19]  34  23  25  24  34  22  47  46  45  42  41  48  45  48  52  38  32  36
 [37]  48  58  56  47  41  38  47  51  64  48  46  61  49  65  71  73  57  64
 [55]  52  52  49  71  70  80  70  67  87  81  75  70  77  82  77  75  92  99
 [73]  99 112 123 153 138 154 172 188 180 182 209 217 220 222 203 207 248 247
 [91] 249 268 283 260 266 262 265 270 313 335 342 375 367 402 395 394 410 390
[109] 397 405 369 389 450 475 460 506 514 546 531 512 533

[[121]]
  [1]  10  15  14  12  17  13   9   7   5   9   7   6  21  16  18  22  27  24
 [19]  17  22  23  21  24  29  22  27  39  30  32  49  49  47  45  44  45  53
 [37]  56  46  31  52  49  39  42  49  35  45  53  59  50  40  49  42  41  41
 [55]  44  35  27  35  30  46  55  63  69  72  69  74  76  79  70  76 100  87
 [73]  88 103 105 131 139 142 157 164 143 155 171 171 182 204 205 219 234 246
 [91] 217 241 288 294 286 300 299 311 377 343 377 396 410 414 453 443 480 500
[109] 450 506 611 602 571 565 628 661 631 626 653 659 670

[[122]]
  [1]  10  18  12  24  22  26  18  21  26  17  18  13  13  16  10  15  11  14
 [19]  17  15  18  25  27  22  17  21  27  26  17  15  15  28  26  19  14  12
 [37]  22  24  20  16  24  30  26  20  30  22  32  33  27  26  29  33  24  20
 [55]  27  43  36  43  41  36  42  42  35  42  42  43  53  66  77  72  62  57
 [73]  60  57  61  74  85  75  76  75  82  73  72  88  69  73  81  65  88  80
 [91]  87  88  97  71  71  86 107 151 133 112 123 110 121 174 154 154 182 186
[109] 203 197 222 209 212 217 243 241 234 256 290 305 325

[[123]]
  [1]  10  19  10  11   9  10  10   8   7   6   6   5   4  14  13  10   9   7
 [19]   8   6   8  16  16  11  10  10  16  10   8   4  10   7   7   6  14  20
 [37]  23  19  31  26  24  31  32  37  47  41  41  35  39  35  46  63  73  73
 [55]  71  71  77  86  74  75  73  57  85  82  93 118 113 115 109 134 128 130
 [73] 146 151 137 162 171 183 204 175 173 186 195 218 201 203 222 227 236 233
 [91] 234 227 259 253 265 255 286 302 319 323 352 340 355 370 369 365 392 442
[109] 463 438 469 495 523 553 586 602 593 596 660 717 742

[[124]]
  [1]   10   18   17   13    7    8    7    5    9    6    4    5    3    3    3
 [16]    3    6    9   10   14   17   21   14   24   31   25   37   39   38   60
 [31]   60   46   35   31   42   45   61   57   44   44   50   64   56   62   62
 [46]   86   78   65   61   79   70   84   93   93   94   88   94   89  102  103
 [61]   87   84   98  108  110  103  141  156  159  155  158  157  158  180  220
 [76]  209  198  215  224  222  217  255  256  247  239  280  302  279  279  302
 [91]  335  367  375  368  388  428  455  504  483  514  531  542  540  661  677
[106]  669  645  690  739  776  816  855  875  906  919  973 1009 1081 1143 1122
[121] 1158

[[125]]
  [1]   10   19   14   15   12   13   10   16   17   27   18   21   15   21   24
 [16]   34   33   56   57   51   54   63   62   66   61   90   92   96   94   82
 [31]   78   96  112   97   95  115   94  112  131  130  126  129  128  148  158
 [46]  143  144  151  139  138  153  129  146  133  139  146  161  188  189  172
 [61]  187  172  190  210  195  190  239  243  264  268  274  254  242  254  284
 [76]  346  355  397  364  361  363  401  420  437  437  438  424  469  483  497
 [91]  517  559  594  630  652  636  693  741  809  846  862  891  903  941 1048
[106]  994 1067 1128 1118 1140 1213 1266 1271 1416 1495 1581 1597 1659 1693 1722
[121] 1862

[[126]]
  [1]   10   16   11   17   16   15   18   12   15   16   13   18   20   27   25
 [16]   19   23   24   30   37   42   33   41   48   57   54   48   43   48   56
 [31]   80   63   54   44   57   53   65   87   97   95   93   83   90  100   99
 [46]   89  112  147  151  153  180  171  206  193  190  189  202  207  186  191
 [61]  205  205  212  239  264  281  289  289  312  300  340  364  369  369  396
 [76]  380  392  398  421  462  451  481  486  485  491  540  575  592  612  669
 [91]  670  679  708  782  860  856  773  902  938 1008 1115 1118 1157 1209 1277
[106] 1287 1319 1424 1422 1448 1518 1529 1566 1636 1680 1832 1848 1968 1950 2050
[121] 2218

[[127]]
  [1] 10 15 12 10 10  8 13 11  9  5 14 13 14 12 11 24 16 18 12 22 22 16 20 19 23
 [26] 15 12 12 20 16 23 17 21 18 13 15 23 33 22 17 12 21 20 14 11  8 11  6  7  2
 [51]  2  2  4  4  2  2  1  1  1  1  1  1  8 10 10  8  7 10 10 17 19 19 18 17 29
 [76] 17 17 14 12 10 27 19 24 17 17 24 23 22 13 12  8 18 14 10  3  3  2  2  0  0
[101]  0  0  0  0  0  0  0  0  0  0  0  0  0  0  0  0  0  0  0  0  0

[[128]]
  [1]   10   17   14   10    7    7    8    9   11   13   18   13   24   19   16
 [16]   14   12   23   27   33   28   20   31   24   25   34   42   47   47   51
 [31]   56   56   53   63   71   68   73   74   77   76   82   93   96   99  108
 [46]  123  142  143  147  161  204  195  174  215  197  187  184  230  237  241
 [61]  230  231  229  233  282  321  300  325  297  272  289  357  367  363  421
 [76]  417  401  440  494  513  565  583  552  592  624  645  647  650  633  710
 [91]  711  757  811  847  849  912  942  944 1006 1046 1091 1142 1143 1210 1336
[106] 1377 1335 1535 1610 1698 1773 1813 1874 2040 2072 2090 2054 2194 2293 2391
[121] 2484

[[129]]
  [1]   10   12    8   12   17   23   20   24   15   22   14   16   14   16   12
 [16]   19   34   29   25   25   32   37   35   36   44   48   52   41   39   50
 [31]   57   72   76   60   59   71   72   66   89   79   73   77   93   90   88
 [46]   80   80   88  109  130  139  130  120  131  125  159  186  185  186  201
 [61]  222  214  236  210  222  237  231  261  280  273  251  268  327  300  310
 [76]  333  344  323  355  351  387  413  387  402  445  445  520  511  503  538
 [91]  530  558  573  594  602  580  641  657  683  689  759  785  800  878  862
[106]  881  973 1033 1038 1116 1153 1154 1232 1273 1297 1263 1407 1474 1432 1521
[121] 1583

[[130]]
  [1] 10  6  9  5  9  7 13 12  9  5  5  5  4  3 10 12 10  9  8 12  9  8  6  6  9
 [26] 12  6  9 10 14  9  8  5  3  2  2  2  1  0  0  0  0  0  0  0  0  0  0  0  0
 [51]  0  0  0  0  0  0  0  0  0  0  0  0  0  0  0  0  0  0  0  0  0  0  0  0  0
 [76]  0  0  0  0  0  0  0  0  0  0  0  0  0  0  0  0  0  0  0  0  0  0  0  0  0
[101]  0  0  0  0  0  0  0  0  0  0  0  0  0  0  0  0  0  0  0  0  0

[[131]]
  [1]  10  10  12   7   7  14  14   9   8   7   9   8   6   4   3   3  12   8
 [19]   5   4   7  14   9   8  12  17  11  15  19  18  13  10   9   8  11  23
 [37]  29  34  25  22  28  34  43  34  37  42  43  38  34  40  48  48  48  55
 [55]  53  46  54  46  50  55  72  87 101  86  86  84 107  97 106 107 115  93
 [73] 113 143 149 134 116 141 145 142 143 121 111 111 119 130 128 133 123 104
 [91] 144 140 132 125 156 136 164 164 136 144 169 157 188 168 159 173 201 211
[109] 213 214 207 216 242 205 253 241 258 245 278 267 301

[[132]]
  [1]  10   8  12   7   7   7   9   6  10   9   9   8  13  17  20  20  28  33
 [19]  34  25  24  19  22  20  26  19  26  26  20  33  23  18  17  22  26  21
 [37]  26  31  24  19  28  36  34  37  39  39  39  35  39  46  38  38  38  39
 [55]  28  29  33  28  40  47  44  60  55  58  60  58  78  97  82  87  79 101
 [73]  90  84 100 117 136 118 130 132 129 154 156 176 180 205 194 210 236 237
 [91] 206 219 221 222 246 242 272 261 279 259 276 267 303 353 409 372 374 386
[109] 438 441 472 473 497 537 555 551 570 576 674 667 681

[[133]]
  [1]   10    6   11   13    9    7    7    7    8   23   17   14   18   24   26
 [16]   30   37   29   35   37   42   40   31   27   34   40   41   50   49   57
 [31]   59   48   56   52   47   46   50   60   68   67   64   55   62   71   78
 [46]   78   99  117  120  128  142  147  170  172  161  162  176  188  186  169
 [61]  156  167  165  198  200  184  217  244  262  260  240  259  278  285  307
 [76]  325  324  369  418  418  398  407  389  411  448  500  502  551  571  545
 [91]  557  606  668  702  692  734  827  909  864  938  969 1004 1064 1161 1210
[106] 1333 1314 1365 1415 1485 1536 1656 1692 1716 1792 1865 1887 1958 1992 1996
[121] 2234

[[134]]
  [1]  10  10   9   7   5  10  13  20  24  16  13  15  29  31  27  21  22  23
 [19]  17  14  17  17  18  17  24  25  28  43  26  41  37  36  32  35  36  35
 [37]  27  34  38  35  31  32  40  26  23  47  45  59  48  51  38  31  40  33
 [55]  31  30  24  31  35  47  41  34  43  34  39  54  45  43  47  40  38  52
 [73]  70  73  81  67  52  59  70  60  57  50  66  66  71  73  76  67  92  90
 [91] 111 128 113 112 128 151 154 154 166 199 187 212 200 195 235 257 269 293
[109] 274 280 295 294 325 361 369 396 412 423 444 480 505

[[135]]
  [1]   10   14   26   14   14    9    9   24   26   26   25   29   24   32   32
 [16]   23   23   29   39   48   46   31   27   35   47   49   48   64   65   46
 [31]   42   38   58   53   62   59   62   64   59   66   63   51   55   57   66
 [46]   67   63   51   59   67   60   72   88   73   69  105  101  114  103   99
 [61]   98  115  106  134  137  127  151  152  173  173  193  212  199  201  229
 [76]  209  233  213  251  243  232  248  267  296  298  316  319  361  389  437
 [91]  470  458  479  507  480  501  544  530  535  602  624  691  664  712  758
[106]  793  809  889  925  957 1058 1097 1085 1117 1153 1121 1296 1303 1349 1436
[121] 1457

[[136]]
  [1]  10   7  16  16  10  15  17  20  14  15  19  12  10  10  14  12  11  13
 [19]  17  18  11  29  39  33  29  34  29  23  37  30  38  37  26  29  27  32
 [37]  26  21  18  23  24  26  16  23  24  33  33  40  34  32  37  44  54  38
 [55]  34  32  39  52  50  58  53  50  46  45  47  70  73  56  47  42  48  46
 [73]  61  55  51  66  90  82  78  63  73  93  97 103 116  94  90  96 113 116
 [91] 127 124 118 130 127 114 119 145 164 170 174 154 175 177 179 198 223 239
[109] 231 225 224 225 272 280 308 309 345 343 324 365 391

[[137]]
  [1]  10   6   8   6   8   6   4   2   2   2   2   2   2   2   2   2   4   6
 [19]   5   3   3   3   3   2  10   5  16  11   5   5   8  12  15  11   9   9
 [37]  21  18  17   9   9   8  12   8  13   9   9   8   7   6   6  12  12  13
 [55]  11  20  11   9   8  12  24  21  21  17  16  19  30  34  30  42  51  37
 [73]  38  39  41  39  35  44  52  48  53  39  37  60  54  52  49  42  45  66
 [91]  51  73  69  88 101  99  95 113 132 114 108 104  93 117 141 139 129 135
[109] 123 121 146 126 156 154 151 141 169 157 137 144 189

[[138]]
  [1] 10  6  5  9  6  6 14  6  5  5  8 15  8 11  7  7 14 11 15 13 10 12  9 10  6
 [26]  6  9  8  5  5  3  1  1  6  3  3  3  3  2  2  2  3  2  2  2  2  7  7  7  6
 [51]  5  5  5 12  8  8  8 13  7  5  4  9  6  5  4 12 12  8  5  5  4  2  2  1  1
 [76]  1  0  0  0  0  0  0  0  0  0  0  0  0  0  0  0  0  0  0  0  0  0  0  0  0
[101]  0  0  0  0  0  0  0  0  0  0  0  0  0  0  0  0  0  0  0  0  0

[[139]]
  [1]  10  15  14  14  14  18  15  16  19  14  18  14  12  11  11  46  40  30
 [19]  24  28  23  24  19  29  25  26  20  31  21  25  39  31  32  30  33  44
 [37]  42  46  33  32  41  40  30  36  26  49  56  38  36  41  44  41  39  35
 [55]  40  55  56  69  57  50  44  60  48  47  57  55  70  66  61  68  87  96
 [73]  83  82  74  73  77  66  72  81  88 103  87  84  89  91  94  77  99 104
 [91]  85  77  97 125 117 126 132 137 134 134 137 144 138 148 181 197 192 202
[109] 234 218 227 269 219 237 235 292 297 312 327 346 333

[[140]]
  [1] 10  7  4  2  2  2  2  2  2  5  6  2  2  2  2  2  1  1  1  5  1  1  0  0  0
 [26]  0  0  0  0  0  0  0  0  0  0  0  0  0  0  0  0  0  0  0  0  0  0  0  0  0
 [51]  0  0  0  0  0  0  0  0  0  0  0  0  0  0  0  0  0  0  0  0  0  0  0  0  0
 [76]  0  0  0  0  0  0  0  0  0  0  0  0  0  0  0  0  0  0  0  0  0  0  0  0  0
[101]  0  0  0  0  0  0  0  0  0  0  0  0  0  0  0  0  0  0  0  0  0

[[141]]
  [1]   10   13   12    7   13   18   21   19   15   19   17   21   20   18   19
 [16]   19   19   27   27   35   39   34   36   35   54   61   78   75   69   91
 [31]   82   87   76   83   74   93  110  112  138  132  149  164  158  149  159
 [46]  166  162  184  210  206  189  202  208  246  280  281  279  302  313  310
 [61]  376  370  359  362  353  373  391  414  389  415  430  484  477  485  517
 [76]  512  532  596  619  616  636  661  711  808  795  840  871  879  942  931
 [91]  962 1021 1020 1096 1106 1164 1237 1366 1334 1370 1398 1439 1580 1561 1618
[106] 1727 1822 1801 1865 1946 2082 2021 2147 2190 2277 2345 2451 2499 2633 2796
[121] 3051

[[142]]
  [1]   10   10    8    7    9   18   27   24   18   20   16   30   28   23   23
 [16]   18   20   15   13   29   32   30   33   27   36   36   34   36   40   57
 [31]   58   60   49   46   54   59   80   66   63   69   86   98  105  105   84
 [46]  118  140  149  155  163  143  138  150  157  194  181  163  184  216  254
 [61]  248  233  259  262  267  273  256  237  259  286  298  293  346  325  295
 [76]  289  262  321  355  336  333  362  368  411  375  383  402  431  442  470
 [91]  520  516  525  545  545  540  612  688  678  658  764  753  822  805  909
[106]  978  951  964  989 1046 1040 1116 1132 1171 1200 1303 1384 1471 1490 1582
[121] 1704

[[143]]
  [1]   10   19   15   12   16   20   16   17   25   29   21   27   33   33   26
 [16]   27   37   40   52   69   58   63   59   67   71   87   78   96   86   88
 [31]   95   90   93   97  116  115  106  114  101  116  136  182  152  148  179
 [46]  184  186  186  187  189  172  215  219  206  181  206  219  223  244  272
 [61]  268  294  312  340  321  368  351  388  448  395  390  339  397  419  441
 [76]  436  464  461  513  532  566  631  687  743  725  732  746  786  800  839
 [91]  902  946  985  973 1034 1021 1122 1176 1214 1292 1286 1358 1319 1387 1510
[106] 1571 1721 1766 1764 1919 1970 1993 2076 2066 2264 2435 2467 2566 2639 2770
[121] 2825

[[144]]
  [1]   10   13   14   31   22   23   21   15   21   22   23   24   22   25   35
 [16]   32   29   24   26   25   26   30   39   43   46   50   48   55   56   52
 [31]   44   44   52   43   45   67   60   65   61   86   70   69   83   99  123
 [46]  109  119  113  125  139  133  153  140  152  135  157  163  169  134  125
 [61]  147  150  166  164  151  169  164  206  207  184  214  228  226  245  245
 [76]  230  252  254  289  300  315  341  321  330  374  326  376  380  417  388
 [91]  432  434  388  426  462  474  523  548  589  628  584  630  738  755  793
[106]  828  877  904  993  994 1020 1032 1117 1156 1280 1337 1435 1479 1424 1519
[121] 1579

[[145]]
  [1]  10   7   4   6   3   3   3   3   3   3   2   2   2   2   1   1   1   1
 [19]   4   8   7   4   3   3   8   8   5   5   5  10  21  14  15  11  16  12
 [37]  25  20  23  18  22  21  13  18  10  10   9   7   6   6  13  10   8  12
 [55]   8   7   7  10   8   7   9   9  20  20  18  24  28  37  51  59  56  48
 [73]  46  53  67  63  66  51  47  57  66  76  68  80  83  92  80  87  88 116
 [91] 101 105 107 112 124 107 138 126 143 124 133 141 165 160 158 197 216 219
[109] 216 238 265 275 288 302 240 292 288 306 304 317 318

[[146]]
  [1]   10   11   13   13   13   15   12   12   11   10   21   24   13   25   25
 [16]   25   24   24   21   41   32   42   31   31   35   38   44   46   54   49
 [31]   41   59   62   45   47   53   59   69   73   84   83   69   86  100   92
 [46]   90   95   79   96   84  101  114  110  109  123  117  124  126  153  158
 [61]  172  200  229  219  238  236  264  285  296  313  357  328  329  351  363
 [76]  374  370  410  414  433  451  474  492  446  445  481  443  560  618  616
 [91]  657  680  705  734  775  749  753  811  830  871  902  978 1081 1087 1129
[106] 1120 1182 1310 1342 1393 1445 1476 1487 1486 1565 1769 1878 1852 1784 1875
[121] 1962

[[147]]
  [1] 10 17 13 12 16 20 29 20 17 11 14 17 14  8 12  8 12  4  4  8  6  5  5  4  2
 [26]  3  5  3  2  2  4  2  2  2  2  2  2  2  5  4  4  2  6  3  1  7  3  2  2  7
 [51]  2  2  2  2  2  9  5  3  3  2  2  2  2  2  2  8 11  7  4  2  1  7  5  4  4
 [76]  4  9  9 15 13 12 11 13 15 15 11 10  8  7  6 11 17 14 11  8 15 10 22 17 11
[101] 10 11  8 12  9  6 12  9 12 10 10  9 19 19 16 15 19 21 18 23 21

[[148]]
  [1] 10  5  4  3  3 10  7  5  5  4  4 10  5  5  4  4 13  9  7  7  4  4  5  3  1
 [26]  1  1  0  0  0  0  0  0  0  0  0  0  0  0  0  0  0  0  0  0  0  0  0  0  0
 [51]  0  0  0  0  0  0  0  0  0  0  0  0  0  0  0  0  0  0  0  0  0  0  0  0  0
 [76]  0  0  0  0  0  0  0  0  0  0  0  0  0  0  0  0  0  0  0  0  0  0  0  0  0
[101]  0  0  0  0  0  0  0  0  0  0  0  0  0  0  0  0  0  0  0  0  0

[[149]]
  [1]  10  11  13   8  15   9   9   9   4   9   7   5   8   5   4   3   9   4
 [19]   3   3   7  10   8   6   5  10  13   7   7   6   6   5   5   9  11  18
 [37]  11  11  10  10  11   9  12   9   9  16  17  20  12  14  11  18  31  29
 [55]  21  23  31  27  28  16  17  21  23  17  17  14  17  23  29  34  33  44
 [73]  54  40  50  70  80  82  82  89 100 104 113  93  97 110 129 129 137 141
 [91] 139 157 170 166 177 174 203 197 199 241 256 275 270 286 283 304 320 305
[109] 301 327 378 390 426 481 442 438 472 489 531 540 623

[[150]]
  [1]  10  15  10   8   8   7   5   4  10  11  10  11  14   8   7  10   6   4
 [19]   4   7   6  11   7   6  19  14   9   8   7   7  15  16  19  15  11  16
 [37]  11  21  28  33  24  27  25  33  22  32  36  34  34  32  24  21  35  46
 [55]  45  35  36  33  46  46  47  36  57  45  60  49  54  47  66  79  77  77
 [73]  58  76  69  72  85  70  67  71  87 106  96 101  98  93 100  92  99  88
 [91]  85  95 113 102  92  93 104 114 105 133 112 118 106 135 129 128 126 156
[109] 156 149 160 167 176 180 161 187 193 172 205 212 209

> save(reslist, file=paste("output",iter,".rda",sep=""))
> 
> 
> ###############################################################
> 
> 
> # Clear the workspace and turn off graphics.
> #  Load all the functions you need by sourcing the provided demographic.R file
> #  Read in the job number from the cluster. To do this, your code should include a new
> # variable iter and should start with the line:
> # iter <- as.numeric(Sys.getenv(PBS_ARRAY_INDEX))
> #  Control the random number seeds so that each parallel simulation takes place with a
> # different seed. Your function should therefore set the random number seed as iter so that
> # each parallel simulation has a unique random seed.
> #  In each parallel run, select the initial condition to be used. Ensure that 25 of the parallel
> # simulations are allocated to each of the initial conditions.
> #  Create a variable which is the filename to store your results. The end of the filename
> # should be the number iter to ensure that simulation files do not overwrite one another on
> # the cluster.
> #  Initialise a list which will contain the results of your 150 simulations.
> #  Call the stochastic_simulation function to do the appropriate simulation 150 times,
> # appending the output to the results list, and then save the results list.
> 
> #four initial conditions (25 cluster runs per)
> #each cluster run runs simulation 150 times
> #1) large population of 100 adults
> #2) small population of 10 adults
> #3) 100 individuals spread
> #4) small population of 10 individuals
> 
R has finished running

============================================

        Job resource usage summary 

                 Memory (GB)    NCPUs
 Requested  :         1             1
 Used       :         0 (peak)   0.75 (ave)

============================================
