R is about to run

R version 4.4.1 (2024-06-14) -- "Race for Your Life"
Copyright (C) 2024 The R Foundation for Statistical Computing
Platform: x86_64-conda-linux-gnu

R is free software and comes with ABSOLUTELY NO WARRANTY.
You are welcome to redistribute it under certain conditions.
Type 'license()' or 'licence()' for distribution details.

R is a collaborative project with many contributors.
Type 'contributors()' for more information and
'citation()' on how to cite R or R packages in publications.

Type 'demo()' for some demos, 'help()' for on-line help, or
'help.start()' for an HTML browser interface to help.
Type 'q()' to quit R.

> 
> 
> growth_matrix <- matrix(c(0.1, 0.0, 0.0, 0.0,
+ 0.5, 0.4, 0.0, 0.0,
+ 0.0, 0.4, 0.7, 0.0,
+ 0.0, 0.0, 0.25, 0.4),
+ nrow=4, ncol=4, byrow=T)
> 
> reproduction_matrix <- matrix(c(0.0, 0.0, 0.0, 2.6,
+ 0.0, 0.0, 0.0, 0.0,
+ 0.0, 0.0, 0.0, 0.0,
+ 0.0, 0.0, 0.0, 0.0),
+ nrow=4, ncol=4, byrow=T)
> 
> clutch_distribution <- c(0.06,0.08,0.13,0.15,0.16,0.18,0.15,0.06,0.03)
> 
> #=========================================================================================
> rm(list=ls())
> graphics.off()
> source("Demographic.R")
> source("kl2621_HPC_2024_main.R")
[1] 0 0 0 0 3
[1] 3 3 2 2 2
[1] 1 1
 [1] 7 4 4 2 2 2 2 2 2 2 2 2 2 2 2 2 2 2 2 1 1
> 
> 
> ###4 initial conditions
> 
> ############################################################
> 
> 
> 
> #VVVVVVVVVVVV-------------COMMENT ME OUT WHEN RUNNING THE THING
> #iter <- 5
> #VVVVVVVVVVV--------------UNCOMMENT ME OUT
> iter <- as.numeric(Sys.getenv("PBS_ARRAY_INDEX"))
> set.seed(iter)
> 
> 
> if (iter <= 25) {
+ initial_state <- state_initialise_adult(4,100) #100 adults
+ } else if (iter >25 && iter <= 50) {
+ initial_state <- state_initialise_adult(4,10) #10 adults
+ } else if (iter >50 && iter <= 75) {
+ initial_state <- state_initialise_spread(4,100) #100 spread
+ } else {
+ initial_state <- state_initialise_spread(4,10) #10 spread
+ }
> 
> reslist <- list()
> 
> ####100 cluster runs
> ###################################################
> ####150 runs of stochastic_simulation per cluster run
> for (i in 1:150) {
+     #################################
+     ###120 steps of stochastic_simulation per simulation
+     stochasticresult <- stochastic_simulation(initial_state,growth_matrix,reproduction_matrix,clutch_distribution,120)
+     reslist[[i]] <- stochasticresult
+     #################################
+ }
> ###################################################
> 
> print(reslist)
[[1]]
  [1]  10  11   8   7   6  13  16  16  21  17  16  14  13  19  14  10  14  18
 [19]  16  23  17  14  15  27  17  20  19  15  12  14  12  10  14  14  10   9
 [37]  12  17  17  30  24  26  41  39  37  27  34  34  30  38  42  45  48  48
 [55]  44  56  51  44  38  48  66  61  53  55  54  72  70  69  74  88  87 111
 [73] 124 128 122 122 116 128 137 138 114 122 131 151 184 180 166 177 201 202
 [91] 191 217 234 238 239 242 268 292 286 307 340 366 375 400 405 437 468 515
[109] 482 485 524 523 538 603 631 656 727 778 769 775 744

[[2]]
  [1]   10   13   11   13   11   22   16   17   13   19   15   15   14   18   14
 [16]   11   12   12   29   23   26   21   17   23   24   32   20   19   20   35
 [31]   34   36   24   17   16   13   18   39   30   31   27   25   28   42   54
 [46]   50   55   43   50   50   60   58   42   41   59   59   68   83   71   72
 [61]   61   72   86   95  113  134  107  133  149  191  157  184  187  243  227
 [76]  231  224  235  300  287  295  296  299  377  379  382  416  424  433  406
 [91]  451  499  528  545  543  523  576  569  572  623  651  650  671  703  728
[106]  780  761  741  803  875  827  842  903  949  967 1021 1035 1124 1135 1139
[121] 1160

[[3]]
  [1]   10    8    7   15   15   10   12    7    7    5   18   18   15   15   16
 [16]   18   17   16   17   26   23   18   17   26   26   42   39   37   41   43
 [31]   57   54   44   42   58   61   60   72   79   80   85   96   97   81   82
 [46]  100   94   99  118  125  147  157  158  143  149  145  168  187  183  177
 [61]  177  205  224  232  215  202  206  204  213  234  255  257  272  276  288
 [76]  303  363  292  291  282  315  332  403  378  384  370  394  422  429  412
 [91]  443  481  478  520  522  584  587  654  692  705  719  703  742  778  818
[106]  852  894  854  916  943 1012 1028 1054 1092 1117 1161 1219 1315 1359 1365
[121] 1416

[[4]]
  [1]   10   16   19   11   18   19   17   16   17   26   21   23   28   35   34
 [16]   38   51   61   48   38   32   42   52   59   65   59   61   51   51   71
 [31]   75   74   70   86   84   93   79   90   86   86   98  113  126  113  112
 [46]  137  123  107  153  163  171  180  190  188  194  182  207  219  213  203
 [61]  221  252  275  286  283  307  301  320  309  322  331  325  319  365  392
 [76]  433  386  417  473  458  451  455  474  513  504  587  591  580  623  666
 [91]  704  674  717  733  766  839  863  947  948 1020 1095 1127 1122 1233 1278
[106] 1401 1512 1451 1529 1521 1627 1780 1880 2025 2092 2162 2289 2388 2395 2534
[121] 2658

[[5]]
  [1]  10   9   8   7   6   6  22  13  13   8   6   6  11  12   7   9   8  11
 [19]   9   6   6  11  16   7   6  11  14   9   7   7   7  21  18  19  22  18
 [37]  19  20  35  35  25  27  25  29  26  19  14  25  27  27  17  12   9  11
 [55]   5  10   9  20  16  18  15  13  12  19  16  18  18  25  36  28  23  35
 [73]  37  36  29  26  32  44  50  55  63  50  51  65  73  69  70 107  84  80
 [91]  82 115 135 125 126 117 158 156 171 166 168 172 156 167 177 196 190 195
[109] 183 200 245 222 245 263 260 254 245 249 293 274 322

[[6]]
  [1]  10  12  11  16   7   6  11   8   6  11   8   8   6   6   6  12  10  15
 [19]  14  11  14  12  17  24  30  40  26  26  30  24  22  39  40  34  30  20
 [37]  24  34  38  41  28  32  36  35  40  35  29  44  47  53  65  67  57  68
 [55]  49  67  68  81  83  63  64  83  85  64  69  86  78  84  97 114  97  81
 [73]  84  96  96 104 117 103  99  90 126 118 129 127 122 120 132 139 171 176
 [91] 175 178 185 167 165 162 185 185 186 206 252 260 273 236 276 256 315 340
[109] 346 299 306 312 386 419 427 424 455 475 498 505 553

[[7]]
  [1]  10  20  15  19  17  15  17  16  18  19  16  12  12  19  20  22  17  14
 [19]  13  15  18  16  15  18  15  11  17  11   9   8   6   6   4   8  14  11
 [37]   6   5   3   8   5   5  11  22  14   9   7  12  23  17  13  11  15  17
 [55]  13  10  13  16  15  11  15  25  36  37  25  24  28  30  30  20  28  27
 [73]  35  43  55  65  81  78  68  82  81  93  86  89  88  99  98 115 126 136
 [91] 144 158 144 115 124 173 177 176 142 159 201 195 209 236 229 247 221 239
[109] 248 258 255 246 271 289 301 277 305 323 323 331 341

[[8]]
  [1]  10  16  15  13  18  17  20  26  26  20  20  16  20  20  22  23  23  23
 [19]  23  14  21  27  27  30  35  28  22  23  36  28  24  34  39  27  28  31
 [37]  33  26  20  21  28  28  21  18  14  20  32  40  32  22  30  37  45  43
 [55]  39  48  40  37  38  46  51  42  35  55  52  63  61  58  71  68  88  83
 [73]  97 121 104 113 116 127 181 190 156 166 183 185 183 184 216 207 191 198
 [91] 249 265 239 208 214 227 247 232 270 262 280 282 321 342 340 356 365 355
[109] 372 395 421 431 443 463 454 489 574 562 580 683 646

[[9]]
  [1]  10   7   6   7   6   7  12  10   8  11   9  10  12  10  19  20  23  27
 [19]  27  26  20  25  18  20  20  34  41  33  35  32  39  41  39  30  29  29
 [37]  45  33  47  56  52  44  34  48  44  40  49  44  39  61  62  53  64  50
 [55]  47  57  61  68  69  68  58  62  67  65  70  85  74  84  93 104  80  88
 [73]  90 105 124 135 148 139 115 123 154 162 172 171 178 202 209 218 223 251
 [91] 225 245 271 285 284 310 318 396 401 415 378 407 416 447 504 546 571 601
[109] 619 603 599 606 668 750 751 753 787 801 830 945 988

[[10]]
  [1]   10   12   13   19   22   26   18   15   17   16   18   20   22   24   29
 [16]   26   18   14   17   17   17   25   30   40   43   43   42   49   43   49
 [31]   58   53   58   58   68   60   65   54   64   51   91  107  100   97  105
 [46]  132  112  135  138  148  140  127  150  150  147  159  180  156  145  192
 [61]  187  172  163  165  194  210  195  224  228  247  208  187  210  240  269
 [76]  239  261  254  280  358  352  339  375  402  377  352  360  369  467  484
 [91]  488  487  515  563  595  650  650  645  679  689  652  714  740  786  789
[106]  806  858  886  916  959  942  988  987  999 1067 1069 1078 1098 1175 1197
[121] 1330

[[11]]
  [1]   10   11   10   10    8   14   16   14   17   28   30   34   33   27   29
 [16]   30   26   24   26   26   25   24   37   29   35   25   26   38   41   28
 [31]   30   32   28   25   29   20   22   39   38   34   42   38   36   35   38
 [46]   51   43   46   59   58   68   78   63   84   90   80   82   97  100  101
 [61]  111  122  123  142  135  135  155  130  147  147  146  159  177  199  203
 [76]  220  245  281  308  303  321  313  317  367  368  397  387  387  443  444
 [91]  459  465  446  483  522  583  602  600  654  647  635  695  791  818  842
[106]  884 1005 1026 1017 1050 1042 1176 1211 1233 1195 1276 1316 1427 1513 1574
[121] 1632

[[12]]
  [1]   10   14   11    8   14   12   11   14   30   30   25   25   21   33   30
 [16]   35   33   27   31   40   60   49   50   52   47   54   50   46   61   70
 [31]   64   83   83   92   90   70  103  106  132  119  121  140  122  141  165
 [46]  168  167  163  180  204  197  185  158  147  191  226  227  215  225  222
 [61]  270  289  336  356  370  351  364  403  422  382  399  422  479  477  458
 [76]  503  539  573  590  626  690  727  744  774  772  808  852  888  921  949
 [91] 1008 1018 1029 1077 1123 1227 1266 1296 1324 1280 1270 1330 1466 1559 1572
[106] 1605 1696 1807 1882 2052 2079 2187 2262 2355 2450 2646 2792 2892 2861 3021
[121] 3164

[[13]]
  [1]  10  13  15   8  13  13  19  18  15  23  18  17  21  18  13  10  15  24
 [19]  22  29  31  35  36  39  31  28  24  20  39  46  37  31  33  34  32  24
 [37]  33  39  32  37  40  52  36  34  26  35  30  24  34  38  54  44  36  45
 [55]  48  57  69  71  77  76  79  73  79  77  81 104 104  95  92 105  85 100
 [73] 127 140 128 141 148 150 177 206 217 214 202 180 187 185 213 210 220 206
 [91] 195 197 215 215 231 242 242 278 290 317 305 303 319 339 346 360 345 366
[109] 361 395 395 412 401 440 429 444 442 437 466 490 536

[[14]]
  [1]  10  19  12  11   7  13  12  11  11  13   8   6   5   4   3   2   2   7
 [19]   9   9   6   5   5  11  15  16  19  19  20  14  16  18  23  28  24  25
 [37]  31  39  38  43  45  40  43  41  35  28  35  38  47  43  40  38  45  54
 [55]  51  48  57  51  44  45  64  61  64  72  88  80  99  94  80  83  88  83
 [73]  72  68  69  83  89  95  74  84  71  92 102  90  82  78  79  82  89  90
 [91] 102  91  84 109 129 125 120 105 124 132 121 160 154 128 129 128 152 141
[109] 122 127 144 177 153 135 155 186 209 204 229 219 249

[[15]]
  [1]   10    8   12   11    8   12    9   12    8   15   16   13   16   17   14
 [16]   19   23   24   14   17   20   24   18   32   28   32   41   43   37   35
 [31]   46   63   62   38   47   53   49   57   62   74   72   88   95  101  113
 [46]  119  105   90  105  107  145  155  133  131  142  126  164  181  166  212
 [61]  208  251  241  268  304  289  304  358  353  321  345  400  407  391  416
 [76]  447  455  503  498  474  473  526  535  578  584  658  715  725  744  874
 [91]  952  986  963  977 1000 1023 1063 1154 1204 1175 1207 1221 1298 1409 1394
[106] 1461 1520 1617 1630 1611 1696 1680 1731 1903 1954 2020 2138 2226 2333 2376
[121] 2432

[[16]]
  [1]  10  10  11  13   7   5   5   5   5  13  10   6   6   9   7  17  15  10
 [19]   7   7   6  12  10   8   7  11  17  15  20  18  14  11   9  10  27  16
 [37]  24  18  18  14  15  32  38  36  28  25  39  25  29  27  42  42  31  38
 [55]  46  38  31  29  38  66  60  61  57  73  67  64  57  79  89 107  86  77
 [73]  83 100  84  97 114  96 109 106 113 116 103 107 117  95  86  92 105 110
 [91] 106 109 132 127 153 140 130 168 174 195 201 200 209 201 210 229 230 253
[109] 278 284 301 337 324 329 363 402 469 432 424 442 458

[[17]]
  [1]   10   13    7   13    8   11   10   11    9    4    4    7    6    5   14
 [16]   19   24   21   21   24   28   22   25   29   31   26   24   20   33   41
 [31]   54   48   38   37   47   54   68   62   49   68   58   75   68   73   66
 [46]   66   70   66   79   66   75   70   86   99  116   99  125  118  133  137
 [61]  159  161  176  190  192  211  229  250  257  284  266  262  273  279  277
 [76]  306  325  333  347  352  386  399  388  415  454  504  519  518  565  577
 [91]  646  649  624  647  703  707  708  663  772  832  849  883  887  901  980
[106] 1085 1138 1163 1191 1243 1223 1270 1258 1283 1316 1437 1516 1587 1619 1801
[121] 1737

[[18]]
  [1]  10  16  13  10  11   7   5   5  10  12  17  13  12  16  11   8   9   6
 [19]  12   9  13  22  18  12  12  20  37  27  28  37  39  45  45  47  39  35
 [37]  57  51  47  43  58  63  55  54  47  54  62  57  47  56  52  62  88  99
 [55]  91 106  80  81  94  89  82 112  99  90  98 118 133 117 130 119 136 142
 [73] 160 165 162 150 149 148 136 141 166 172 141 147 175 173 188 215 250 246
 [91] 233 238 244 256 296 300 310 354 355 353 327 348 351 392 419 462 481 482
[109] 506 471 531 569 686 666 726 722 725 738 804 885 921

[[19]]
  [1]   10   14    6    6    6    6   10    6    8   15   12   10   13    9    9
 [16]    4    4    5    5    7    7    9   15   25   28   29   25   24   29   39
 [31]   31   25   26   25   35   37   42   34   47   46   62   69   68   73   92
 [46]  102   86   75   85  101  115   97  103  121  133  123  124  130  145  152
 [61]  132  132  131  163  162  174  160  155  178  204  240  236  218  209  197
 [76]  201  194  226  236  256  269  269  292  338  354  380  396  441  403  418
 [91]  451  500  544  572  595  590  611  571  570  588  623  660  619  657  692
[106]  669  678  690  773  796  789  798  778  881  921 1019 1041 1025 1093 1206
[121] 1162

[[20]]
  [1]   10    8    7   15   21   15   11    7   10   17   20   15   15   14   22
 [16]   32   34   40   34   31   35   38   47   64   67   52   44   60   73   70
 [31]   75   91   87   91   91  104  120  116  104  102   98  116  125  139  105
 [46]   99  100  115  126  127  133  161  154  144  138  133  144  139  144  144
 [61]  171  184  212  232  223  253  255  294  282  308  333  304  331  330  343
 [76]  425  444  439  450  534  596  593  593  659  722  789  766  815  835  869
 [91]  870  900  915  910  954  913  985 1001 1076 1076 1111 1171 1241 1250 1330
[106] 1345 1308 1376 1531 1673 1693 1638 1699 1726 1792 1907 1983 2182 2295 2267
[121] 2305

[[21]]
  [1]   10    4   10    7    5    5    7    7   16    9   12   10   19   21   30
 [16]   30   33   25   30   31   26   28   26   25   32   38   36   46   36   38
 [31]   55   48   36   41   46   41   62   57   52   63   61   66   84   96   81
 [46]   79  107   91   92  125  135  138  139  155  168  145  136  148  167  159
 [61]  148  172  179  199  192  186  197  200  230  239  245  278  287  277  266
 [76]  267  296  338  340  341  350  422  454  439  470  495  471  541  559  614
 [91]  649  660  651  666  694  789  814  893  866  907  900  985 1057 1083 1139
[106] 1166 1281 1247 1251 1297 1368 1404 1405 1456 1530 1667 1693 1744 1846 1876
[121] 2055

[[22]]
  [1] 10 11 21 13 10  9  8  8  5 17 17 20 13 16 18 20 13 10  9  8 14 16 17 13 10
 [26]  8  7  7 16 11  8  5  5  5  5  5 11  8 11  9  8  6  6  5  5 10  8  7 14 18
 [51] 17 15 12 11 20 23 13 22 17 17 14 25 17 30 20 19 15 10 16 16 17 12 13 11 11
 [76] 10 11 12 15 12  8  8  9  7 16 19 19 14 14 19 15 13 15 27 25 19 18 45 45 39
[101] 28 35 29 40 36 34 37 50 54 43 36 48 46 51 48 51 60 55 55 54 65

[[23]]
  [1]  10  13   7  17  13  19  15  13  15  25  19  22  16  12   9  16  17  20
 [19]  18  19  21  19  20  30  23  31  24  32  43  34  30  48  45  71  53  60
 [37]  59  48  45  56  54  48  57  51  58  71  78  70  75  96  76  75  75  86
 [55]  81  86 106 106 116 122  96 100  89 102  86  88 121 146 133 136 158 146
 [73] 150 149 156 143 153 156 181 187 188 183 197 192 214 222 239 239 212 242
 [91] 243 282 270 298 291 296 310 295 336 358 370 392 438 453 487 487 491 487
[109] 554 568 628 654 687 686 700 740 822 823 864 883 906

[[24]]
  [1]  10  13   8   7  13  20  11  16  18  18  18  12  18  16  20  16  13  25
 [19]  16  27  18  17  14  20  19  28  37  42  28  25  35  41  35  41  53  52
 [37]  46  46  51  42  35  40  48  39  40  48  53  52  52  39  44  63  68  62
 [55]  68  55  44  62  49  62  60  60  56  49  63  54  58  57  62  54  57  61
 [73]  76  75  67  65  76  84  65  65  90  76  70  74  53  64  64  75  62  59
 [91]  58  74  84  96  98 100 108 116 131 137 143 163 157 169 171 157 150 152
[109] 173 204 189 180 224 212 198 216 236 274 297 334 301

[[25]]
  [1]   10   18   17   21   13   12   14   13   15   29   25   28   21   20   29
 [16]   37   37   37   35   45   43   55   56   72   74   67   83   80   84   88
 [31]  104   87  101  122  135  118  133  129  131  122  125  127  159  173  205
 [46]  191  182  175  195  199  265  272  243  279  264  296  304  321  340  384
 [61]  404  416  407  436  477  523  532  552  606  633  669  685  676  735  738
 [76]  747  828  863  817  861  841  896  898  988  996 1065 1121 1186 1262 1223
 [91] 1284 1411 1412 1538 1539 1640 1736 1819 1869 1868 1893 2014 2115 2116 2155
[106] 2420 2480 2609 2691 2734 2971 3032 3097 3112 3256 3544 3655 3650 3735 3782
[121] 4040

[[26]]
  [1]  10   7   6   4   4   4   3   3   3  12   8  11   9   5   4   4   4   4
 [19]   4   3   4   2   2   2   9   5   8   5   5   5   5   6   5  10  13  14
 [37]  25  15  16  15  14  18  23  28  29  27  20  28  31  23  25  17  14  18
 [55]  23  28  36  42  40  31  31  36  26  21  27  26  28  22  35  35  23  37
 [73]  49  41  41  34  30  36  51  66  52  39  32  44  43  41  54  55  56  53
 [91]  46  65  73  80  84  73  74  89 107 122 103 114 112 112 109 100 104 109
[109] 115 110 123 160 153 168 172 173 159 186 216 263 274

[[27]]
  [1]  10  15  20  14  11  11  18  22  17  17  18  12  13  13  11   9  14  16
 [19]  12  19  29  24  32  20  23  22  28  36  38  44  46  39  32  25  38  27
 [37]  18  21  26  23  26  31  30  26  25  23  24  35  31  32  23  25  27  23
 [55]  32  37  31  28  23  29  42  51  40  40  34  32  27  24  41  38  34  28
 [73]  37  47  38  35  32  30  30  41  35  38  31  35  55  60  51  50  47  56
 [91]  61  51  66  45  56  52  84  85  96  98  73  84  83  87  89  73  97 108
[109] 107 107 121 126 120 130 140 147 149 159 188 208 201

[[28]]
  [1]   10   13    9    8    5    6    4    9   13   15   10    9    8   15   13
 [16]   12   10   10   28   28   23   25   21   37   39   29   26   24   34   48
 [31]   31   37   29   53   49   57   66   60   73   90   73   70   86   86   89
 [46]  103   91  110   96   93   74   83   78   78   99   87  104   87  113  130
 [61]  131  120  148  165  154  176  173  177  189  173  185  175  192  216  224
 [76]  263  273  278  256  277  283  321  348  338  351  336  407  416  408  423
 [91]  464  497  511  570  591  669  684  729  722  787  794  897  897  946  953
[106]  937 1024  998 1004 1069 1103 1114 1237 1286 1340 1302 1375 1445 1452 1512
[121] 1603

[[29]]
  [1]   10   14   23   17   13   18   18   20   26   16   18   14   21   21   21
 [16]   31   48   55   43   35   30   34   35   47   51   55   59   61   66   59
 [31]   75   81   99   79   72   69   63   72   66   60   89   98   99   86   97
 [46]   97  113  106  107   89  105  135  125  126  129  112  123  131  135  165
 [61]  168  165  166  149  177  167  184  225  222  199  204  226  224  248  244
 [76]  247  253  283  294  300  341  358  373  382  390  408  413  429  403  430
 [91]  398  415  453  487  525  513  525  526  534  608  599  623  638  640  683
[106]  703  700  781  819  802  858  902  856  920  959 1058 1093 1149 1144 1197
[121] 1227

[[30]]
  [1]  10   9   6   6   7  13  15  12  13   9  16   9  20  10   9   8  14  18
 [19]   9   9  11  13  19  18  14  13  21  17  20  14  18  18  16  20  16  14
 [37]  21  14  12  18  21  19  15  13  12  17  16  23  22  22  17  18  14  18
 [55]  24  18  22  29  40  30  25  30  31  35  36  43  39  59  70  63  77  63
 [73]  72  70  64  71  82  96  95 110  99 136 127 122 110 130 157 198 176 168
 [91] 165 182 214 227 223 223 229 236 254 336 366 351 331 334 349 374 362 422
[109] 460 468 530 545 541 592 573 655 703 712 702 735 730

[[31]]
  [1]   10   12    8   12   17   19   20   29   37   46   46   41   57   67   71
 [16]   71   76   77   74   81   88   85   99   92   80   82   85   78  114  128
 [31]  127  119  129  127  142  140  180  179  154  141  150  156  178  156  161
 [46]  162  151  215  172  172  202  231  251  256  232  232  256  280  301  343
 [61]  331  366  440  458  463  481  503  553  639  631  594  577  672  706  688
 [76]  701  752  762  826  889  909  974  992 1052  964 1011 1078 1102 1233 1273
 [91] 1276 1248 1297 1477 1497 1584 1600 1550 1638 1708 1905 1956 2048 2156 2333
[106] 2397 2483 2557 2697 2881 2921 3052 3055 3230 3332 3518 3667 3958 4118 4186
[121] 4258

[[32]]
  [1]   10   16   20   17   15   19   25   19   27   30   41   36   38   44   52
 [16]   50   47   55   60   69   71   64   81   69   69   81   66   74   90  125
 [31]  121  120   99  115   99  116  114  110  104  124  131  125  128  118  109
 [46]  125  139  134  145  179  186  205  166  177  192  177  197  193  199  220
 [61]  247  261  266  210  242  310  327  327  311  306  303  370  397  377  421
 [76]  416  448  482  535  571  577  608  589  637  693  763  760  794  785  859
 [91]  852  858  989 1099 1110 1089 1192 1171 1317 1384 1398 1469 1448 1466 1552
[106] 1635 1769 1909 1942 1948 2000 2080 2050 2310 2467 2509 2585 2661 2806 2940
[121] 2939

[[33]]
  [1]   10   12   10   18   26   19   25   24   18   20   22   17   24   29   36
 [16]   30   38   30   31   47   33   34   35   40   33   55   52   64   52   54
 [31]   52   58   63   58   46   51   80   73   71   72   81   80   89   87   91
 [46]  102  104   80   93   95   90  103   96   90  117  104  105   92  117  144
 [61]  156  133  144  159  179  198  213  220  240  233  235  239  272  303  316
 [76]  301  292  325  350  327  362  386  390  402  421  424  453  458  528  498
 [91]  554  557  576  606  648  630  651  733  720  702  655  742  736  789  836
[106]  836  817  905  954  889  937  920  966  977 1000 1055 1032 1052 1109 1100
[121] 1124

[[34]]
  [1]   10    8   13   16   13   12   12   16   12   17   13   11   15   10   17
 [16]   13   23   23   22   20   16   24   17   27   32   34   31   32   40   49
 [31]   46   34   42   40   45   44   52   42   34   36   36   52   38   40   31
 [46]   28   30   30   23   42   44   50   53   62   69   65   60   53   55   76
 [61]   70   69   63   62   74   90   99   95  124  119  117  129  150  150  184
 [76]  181  198  183  202  228  234  248  243  284  302  317  346  394  363  369
 [91]  403  376  417  445  508  501  552  556  550  594  634  638  655  696  737
[106]  750  784  857  871  922  928  861  929 1024 1023 1024  993 1016 1041 1242
[121] 1230

[[35]]
  [1]   10   14   11   13    9   17   21   17   12   14   19   17   20   14   15
 [16]   18   14   23   29   28   25   31   26   47   65   50   48   55   42   39
 [31]   31   49   65   53   51   64   71   70   77   83  102   91  120  113  128
 [46]  134  136  129  170  183  157  141  173  197  169  183  165  181  174  214
 [61]  231  226  276  306  282  288  294  342  409  397  388  398  391  405  424
 [76]  397  419  450  487  461  444  472  517  551  552  529  555  630  687  696
 [91]  652  712  700  717  791  817  818  802  840  884  926  943  963  947  996
[106] 1140 1152 1111 1183 1280 1273 1284 1382 1419 1577 1668 1659 1706 1742 1802
[121] 1930

[[36]]
  [1]  10  15  10  15  10  10  11  14  14  21  16  18  24  26  18  18  21  15
 [19]  23  18  14  11  10  13   8  10  14  23  20  15  20  16  16  16  21  19
 [37]  15  12  14  15  17  22  23  18  13  12  17  32  37  27  30  33  43  39
 [55]  47  45  53  77  76  63  75  55  69  59  98  92  89  79  95  73  87  95
 [73]  79  88 110 103  86 107  96 102 118 108  96 111 147 169 165 168 183 200
 [91] 194 215 194 208 185 237 241 271 263 289 291 294 331 356 339 322 322 318
[109] 327 332 369 418 409 431 457 473 474 509 545 532 490

[[37]]
  [1]   10   16   10   12   12   17   21   25   29   32   24   17   21   23   22
 [16]   30   32   30   39   43   34   42   42   56   45   43   44   49   40   44
 [31]   54   60   64   67   63   60   79   88  101  103   89   86   84   87  113
 [46]  108  113   93  107  107   85  104  122  155  164  169  165  163  178  192
 [61]  197  220  215  199  219  227  208  204  200  220  245  266  321  327  314
 [76]  295  294  330  367  377  405  462  492  503  512  533  578  597  599  581
 [91]  612  673  697  667  692  734  792  843  861  916  900  942  941  953 1044
[106] 1133 1162 1139 1251 1249 1387 1386 1491 1501 1490 1534 1644 1682 1763 1807
[121] 1803

[[38]]
  [1]   10   13    8    6    5    6    4    9    7    4    3    3    7    4    9
 [16]    6    6    5   12   12   17   15   13   16   13   21   18   31   45   49
 [31]   57   36   38   38   50   64   69   56   57   61   89  102  104  112   97
 [46]   98   99  110  108  121  149  157  158  173  198  205  210  231  225  252
 [61]  278  288  311  307  315  319  350  394  412  419  445  466  487  507  560
 [76]  559  584  605  624  677  733  798  788  822  855  871  871  901  977  988
 [91] 1025 1148 1226 1211 1321 1346 1394 1450 1472 1634 1719 1762 1766 1801 1871
[106] 2032 2157 2221 2151 2172 2256 2360 2566 2532 2718 2826 2894 3002 3102 3350
[121] 3406

[[39]]
  [1]   10   17    9    7   20   28   36   34   30   37   35   31   34   37   32
 [16]   35   51   55   42   32   53   49   56   53   52   65   58   70   80   94
 [31]   82   93  116  137  128  149  159  147  165  165  171  168  188  209  222
 [46]  220  184  174  218  218  247  225  234  225  262  261  247  246  270  227
 [61]  238  264  274  334  375  388  325  336  339  336  344  391  390  431  406
 [76]  428  481  451  494  451  505  548  591  565  542  554  567  634  677  727
 [91]  735  771  776  874  897  931 1013  976 1065 1139 1164 1194 1261 1271 1408
[106] 1405 1444 1568 1617 1688 1837 1814 1870 1869 1886 1954 2084 2231 2223 2258
[121] 2409

[[40]]
  [1]  10  11  10  11  14  15  11  17  15  11  10   9  19  17  14   7   6   8
 [19]   4   5   3   3   3  11  14  17  16  18  21  29  30  30  35  52  48  68
 [37]  50  49  52  57  65  65  76  86  92  81  75  84  86 117 102  93 107 106
 [55] 118 104  95 121 117 107 106  88 101 110 145 144 114 122 150 118 118 140
 [73] 139 148 156 157 185 176 200 201 212 180 177 194 217 224 221 209 240 237
 [91] 251 264 273 250 266 284 314 308 359 371 373 379 380 368 357 394 400 424
[109] 459 435 452 482 506 513 533 510 527 596 608 647 640

[[41]]
  [1]   10   12    8   13    9   19   17   16   17   17   13   11    8    7    5
 [16]    5    5    3    3    3   11   11   16   16   11   19   12   13   14   17
 [31]   17   16   25   35   25   34   33   43   50   51   40   49   44   45   59
 [46]   60   58   58   59   49   54   59   95   97   92   86   74   75   72   87
 [61]   83   90  107  112  116  134  156  171  182  172  177  187  175  191  237
 [76]  266  269  282  279  288  328  372  385  395  375  374  389  436  465  474
 [91]  445  465  450  495  540  548  508  540  495  573  589  589  580  680  679
[106]  685  688  753  737  798  776  840  882  834  829  854  925  899  961  981
[121] 1074

[[42]]
  [1]  10  10  10  14  14  22  15  14  11  16  12  11   8   8   7  10   6   6
 [19]  11  10   6   6   5  11  13  16  13  19  18  19  10  10   7   6   4  16
 [37]  16  12   9   8  13  14  10  10   7  11   9   7  12  16  11  18  12  15
 [55]  13  14  27  24  19  15  14  14  19  18  19  19  23  36  28  32  29  31
 [73]  24  18  28  32  23  23  41  29  30  30  30  33  24  34  32  35  29  20
 [91]  21  16  21  42  41  42  44  52  37  45  44  64  80  78  75  88  84  79
[109]  77  73  84 104  89  95 101  97 105 111 138 133 124

[[43]]
  [1]  10  24  16  12  17  14  12  10  20  18  22  14  22  28  24  21  25  41
 [19]  29  28  23  31  34  29  43  46  45  43  37  40  46  62  41  51  49  40
 [37]  50  48  55  57  45  38  40  57  56  44  44  39  34  43  47  54  42  37
 [55]  38  43  50  43  51  41  54  67  64  61  64  65  53  73  68  89  96  98
 [73]  94 108 117  96 118 120 133 119 122 114 119 119 144 110 114 128 160 146
 [91] 147 151 144 178 177 176 171 166 187 174 207 190 213 197 198 227 237 249
[109] 231 252 274 297 304 286 315 308 351 363 409 433 450

[[44]]
  [1]  10  13   9  15  11  13  13  10   8   6   6  10  14  13  11   9   6   6
 [19]  11  16  19  21  19  30  31  18  19  18  23  30  35  35  35  31  39  48
 [37]  40  36  44  47  40  39  43  58  72  52  57  59  55  46  58  71  72  81
 [55]  83  89  92  89  68  74  77  81  96 104 119 123 132 135 145 153 169 162
 [73] 208 208 210 219 213 250 223 219 214 225 217 243 281 282 275 269 307 335
 [91] 311 295 340 369 346 354 392 350 414 408 404 495 481 494 479 492 518 525
[109] 556 556 538 577 596 612 630 660 724 769 734 785 821

[[45]]
  [1]  10  11  14   8   9   7   7   6   6   8  12   8   4   4   6   6   7   4
 [19]   9   8   5   4   5   4   4   2   1   7  14  12   7   7   6   2   4   2
 [37]   2   6   5   3   3   3   2   2   2   2   2   1   1   7   3   2   2   2
 [55]   5   7   7   5   5   9  12   9   8  12  17  14  17  15  25  22  33  31
 [73]  30  18  19  17  28  21  20  18  21  35  31  34  30  33  50  55  52  60
 [91]  61  62  60  70  58  59  49  52  56  60  54  65  66  51  53  52  81  72
[109]  68  66  56  58  70  82  94  82  81  92 105  99 106

[[46]]
  [1]  10  13  21  11   9   8   9   7   6   6   9   5   4  10   7   6   5   9
 [19]  15   8   4   4   9   7   6   6   6   6   5   5  19  18  13  12  11  16
 [37]  19  18  28  25  29  24  20  26  23  22  39  36  39  44  36  29  34  39
 [55]  49  52  58  47  47  41  57  50  39  45  43  79  77  71  79  84  95 117
 [73] 124 128 119 142 140 144 153 159 151 160 178 207 193 188 183 212 225 235
 [91] 238 233 234 234 248 284 341 322 330 345 407 418 424 454 461 509 539 513
[109] 554 589 607 622 652 693 738 740 769 769 740 796 889

[[47]]
  [1]  10   7   6   5   8  15  16  10  10   8  10   5   5   6   5   9  10   6
 [19]   5   3   3   4   8   5   4   2   2   2   3   1   1   1   1   1   6   9
 [37]   5   3   3   3   2   2  10  10   5   4   8   4   4   4   3   7   4  10
 [55]  13   8   7   6   8   5   5  23  25  21  20  17  22  38  41  35  36  25
 [73]  30  46  53  44  47  47  43  48  51  55  52  54  56  51  53  57  65  82
 [91]  86  82  82 106  98 118 105 116 123 128 143 130 124 146 205 249 224 252
[109] 237 236 249 243 242 250 318 294 307 355 367 345 413

[[48]]
  [1]  10  14  24  17  19  14  18  13  14  15  16  11  15  19  11  18  14  16
 [19]  22  21  16  19  29  43  33  24  39  47  53  36  56  52  46  47  48  42
 [37]  50  75  56  52  46  41  40  53  52  54  65  73  56  52  63  67  84  75
 [55]  76  57  78  87  85  80  84 101 113 117 137 147 144 162 166 154 156 162
 [73] 171 154 163 179 176 165 183 190 201 192 207 244 232 225 243 272 267 263
 [91] 250 324 327 342 365 386 348 374 375 369 358 382 416 415 417 421 427 433
[109] 451 439 412 414 483 513 501 500 493 572 540 536 585

[[49]]
  [1]  10  17  11  14  16  10   8  13  20  18  17  14  18  20  22  16  17  16
 [19]  15  14  23  16  29  36  28  25  23  27  32  42  37  29  40  53  45  51
 [37]  55  59  46  58  59  61  57  53  44  46  66  59  64  60  79  80  82  73
 [55]  93  85  96 115 108 129 116 118 128 144 155 159 172 184 172 166 176 166
 [73] 211 223 200 216 244 235 257 255 244 257 270 244 259 278 279 322 343 342
 [91] 322 298 315 322 371 406 421 419 423 456 473 512 519 560 543 543 607 582
[109] 595 636 648 661 680 659 668 740 766 757 745 701 675

[[50]]
  [1]  10   8   7   4   4   7  11   9   6   5  12  10  10  14  11  22  27  24
 [19]  24  24  17  16  13  33  25  19  30  32  27  31  33  42  43  42  39  32
 [37]  42  31  39  41  32  32  40  52  63  50  46  54  66  66  75  75  72  60
 [55]  72  72  72  69  67  69  74  73  79  90  85  80  76  81 100 109  90  90
 [73] 100  99  93  98  94 103 115 140 153 112 116 132 141 170 152 134 197 222
 [91] 234 215 223 216 232 295 243 242 220 221 261 307 270 299 297 299 358 374
[109] 373 366 397 446 431 438 442 473 497 518 516 608 642

[[51]]
  [1]   10   14   11   10   10   14   21   35   27   31   28   18   17   18   22
 [16]   29   23   34   30   23   18   14   10   14   10   20   25   34   35   29
 [31]   26   23   23   36   45   29   28   27   31   50   48   47   38   44   57
 [46]   69   67   55   62   80   83   95   94  104   91  103  131  133  131  113
 [61]  116  179  191  159  163  165  171  205  194  215  236  230  254  264  268
 [76]  269  319  280  310  275  294  303  326  409  366  376  387  380  432  474
 [91]  467  460  474  471  583  614  613  652  653  673  707  790  789  808  764
[106]  814  812  867  846  956  903 1000 1086 1089 1063 1113 1150 1253 1310 1333
[121] 1394

[[52]]
  [1]  10  15  15  17  15  10   8   7  10   7   8  17  20  19  14  17  15  16
 [19]  30  23  20  22  25  13  11  10  26  18  13  18  20  28  29  33  38  36
 [37]  43  36  41  47  51  57  58  60  79  75  64  78  66  74  67  83 107 106
 [55]  98 109 113 103 102 131 127 122 105 131 133 131 107 123 126 124 131 129
 [73] 134 133 128 116 107 105 140 132 128 159 183 185 192 186 194 218 235 273
 [91] 267 255 292 306 294 335 368 383 421 399 450 444 478 487 482 511 507 535
[109] 590 577 605 640 661 708 839 798 790 777 854 903 957

[[53]]
  [1]  10   8  11   6   6  11  22  15  15  16  14  13  20  16  13  17  18  12
 [19]   9  14   9  12  15  11  16  12   9  10  13  17  16  17  14   9   7  23
 [37]  17  14  14  23  22  20  24  20  24  38  53  42  43  31  32  30  33  35
 [55]  32  38  26  25  20  22  40  33  24  31  45  32  55  46  57  68  85  87
 [73]  87  70  85  72  83  81  88  78  82  76 106  87 117 140 116 116 123 153
 [91] 145 177 166 178 170 188 187 198 242 234 225 210 193 233 213 211 219 216
[109] 248 267 279 281 302 327 307 333 364 363 353 376 367

[[54]]
  [1]  10   5   4   4   8   6   6   5   4   3   3   3   3   2   8   4   4   8
 [19]   8   7   4   6   4   4   3   8   7   6   5  10   8  13   9   8   7  11
 [37]  11  16   8   7  10  13  10  19  17  13  11  15  21  14  12  24  28  25
 [55]  31  25  38  42  33  34  41  44  40  40  43  49  44  61  66  73  72  83
 [73]  74  62  76  65  66  71  69  78  95  96 101  98 103 107 111 127 108 123
 [91] 137 167 170 184 158 161 175 189 181 226 202 205 204 230 221 220 254 281
[109] 290 276 302 338 331 284 325 385 342 362 367 387 378

[[55]]
  [1]  10   8   8   5  11  23  11   9  13   7   5   5   4  10   8  12  15   8
 [19]  11   8  14  11  10  11   6  10   7   6   6   4   4   7   4   3   3   3
 [37]   8   5   5   5   5  14   8   8   8   8   7  12  21   9   8  12  18  26
 [55]  21  16  20  27  18  26  22  19  34  27  22  33  37  35  44  61  64  58
 [73]  39  54  57  70  71  75  72  65  86  76  88  83  71  94  97 130 111 106
 [91]  98 119 133 155 145 135 140 156 152 195 191 173 163 187 189 207 227 246
[109] 272 269 252 256 277 288 283 361 369 367 355 370 349

[[56]]
  [1]   10    8   12   14   15   11   10   12   20   19   23   20   25   25   38
 [16]   38   24   25   28   37   40   44   40   47   51   42   50   57   69   65
 [31]   58   64   45   40   48   58   69   82   78   72   69   66   66   59   68
 [46]   77   79   71   99  103  118  101  108   83  111  129  156  166  142  168
 [61]  169  150  180  164  166  180  179  200  200  187  197  211  261  244  230
 [76]  237  243  248  278  255  276  322  319  318  310  346  337  360  370  402
 [91]  442  438  502  477  542  544  526  584  641  606  655  687  690  733  747
[106]  818  789  786  835  914  931  949  976  947 1066 1114 1183 1209 1158 1208
[121] 1286

[[57]]
  [1]  10   8  18   9  11  10   7  10  16  19  25  38  24  16  24  44  36  34
 [19]  27  20  20  22  15  31  23  16  20  37  30  35  40  39  38  37  27  25
 [37]  27  35  25  24  30  33  32  29  30  35  29  26  24  30  33  41  31  24
 [55]  28  35  30  31  61  51  45  39  32  36  62  45  40  50  55  42  54  56
 [73]  70  66  52  52  65  55  74  68  57  70  66  67  90  99  99 110 116 131
 [91] 143 131 123 116 123 133 138 149 142 146 163 179 194 184 184 226 211 216
[109] 218 227 232 242 291 290 257 278 296 299 335 341 330

[[58]]
  [1]   10    7    9   13    8    7    8   16   28   26   18   26   22   23   21
 [16]   18   30   30   35   36   46   37   30   36   45   32   36   39   47   48
 [31]   49   42   49   46   51   63   69   73   64   68   72   78   85  104   87
 [46]   63   76   94   90   99  105  135  149  148  139  148  160  178  152  157
 [61]  141  175  189  208  217  244  218  209  218  254  271  267  244  267  294
 [76]  293  317  336  376  357  386  398  399  429  432  419  437  480  490  494
 [91]  504  495  510  592  561  570  601  685  679  729  711  765  754  894  847
[106]  894  915  931  922  967 1053 1146 1117 1122 1226 1315 1291 1315 1379 1467
[121] 1506

[[59]]
  [1]   10    6   11   12   10    9    7    6   11   12   10    6    6    6   12
 [16]   20   14   13   10   10   16    9    8    8    8   20   13   14   13   19
 [31]   23   24   20   35   39   41   36   37   46   50   57   53   51   59   68
 [46]   85   89   92   77   99   96   94   84   85   85   85  116  116  104  125
 [61]  147  141  173  174  180  201  181  181  189  205  189  203  220  223  226
 [76]  209  214  207  235  247  283  262  306  294  312  372  388  395  408  375
 [91]  370  389  454  437  497  526  550  559  544  620  657  678  687  723  758
[106]  814  797  813  783  817  863  884  929  974  980  978 1037 1069 1109 1116
[121] 1211

[[60]]
  [1]   10   18   11    9   10   19   12    8    7    7   10   11    9    9   13
 [16]   23   21   19   18   12   12   26   31   38   32   37   44   50   39   40
 [31]   38   42   49   55   57   48   55   87   76   60   68   56   62   56   59
 [46]   62   54   69   87   67   66   81  112  120  147  118  129  123  142  144
 [61]  178  164  166  184  183  191  190  198  232  239  215  248  251  253  286
 [76]  351  385  375  407  398  421  452  436  482  534  583  560  573  592  620
 [91]  682  722  777  766  833  910  911  949  957 1016 1033 1029 1077 1144 1214
[106] 1240 1314 1336 1363 1457 1520 1594 1615 1694 1782 1804 1880 1948 2038 2065
[121] 2238

[[61]]
  [1]  10  13  17  22  13  18  20  14  27  33  32  31  28  32  30  30  34  36
 [19]  38  43  33  36  38  35  37  40  27  25  42  45  31  23  28  27  36  36
 [37]  33  29  27  38  48  32  37  47  44  52  43  42  44  55  52  47  63  78
 [55]  57  64  78  85  73  82  84  97  98 101  89 114 111 102 109 118  98 120
 [73] 110 101 104  98 127 137 147 143 140 130 139 130 138 159 165 155 141 142
 [91] 192 168 178 201 250 242 236 239 270 287 325 310 300 313 380 353 389 423
[109] 462 452 470 521 548 538 579 587 663 676 731 719 732

[[62]]
  [1]   10   15   18   13   10   12   10   10   12   17   26   19   22   22   18
 [16]   25   37   29   30   29   36   30   31   35   29   38   47   45   36   46
 [31]   41   42   41   31   44   42   39   41   38   33   48   55   48   56   59
 [46]   47   59   55   51   48   58   71   77   76   80   82   74   60   95   97
 [61]   82   74  106  110  119  137  136  169  200  192  189  206  202  194  211
 [76]  227  237  253  260  274  288  319  339  349  369  444  463  445  461  524
 [91]  591  637  616  628  694  722  776  757  844  845  890  946  937  981 1043
[106] 1032 1153 1253 1292 1424 1513 1538 1523 1584 1721 1867 1830 1912 1967 2042
[121] 2114

[[63]]
  [1]  10  16  14  11  16  12  10  16  19  15  16  12  16  23  16  11  13  15
 [19]  13  17  13  27  22  16  12  20  14  17  17  20  17  16  25  29  22  29
 [37]  21  32  29  39  44  57  49  35  38  62  54  49  52  44  48  58  55  54
 [55]  59  64  51  62  81  68  54  48  70  68  76  67  95  78  98  87  89  89
 [73]  82  97 119 136 137 136 145 166 174 195 167 153 172 183 198 182 173 188
 [91] 214 222 254 228 232 264 260 271 296 267 300 304 284 307 333 392 383 413
[109] 383 420 448 439 472 465 499 500 514 542 566 548 589

[[64]]
  [1]  10  10  14  12   9   7   6  10  12  11   5   4   4  10   6   6   6  12
 [19]   7   9   4   3   3   7   7   9   7   5   4   4   8  11   5   7   9   7
 [37]   7   6  11  31  30  24  19  26  21  14  23  26  42  46  31  30  45  44
 [55]  47  50  39  33  40  54  63  65  67  54  60  62  64  76  81  87  76  68
 [73]  76  81  90  89  84  83  85  92 101 102  97  91  86 107 121 116 121 140
 [91] 157 156 172 154 190 196 178 199 209 208 217 225 221 264 257 289 297 297
[109] 287 332 341 370 337 369 370 403 427 435 456 507 494

[[65]]
  [1]  10  16  19  14  12   9  13  11   8   5  12  10  11  11   8   9  19  15
 [19]  11   9  12  10  13  19  15  19  15  21  14  12  12  11  17  20  17  11
 [37]   9  17  20  15  11  13  11  11  22  14  17  13  29  28  34  24  19  17
 [55]  18  26  26  20  14  14  15  12  10  12  14  21  18  23  27  23  22  19
 [73]  16  15  10   8  22  28  20  19  28  28  19  16  20  21  14  11   9  17
 [91]  23  31  29  21  24  26  25  33  50  49  55  47  47  60  59  61  70  72
[109]  76  69  86  90  74  75  63  80  82  92 103 122 108

[[66]]
  [1]   10    7   11   13   12   11   15   25   23   32   28   36   40   55   44
 [16]   36   37   35   43   57   81   71   57   53   75   67   77   58   64   61
 [31]   67   71   58   56   62   53   77   84   71   92   75   73   87   74   88
 [46]   83  113  107  101   87  112  100  106  113  126  124  170  193  217  221
 [61]  226  220  240  220  248  240  233  234  240  256  237  245  277  295  285
 [76]  283  314  321  331  375  346  361  405  465  450  438  442  475  491  478
 [91]  455  491  562  603  543  550  594  639  681  748  700  801  840  840  836
[106]  901  906  948 1003 1014 1006 1032 1071 1057 1140 1170 1289 1289 1369 1399
[121] 1553

[[67]]
  [1]  10  10   6   5   4   5   3   3   3   3  10   6   8   6  11   7  14  11
 [19]   8  15  14  17   9  20  15  12  10   9  15  17  21  18  18  28  33  20
 [37]  32  23  20  24  43  41  42  34  29  25  24  25  26  38  45  38  36  34
 [55]  31  52  54  44  45  57  48  47  42  51  64  81  88  65  73  92  89  91
 [73] 101 114 116 124 134 140 157 147 148 120 125 154 164 134 139 159 160 167
 [91] 136 187 239 247 251 243 273 252 273 266 317 299 349 351 363 385 416 477
[109] 491 495 508 481 532 593 604 628 601 598 628 680 758

[[68]]
  [1]  10   8   6   6   5  13  12  11   6   4   4   3   5   7   9   9   7  13
 [19]  17  10  15  26  22  23  24  33  38  28  28  19  30  30  40  39  40  46
 [37]  42  40  55  44  55  57  49  45  51  59  58  62  64  58  58  46  52  51
 [55]  73  74 103  93  83 103  95  97  86 118 105  92 108 125 145 120 135 151
 [73] 124 147 141 163 146 137 130 143 153 151 130 157 165 173 195 186 172 218
 [91] 203 198 237 207 237 262 249 319 302 336 381 375 369 357 382 373 394 444
[109] 453 490 482 515 532 579 596 594 645 709 766 762 732

[[69]]
  [1]  10  13   8   6   6   6   4  20  17  12  12  10   8   8  26  33  22  15
 [19]  11  25  29  26  23  33  28  33  32  39  29  25  25  20  17  25  48  39
 [37]  32  36  34  30  19  23  24  19  21  25  29  27  25  27  31  32  30  41
 [55]  31  32  34  34  43  40  37  33  35  51  47  51  72  70  64  55  69  51
 [73]  52  75  64  72  80  69  77  72  77  70  81  92 112  89  91 107 104 106
 [91]  89  81 112 133  92  99 110 124 107 104 131 157 172 177 185 174 185 167
[109] 179 158 171 171 178 170 186 245 242 246 233 272 287

[[70]]
  [1]  10  13  18  12  11  16  13  13  11  13  21  19  15  11  12  19  21  22
 [19]  20  18  13  24  33  31  20  18  22  21  19  15  16  24  32  37  36  40
 [37]  31  46  38  54  60  63  51  66  50  57  58  73  75  67  76  72  74  77
 [55]  85  73  80  84  96  81  84  84  77  86  89 104  88  96 104 122 114 116
 [73] 124 127 151 155 160 164 196 188 184 196 205 215 218 204 246 219 253 223
 [91] 237 248 278 260 261 290 281 296 278 318 312 309 311 298 318 356 402 411
[109] 422 412 373 401 447 524 501 490 488 536 601 589 647

[[71]]
  [1] 10  8 12  8  5  5  4 12 18 14 12  9  9  8  7 10 12  9  6  5 15 11 10 15 10
 [26] 10  9 16 18 13 11 14 15 27 35 22 18 20 13 12 17 12 13 11  9 17 19 20 12 10
 [51] 13 16 23 18 16 26 18 16 17 17 10 18 12  9  9 14 11 21 15 15 13 10 12  9 11
 [76] 18 12 11  9  5  5  4  6  1  0  0  0  0  0  0  0  0  0  0  0  0  0  0  0  0
[101]  0  0  0  0  0  0  0  0  0  0  0  0  0  0  0  0  0  0  0  0  0

[[72]]
  [1]   10   21   16   16   17   14   25   22   25   25   26   29   22   27   27
 [16]   31   26   28   31   32   43   55   51   58   74   91   72   71   72   77
 [31]   70   75   78   64   79   89   79   93   95  120  108  122  122  139  118
 [46]  115   95  124  146  143  144  155  147  150  183  202  200  214  207  238
 [61]  246  272  285  307  316  322  328  340  352  379  390  428  458  471  444
 [76]  460  483  491  483  511  561  627  695  678  680  728  749  798  805  790
 [91]  839  918  977  975 1047 1006 1065 1054 1029 1103 1129 1220 1280 1446 1475
[106] 1482 1440 1575 1611 1702 1735 1808 1856 1951 1947 2125 2221 2313 2395 2486
[121] 2559

[[73]]
  [1]   10   22   13   17   25   33   34   25   28   26   31   26   38   39   30
 [16]   34   40   39   59   43   51   45   63   54   56   66   77   69   60   51
 [31]   54   59   59   52   81   93  105  122  114  115  105  103  130  107  118
 [46]  130  135  130  142  171  179  173  176  198  200  228  226  244  248  263
 [61]  252  293  297  291  331  340  357  349  379  393  443  458  459  434  456
 [76]  489  495  551  586  639  628  607  644  688  689  718  750  798  831  816
 [91]  863  916  922 1009 1052 1051 1043 1084 1086 1171 1102 1224 1306 1313 1314
[106] 1400 1477 1476 1546 1614 1684 1785 1849 1914 2016 2137 2181 2273 2362 2492
[121] 2695

[[74]]
  [1]  10  20  13  10  10  45  37  30  23  22  22  21  26  21  17  34  25  19
 [19]  16  15  14  11  10  14  18  15  11  19  26  17  19  14  11  14  15   6
 [37]   6   5  13  14   8   8  13  11  11  14  14  17  22  37  29  42  43  38
 [55]  41  34  41  40  37  33  31  34  42  35  27  34  36  32  43  57  46  48
 [73]  47  50  63  52  54  54  62  77  61  64  60  59  71  78  68  74  96  91
 [91] 102 120 122 121 118 126 118 111 121 123 128 132 123 112 133 151 137 147
[109] 122 105 131 157 152 143 148 189 198 179 204 198 209

[[75]]
  [1]  10  14  10   9   6  15  17  27  18  20  20  14  16  23  29  20  21  18
 [19]  28  52  40  36  34  37  44  35  34  36  43  37  30  28  38  47  40  36
 [37]  25  30  39  36  41  38  29  24  26  32  30  21  19  34  47  39  36  38
 [55]  49  58  48  36  50  68  64  72  78  81  85  79 104 114 115 111 127 152
 [73] 140 136 131 126 163 174 191 181 179 195 185 187 199 235 224 267 305 315
 [91] 345 337 313 341 397 379 393 352 356 374 386 388 408 394 387 417 441 457
[109] 521 514 522 582 607 619 697 676 670 672 762 816 868

[[76]]
  [1]  10  11  18  10   8   7   8   6   6   5   3   3   3   3   7  15  18  19
 [19]  18  15  20  22  32  36  38  52  44  44  48  64  65  67  70  59  54  56
 [37]  60  56  76  66  56  64  64  86  88  77  71  65  80  87  97 106  95  95
 [55]  70  80  93  74  75  86  70  91 106  85 123 112 112 121 109 112 151 134
 [73] 145 159 162 168 164 143 150 168 171 159 126 134 145 141 153 185 177 165
 [91] 173 184 173 191 213 248 201 229 212 207 195 233 251 278 290 282 298 340
[109] 383 361 345 392 451 446 524 485 506 522 546 555 552

[[77]]
  [1]   10   17   13   16   23   20   27   35   47   49   40   46   37   37   42
 [16]   54   55   52   45   46   47   58   63   68   59   72   70   84   74   76
 [31]  104  111   95   93  110  129  106  103   87   92  112  101  106  110   94
 [46]  108  106  114  125  108  125  140  153  128  138  144  151  160  164  177
 [61]  155  166  165  168  150  157  178  165  183  182  187  185  183  175  193
 [76]  209  222  225  239  252  228  215  269  318  316  321  322  336  334  325
 [91]  351  378  407  419  440  451  420  427  503  532  584  595  614  598  603
[106]  642  615  703  719  698  705  735  759  793  862  876  887  906  933 1036
[121] 1096

[[78]]
  [1]   10   18   18   18   16   19   27   33   38   35   34   41   41   43   40
 [16]   36   43   57   63   50   57   62   79   84   68   55   52   55   80   65
 [31]   64   70   91   81  103  102  104   99  113  115  117  128  111  120  129
 [46]  149  139  128  128  138  144  156  170  186  196  201  201  201  203  206
 [61]  209  223  233  259  242  255  232  242  248  294  334  327  328  343  356
 [76]  327  365  377  401  417  435  443  440  441  518  494  525  518  542  542
 [91]  535  538  547  545  628  601  640  766  773  746  769  776  836  862  892
[106]  843  923  950  999 1083 1165 1159 1174 1202 1284 1341 1432 1424 1529 1568
[121] 1616

[[79]]
  [1]  10  17  12  14  13  26  18  16  14  17  35  32  38  33  31  41  33  28
 [19]  32  34  31  22  25  27  36  36  46  49  54  49  38  41  49  54  65  73
 [37]  71  54  75  71  58  54  52  53  70  92  77  98 112  84 105 104  86  93
 [55] 126 115 105 101 110 109  92 104 105  89 105  94 103 102 104 115 162 141
 [73] 141 126 128 143 157 173 157 148 150 130 150 184 200 201 173 178 188 231
 [91] 224 220 218 253 253 264 263 263 262 284 260 264 283 285 250 254 275 283
[109] 275 286 366 336 311 316 336 373 408 395 412 438 452

[[80]]
  [1]  10  11  16   8   8   8  15  10  11   9  14  11  14  10   6   6   9  18
 [19]  18  13  11  11  10   8  19  11  10   9  13  18  15   9   8   6   6   6
 [37]  10  16  11  10  14  11  24  16  27  34  30  27  23  25  36  42  38  44
 [55]  30  37  34  56  62  60  71  80  96  80  77  86  71  79  77 112  89  82
 [73]  99 118 114 132  99 113 112 112 144 133 125 131 155 151 170 166 174 176
 [91] 178 191 178 181 226 225 239 225 248 271 278 266 251 264 250 260 285 304
[109] 290 295 331 345 412 414 436 446 447 488 496 493 562

[[81]]
  [1] 10 11  9  8 10 11  9  7  4  4  9  9 12  9  7  5  4  9  6  6  5  4  3  3  3
 [26]  9  4 10  4  2  1  1  1  1  0  0  0  0  0  0  0  0  0  0  0  0  0  0  0  0
 [51]  0  0  0  0  0  0  0  0  0  0  0  0  0  0  0  0  0  0  0  0  0  0  0  0  0
 [76]  0  0  0  0  0  0  0  0  0  0  0  0  0  0  0  0  0  0  0  0  0  0  0  0  0
[101]  0  0  0  0  0  0  0  0  0  0  0  0  0  0  0  0  0  0  0  0  0

[[82]]
  [1]  10  16  17  11  11  15  11  15   9  13  14  10  15  10  17  16  12  14
 [19]  16  12  11  14  12  13   7   9  14  11  10   9  12   6   4   3   3   2
 [37]   7  15  12   9  17  20  20  18  16  19  26  25  21  15  22  35  43  30
 [55]  25  34  29  42  42  50  52  36  42  61  63  68  88  83  85 110  98 101
 [73] 109 137 158 127 127 126 151 154 150 156 155 218 233 211 208 203 241 250
 [91] 238 226 253 265 280 271 276 237 275 309 300 319 323 315 306 330 306 363
[109] 379 369 373 396 451 462 486 457 441 499 532 500 495

[[83]]
  [1]   10   18   30   33   49   45   45   55   54   47   40   46   59   74   98
 [16]  100  100  100   98  106   94   84   91  118  110  118  118  117  132  160
 [31]  168  178  191  166  180  197  216  198  210  231  241  235  279  296  322
 [46]  313  338  337  348  323  295  334  356  379  402  393  410  422  451  468
 [61]  474  459  517  523  516  537  588  597  629  638  638  641  694  734  788
 [76]  800  833  933 1013  978 1012 1098 1128 1187 1182 1324 1304 1348 1362 1422
 [91] 1536 1555 1637 1667 1709 1838 1965 1979 2014 2117 2131 2169 2280 2422 2525
[106] 2579 2621 2641 2688 2767 2934 2980 3026 3129 3216 3405 3488 3616 3760 3961
[121] 4192

[[84]]
  [1]  10  21  21  14  13  15  16  15  21  20  20  19  17  24  17  16  20  15
 [19]  14  33  28  27  18  27  27  27  31  29  27  24  25  19  18  22  30  36
 [37]  28  31  29  28  21  21  38  43  38  36  51  37  38  42  46  31  46  45
 [55]  40  34  39  28  31  32  30  22  28  31  22  23  39  36  39  34  32  38
 [73]  37  43  37  40  46  66  65  66  63  57  48  62  67  75  83  72  77  77
 [91]  94  94 100 100 108 111 124 106 105 113  99 127 118 110 111 132 120 121
[109] 116 128 156 166 168 174 174 190 165 216 202 205 224

[[85]]
  [1]   10    6    6    6    5   14   14   14    9    7   14   20   21   21   27
 [16]   23   35   41   44   36   46   40   51   49   61   67   66   69   61   74
 [31]   65   86   98   81   88   77   77   94  120  102  107  130  136  147  158
 [46]  160  171  180  185  177  165  152  160  190  218  199  230  205  203  193
 [61]  213  223  199  225  239  243  276  290  273  294  328  309  310  357  336
 [76]  376  354  389  422  442  483  441  463  511  568  591  597  597  651  669
 [91]  738  744  726  728  764  754  804  836  951  985 1033 1103 1089 1088 1209
[106] 1250 1277 1256 1376 1379 1562 1599 1656 1730 1754 1870 1872 2109 2106 2288
[121] 2348

[[86]]
  [1]   10   12   14   14   16   14   11   11   18   19   16   12   14   21   20
 [16]   19   24   26   28   23   21   18   14   17   23   22   25   17   23   25
 [31]   32   45   40   29   27   26   31   63   56   47   50   42   57   63   66
 [46]   70   62   60   74   89   61   73   98  107   97  100  103   97  115   94
 [61]   87   90   89   86  116  122  129  116  129  133  169  176  160  150  153
 [76]  174  208  206  216  238  218  271  280  321  331  326  330  326  413  429
 [91]  438  384  436  450  516  513  542  601  644  617  588  613  678  647  712
[106]  696  747  746  771  824  861  914 1011 1009 1024 1060 1084 1212 1276 1354
[121] 1387

[[87]]
  [1] 10 14 13 16 17 26 26 21 24 20 23 21 24 26 36 29 24 21 22 26 44 36 25 23 28
 [26] 36 26 29 24 35 37 38 53 36 31 30 51 47 35 35 30 36 28 31 31 20 14 14 14 18
 [51] 19 16 12 11 10 10  6  6 22 20 24 18 14 20 16 20 15 19 20 23 18 19 14 21 24
 [76] 29 19 14 14 25 31 28 22 26 36 33 30 26 42 36 35 34 35 33 42 38 32 22 54 54
[101] 56 49 44 46 67 78 66 66 55 48 49 51 66 76 74 70 70 76 78 78 70

[[88]]
  [1]   10   14    7    7   14   13   20   21   15   11   16   21   13   18   29
 [16]   33   34   35   32   33   37   32   41   57   49   40   52   61   40   47
 [31]   60   52   62   51   52   83   92   62   74   85   94  105   99   88  124
 [46]  123  119  122  120  144  156  185  151  135  145  140  144  174  174  202
 [61]  193  227  253  229  248  290  288  327  343  313  336  357  357  386  443
 [76]  457  428  468  522  488  484  499  520  556  593  606  560  628  713  767
 [91]  769  807  760  837  841  899  999 1005 1047 1043  995 1083 1127 1181 1251
[106] 1289 1387 1498 1543 1502 1594 1610 1673 1816 1772 1845 1925 1961 2028 2131
[121] 2266

[[89]]
  [1]  10  21  16  15  17  18  12  12  12  11  14  18  11  15   9   7   8  12
 [19]  14  20  15  13  20  18  13  13  19  23  23  23  24  22  25  24  20  23
 [37]  29  20  17  29  20  30  27  25  22  25  22  25  24  37  29  43  30  31
 [55]  32  38  49  43  48  66  79  77  68  66  69  99 105 101 100  83  90  98
 [73] 127 136 143 113 113 115 130 118 128 140 162 151 159 157 137 151 159 161
 [91] 199 187 217 193 248 267 238 264 255 283 316 329 375 377 390 416 427 431
[109] 437 487 511 517 545 554 559 589 566 664 694 712 732

[[90]]
  [1]   10   19   17   14   21   29   38   30   35   39   39   36   39   37   35
 [16]   31   44   58   46   49   50   58   60   64   81   77   71   76   76   97
 [31]  100  112   90   93  123  117  135  141  132  140  158  168  179  198  205
 [46]  179  180  170  174  184  176  188  186  195  212  191  192  212  249  226
 [61]  259  280  269  261  258  276  311  308  348  326  349  394  393  357  370
 [76]  382  403  430  372  425  469  490  471  512  498  488  517  570  565  612
 [91]  597  587  576  705  728  705  736  815  816  877  940  945  986 1023 1064
[106] 1054 1111 1097 1230 1246 1273 1274 1335 1435 1458 1489 1564 1578 1724 1849
[121] 1885

[[91]]
  [1] 10  9  9  6  6  5  9  7  4  4  3  2  1  1  1  1  0  0  0  0  0  0  0  0  0
 [26]  0  0  0  0  0  0  0  0  0  0  0  0  0  0  0  0  0  0  0  0  0  0  0  0  0
 [51]  0  0  0  0  0  0  0  0  0  0  0  0  0  0  0  0  0  0  0  0  0  0  0  0  0
 [76]  0  0  0  0  0  0  0  0  0  0  0  0  0  0  0  0  0  0  0  0  0  0  0  0  0
[101]  0  0  0  0  0  0  0  0  0  0  0  0  0  0  0  0  0  0  0  0  0

[[92]]
  [1]   10   23   20   14   19   28   26   22   15   28   30   36   29   25   23
 [16]   27   34   42   43   60   53   37   37   55   55   47   42   61   61   54
 [31]   64   86   74   57   91   90   77   98   89   96  119  138  125  113  137
 [46]  125  114  111  133  121  122  133  129  113  122  143  147  156  160  191
 [61]  200  196  177  182  190  187  211  219  254  245  233  235  232  252  255
 [76]  275  320  306  290  309  363  364  389  430  468  516  509  501  554  591
 [91]  589  598  672  671  700  738  728  738  782  841  874  889  928  949  969
[106] 1066  993 1106 1162 1244 1269 1395 1416 1532 1526 1503 1687 1753 1866 1962
[121] 1964

[[93]]
  [1]   10   12   10   12   12   19   23   11    9    9   28   28   20   20   21
 [16]   28   22   24   35   41   36   38   31   31   34   53   46   55   51   59
 [31]   71   87   80   76   87   96  108   97  121  104  132  120  116  106  142
 [46]  145  167  165  163  202  220  213  215  248  265  286  313  329  304  321
 [61]  301  369  385  428  371  414  392  454  497  495  497  485  589  618  596
 [76]  633  666  754  764  770  755  795  836  886  935  936 1079 1071 1067 1107
 [91] 1137 1203 1187 1221 1266 1363 1406 1418 1443 1588 1632 1648 1808 1919 1961
[106] 2033 2000 2203 2220 2266 2446 2668 2718 2892 2965 2933 3124 3377 3538 3589
[121] 3751

[[94]]
  [1]   10   15   15   12   13   20   28   21   23   25   19   22   30   31   52
 [16]   47   39   48   45   52   65   53   54   54   55   58   55   48   54   49
 [31]   64   74   68   82   80   94  106  101  100  120  120  108  100  106  117
 [46]  118  116  150  127  135  133  133  144  140  175  173  184  165  149  152
 [61]  159  181  188  179  182  206  244  225  239  264  251  277  282  293  300
 [76]  321  339  307  328  359  395  427  405  396  427  463  494  502  535  546
 [91]  599  556  625  581  632  704  666  711  759  753  785  819  857  889  966
[106] 1001  972 1023 1043 1074 1167 1187 1200 1259 1307 1359 1472 1503 1594 1527
[121] 1679

[[95]]
  [1]   10    7    7    6   12   20   15   19   15   26   23   21   26   21   18
 [16]   21   27   18   15   13   15   29   18   14   16   16   27   24   23   16
 [31]   15   32   36   24   22   25   30   37   39   29   23   21   29   39   47
 [46]   47   38   55   46   55   51   63   60   67   76  101  103  101  110   90
 [61]   84  100  137  136  142  128  126  131  142  148  135  125  144  170  190
 [76]  189  204  183  193  210  210  228  216  211  199  249  260  241  277  316
 [91]  313  327  325  320  372  397  399  385  389  395  430  439  443  510  549
[106]  614  615  593  627  718  734  798  755  784  836  852  915  932  990  999
[121] 1004

[[96]]
  [1]  10  14   9   9   9  12  12  13  13  18  18  20  25  17  15  13  11  17
 [19]  23  16  13  12  20  14  20  13  30  23  17  21  21  25  20  23  28  33
 [37]  30  37  40  46  37  50  49  48  36  45  52  46  49  53  57  50  70  64
 [55]  50  46  53  58  60  54  61  70  75  81  82 111 107 112 106 113 121 158
 [73] 165 152 151 206 187 212 209 214 212 220 285 283 291 288 282 268 289 302
 [91] 275 323 361 334 347 335 360 329 343 353 430 460 430 448 449 485 485 503
[109] 525 553 555 560 632 604 615 648 712 681 718 759 820

[[97]]
  [1]   10   17   20   17   15   15   20   19   18   21   27   25   24   36   33
 [16]   28   39   36   41   55   55   54   48   57   71   56   67   67   74   79
 [31]   78   96   96   94  106  116  132  134  137  130  143  162  175  206  167
 [46]  178  173  189  193  203  206  235  264  280  262  293  334  336  380  392
 [61]  396  411  470  477  491  535  563  571  618  624  661  783  765  745  805
 [76]  833  881  902  989  924  920 1002 1065 1089 1107 1086 1148 1121 1212 1294
 [91] 1287 1317 1352 1431 1473 1460 1576 1656 1726 1768 1771 1804 1855 1896 2011
[106] 2091 2170 2253 2379 2515 2583 2601 2618 2762 2778 2803 2845 3109 3247 3362
[121] 3464

[[98]]
  [1]   10    5    5   12    7   15   11    9    8   11    8    8   17   19   13
 [16]   14   19   10   10   18   22   19   19   15   14   22   19   16   30   21
 [31]   22   19   15   24   25   41   28   34   35   43   55   59   51   48   68
 [46]   68   53   67   64   61   50   61   62   64   72   70   61   54   62   59
 [61]   80   96  112  109  125  130  145  160  154  171  190  210  228  233  283
 [76]  310  296  282  302  335  326  372  409  401  366  367  415  473  502  497
 [91]  463  438  504  578  572  515  518  527  572  613  589  670  683  713  712
[106]  774  800  820  858  928  969  944  944  960 1027 1140 1165 1226 1289 1296
[121] 1292

[[99]]
  [1]  10  13   8  13   8  18  15  13  12  17  31  32  25  20  24  19  19  18
 [19]  20  14  18  14  12  11  19  25  17  15  12  13  11  18  20  22  19  13
 [37]  11  16  25  33  28  25  23  21  31  28  26  22  29  35  31  31  28  29
 [55]  29  39  30  28  35  22  29  50  45  46  48  56  77  84  82  84  90  88
 [73]  96  92  99  98 113 120 110 101 117 122 115 127 148 169 178 143 134 152
 [91] 203 235 250 261 249 266 282 265 258 265 291 317 318 316 325 338 367 386
[109] 387 417 421 436 493 474 479 513 544 579 608 648 672

[[100]]
  [1]   10   19   31   25   21   25   19   17   19   26   36   30   24   25   32
 [16]   35   25   25   27   31   71   83   76   63   83   71   75   92  110  126
 [31]  123  120  135  148  157  160  153  139  161  154  122  144  165  157  168
 [46]  200  181  171  173  154  154  184  208  209  211  216  205  282  285  274
 [61]  247  259  261  301  270  304  280  284  297  322  340  366  373  384  399
 [76]  468  481  507  519  557  588  565  593  567  586  624  669  693  749  796
 [91]  795  810  809  870  897  912  979 1066 1085 1106 1256 1282 1302 1357 1402
[106] 1424 1583 1631 1647 1749 1889 1880 1966 2052 2069 2105 2200 2339 2541 2568
[121] 2671

[[101]]
  [1]   10    8   15   12   11    9   17   13    9    9   12   14   19   13   18
 [16]   14   16   12   24   41   33   37   34   33   26   35   42   31   45   42
 [31]   45   39   47   53   54   64   81   84   68   61   86   78   86   77   76
 [46]   99  107  100  100   88   98  112  109  115  120  135  144  182  172  156
 [61]  141  147  191  226  272  260  274  265  297  299  298  350  370  388  421
 [76]  434  467  502  497  521  547  580  581  586  625  638  642  670  730  732
 [91]  790  827  902  907  947  941  930 1008 1021 1101 1196 1206 1214 1371 1472
[106] 1483 1510 1601 1665 1776 1808 1887 1781 1987 1983 2079 2164 2196 2254 2453
[121] 2473

[[102]]
  [1]  10   3   3   3   8  13  12   9  11   9   9  14  13  11   6  13  12   7
 [19]  10  12  11   7   6  12  12  25  16  14  20  14  18  19  24  22  32  21
 [37]  23  23  21  19  24  21  15  22  16  19  13  12  16  20  13  11  16  14
 [55]  15  12  17  16  12  12  17  22  25  22  26  24  25  19  30  44  32  34
 [73]  31  48  40  49  45  55  54  57  75  86  67  59  60  65  71  77  71  78
 [91]  73  79  83  92  82  79  80 115 120 128 123 132 135 134 160 157 150 172
[109] 181 172 190 189 210 208 220 236 275 272 284 286 299

[[103]]
  [1] 10  7  7  4  3  1  1  1  0  0  0  0  0  0  0  0  0  0  0  0  0  0  0  0  0
 [26]  0  0  0  0  0  0  0  0  0  0  0  0  0  0  0  0  0  0  0  0  0  0  0  0  0
 [51]  0  0  0  0  0  0  0  0  0  0  0  0  0  0  0  0  0  0  0  0  0  0  0  0  0
 [76]  0  0  0  0  0  0  0  0  0  0  0  0  0  0  0  0  0  0  0  0  0  0  0  0  0
[101]  0  0  0  0  0  0  0  0  0  0  0  0  0  0  0  0  0  0  0  0  0

[[104]]
  [1] 10 13  9  8  8  6  4  4 13 10  9  7  7  5  2  2  1  1  0  0  0  0  0  0  0
 [26]  0  0  0  0  0  0  0  0  0  0  0  0  0  0  0  0  0  0  0  0  0  0  0  0  0
 [51]  0  0  0  0  0  0  0  0  0  0  0  0  0  0  0  0  0  0  0  0  0  0  0  0  0
 [76]  0  0  0  0  0  0  0  0  0  0  0  0  0  0  0  0  0  0  0  0  0  0  0  0  0
[101]  0  0  0  0  0  0  0  0  0  0  0  0  0  0  0  0  0  0  0  0  0

[[105]]
  [1]  10  15  16  16  13  20  17  13  19  14  14  10  12  21  15  18  14  13
 [19]  13   7  14  14  10  15  23  21  28  20  23  33  37  36  31  32  28  19
 [37]  16  18  25  24  30  30  27  26  30  46  47  40  52  40  48  56  55  50
 [55]  40  59  48  53  51  53  59  50  64  56  73  64  84  86  89  73 106 105
 [73]  90  82  68  77  77  78  81  76  70  71  79  77  78 100  80  90 102 124
 [91] 127 126 117 130 142 143 144 158 210 205 191 187 198 200 255 247 247 271
[109] 299 295 286 283 253 299 285 343 335 354 351 379 376

[[106]]
  [1]  10   7   5   4   4   3  10  11   7   6   6  18  19  11  11   9  10  14
 [19]  13  13  16  14  16  11  13  21  28  18  25  24  21  23  37  42  31  27
 [37]  30  24  29  30  33  32  42  33  28  23  27  40  36  35  28  22  36  46
 [55]  49  49  54  37  33  41  48  48  50  40  40  31  27  29  34  33  36  44
 [73]  45  49  40  41  33  52  67  71  58  55  60  76  80  88  64  72  71  89
 [91]  73  75  90  86 113  98 121 102 111 110  92 127 152 160 150 147 137 179
[109] 233 255 250 252 259 269 309 305 293 307 304 328 302

[[107]]
  [1]  10  19  15  15  10   9   7  13  11   7  12  10  20  17  12  13  11   7
 [19]   6   5   9   7   5   5   5   8   4   9   5   5   4   4   6   5  19  12
 [37]   9  16  10  10   8  11   6   7  13  12  11  10  18  13  13  12  10  17
 [55]  13  24  19  25  16  16  33  29  37  32  33  41  47  44  33  28  27  22
 [73]  18  18  40  38  35  30  34  55  47  36  32  49  52  47  56  38  46  64
 [91]  62  54  48  38  45  45  43  56  54  46  57  61  73  78  80  96  98  98
[109]  77  83  75  84  96  93 106 122 111 112 123 129 139

[[108]]
  [1]  10  10   9   8   7   7   6   8  14  12  11   9   9  29  27  35  25  31
 [19]  31  32  20  27  27  43  39  34  23  20  23  27  29  33  31  22  28  32
 [37]  39  38  50  41  32  38  49  44  38  34  43  50  49  41  47  45  33  31
 [55]  44  43  55  62  51  55  65  86  66  60  70  84  73  75  67  55  69  77
 [73]  94  95 102 103 102  98 133 128 112 142 145 170 181 166 172 203 226 261
 [91] 250 256 264 270 301 265 284 290 296 269 308 278 309 332 361 354 362 360
[109] 391 396 429 407 476 464 485 511 531 558 611 648 677

[[109]]
  [1] 10 14 12 14 12 16 17 12 13 16 20 21 18 18 14 20 25 17 14 12  9 12 15 10  9
 [26]  7  4  4  4  3  3  2  2  1  1  1  1  1  1  0  0  0  0  0  0  0  0  0  0  0
 [51]  0  0  0  0  0  0  0  0  0  0  0  0  0  0  0  0  0  0  0  0  0  0  0  0  0
 [76]  0  0  0  0  0  0  0  0  0  0  0  0  0  0  0  0  0  0  0  0  0  0  0  0  0
[101]  0  0  0  0  0  0  0  0  0  0  0  0  0  0  0  0  0  0  0  0  0

[[110]]
  [1]  10  13  13   9   6   9   7   9   7   4   4   3  10   3   2   2   6  12
 [19]   6   5   5  10  17  17  15  13   9  11   8   7  10   8   7  10  12  24
 [37]  23  16  17  13  18  13  11  11  12  18  22  26  33  30  25  40  38  41
 [55]  45  61  57  60  75  90  80  70  80  99 125 129 113 124 124 136 138 151
 [73] 167 155 152 163 141 171 205 222 215 201 212 225 249 250 268 254 278 257
 [91] 314 323 341 325 374 397 405 358 366 393 403 391 384 410 427 467 473 479
[109] 500 555 580 565 590 609 651 657 695 707 731 791 774

[[111]]
  [1] 10  7  7  6  4  9  7  5  5  4  2  2  2  6  3  2  0  0  0  0  0  0  0  0  0
 [26]  0  0  0  0  0  0  0  0  0  0  0  0  0  0  0  0  0  0  0  0  0  0  0  0  0
 [51]  0  0  0  0  0  0  0  0  0  0  0  0  0  0  0  0  0  0  0  0  0  0  0  0  0
 [76]  0  0  0  0  0  0  0  0  0  0  0  0  0  0  0  0  0  0  0  0  0  0  0  0  0
[101]  0  0  0  0  0  0  0  0  0  0  0  0  0  0  0  0  0  0  0  0  0

[[112]]
  [1]   10   11   14   18   19   13   19   23   19   13   21   16   19   16   21
 [16]   15   13   19   27   21   19   16   26   25   23   28   29   26   32   29
 [31]   38   35   37   41   41   45   43   49   72   58   46   56   60   72   67
 [46]   60   67   67   79   81   62   62   81   81   89   96   82   75   88  110
 [61]  109  115  112  124  141  171  160  136  158  167  172  161  154  145  161
 [76]  163  213  213  219  225  271  262  262  264  253  248  295  282  294  345
 [91]  342  351  350  414  425  472  446  415  455  478  521  501  519  527  588
[106]  593  623  657  671  657  709  721  793  789  868  915  933  969  975 1070
[121] 1047

[[113]]
  [1]   10   10   12   13    8   13   10   10   10   12    9   14   25   23   17
 [16]   19   15   17   28   21   14   13   24   28   20   22   19   20   29   23
 [31]   25   18   30   26   35   42   34   38   43   47   46   46   46   66   73
 [46]   68   80   72   82   78   80   73   81   86   94  115  100   87   89  110
 [61]  137  128  129  121  122  116  136  144  182  177  167  153  205  203  175
 [76]  158  184  177  200  184  234  251  233  262  261  259  269  302  274  287
 [91]  281  283  311  325  310  304  361  367  390  403  465  452  441  476  474
[106]  497  500  503  571  604  614  651  686  721  757  774  820  854  871  877
[121] 1005

[[114]]
  [1]  10   8  12   9  13  11   9  17  22  27  33  31  20  24  36  38  50  47
 [19]  43  43  29  40  32  35  36  34  29  37  31  35  36  39  36  48  49  43
 [37]  40  46  35  32  37  33  51  53  48  49  47  41  39  53  41  40  47  69
 [55]  60  62  56  48  45  59  62  63  86  93  86  82  85 117 126 110 145 139
 [73] 130 124 130 134 155 159 149 153 198 182 176 198 184 174 184 208 234 224
 [91] 203 227 225 254 265 284 307 315 340 376 389 383 348 399 414 494 473 454
[109] 435 483 545 504 531 551 570 626 648 661 660 633 671

[[115]]
  [1] 10 13  9  9  8 16 15 22 17 11 10 10 12  8  5  3  3  3  3  2  2  1  0  0  0
 [26]  0  0  0  0  0  0  0  0  0  0  0  0  0  0  0  0  0  0  0  0  0  0  0  0  0
 [51]  0  0  0  0  0  0  0  0  0  0  0  0  0  0  0  0  0  0  0  0  0  0  0  0  0
 [76]  0  0  0  0  0  0  0  0  0  0  0  0  0  0  0  0  0  0  0  0  0  0  0  0  0
[101]  0  0  0  0  0  0  0  0  0  0  0  0  0  0  0  0  0  0  0  0  0

[[116]]
  [1] 10  6  5  5  4 12  8 13 10 10  8 14 16  8  7  5  4 12  9  9 16 17 15 13 11
 [26] 12 12 15 13 10 12 10 10 14 13 17 20 15 11 11  8  8  8 12 17 12 17 20 14 16
 [51] 18 21 15 15 12 10  9 11 15  7  7  6  5 11 12  9  8  8  7  7  8  5  9  6 13
 [76]  9  6  6 13 11  9  7 11 14 13 13 21 24 24 26 29 32 23 30 39 44 32 46 34 29
[101] 33 31 26 27 37 56 44 37 37 56 59 78 69 65 65 78 74 70 80 87 83

[[117]]
  [1] 10 11  8  6  5  4  4  3 10  6  4  2  1  1  2  0  0  0  0  0  0  0  0  0  0
 [26]  0  0  0  0  0  0  0  0  0  0  0  0  0  0  0  0  0  0  0  0  0  0  0  0  0
 [51]  0  0  0  0  0  0  0  0  0  0  0  0  0  0  0  0  0  0  0  0  0  0  0  0  0
 [76]  0  0  0  0  0  0  0  0  0  0  0  0  0  0  0  0  0  0  0  0  0  0  0  0  0
[101]  0  0  0  0  0  0  0  0  0  0  0  0  0  0  0  0  0  0  0  0  0

[[118]]
  [1]  10  13  25  22  27  27  19  21  30  35  51  40  38  47  44  30  32  30
 [19]  26  26  36  34  25  38  41  31  35  32  42  53  40  34  37  35  43  36
 [37]  31  31  30  46  32  32  34  48  46  50  48  48  52  67  76  69  68  60
 [55]  64  62  68  68  69  84  93  83  89  87  87  82  97 104 117 114 103 118
 [73] 129 119 114 111 120 139 132 130 120 143 147 166 185 165 151 165 179 179
 [91] 184 191 223 218 213 212 226 273 271 308 298 308 303 323 320 340 336 367
[109] 356 389 362 351 424 477 458 466 473 523 495 570 605

[[119]]
  [1]  10  21  17  14  13  17  18  13   9  14  20  18  20  18  22  14  22  18
 [19]  13  14  26  25  18  23  18  26  23  34  35  26  22  28  18  17  15  11
 [37]  11  17  29  26  22  22  27  23  21  38  36  36  36  33  32  38  29  31
 [55]  35  47  47  40  48  47  53  41  49  49  51  50  56  58  59  72  79  67
 [73]  78  80  98 103 131 130 135 152 140 161 152 168 162 176 166 200 192 199
 [91] 200 255 274 292 319 322 351 328 367 415 439 441 418 442 455 529 609 631
[109] 600 582 634 654 682 751 722 796 896 847 837 848 885

[[120]]
  [1]   10   19   23   18   27   36   26   20   25   36   37   29   39   50   62
 [16]   60   42   43   46   54   51   77   67   64   61   72   86   68   96  101
 [31]   79   86  109  107   88   93  126  128  145  141  163  181  172  227  237
 [46]  251  256  244  269  296  300  299  305  313  339  308  357  401  421  382
 [61]  398  405  410  463  487  544  545  519  532  604  645  698  676  780  869
 [76]  855  873  932  962  999 1060 1115 1173 1242 1306 1335 1350 1361 1367 1520
 [91] 1597 1657 1706 1669 1830 1998 2060 2092 2241 2323 2351 2480 2617 2723 2735
[106] 2780 2896 3005 3158 3293 3528 3659 3673 3863 3884 4003 4083 4202 4448 4704
[121] 4836

[[121]]
  [1]   10   20   19   26   31   26   28   26   29   25   27   29   22   19   24
 [16]   30   23   23   19   25   34   29   25   22   27   39   45   46   37   37
 [31]   46   38   33   44   62   79   70   76   74   59   77  104   91   69   87
 [46]   72   86   81   81   99  100   83  105  120  112   97   94  106  142  147
 [61]  121  138  156  172  219  232  206  232  234  298  257  311  290  304  300
 [76]  336  346  374  411  464  467  507  504  513  535  581  574  629  673  675
 [91]  650  681  773  936  897  860  905  923  941  992 1082 1133 1169 1137 1213
[106] 1261 1261 1331 1350 1356 1414 1545 1625 1742 1813 1856 1925 1952 2075 2151
[121] 2270

[[122]]
  [1]   10    7   12   12   10   13    8    8   13   22   15   33   25   39   53
 [16]   58   52   58   49   60   51   52   65   58   54   50   70   80   78  102
 [31]  107   91   98  107  130  124  129  121  124  158  151  176  188  161  136
 [46]  161  183  170  171  196  211  227  216  224  248  256  286  269  285  276
 [61]  272  295  371  379  380  374  410  412  381  414  487  495  515  537  545
 [76]  522  557  596  646  671  679  685  732  765  851  807  812  847  920  949
 [91] 1029 1081 1082 1202 1188 1196 1296 1402 1439 1462 1524 1543 1688 1740 1823
[106] 1969 1930 1947 2115 2195 2223 2294 2302 2455 2561 2750 2865 3072 3048 3251
[121] 3498

[[123]]
  [1]   10   20   15   13   18   20   19   25   17   21   25   15   16   19   20
 [16]   20   27   24   26   22   31   23   21   28   32   35   28   31   23   41
 [31]   40   34   27   45   48   49   49   55   46   51   58   74   64   69   80
 [46]   83   95  118  110  115  130  142  169  172  167  159  151  178  176  192
 [61]  194  201  178  197  207  246  246  263  280  276  281  293  348  354  359
 [76]  363  383  381  422  415  447  480  446  452  451  439  493  508  536  580
 [91]  570  571  603  630  703  752  728  784  788  875  865  938  967 1022 1059
[106] 1100 1123 1158 1215 1239 1319 1289 1344 1378 1423 1481 1558 1513 1671 1696
[121] 1701

[[124]]
  [1]   10   16   10    4    9    8    8    5   11    9    7    7    7   11   13
 [16]   10   14   12   11   11   19   24   22   20   19   25   27   19   25   28
 [31]   22   32   31   48   49   44   40   37   40   33   38   37   35   51   72
 [46]   87   92   90  102  104   99  119  123  118  115  141  155  160  173  175
 [61]  163  190  179  194  211  222  226  243  260  319  304  257  283  354  366
 [76]  319  348  350  398  394  442  454  478  523  506  564  582  610  649  632
 [91]  680  747  729  760  805  812  859 1022 1012  978  992 1072 1087 1212 1245
[106] 1254 1249 1291 1290 1529 1590 1571 1641 1691 1676 1678 1869 2058 2007 2068
[121] 2130

[[125]]
  [1]   10   15   17   19   14   13   12   13   12   16   11   21   23   16   15
 [16]   13    9   21   24   31   22   19   16   20   16   19   17   24   24   26
 [31]   17   28   26   26   27   32   42   40   36   39   39   41   41   44   57
 [46]   42   62   91   85   77   84   94  100  104  131  114  114  109  114  116
 [61]  113  117  116  124  147  157  136  155  156  201  172  170  170  190  197
 [76]  213  218  205  209  221  254  256  262  266  284  259  287  343  332  341
 [91]  344  369  316  333  322  334  407  385  413  431  514  504  504  463  539
[106]  598  584  680  691  678  692  739  731  752  803  841  862  852  915 1006
[121] 1066

[[126]]
  [1]  10  10  14  20  14  12  20  24  18  17  10  11  13  10  22  11   9  12
 [19]  16  15  10   8  11  15  20  16  34  35  31  19  19  13  11  16  27  27
 [37]  27  17  16  15  21  28  28  26  29  24  25  31  22  19  18  23  37  35
 [55]  29  19  27  35  33  42  42  37  31  32  36  39  48  53  63  62  62  56
 [73]  61  62  85  86  96  78  74  74  87  87  90 101 101 107 115 123 114 113
 [91] 115 107  97  90  90 131 137 137 150 152 159 176 176 205 191 206 213 244
[109] 278 256 264 286 253 275 238 285 297 307 282 303 336

[[127]]
  [1]   10    8    9   11    9   21   28   23   23   18   31   35   44   38   28
 [16]   33   46   47   57   51   49   44   41   34   41   37   37   41   66   60
 [31]   54   40   56   47   57   68   74   61   62   76   86   79   79   78   78
 [46]   86  100   94  132  123   96  119  126  121  122  116  138  151  142  133
 [61]  121  153  134  137  152  130  190  175  181  190  199  212  230  202  211
 [76]  214  253  274  279  279  355  369  375  365  408  413  440  454  448  485
 [91]  481  509  524  526  559  526  535  585  613  645  641  667  648  673  719
[106]  733  816  854  890  932  974 1032 1139 1195 1149 1187 1234 1266 1284 1382
[121] 1467

[[128]]
  [1]   10    8    8   14   17   13   10    7    7   15   16   19   17   14   19
 [16]   15   21   17   26   30   27   20   31   35   31   47   35   50   45   45
 [31]   35   30   50   53   52   69   72   80   92  104   94   85  105  100  131
 [46]  129  131  137  148  152  153  136  150  179  175  186  203  233  229  227
 [61]  257  274  310  322  305  349  321  347  376  393  423  450  439  428  460
 [76]  468  539  533  543  557  565  666  717  750  791  795  848  884  874  937
 [91]  998 1001 1040 1044 1039 1092 1156 1136 1201 1277 1236 1355 1389 1479 1473
[106] 1523 1583 1554 1735 1751 1754 1862 2002 2123 2057 2099 2215 2277 2318 2531
[121] 2561

[[129]]
  [1]  10  15  16  18  16  12  11   9  15  14  33  25  20  17  24  19  24  17
 [19]  12  12  10  10   7   7   6   7   6   4   4   2   2   2   2   7   6   6
 [37]   5  12  12  13  15  28  30  21  22  17  28  25  28  24  30  21  24  26
 [55]  30  29  42  38  36  40  51  73  79  78  89  98  96  93 108 112 122 135
 [73] 149 134 125 118 118 126 134 162 171 155 169 191 179 169 173 187 212 231
 [91] 227 193 196 179 180 208 204 245 234 242 242 229 277 298 272 257 280 290
[109] 325 317 356 377 398 428 427 446 481 517 558 521 571

[[130]]
  [1]  10  14  22  20  30  29  30  20  16  22  25  22  24  23  23  18  35  33
 [19]  39  56  44  43  43  46  44  50  64  69  49  52  43  56  52  45  50  56
 [37]  61  44  54  41  39  41  45  46  35  39  48  48  43  41  37  30  39  57
 [55]  66  47  57  53  53  59  48  65  71  82  76  87  95  94  87  77  79 115
 [73] 103 113 126 114 113 145 139 146 152 158 164 170 183 161 205 198 196 210
 [91] 252 232 249 265 300 301 306 323 346 316 346 352 324 351 369 412 393 368
[109] 399 444 471 514 538 483 486 533 613 572 583 610 648

[[131]]
  [1]   10   10    6    6   12   10    7   13    8    7   10   24   23   19   24
 [16]   32   28   40   44   47   45   56   39   44   56   79   83   69   59   71
 [31]   77   74   61   61   89   87  101   89   82   84  109  124  140  141  135
 [46]  169  165  170  201  205  211  242  248  248  228  252  259  237  247  285
 [61]  310  299  296  333  382  385  369  351  412  350  368  401  407  465  485
 [76]  549  570  611  559  653  706  793  771  819  901  913  953  983 1015 1052
 [91] 1114 1200 1261 1262 1329 1350 1452 1553 1588 1637 1644 1712 1742 1763 1793
[106] 1930 1935 2025 2083 2170 2298 2431 2467 2631 2816 2872 2975 3221 3263 3406
[121] 3442

[[132]]
  [1]  10  14  16  13  12  12  15  16  34  37  32  35  29  25  31  43  35  30
 [19]  39  35  29  31  28  23  24  31  33  33  37  42  43  35  51  38  27  26
 [37]  21  27  29  42  33  32  30  37  37  36  39  27  27  29  26  26  27  21
 [55]  32  28  33  31  39  30  25  24  34  42  28  35  38  57  60  66  74  61
 [73]  58  61  66  87 101 114  99  93  93  77 104 106 112 122 105 100 131 144
 [91] 151 150 145 134 170 182 182 204 229 218 212 238 252 248 253 305 294 289
[109] 280 297 346 323 340 348 355 369 359 393 425 426 423

[[133]]
  [1] 10  6  5 10 11  6  5  5  3  2  7 14 11  7  6  5  3  3  3  3  7  4  3  3  2
 [26]  1  1  1  1  1  0  0  0  0  0  0  0  0  0  0  0  0  0  0  0  0  0  0  0  0
 [51]  0  0  0  0  0  0  0  0  0  0  0  0  0  0  0  0  0  0  0  0  0  0  0  0  0
 [76]  0  0  0  0  0  0  0  0  0  0  0  0  0  0  0  0  0  0  0  0  0  0  0  0  0
[101]  0  0  0  0  0  0  0  0  0  0  0  0  0  0  0  0  0  0  0  0  0

[[134]]
  [1] 10 13 10 18 15 10 10  9 18 13 15 13 10  9 20 12 10 11 14 12 14 12 10 16  9
 [26]  9  9  7  8 23 17 12  9  9 16 20 21 17 17 14 14 16 23 25 24 18 11 16 18 19
 [51] 15 12 11 14 10 16 14 11 12 20 12 10 17 14 10  8 12  9  8 10 11 11 14 15 12
 [76] 17 19 18 15 15 19 16 20 37 29 22 30 27 27 29 28 33 36 29 22 24 34 37 39 30
[101] 38 34 28 35 40 40 41 44 41 31 41 45 41 46 47 45 54 51 51 54 77

[[135]]
  [1]   10   11    8   20   30   25   17   25   32   24   17   16   16   22   26
 [16]   16   18   23   18   16   13   11   12   20   18   17   14   13   14   26
 [31]   26   18   19   16   15   18   27   29   35   26   24   36   37   35   38
 [46]   32   33   22   41   46   72   53   49   50   68   72   63   84   89   92
 [61]   92  103  107  121  131  117  127  118  119  139  156  147  151  130  123
 [76]  144  166  184  169  181  198  206  197  208  234  211  215  221  254  237
 [91]  273  291  286  315  324  361  345  370  416  472  449  453  469  484  538
[106]  564  589  613  628  657  728  769  808  820  818  865  868  901  975 1068
[121] 1053

[[136]]
  [1] 10 16 21 13 12 11 13 16 12 14  8  6  4  4  7  5  5  4  4 10  6 17 11  9  7
 [26]  5 18 18 13 10 10 15 20 19 17 19 15 17 19 16 22 18 13 13 14 16 20 15 16 12
 [51] 18 18 17 12 12 11 10 13 12 17 17 21 15 21 16 16 13 24 19 30 30 24 26 24 28
 [76] 27 21 26 34 26 31 34 33 30 25 39 36 30 30 21 58 68 59 49 48 48 53 45 47 41
[101] 64 54 55 49 52 55 61 72 55 54 67 61 77 85 90 88 79 79 87 97 98

[[137]]
  [1]  10  10   8  14  18  12  11   9  16  17  18  11   8   7  16  21  14  11
 [19]  15  15  15  12  23  25  19  15  15  14  19  26  22  14  14  19  25  16
 [37]  20  26  21  23  26  30  33  28  34  34  36  36  33  36  39  44  33  31
 [55]  26  35  36  35  28  42  41  56  69  67  73  86  80  79  71  59  77  73
 [73]  73 105 110 115 123 125 118 124 138 127 125 150 163 179 178 156 176 217
 [91] 213 223 256 290 263 290 260 269 278 310 323 319 306 331 409 402 420 421
[109] 466 508 495 508 475 467 549 575 554 603 672 644 638

[[138]]
  [1]   10   18   15   14    9   12   22   15   12   12   19   28   23   18   13
 [16]   11   11   15   19   23   20   23   18   29   22   21   22   25   22   24
 [31]   30   29   49   40   35   28   28   23   38   34   32   43   38   28   24
 [46]   37   47   57   51   48   57   54   60   77   83   78   87   80   98   91
 [61]   95  124  127  144  147  133  138  156  150  146  180  177  168  198  207
 [76]  243  234  248  237  260  283  304  298  286  320  300  310  336  399  366
 [91]  344  365  456  480  467  473  501  511  482  540  570  596  618  640  603
[106]  632  692  708  749  789  825  882  831  934 1037 1149 1082 1156 1248 1292
[121] 1354

[[139]]
  [1]  10  10   8   7  16  16  20  22  19  13  12  14  12  11  23  30  25  15
 [19]  16  27  27  34  28  34  51  51  40  35  38  38  29  25  39  39  40  52
 [37]  56  56  55  58  54  56  51  49  53  64  71  63  64  67  53  85  80  69
 [55]  70  95  79  84  72  77  76  67  65  66  67  72  88 113 121 111 108 112
 [73] 118 112 143 130 120 125 118 110 110 147 144 140 180 149 162 144 147 164
 [91] 163 193 179 196 207 233 236 252 209 224 235 257 268 292 296 294 317 301
[109] 324 362 335 356 374 377 400 404 395 385 429 497 456

[[140]]
  [1] 10 12 10  7 11  7  7  7  5  4  3  2  2  1  1  1  0  0  0  0  0  0  0  0  0
 [26]  0  0  0  0  0  0  0  0  0  0  0  0  0  0  0  0  0  0  0  0  0  0  0  0  0
 [51]  0  0  0  0  0  0  0  0  0  0  0  0  0  0  0  0  0  0  0  0  0  0  0  0  0
 [76]  0  0  0  0  0  0  0  0  0  0  0  0  0  0  0  0  0  0  0  0  0  0  0  0  0
[101]  0  0  0  0  0  0  0  0  0  0  0  0  0  0  0  0  0  0  0  0  0

[[141]]
  [1]  10  10   9   8   7  17  14  18  12  21  19  20  21  23  35  28  31  20
 [19]  17  13  18  11  17  28  29  30  32  28  28  34  45  34  41  45  48  45
 [37]  35  35  48  48  57  57  59  64  70  64  61  67  72  64  61  57  50  63
 [55]  67  82  75  72  70  82  98  98 101 110 143 133 127 135 140 129 127 155
 [73] 166 166 149 149 183 147 152 145 158 189 197 192 171 189 208 215 241 255
 [91] 246 274 262 259 252 262 296 286 281 336 329 365 355 393 450 502 512 553
[109] 584 592 658 691 664 715 700 791 791 778 812 879 929

[[142]]
  [1]  10  16  16  13  11  13  21  16  11   9   9   7   3   3   4   9   7  12
 [19]   7  11   8   6  19  12  15  21  24  27  17  14  12   7  12   9  18  17
 [37]  18  13  19  20  23  16  18  17  20  28  34  42  43  37  38  40  48  42
 [55]  50  57  49  62  65  77  91  81  66  69  74  79  89  74 100  85  81  88
 [73]  96 111  99  85  98  91  79  91  87  83  89  84  95  84  88  84  90  73
 [91]  81  81  80  78  93  89  89 100 100 120 117 101  94  96 134 147 147 143
[109] 143 152 154 129 140 153 157 166 164 149 141 160 178

[[143]]
  [1]   10    9    5    7    9   16   21   15   12   15   27   24   18   13   17
 [16]   26   21   21   29   43   46   45   45   48   46   53   50   76   65   64
 [31]   56   64   74   81   84   79   83   80  108  122  155  129  127  127  143
 [46]  199  195  188  195  206  206  226  236  274  240  243  271  251  272  301
 [61]  320  341  309  312  318  310  322  311  353  376  391  386  372  390  435
 [76]  464  469  517  521  565  593  597  616  616  624  681  755  701  756  766
 [91]  780  823  844  840  895  929  945 1003 1104 1121 1208 1256 1297 1319 1308
[106] 1464 1551 1520 1540 1699 1672 1748 1715 1768 1856 1971 2183 2236 2325 2379
[121] 2341

[[144]]
  [1]  10  12   9   9   8   8   5   4  15  12  14  10   7   8  10   9  11  13
 [19]  10   8   5   5   8   6   6   5   4  12   7  22  16  14   9   9  26  25
 [37]  18  12  11   9  15  20  19  14  12  25  29  21  20  15  24  31  30  35
 [55]  31  39  47  46  47  47  57  47  46  66  68  70  62  63  72  64  82  73
 [73]  79  90  79  75  99 111 143 147 147 126 154 174 178 174 187 200 183 184
 [91] 176 214 235 268 252 294 263 279 260 258 243 274 265 222 281 269 264 259
[109] 306 304 284 302 323 314 315 317 367 377 340 373 427

[[145]]
  [1] 10  9  6 16 11  7  5  4  3  3  5  4  4  4  6  4  1  4  4  2  2  1  1  1  1
 [26]  1  1  3  2  2  2  1  1  1  1  0  0  0  0  0  0  0  0  0  0  0  0  0  0  0
 [51]  0  0  0  0  0  0  0  0  0  0  0  0  0  0  0  0  0  0  0  0  0  0  0  0  0
 [76]  0  0  0  0  0  0  0  0  0  0  0  0  0  0  0  0  0  0  0  0  0  0  0  0  0
[101]  0  0  0  0  0  0  0  0  0  0  0  0  0  0  0  0  0  0  0  0  0

[[146]]
  [1]  10  10  15  16  10   7   7   9   7   6   5   7   6  21  16  12  11  11
 [19]  17   7   6   6   6   6   6  21  20  20  21  12  20  15  15  17  15  25
 [37]  31  26  20  15  14  11  14  14  10  19  22  25  17  13  19  15  12  19
 [55]  19  30  23  15  14  21  28  24  21  22  27  26  23  18  16  34  33  32
 [73]  32  21  21  30  36  29  29  31  40  57  53  49  48  61  48  53  46  55
 [91]  67  77 106  97 108  81  90  96 100 122 124 104 112 115 131 132 161 142
[109] 167 187 177 191 231 235 243 223 280 288 306 320 279

[[147]]
  [1]  10   7  17  18  13  10   8  12   7   7   8   8  26  19  13  18  15  16
 [19]  22  18  15  25  19  22  21  25  30  34  28  35  28  30  38  25  30  23
 [37]  33  26  25  25  27  25  18  28  18  21  24  32  46  44  47  55  52  44
 [55]  47  47  63  60  60  58  65  66  77  84  85  90 100  94  97  98 110 108
 [73] 119 114 130 164 160 149 168 160 167 184 203 214 212 196 205 202 266 246
 [91] 229 252 267 274 287 292 318 344 359 360 405 396 355 424 480 462 483 529
[109] 531 578 614 617 616 598 636 624 683 679 676 721 800

[[148]]
  [1]   10    8   14   17   14   13   16   25   15   29   19   20   21   29   26
 [16]   27   32   31   24   23   28   24   29   22   28   22   23   32   36   37
 [31]   34   29   34   27   38   33   32   48   58   64   64   62   72   81   82
 [46]   97   93   81   81   64   82  119  120  112  123  137  136  148  203  182
 [61]  173  187  189  189  167  193  227  221  231  223  238  236  246  230  265
 [76]  263  275  282  360  344  356  356  348  374  418  385  382  429  448  443
 [91]  483  551  555  587  576  547  564  583  663  665  681  690  691  691  780
[106]  801  819  822  872  925  938  923  985 1028 1093 1106 1141 1194 1189 1196
[121] 1312

[[149]]
  [1]   10    7    7    7    6    4    6   12   10    7    6    5    4    4    6
 [16]    3   13   14    8   10   13   17   18   26   25   40   28   23   20   20
 [31]   36   28   32   36   35   47   52   52   60   55   61   63   60   79   90
 [46]  104   97   97  109  127  129  129  127  129  141  127  140  135  159  167
 [61]  176  200  271  254  252  275  281  281  299  293  362  362  376  379  366
 [76]  399  438  458  457  458  508  517  538  558  519  546  580  618  615  589
 [91]  638  631  795  738  765  838  878  871  949  968 1013 1028 1047 1134 1122
[106] 1181 1224 1220 1255 1297 1335 1460 1449 1576 1617 1673 1693 1778 1805 1857
[121] 1991

[[150]]
  [1]  10  11   5  12  12  11   7  10  12   7  11   9   9   9  14  25  32  25
 [19]  14  16  14  15  23  21  15  12  16  23  20  19  12  18  23  18  23  18
 [37]  29  30  31  25  20  22  22  32  27  26  25  30  27  20  15  22  21  25
 [55]  23  21  29  22  22  20  16  18  22  26  26  20  18  18  20  30  31  49
 [73]  49  45  50  54  60  67  76  60  57  64  88  76  84  64  66  88 111 110
 [91] 117 106 119 135 145 136 115 108 130 127 129 122 126 147 137 171 180 178
[109] 197 192 170 192 207 175 201 194 244 228 277 273 290

> save(reslist, file=paste("output",iter,".rda",sep=""))
> 
> 
> ###############################################################
> 
> 
> # Clear the workspace and turn off graphics.
> #  Load all the functions you need by sourcing the provided demographic.R file
> #  Read in the job number from the cluster. To do this, your code should include a new
> # variable iter and should start with the line:
> # iter <- as.numeric(Sys.getenv(PBS_ARRAY_INDEX))
> #  Control the random number seeds so that each parallel simulation takes place with a
> # different seed. Your function should therefore set the random number seed as iter so that
> # each parallel simulation has a unique random seed.
> #  In each parallel run, select the initial condition to be used. Ensure that 25 of the parallel
> # simulations are allocated to each of the initial conditions.
> #  Create a variable which is the filename to store your results. The end of the filename
> # should be the number iter to ensure that simulation files do not overwrite one another on
> # the cluster.
> #  Initialise a list which will contain the results of your 150 simulations.
> #  Call the stochastic_simulation function to do the appropriate simulation 150 times,
> # appending the output to the results list, and then save the results list.
> 
> #four initial conditions (25 cluster runs per)
> #each cluster run runs simulation 150 times
> #1) large population of 100 adults
> #2) small population of 10 adults
> #3) 100 individuals spread
> #4) small population of 10 individuals
> 
R has finished running

============================================

        Job resource usage summary 

                 Memory (GB)    NCPUs
 Requested  :         1             1
 Used       :         0 (peak)   0.83 (ave)

============================================
