R is about to run

R version 4.4.1 (2024-06-14) -- "Race for Your Life"
Copyright (C) 2024 The R Foundation for Statistical Computing
Platform: x86_64-conda-linux-gnu

R is free software and comes with ABSOLUTELY NO WARRANTY.
You are welcome to redistribute it under certain conditions.
Type 'license()' or 'licence()' for distribution details.

R is a collaborative project with many contributors.
Type 'contributors()' for more information and
'citation()' on how to cite R or R packages in publications.

Type 'demo()' for some demos, 'help()' for on-line help, or
'help.start()' for an HTML browser interface to help.
Type 'q()' to quit R.

> 
> 
> growth_matrix <- matrix(c(0.1, 0.0, 0.0, 0.0,
+ 0.5, 0.4, 0.0, 0.0,
+ 0.0, 0.4, 0.7, 0.0,
+ 0.0, 0.0, 0.25, 0.4),
+ nrow=4, ncol=4, byrow=T)
> 
> reproduction_matrix <- matrix(c(0.0, 0.0, 0.0, 2.6,
+ 0.0, 0.0, 0.0, 0.0,
+ 0.0, 0.0, 0.0, 0.0,
+ 0.0, 0.0, 0.0, 0.0),
+ nrow=4, ncol=4, byrow=T)
> 
> clutch_distribution <- c(0.06,0.08,0.13,0.15,0.16,0.18,0.15,0.06,0.03)
> 
> #=========================================================================================
> rm(list=ls())
> graphics.off()
> source("Demographic.R")
> source("kl2621_HPC_2024_main.R")
[1] 0 0 0 0 3
[1] 3 3 2 2 2
[1] 1 1
 [1] 7 5 2 2 2 1 1 1 1 1 1 1 1 1 1 1 1 1 1 1 1
> 
> 
> ###4 initial conditions
> 
> ############################################################
> 
> 
> 
> #VVVVVVVVVVVV-------------COMMENT ME OUT WHEN RUNNING THE THING
> #iter <- 5
> #VVVVVVVVVVV--------------UNCOMMENT ME OUT
> iter <- as.numeric(Sys.getenv("PBS_ARRAY_INDEX"))
> set.seed(iter)
> 
> 
> if (iter <= 25) {
+ initial_state <- state_initialise_adult(4,100) #100 adults
+ } else if (iter >25 && iter <= 50) {
+ initial_state <- state_initialise_adult(4,10) #10 adults
+ } else if (iter >50 && iter <= 75) {
+ initial_state <- state_initialise_spread(4,100) #100 spread
+ } else {
+ initial_state <- state_initialise_spread(4,10) #10 spread
+ }
> 
> reslist <- list()
> 
> ####100 cluster runs
> ###################################################
> ####150 runs of stochastic_simulation per cluster run
> for (i in 1:150) {
+     #################################
+     ###120 steps of stochastic_simulation per simulation
+     stochasticresult <- stochastic_simulation(initial_state,growth_matrix,reproduction_matrix,clutch_distribution,120)
+     reslist[[i]] <- stochasticresult
+     #################################
+ }
> ###################################################
> 
> print(reslist)
[[1]]
  [1]  10  49  32  30  29  26  36  28  25  25  22  24  30  31  31  30  29  25
 [19]  44  37  33  42  42  32  50  38  39  46  38  48  42  42  40  31  21  23
 [37]  25  26  24  28  22  18  35  37  27  29  29  31  39  51  56  58  61  72
 [55]  62  63  59  62  71  74  84  85  87  75 101  86  88  79 106  98  99 140
 [73] 128 107 116 144 151 159 137 129 149 150 142 149 174 208 193 208 274 280
 [91] 288 296 310 333 353 345 375 366 361 406 440 424 451 439 453 489 464 487
[109] 482 510 545 593 590 634 668 699 733 728 707 807 852

[[2]]
  [1]   10   46   25   24   18   20   22   23   16   18   21   21   23   27   23
 [16]   37   40   25   34   25   27   42   38   45   37   32   39   49   53   41
 [31]   51   53   40   30   33   50   47   70   67   66   70   53   49   53   54
 [46]   57   56   66   65   76   76   66   57   85   92   79   90   91   97  119
 [61]  109  123  111  115  129  128  118  113  143  153  145  144  153  155  155
 [76]  186  187  188  201  192  181  193  193  184  228  257  278  279  264  290
 [91]  309  348  344  371  385  374  393  393  385  411  428  427  444  510  520
[106]  534  531  559  593  625  618  645  699  747  734  799  801  801  896 1047
[121] 1097

[[3]]
  [1]   10   34   33   31   27   29   32   33   25   38   36   29   32   35   36
 [16]   44   59   48   40   43   47   56   70   61   52   68   70   76   58   58
 [31]   65   63   81   64   66   58   72   75   73   77   85  100   97  102  115
 [46]  110  100  100  133  132  127  110  110  147  124  117  115  136  167  142
 [61]  169  190  210  192  193  214  203  249  288  260  238  212  288  321  342
 [76]  322  333  324  343  375  412  376  423  428  461  433  454  502  481  517
 [91]  510  564  614  648  646  627  594  636  657  650  701  680  753  768  777
[106]  825  838  910  908  907  954  928 1035 1081 1099 1181 1259 1348 1382 1460
[121] 1548

[[4]]
  [1]   10   36   33   24   20   20   32   29   41   44   52   46   64   72   75
 [16]   75   74   84   85   69   66   91  109  113   93  111  116  134  135  137
 [31]  126  153  140  131  134  145  210  194  196  210  204  224  259  270  259
 [46]  258  288  343  357  368  423  377  422  456  492  494  491  510  527  598
 [61]  600  611  646  695  704  718  768  796  902  975  972  990 1043 1113 1067
 [76] 1119 1146 1270 1332 1377 1342 1419 1512 1576 1643 1676 1813 1806 1909 1992
 [91] 2008 2057 2092 2224 2325 2421 2548 2715 2821 2898 2906 3144 3354 3462 3510
[106] 3694 3732 3892 3941 4122 4243 4269 4466 4719 4741 5030 5275 5417 5569 5973
[121] 6158

[[5]]
  [1]   10   25   25   24   19   22   18   21   30   30   31   31   26   26   23
 [16]   32   41   40   41   36   48   48   68   50   52   45   48   47   56   45
 [31]   55   54   60   60   58   60   50   53   53   56   63   64   61   52   51
 [46]   61   56   54   71   58   61   50   67   96   86   80   77   63   75   76
 [61]  106  120  100  116  148  165  157  151  182  191  208  219  215  216  227
 [76]  249  261  287  282  326  330  335  317  361  331  331  346  359  361  391
 [91]  412  463  473  471  474  439  537  611  600  641  708  719  755  812  822
[106]  827  897  906  934 1036 1119 1132 1192 1262 1316 1377 1406 1445 1471 1524
[121] 1593

[[6]]
  [1]  10  27  23  17  14  15  18  11  18  24  30  20  20  23  24  15  20  13
 [19]  19  21  23  26  28  19  14  12  22  17  17  20  21  23  30  26  24  33
 [37]  30  27  32  33  40  42  33  53  56  50  44  33  33  32  53  66  70  70
 [55]  76  75  72  78 102 106 106 105 117 112 132 135 112 109  98 132 129 145
 [73] 151 163 180 169 188 196 161 178 194 208 216 199 222 248 273 268 253 254
 [91] 296 292 329 344 336 340 360 404 436 441 389 382 478 460 469 521 558 561
[109] 583 636 671 724 732 807 820 853 911 925 996 956 939

[[7]]
  [1]   10   29   32   28   25   17   29   19   18   20   24   25   24   16   17
 [16]   18   16   16   19   28   23   19   22   19   22   28   24   21   24   30
 [31]   43   45   30   37   36   41   37   54   66   61   61   71   76   78   90
 [46]   89  104   93  106  123  128  142  133  152  150  169  175  178  171  204
 [61]  195  215  227  229  243  236  233  239  254  276  284  298  356  374  362
 [76]  353  343  408  393  410  449  463  489  502  493  500  565  619  654  692
 [91]  693  716  760  828  868  850  919  971 1027 1040 1063 1084 1116 1141 1145
[106] 1219 1308 1326 1431 1477 1475 1603 1648 1731 1761 1784 1954 2073 2159 2256
[121] 2223

[[8]]
  [1]  10  29  26  22  13  11  10  15  23  16  17  19  18  34  40  32  26  28
 [19]  21  24  35  28  23  21  23  25  26  20  29  27  29  40  29  29  29  30
 [37]  25  40  39  30  24  28  38  61  53  33  26  31  35  32  34  47  35  34
 [55]  31  39  59  56  57  43  48  47  64  66  55  55  51  44  46  57  59  75
 [73]  94  87  88  82  83  93  86  98  97 102 112 139 123 118 122 115 119 133
 [91] 146 191 185 145 135 155 203 209 206 196 180 223 239 248 254 281 277 290
[109] 306 309 368 366 356 345 398 403 402 437 423 407 510

[[9]]
  [1]   10   29   45   37   31   32   37   31   28   36   34   44   53   69   60
 [16]   54   62   58   92   87   74   67   81   78   72   69   67   62   87   92
 [31]   83   97   88   87  115  108  162  178  172  146  129  153  186  213  196
 [46]  201  205  217  207  211  256  275  271  290  303  304  286  298  343  348
 [61]  383  401  402  397  441  524  482  505  542  580  610  651  696  735  723
 [76]  739  774  845  887  860  859  926  939 1017 1043 1188 1141 1135 1182 1294
 [91] 1338 1369 1471 1476 1528 1617 1781 1823 1837 2004 2102 2196 2297 2405 2462
[106] 2484 2583 2655 2660 2848 2946 2996 3210 3321 3511 3637 3842 4019 4185 4297
[121] 4561

[[10]]
  [1]   10   22   21   16   19   20   39   39   34   30   34   30   43   33   51
 [16]   50   55   40   42   32   56   65   49   39   33   39   42   52   46   50
 [31]   46   49   44   38   39   44   41   50   55   39   54   76   76   60   81
 [46]   71   69   88   83  113  100  131  133  162  157  156  166  176  182  192
 [61]  179  225  230  217  282  320  305  291  305  319  363  371  381  423  413
 [76]  380  437  464  462  491  477  443  458  558  547  567  585  601  584  628
 [91]  679  692  748  839  884  891  903  905  914  937 1028 1061 1135 1131 1152
[106] 1189 1285 1325 1387 1449 1468 1473 1632 1704 1806 1837 1917 2117 2081 2097
[121] 2132

[[11]]
  [1]  10  19  22  22  18  15  14  23  31  20  15  20  23  23  18  15  13  26
 [19]  31  24  26  22  20  31  37  39  46  42  49  40  56  47  45  44  55  57
 [37]  50  51  53  62  71  67  69  82  65  70  68  59  65  70  70  82  94  94
 [55]  96  79  86  65 107 124 106  90  96  99 113 120 123 129 123 128 150 116
 [73] 130 120 157 153 153 136 155 173 172 168 198 192 189 210 207 211 258 255
 [91] 235 247 262 304 331 336 322 321 344 415 393 430 427 428 441 437 464 486
[109] 484 496 514 578 612 619 636 671 728 728 775 774 802

[[12]]
  [1]  10  29  26  28  19  27  17  13  20  21  12  10  17  17  11  16  17  25
 [19]  27  15  14  12  13  13  19  13  21  10   9  19  17  20  23  22  29  23
 [37]  23  19  15  20  32  31  37  24  22  21  26  36  29  36  39  35  31  38
 [55]  38  34  38  40  48  40  33  40  51  47  37  40  38  45  48  57  79  74
 [73] 104  89  75  78 115  97 105 103 120 145 129 124 116 127 147 173 175 204
 [91] 247 240 248 233 237 280 282 285 353 338 398 415 389 398 425 462 473 471
[109] 440 475 516 530 570 567 541 579 597 600 604 704 690

[[13]]
  [1]   10   42   33   28   23   18   26   28   29   29   24   18   22   17   13
 [16]   15   11    9   18   22   35   25   19   18   15   18   21   12   20   30
 [31]   41   39   29   22   25   26   36   37   50   54   41   46   57   71   72
 [46]   83   78   79   83   85   97   97  102  116  132  114  136  125  129  135
 [61]  137  159  154  155  160  168  200  193  188  214  220  231  220  233  218
 [76]  232  262  286  298  313  311  306  293  345  340  347  339  331  328  333
 [91]  406  404  371  390  456  495  489  507  506  500  552  589  661  694  744
[106]  770  790  825  858  824  915 1005 1077 1030 1015 1063 1115 1188 1219 1226
[121] 1285

[[14]]
  [1]   10   35   41   32   25   31   37   36   33   28   31   44   56   54   59
 [16]   61   46   51   59   68   59   49   65   76   81   67   70   71   64   70
 [31]   81   72   63   65   65   61   66   56   73   70   65   78   81  102   86
 [46]   77   75   68   83  110  134  138  139  120  111  154  170  154  159  157
 [61]  162  166  175  164  171  170  182  205  205  229  247  249  269  317  333
 [76]  387  406  404  397  404  484  447  449  487  501  532  569  586  605  632
 [91]  615  649  690  709  699  760  822  821  933  909  901  914  971 1037 1090
[106] 1137 1163 1212 1310 1324 1377 1450 1491 1548 1560 1638 1679 1726 1731 1808
[121] 1889

[[15]]
  [1]  10  19  21   9   9   8   8   6   7  17  13  10   8   8   8  14  13  23
 [19]  16  16  16  10   9   7   9  21  20  23  22  31  28  31  25  31  42  49
 [37]  43  51  52  46  46  58  71  85  66  61  65  75  60  65  78  71  71  76
 [55]  73  90  98  90 109 125 106 104  96  99 126 101 102 118 116 103 108 117
 [73] 129 130 138 151 174 148 177 175 179 174 208 227 227 262 265 282 301 316
 [91] 300 336 358 385 340 340 338 367 392 439 517 538 524 541 548 539 568 586
[109] 657 651 638 667 696 747 786 808 839 846 921 948 978

[[16]]
  [1]  10  24  13   8  10  13  19  19  13  14  12  12  13  20  20  16  18  15
 [19]  15  16  17  18  13  12  11  14  20  14  24  20  18  15  18  21  26  22
 [37]  17  10   9  17  17  13  16  15  16  18  20  23  19  28  31  30  46  44
 [55]  41  54  73  74  67  57  39  55  49  49  70  75  92  81  62  62  66  67
 [73]  65  79  74  93  87  97 104 111 160 166 163 186 171 163 160 209 186 166
 [91] 173 179 219 242 233 270 262 271 278 311 336 327 319 311 325 350 371 369
[109] 376 380 427 461 464 478 511 502 504 564 581 594 624

[[17]]
  [1]   10   40   28   26   22   17   20   26   35   44   46   44   44   54   62
 [16]   52   56   65   75   84   73   58   67   80   64   73   61   83   91   87
 [31]   96   97  133  150  128  141  142  182  178  178  152  153  173  161  196
 [46]  202  204  213  229  219  217  231  266  267  287  300  294  321  335  327
 [61]  389  412  434  425  438  484  488  557  580  583  586  637  713  754  801
 [76]  808  845  885  963  969  991 1019 1037 1068 1142 1144 1161 1211 1254 1341
 [91] 1434 1479 1531 1509 1656 1745 1850 1913 2011 2091 2152 2240 2289 2417 2574
[106] 2644 2751 3014 3123 3176 3264 3435 3537 3657 3811 3940 4053 4181 4323 4500
[121] 4690

[[18]]
  [1]  10  26  26  18  14  15  33  39  31  23  21  22  27  28  17  26  18  28
 [19]  25  19  28  19  18  22  39  33  31  22  26  36  27  34  28  23  26  24
 [37]  20  28  32  33  49  55  57  55  50  52  64  69  67  66  77  77  65  54
 [55]  50  60  56  58  49  46  55  63  60  73  79  72  74  84  85  81  70  82
 [73]  76 101 116  96 104 118 119 110 132 132 117 105 123 109 124 139 139 179
 [91] 202 204 186 224 217 219 221 250 283 299 286 316 326 331 327 366 403 418
[109] 401 413 464 516 582 602 647 640 664 725 729 799 812

[[19]]
  [1]   10   32   49   32   23   24   37   40   46   38   38   32   46   46   33
 [16]   54   45   52   36   34   37   34   39   49   40   44   47   70   75   65
 [31]   50   61   73   79   68   68   77   90   92  101   84   99  119  132  122
 [46]  119  113  133  116  137  176  174  183  164  176  192  194  196  211  225
 [61]  236  251  266  307  309  327  375  301  291  323  277  312  301  334  335
 [76]  363  352  390  435  474  473  472  526  554  549  584  613  635  629  664
 [91]  694  731  735  811  875  885  941  926  953 1067 1095 1099 1056 1102 1138
[106] 1204 1312 1276 1382 1328 1337 1436 1596 1657 1667 1718 1805 1842 2003 2116
[121] 2127

[[20]]
  [1]   10   27   33   41   37   26   27   47   34   30   36   43   43   34   50
 [16]   46   46   47   49   62   79   74   81   86   86   93  104  100   97   96
 [31]  121  115  154  146  121  108  128  129  146  160  140  124  163  183  192
 [46]  195  200  198  221  227  205  201  200  203  249  279  249  270  284  260
 [61]  309  322  359  418  388  397  409  407  407  441  426  455  488  484  462
 [76]  450  489  525  617  610  583  567  618  610  711  731  740  696  725  724
 [91]  770  780  825  874  903  898  963 1031 1085 1175 1219 1285 1371 1346 1392
[106] 1417 1460 1537 1588 1686 1727 1860 1913 2000 2109 2145 2310 2471 2481 2528
[121] 2687

[[21]]
  [1] 10 38 24 20 16 12  8 16 11  9 12  9  5  9  5  4  3  3  4  3  2  1  1  0  0
 [26]  0  0  0  0  0  0  0  0  0  0  0  0  0  0  0  0  0  0  0  0  0  0  0  0  0
 [51]  0  0  0  0  0  0  0  0  0  0  0  0  0  0  0  0  0  0  0  0  0  0  0  0  0
 [76]  0  0  0  0  0  0  0  0  0  0  0  0  0  0  0  0  0  0  0  0  0  0  0  0  0
[101]  0  0  0  0  0  0  0  0  0  0  0  0  0  0  0  0  0  0  0  0  0

[[22]]
  [1]   10   20   27   20   14   17   23   18   25   32   31   32   33   42   43
 [16]   42   49   53   53   48   42   55   66   61   71   61   62   59   67   88
 [31]   83   94   81  113  121  125  108  117  161  179  171  154  154  168  157
 [46]  173  197  190  180  208  197  248  262  225  251  252  292  274  310  307
 [61]  314  318  317  328  346  384  377  408  447  426  437  479  503  491  575
 [76]  591  605  649  660  716  757  691  738  699  754  835  794  848  842  867
 [91]  834  906  950 1049 1081 1069 1062 1134 1215 1199 1226 1357 1391 1505 1518
[106] 1534 1614 1703 1854 1936 1989 1975 2109 2095 2157 2274 2340 2525 2607 2647
[121] 2710

[[23]]
  [1]   10   36   31   33   29   21   20   33   33   36   31   24   27   27   20
 [16]   19   24   23   20   20   32   33   38   35   39   34   32   42   39   47
 [31]   37   39   50   40   47   41   45   45   35   40   76   78   65   53   55
 [46]   76   80   88   67   68   67   98  110  102  121  104  102   98  109  110
 [61]  104   96   92  108  138  163  141  136  156  167  162  188  200  241  246
 [76]  229  220  199  206  230  253  261  272  298  296  320  405  370  380  362
 [91]  354  386  359  383  389  447  396  438  520  546  577  569  614  635  660
[106]  663  714  783  771  840  875  875  915  907 1008 1030 1055 1117 1098 1130
[121] 1166

[[24]]
  [1]   10   34   33   39   30   29   24   28   34   36   46   42   46   43   42
 [16]   36   56   67   60   50   70   82   89   77   59   53   51   62   72   94
 [31]   78   66   75   81   98   93   88  110  122  117  115  115  111  133  119
 [46]  140  139  151  154  122  147  128  134  159  179  183  167  188  181  184
 [61]  173  186  202  213  222  213  194  180  236  242  306  271  298  296  304
 [76]  296  320  365  383  366  382  441  447  477  511  461  481  539  557  598
 [91]  629  636  670  754  756  739  728  766  845  834  861  871  869  841  856
[106]  911  961  980 1058 1050 1069 1120 1181 1234 1268 1332 1397 1396 1474 1490
[121] 1515

[[25]]
  [1]   10   28   29   22   16   15   14   20   25   39   35   33   32   25   42
 [16]   50   42   38   30   43   53   53   47   60   49   73   83   99   99  114
 [31]  132  110  118   98  116  139  150  143  154  143  161  162  170  192  236
 [46]  220  258  238  228  224  260  278  282  293  301  327  344  349  349  373
 [61]  406  397  436  445  458  466  456  499  522  489  521  521  580  587  579
 [76]  651  660  683  718  784  746  830  863  901  855  901  934 1011 1086 1059
 [91] 1073 1166 1175 1219 1301 1284 1328 1371 1459 1535 1575 1660 1668 1760 1834
[106] 1840 1916 2023 2118 2254 2298 2380 2439 2500 2708 2773 2909 3091 3222 3350
[121] 3417

[[26]]
  [1]   10   20   22   19   21   19   25   24   37   37   26   34   33   30   24
 [16]   23   31   24   29   38   38   39   51   43   55   63   66   64   58   61
 [31]   73   76   79   77   89  106  104  100   93  101  118  119  139  136  132
 [46]  177  188  193  166  149  140  144  160  175  204  218  209  212  236  239
 [61]  233  283  255  274  293  279  321  361  349  359  380  392  391  457  491
 [76]  492  513  494  543  569  576  600  668  654  707  788  777  818  860  885
 [91]  944  943 1013 1016 1035 1019 1127 1050 1219 1217 1275 1333 1427 1448 1525
[106] 1536 1524 1584 1699 1769 1800 1849 1977 1931 1994 2112 2153 2115 2135 2200
[121] 2454

[[27]]
  [1]   10   16   18   24   13   12   12   14   22   22   31   33   41   32   24
 [16]   27   25   21   25   32   45   42   34   40   47   36   48   68   51   51
 [31]   52   48   57   52   54   57   40   57   59   80   83   61   74   70   78
 [46]   91  111   99  123  114  116  107  151  141  150  174  168  170  156  176
 [61]  152  165  191  196  201  203  182  244  216  255  253  247  212  231  236
 [76]  251  283  309  329  306  329  319  361  409  410  424  432  523  568  581
 [91]  614  640  677  729  751  758  784  811  815  832  928  920  960  995 1020
[106] 1046 1095 1167 1203 1312 1354 1412 1418 1530 1547 1617 1648 1714 1853 1946
[121] 2100

[[28]]
  [1]   10   21   25   24   14   12   15   13   29   30   31   29   27   22   28
 [16]   25   29   40   44   32   37   30   39   34   43   56   58   49   45   46
 [31]   51   65   55   52   57   78   91   81   74   88   91  107  105  117  103
 [46]  101  152  147  157  177  171  167  189  204  248  261  257  243  266  252
 [61]  261  288  302  311  321  323  359  357  352  336  324  387  417  446  429
 [76]  430  451  536  556  557  628  652  684  718  727  769  806  913  997  986
 [91]  986  982 1013 1102 1136 1244 1279 1311 1312 1362 1403 1492 1519 1528 1606
[106] 1785 1815 1878 1933 1925 1900 1990 2157 2233 2346 2426 2483 2575 2673 2806
[121] 2967

[[29]]
  [1]  10  23  21  19  23  28  20  26  38  23  24  24  28  23  29  29  30  33
 [19]  24  37  34  39  42  39  35  41  29  29  36  33  25  33  39  33  43  38
 [37]  35  29  24  26  34  28  23  23  25  23  26  37  28  18  18  22  25  21
 [55]  17  23  39  41  35  33  43  47  53  59  62  62  68  57  63  47  49  69
 [73]  68  57  58  59  74  78  90 101  85 102  98  88 111 124 120 105 117 114
 [91] 123 155 177 182 159 190 193 223 236 226 255 329 331 349 323 358 380 396
[109] 420 448 437 436 472 469 497 526 533 546 587 529 560

[[30]]
  [1]   10   19   26   24   18   15   21   17   19   16   39   39   33   39   44
 [16]   71   63   69   67   73   90   69   61   68   85   93   80   80   94  116
 [31]  118  105   95  105  105  112  115  101  123  123  120  134  150  139  142
 [46]  171  178  209  191  205  206  243  233  226  252  294  332  317  321  327
 [61]  344  408  395  410  411  459  470  521  529  554  574  630  622  590  602
 [76]  668  628  610  629  695  702  748  841  801  834  850  863  916  953 1006
 [91] 1012 1071 1159 1122 1152 1204 1318 1344 1371 1433 1547 1570 1598 1601 1681
[106] 1815 1938 1982 2115 2264 2372 2392 2473 2562 2652 2804 2944 3053 3082 3282
[121] 3367

[[31]]
  [1]  10  35  34  25  25  19  18  10  14  18  22  17  15  13  14  15  13  12
 [19]  11  11  24  27  22  14  14  11  22  24  19  18  16  14  29  23  19  16
 [37]  14  12  22  29  35  28  25  25  29  22  18  27  26  33  23  18  20  20
 [55]  17  17  18  18  27  18  12   8  24  30  25  29  22  26  33  29  22  44
 [73]  45  34  39  40  38  53  49  53  41  36  34  44  55  50  48  45  48  54
 [91]  70  65  57  61  89  88 111 108  94  92 115 103 107 134 130 127 146 165
[109] 208 199 224 215 203 237 266 298 299 251 245 245 267

[[32]]
  [1]   10   21   14   11   10   10   18   15    8    9    9   23   18   15   20
 [16]    9    9    7   13   24   27   23   21   32   32   26   37   39   48   37
 [31]   36   34   48   41   44   47   45   54   55   52   55   51   57   65   61
 [46]   55   70   77   71   76   70   86   85   94   90   92   80   95   80   91
 [61]  106  121  134  110  123  130  152  173  197  214  218  235  243  216  235
 [76]  262  279  288  274  290  317  329  301  337  356  367  405  427  451  457
 [91]  472  508  530  535  576  618  625  651  649  649  722  729  734  781  826
[106]  867  849  939  931  997  993  997 1083 1160 1316 1341 1343 1416 1500 1594
[121] 1651

[[33]]
  [1]   10   11    9    8    6    8    7    8    9    7    6    6   10    8   14
 [16]   15   23   21   19   16   18   21   35   24   21   33   33   27   27   26
 [31]   38   33   23   37   33   31   37   49   41   43   63   68   73   59   55
 [46]   48   66   66   63   55   72   95   96   94  102   97  119  126  115  107
 [61]  122  121  143  137  154  153  155  171  151  148  205  220  208  229  260
 [76]  255  280  262  260  276  319  302  334  369  384  328  375  396  426  416
 [91]  432  470  454  477  550  505  559  543  598  635  669  642  624  654  687
[106]  723  733  732  789  804  868  931  928  966  934 1070 1078 1066 1054 1075
[121] 1149

[[34]]
  [1]   10   33   22   16   13   15   18   14   20   27   28   26   26   28   27
 [16]   37   36   21   29   42   31   25   35   34   34   49   39   43   40   46
 [31]   44   53   42   39   49   51   52   52   66   65   63   51   50   56   63
 [46]   76   77   81   88  104  114  126  119  124  125  138  130  132  133  146
 [61]  161  164  176  171  142  147  190  202  199  199  195  206  225  214  204
 [76]  203  239  242  236  258  259  302  298  290  300  321  314  322  341  363
 [91]  381  412  446  427  393  438  476  509  530  587  600  610  702  673  710
[106]  707  702  760  700  792  876  860  921  924  979 1023 1025 1070 1179 1219
[121] 1270

[[35]]
  [1]   10   42   39   35   28   25   26   28   24   32   36   31   24   28   33
 [16]   30   36   35   38   45   41   51   53   46   62   77   72   67   64   92
 [31]   98  104  109  109  139  175  150  138  168  189  193  186  213  214  240
 [46]  256  242  271  288  300  326  358  361  406  405  405  423  463  476  512
 [61]  542  574  588  603  603  647  663  687  711  746  765  775  804  789  862
 [76]  906  877  916  946 1007 1015  998 1035 1114 1177 1194 1254 1314 1382 1502
 [91] 1574 1612 1600 1630 1722 1696 1826 1911 1914 1993 2028 2113 2134 2200 2241
[106] 2247 2385 2514 2525 2583 2673 2847 2953 3050 3231 3356 3391 3549 3653 3832
[121] 3980

[[36]]
  [1]   10   38   28   23   18   18   28   33   32   29   25   24   33   30   38
 [16]   32   47   34   41   45   39   50   62   65   70   63   55   53   60   65
 [31]   54   50   66   69   89   78   91   98  117  129  140  150  138  129  122
 [46]  105  130  153  168  171  200  179  179  162  175  170  194  223  227  241
 [61]  249  247  265  308  311  324  298  325  332  346  388  397  416  418  395
 [76]  409  432  462  456  492  497  526  515  542  604  634  653  652  676  721
 [91]  700  780  764  786  802  862  906  913  939  964 1023 1057 1091 1136 1151
[106] 1199 1221 1339 1415 1405 1413 1489 1578 1674 1752 1808 1910 1955 2074 2038
[121] 2312

[[37]]
  [1]  10  21  16  15  15   8   6   6  14  15  18  23  20  23  21  28  22  27
 [19]  20  19  32  23  24  18  24  24  28  36  30  29  23  27  23  34  38  31
 [37]  30  32  32  45  34  47  44  62  55  51  51  60  55  55  53  58  59  61
 [55]  58  53  82  84  87  73  84  75  85 101 117  93 133 112 115 105  94 113
 [73] 113 120 138 129 155 150 144 154 178 145 156 187 225 218 231 224 224 248
 [91] 266 290 322 331 314 301 307 323 373 376 355 427 480 481 497 476 462 473
[109] 558 643 625 667 660 702 755 810 773 820 864 892 906

[[38]]
  [1]   10   54   44   39   30   41   43   45   48   46   62   72   62   75   58
 [16]   69   49   55   52   57   49   47   49   40   52   63   50   57   53   68
 [31]   50   60   71   72   75   73   82   63   85   87   92   81   82   88  100
 [46]   82   99   84   87   99   89   80  104   99   97  138  138  131  122  142
 [61]  161  167  204  192  204  247  258  280  310  308  283  303  346  353  391
 [76]  385  391  399  407  419  472  465  484  549  541  584  583  612  620  696
 [91]  773  749  717  741  831  871  855  875  890  936  966 1062 1048 1076 1080
[106] 1135 1189 1252 1392 1401 1440 1449 1526 1602 1688 1816 1864 1961 2023 2135
[121] 2232

[[39]]
  [1]   10   33   42   33   29   22   24   30   31   27   28   30   33   36   38
 [16]   44   37   39   54   42   47   62   57   62   69   77   82   89   97   86
 [31]   88   72   79  103  110  112  102  108   94  104  111   94  108  132  125
 [46]  126  139  158  149  161  150  151  190  197  190  193  191  219  218  248
 [61]  251  235  247  227  249  253  283  321  312  336  340  335  361  353  372
 [76]  382  359  436  439  410  457  511  516  504  529  512  523  563  616  615
 [91]  617  650  700  700  727  748  755  712  835  902  991  984 1007 1118 1138
[106] 1177 1194 1233 1382 1389 1409 1474 1507 1631 1665 1630 1777 1797 1898 2061
[121] 2137

[[40]]
  [1]   10   20   26   22   20   34   31   36   54   55   56   59   64   54   53
 [16]   60   79   95   84   97   91  121  115  132  117  121  143  153  126  139
 [31]  160  173  175  189  238  251  246  270  256  283  311  305  375  380  381
 [46]  386  402  376  412  435  433  439  501  475  489  527  516  535  551  596
 [61]  626  665  674  726  730  684  790  768  806  859  889  915  949  978  975
 [76]  997 1059 1126 1178 1281 1302 1386 1406 1546 1543 1519 1529 1604 1689 1712
 [91] 1743 1780 1971 2000 2116 2194 2276 2354 2428 2404 2484 2639 2748 2902 3085
[106] 3167 3278 3482 3587 3779 3839 4060 4141 4205 4432 4670 4906 5107 5269 5510
[121] 5602

[[41]]
  [1]   10   30   20   19   16   14   14   15   12   10   16   42   33   34   42
 [16]   38   33   48   44   46   45   39   34   29   44   69   58   46   47   54
 [31]   50   44   53   41   39   43   52   56   65   61   60   54   55   50   65
 [46]   74   94   95   84   89   91   97   94  118  132  151  156  159  166  160
 [61]  164  177  187  195  173  188  184  188  183  189  216  233  191  191  229
 [76]  248  259  283  286  311  313  354  366  352  362  378  363  429  478  472
 [91]  512  506  504  505  560  560  565  592  704  753  709  739  797  799  877
[106]  897  944  959 1008 1032 1111 1172 1262 1289 1317 1298 1395 1541 1576 1603
[121] 1645

[[42]]
  [1]  10  30  21  17  12  26  23  23  21  14  19  19  27  17  26  28  24  16
 [19]  19  13  12  27  26  20  20  17  13  18  27  26  20  16  14  11  30  28
 [37]  17  15  13  22  22  18  20  34  26  24  28  18  16  27  46  29  22  18
 [55]  25  18  18  20  23  29  43  43  36  30  35  34  56  53  61  52  48  54
 [73]  51  41  49  49  55  77  85  78  82  84  99  86  89 104  88  94  94  93
 [91]  92  95  92 102 105 111 142 168 155 146 165 159 160 139 141 157 178 193
[109] 223 222 246 257 282 308 299 342 370 367 387 388 446

[[43]]
  [1]   10   28   27   17   13   10   12   12   25   17   25   21   19   35   32
 [16]   23   18   18   29   39   49   28   32   36   41   36   30   39   29   33
 [31]   40   39   38   35   54   55   62   66   63   63   62   47   54   54   63
 [46]   75   68   59   70   75   75   82   80   88  106  105   96   97  111  110
 [61]  126  121  108  116  114  131  142  174  159  155  157  182  190  187  206
 [76]  220  229  196  227  229  262  262  264  297  355  367  347  376  384  426
 [91]  462  463  455  513  530  533  579  581  604  654  668  711  828  761  805
[106]  860  901  911  911  939 1058 1050 1120 1205 1205 1186 1241 1260 1247 1279
[121] 1449

[[44]]
  [1]   10   42   28   21   16   18   25   30   33   26   36   28   23   20   22
 [16]   20   31   22   24   27   31   35   45   36   23   23   26   22   20   30
 [31]   24   27   27   20   23   50   38   29   43   35   39   46   37   39   47
 [46]   44   47   63   60   51   57   81   68   57   85   99  105  105  105  120
 [61]  144  156  154  132  127  131  149  149  164  190  179  184  187  188  190
 [76]  178  188  168  174  201  235  238  265  261  246  260  265  302  312  324
 [91]  378  357  402  385  396  405  470  527  512  545  527  571  531  526  577
[106]  610  606  596  642  691  768  761  782  863  856  901  980 1007 1112 1180
[121] 1208

[[45]]
  [1]   10   29   35   20   16   18   31   33   39   32   24   28   43   42   29
 [16]   34   31   37   34   52   44   47   49   43   42   36   36   60   72   53
 [31]   39   52   70   83   85   84   82   71   73   91  110  103  107  138  123
 [46]  109  101  139  129  137  144  155  131  142  150  154  175  179  174  143
 [61]  159  185  198  180  213  204  205  216  252  223  245  263  286  271  290
 [76]  313  388  400  388  381  409  435  438  460  534  518  529  523  533  536
 [91]  547  623  695  677  680  750  704  696  743  830  811  824  887  969  973
[106]  968  992 1034 1030 1054 1148 1193 1257 1308 1350 1402 1528 1557 1606 1681
[121] 1780

[[46]]
  [1]  10  31  24  16  13  13  20  25  24  20  14  23  41  31  28  28  33  29
 [19]  26  28  28  31  41  31  31  25  21  29  35  38  28  29  33  44  47  40
 [37]  32  39  48  41  24  29  38  33  54  79  70  65  72  79  77  89  90  99
 [55] 105 135 143 155 146 153 163 158 183 169 189 196 187 181 166 188 223 213
 [73] 198 204 226 238 230 219 242 249 295 281 295 356 320 339 339 379 378 426
 [91] 426 442 416 469 432 434 462 445 478 479 495 515 540 544 566 577 596 597
[109] 633 664 714 711 714 732 745 763 795 797 783 870 892

[[47]]
  [1]  10  17   8   6   9   8   7  13  11   5   4   4   4   6   6  11   5   3
 [19]   3   3   3   3   3  10   8   7   6   8   6  12  17  15  17  16  13  11
 [37]  10  10   8   7   7   7   7  15  17  14  12  12  10  27  30  25  16  16
 [55]  27  41  40  31  29  23  41  50  48  58  56  64  67  78  73  78 110 105
 [73] 103  82  97  94  86  84  86 129 140 123 113 147 139 156 162 146 197 158
 [91] 187 183 176 175 182 211 190 211 223 255 263 251 253 284 325 343 336 351
[109] 397 439 398 478 467 469 464 497 523 548 576 563 601

[[48]]
  [1]   10   21   28   24   18   16   15   18   21   15   12   11   16   17   18
 [16]   14   13   15   11    9   13   10   14   17   15   22   21   25   18   17
 [31]   17   30   40   38   29   31   30   30   42   50   46   34   42   54   55
 [46]   54   75   81   82   81   86   84   78   75  101  118  113  131  136  170
 [61]  148  157  166  181  174  163  175  178  195  206  201  188  209  225  223
 [76]  236  215  217  272  293  309  312  290  323  338  352  389  385  412  381
 [91]  389  423  419  441  456  420  434  488  529  537  560  585  586  615  611
[106]  656  694  717  778  777  799  836  899  938  965  947 1051 1070 1106 1144
[121] 1217

[[49]]
  [1]  10  21  35  31  19  17  15  24  19  24  24  22  20  15  24  18  18  23
 [19]  32  20  26  25  28  28  50  51  40  38  34  26  43  35  28  28  28  44
 [37]  52  52  50  64  84  66  67  62  45  38  56  74  70  78  81  71  81  65
 [55]  67  63  71  69  61  72  85  94  98  98 104  89  98 101 122 122 114 116
 [73] 119 144 123 142 142 140 160 183 187 211 208 239 242 248 216 205 258 250
 [91] 239 272 309 330 294 288 325 361 395 356 378 359 391 435 454 476 512 569
[109] 560 580 622 651 663 696 711 709 734 757 769 805 851

[[50]]
  [1]  10  29  21  20  21  19  21  13  25  26  28  21  26  27  38  43  41  36
 [19]  31  37  42  32  41  50  48  56  53  53  65  67  65  50  61  49  47  34
 [37]  27  29  35  39  25  33  26  35  34  35  34  31  22  22  26  24  26  18
 [55]  15  20  26  31  28  27  45  45  42  42  45  52  70  63  60  60  60  79
 [73]  56  63  73  68  93  75  60  65  86  86  72  69  82  87  98  95  95  90
 [91] 118 115 111 123 136 176 127 126 136 120 145 134 157 173 152 162 174 188
[109] 248 235 244 256 257 286 292 283 336 312 307 325 340

[[51]]
  [1]   10   30   19   14   12    9    7   11    8   12   16   15   10   18   11
 [16]   16   12   16   16   25   25   22   27   24   24   26   40   39   39   36
 [31]   50   53   48   59   44   53   46   41   43   35   49   58   63   48   48
 [46]   60   86   70   58   63   61   65   88   96   90  101  102   92   83   79
 [61]  106  124   96  119  109  108  157  150  173  174  170  171  182  199  216
 [76]  223  222  232  240  263  296  299  325  309  311  314  319  363  381  347
 [91]  356  348  376  399  371  379  372  428  456  458  458  451  506  548  578
[106]  619  685  740  729  789  831  869  849  911  938 1013 1074 1094 1151 1187
[121] 1176

[[52]]
  [1]   10   30   32   35   38   37   40   39   40   52   43   45   60   67   65
 [16]   58   52   59   61   57   59   70   73   61   73   76   74   89   79   84
 [31]   84   82   89   91  110   95  104  101   92  112  107  120  118  125  104
 [46]  103  111  128  123  110  113  118  124  123  134  151  154  156  169  183
 [61]  184  174  194  200  173  205  215  204  259  273  281  287  316  373  352
 [76]  354  361  382  381  407  419  400  424  429  444  470  456  435  463  495
 [91]  521  533  560  649  639  669  756  711  773  758  835  866  884  872  848
[106]  929 1004 1058 1041 1059 1077 1157 1218 1186 1182 1218 1306 1313 1333 1447
[121] 1609

[[53]]
  [1]  10  17  18  18  15   9   8   8  17  14  13  12  12  14  15  13  26  19
 [19]  17  14  22  39  32  22  19  27  40  33  28  26  33  28  34  30  39  47
 [37]  35  36  37  33  32  39  44  38  74  78  61  57  64  81  82  89  73  76
 [55]  70  94 106 115 118 113 119 102 116 140 124 158 144 158 148 151 162 155
 [73] 170 168 145 181 169 179 235 248 263 237 239 283 252 275 257 272 273 321
 [91] 301 328 315 364 363 349 349 397 408 402 425 423 472 467 447 442 471 513
[109] 509 564 561 578 619 632 642 702 674 792 847 808 776

[[54]]
  [1]   10   30   27   26   22   25   30   31   28   26   24   30   35   32   33
 [16]   48   51   61   63   78   76   65   68   76   65  103  104   87   74   73
 [31]  104  110  112  119  118  125  128  142  142  145  134  132  132  169  166
 [46]  181  178  187  170  149  161  160  163  181  185  167  198  205  221  236
 [61]  225  218  207  227  226  266  252  255  288  275  309  280  330  347  334
 [76]  379  353  358  378  351  357  387  408  454  467  411  397  456  418  451
 [91]  542  564  621  624  584  603  655  715  719  735  754  762  815  824  852
[106]  886  955  948 1054 1167 1119 1111 1183 1286 1412 1387 1390 1453 1529 1547
[121] 1649

[[55]]
  [1] 10 41 23 13 12 29 22 12  8  8  9 16 19 16 11 11 14 20 22 13 12 11 14  9  7
 [26]  5 11 13 14 12  9 11  9  6  5 13 22 22 21 17 14 18 24 24 20 27 17 23 22 24
 [51] 22 16 19 25 19 12 10 15 11 10 12 20 22 14 16 16 11  8 12 22 16 13 11 11 24
 [76] 25 17 14 14 19 19 32 23 24 17 18 13 20 38 29 22 23 46 41 41 48 52 43 36 51
[101] 46 35 53 73 81 54 56 55 60 48 58 55 39 50 59 69 58 61 56 54 62

[[56]]
  [1] 10  4  7  7  6  6  7  5 12  6  4  2  5  3  2  2  2  2  4  9  3  2  2  2  2
 [26]  3  3  2  2  2  2  2  3  2  1  1  1  1  0  0  0  0  0  0  0  0  0  0  0  0
 [51]  0  0  0  0  0  0  0  0  0  0  0  0  0  0  0  0  0  0  0  0  0  0  0  0  0
 [76]  0  0  0  0  0  0  0  0  0  0  0  0  0  0  0  0  0  0  0  0  0  0  0  0  0
[101]  0  0  0  0  0  0  0  0  0  0  0  0  0  0  0  0  0  0  0  0  0

[[57]]
  [1]   10   56   42   38   38   31   39   33   48   48   58   48   48   42   45
 [16]   59   55   69   68   67   61   66   82   88   87   86   90   99  104  129
 [31]  113  106  111  114  119  132  137  126  152  153  156  199  203  187  189
 [46]  186  199  221  216  210  206  214  265  283  314  320  329  331  344  372
 [61]  411  438  467  528  522  491  492  517  554  532  570  538  596  629  676
 [76]  717  754  811  799  853  956  943  993 1000 1029 1079 1162 1179 1182 1135
 [91] 1147 1261 1154 1278 1303 1370 1474 1447 1509 1540 1614 1717 1687 1810 1834
[106] 1910 1992 2103 2120 2226 2301 2388 2497 2656 2738 2839 3020 3182 3338 3481
[121] 3473

[[58]]
  [1]   10   34   31   31   42   27   37   38   42   53   53   50   53   44   53
 [16]   45   46   42   40   48   37   33   43   42   53   62   61   56   74   78
 [31]   68   64   77   82   98   96   93  115  121  142  124  116  110  116  110
 [46]  133  112  124  129  125   92   94  130  150  143  149  134  148  147  146
 [61]  148  192  211  202  195  191  213  264  276  280  264  246  254  284  305
 [76]  271  273  276  295  345  359  335  301  342  390  416  429  457  461  440
 [91]  493  468  522  526  541  590  616  645  660  695  769  758  799  819  842
[106]  831  836  892  936  935  943 1024 1070 1088 1190 1187 1153 1173 1304 1388
[121] 1388

[[59]]
  [1]  10  20  23  20  21  19  13  10  13   7  16  22  21  16  15  10  10  13
 [19]  25  23  27  19  14  12  16  31  19  18  21  24  19  15  15  22  18  13
 [37]  19  15  22  24  28  31  27  22  34  40  46  42  42  54  44  46  60  64
 [55]  65  59  72  69  77  81  83  90  88 110  98  83  90  86  76  87  89  95
 [73] 114 114 135 147 162 173 180 211 187 194 208 266 257 263 263 283 287 288
 [91] 319 339 333 360 375 373 393 411 420 438 483 444 479 465 514 538 551 533
[109] 608 576 644 606 629 733 745 825 819 850 943 954 991

[[60]]
  [1]  10  27  19  20  15  13  19  19  22  24  18  21  15  20  23  24  24  24
 [19]  23  26  18  21  18  28  31  21  23  21  20  25  21  22  31  26  37  33
 [37]  33  34  38  38  51  46  44  54  49  54  49  50  44  60  46  46  48  38
 [55]  44  44  55  58  58  43  54  52  51  45  38  44  45  35  41  49  41  48
 [73]  45  29  37  30  44  41  50  43  46  43  46  42  52  68  56  47  54  61
 [91]  75  75  67  73  67  75  82  83  95  79  84  86  96  87  85  95 109  84
[109]  79  89 107 102  95  91  88 105 123 122 117 157 134

[[61]]
  [1]   10   46   31   25   22   27   36   51   41   37   52   56   72   63   80
 [16]   60   59   51   71   71   76   83   57   58   59   67   91  100   87   98
 [31]  111   96   95   96  134  115  134  139  142  144  175  165  176  164  153
 [46]  170  172  179  194  203  232  224  181  193  200  235  277  309  295  289
 [61]  340  350  386  378  358  378  398  414  418  401  417  426  443  450  473
 [76]  484  497  505  487  531  561  544  575  598  632  680  669  686  782  847
 [91]  844  873  887  968  962  990  933 1080 1082 1150 1205 1237 1177 1278 1347
[106] 1408 1420 1513 1558 1629 1660 1692 1788 1830 1882 2016 2108 2195 2280 2429
[121] 2475

[[62]]
  [1]   10   31   30   26   29   29   21   30   26   48   46   38   48   39   31
 [16]   32   44   41   37   36   31   37   44   71   64   58   67   60   71   83
 [31]   90   72   83   87  104  109  108  103  114  120  115  124  119  135  134
 [46]  135  128  128  139  153  172  163  152  157  199  201  193  231  217  247
 [61]  267  307  298  307  309  315  349  389  371  421  410  433  495  476  490
 [76]  498  524  515  510  546  538  572  570  601  606  615  619  640  617  655
 [91]  685  686  742  764  794  803  839  913  975  995 1047 1047 1045 1081 1189
[106] 1264 1294 1286 1406 1423 1530 1645 1641 1640 1703 1822 1892 1925 2102 2132
[121] 2161

[[63]]
  [1]   10   27   20   13   20   12   11    8   29   24   28   23   23   21   27
 [16]   25   27   34   33   30   27   39   35   43   33   46   40   39   44   40
 [31]   42   41   49   46   44   37   46   57   59   69   69   69   65   96   76
 [46]   75   66   89   78   88  108  102  116  137  142  188  211  213  209  223
 [61]  245  263  308  315  294  312  325  337  363  358  395  383  391  421  467
 [76]  465  463  518  513  531  575  626  596  556  604  594  599  631  649  691
 [91]  708  709  735  752  845  839  896  916  993 1087 1105 1210 1147 1158 1166
[106] 1235 1349 1402 1432 1414 1503 1563 1624 1631 1721 1891 1908 1947 2127 2223
[121] 2288

[[64]]
  [1] 10 15  7  3  2  1  1  1  0  0  0  0  0  0  0  0  0  0  0  0  0  0  0  0  0
 [26]  0  0  0  0  0  0  0  0  0  0  0  0  0  0  0  0  0  0  0  0  0  0  0  0  0
 [51]  0  0  0  0  0  0  0  0  0  0  0  0  0  0  0  0  0  0  0  0  0  0  0  0  0
 [76]  0  0  0  0  0  0  0  0  0  0  0  0  0  0  0  0  0  0  0  0  0  0  0  0  0
[101]  0  0  0  0  0  0  0  0  0  0  0  0  0  0  0  0  0  0  0  0  0

[[65]]
  [1]   10   24   20   20   17   21   20   15   23   19   17   21   27   29   30
 [16]   36   27   25   29   22   24   20   32   40   27   28   23   23   28   36
 [31]   49   39   30   28   29   40   48   42   35   53   38   49   68   77   73
 [46]   60   67   66   76   73   93   95  138  139  125  139  125  154  148  158
 [61]  182  201  200  214  223  247  269  286  273  254  253  279  302  275  309
 [76]  336  356  361  346  352  386  401  436  397  438  429  461  519  605  605
 [91]  578  544  552  601  555  573  577  701  719  701  702  774  761  842  824
[106]  865  912  991 1023 1041 1021 1068 1164 1215 1193 1273 1268 1318 1328 1360
[121] 1373

[[66]]
  [1]  10  25  30  22  19  15  23  20  23  18  18  16  14  13  31  30  34  34
 [19]  29  41  57  69  55  46  62  67  72  68  54  67  65  52  59  59  65  56
 [37]  56  45  66  56  52  57  79  84  90  80  65  71  78  80  74  78  62  78
 [55]  84  76  79 106  80  90  95 108 124  98 100 119 124 139 116 105 156 150
 [73] 156 151 158 162 188 187 202 213 216 191 183 206 235 260 267 246 274 285
 [91] 331 310 325 320 361 383 372 440 423 396 414 460 471 525 490 517 606 625
[109] 657 678 644 673 776 774 772 819 865 834 843 899 946

[[67]]
  [1]   10   25   30   20   19   23   25   22   28   30   33   28   37   47   41
 [16]   44   62   61   67   72   56   45   51   57   77   83   82   80   69   67
 [31]   88   92   84   82   69   75   80   89   81   84   70   80   97  112  102
 [46]  106   99  119  114  111  115  140  139  141  137  137  148  153  153  145
 [61]  172  195  166  174  191  193  192  203  231  229  255  285  279  259  258
 [76]  279  273  275  275  292  325  337  313  310  319  374  354  404  434  442
 [91]  437  464  465  487  550  567  586  616  605  598  628  755  758  781  757
[106]  824  794  769  876  917  939  980 1076 1052 1205 1172 1272 1347 1324 1538
[121] 1516

[[68]]
  [1] 10 23 18 14 12  8 13 12  9  7 12  9  8  6  5  4  3  3  3  3  2  2  2  2  2
 [26]  2  2  2  2  2  5  4  4  4  4  3  6 16  9 10  7  5 11  7  6  5  8  6  5  5
 [51]  9 12  9  6  5  5 10  5  4 12  7  9  8  3  1  0  0  0  0  0  0  0  0  0  0
 [76]  0  0  0  0  0  0  0  0  0  0  0  0  0  0  0  0  0  0  0  0  0  0  0  0  0
[101]  0  0  0  0  0  0  0  0  0  0  0  0  0  0  0  0  0  0  0  0  0

[[69]]
  [1]   10   30   17   19   15   15   25   22   16   13   11   12   16   16   14
 [16]   16   16   13   11    9   14   30   33   34   35   38   31   48   39   50
 [31]   42   42   40   68   76   81   82   86   95  100  119  123  107  131  127
 [46]  133  119  123  132  147  135  164  208  200  199  221  205  203  217  229
 [61]  264  239  242  277  256  297  319  353  377  390  429  415  427  490  472
 [76]  484  538  555  588  630  600  606  615  585  607  638  707  713  723  726
 [91]  814  786  758  770  874  891  919  913  922  957 1015 1051 1071 1145 1216
[106] 1218 1274 1316 1362 1431 1423 1461 1603 1654 1674 1642 1778 1890 1948 2018
[121] 2051

[[70]]
  [1]  10  15  21  13  10   9  15  12  12  16  15  14  23  17  16  13  10  27
 [19]  18  16  13  10  17  17  22  21  17  24  16  15  12  32  19  18  30  27
 [37]  21  18  32  22  23  39  28  25  28  24  29  41  32  26  27  37  44  32
 [55]  35  34  46  51  48  53  46  62  75  74  62  53  64  71  90  93  97 114
 [73] 124 122 147 118 100 108 121 128 125 122 137 130 126 126 134 121 153 151
 [91] 152 162 161 168 166 207 199 192 191 223 219 277 316 312 273 265 275 288
[109] 314 337 355 424 397 378 404 393 406 417 445 504 492

[[71]]
  [1]  10  24  22  23  21  24  29  37  43  36  25  24  35  45  33  30  40  46
 [19]  52  40  40  40  47  40  37  41  36  36  40  41  44  49  32  31  30  49
 [37]  36  44  48  56  70  65  51  62  52  56  70  69  67  76  81  76  80  86
 [55]  69  91  68  74  66  72  77  98  73  73  63  77  92  98  96  95 120 134
 [73] 111 123 123 120 126 121 132 143 145 145 153 151 160 206 208 183 199 216
 [91] 221 221 238 237 247 236 259 270 286 309 303 324 317 341 329 335 330 348
[109] 362 440 458 477 490 529 582 549 556 564 577 593 597

[[72]]
  [1]   10   40   46   37   31   39   44   61   56   56   53   62  105  109   80
 [16]   74   96  100  127  150  150  138  149  145  182  180  160  170  184  246
 [31]  253  239  252  218  257  314  318  331  331  348  323  324  340  380  359
 [46]  369  418  399  379  437  480  533  547  557  542  533  609  660  680  721
 [61]  756  783  856  868  890  947  915  984 1043 1067 1148 1139 1240 1334 1314
 [76] 1386 1462 1439 1543 1570 1625 1867 1948 2035 2075 2154 2097 2361 2481 2545
 [91] 2590 2663 2795 2864 2891 3103 3229 3346 3460 3639 3755 3989 4183 4364 4442
[106] 4601 4848 5195 5330 5765 5928 5949 6200 6337 6622 6862 6996 7287 7639 7979
[121] 8171

[[73]]
  [1]   10   28   19   17   12   10   13   19   10    9    7    6   19   17   15
 [16]   14   21   18   19   12   21   16   14   13   17   11   10   14   17   21
 [31]   19   19   23   27   27   29   18   21   19   32   30   29   35   28   30
 [46]   33   41   46   41   39   45   46   40   60   75   64   63   58  103   82
 [61]   70   75   93   93   94   98  117  126  143  138  146  132  139  154  174
 [76]  183  188  206  230  265  272  304  302  291  290  337  346  394  422  458
 [91]  447  431  444  427  459  458  494  522  524  479  520  523  587  674  661
[106]  615  587  620  654  712  796  807  867  840  898  985 1086 1066 1131 1139
[121] 1216

[[74]]
  [1]   10   38   36   26   25   22   27   46   44   33   38   28   28   54   57
 [16]   54   52   69   73   86   93   93  104  107  110  118   99   89   88  107
 [31]  100  107  116  118  142  148  160  156  167  171  183  193  195  247  247
 [46]  312  275  270  279  283  283  283  325  358  315  323  355  378  405  411
 [61]  447  505  508  472  489  505  597  707  696  679  682  680  730  762  779
 [76]  792  844  873  876  991 1011 1078 1025 1054 1140 1220 1208 1298 1370 1410
 [91] 1405 1453 1491 1485 1524 1595 1637 1751 1791 1871 2024 2056 2148 2169 2272
[106] 2327 2457 2538 2652 2861 2952 3017 3127 3333 3375 3592 3742 3789 3975 4308
[121] 4501

[[75]]
  [1]   10   42   38   27   21   17   13   18   24   27   28   31   32   37   46
 [16]   45   50   46   56   45   48   46   69   59   49   58   63   82   99  108
 [31]  128  113  126  144  146  171  165  186  176  209  197  185  212  232  265
 [46]  268  279  274  265  316  367  384  385  421  440  479  487  480  509  500
 [61]  582  602  559  567  609  574  610  651  661  691  668  728  742  749  823
 [76]  924  882  958  922  996  980 1124 1120 1158 1224 1304 1319 1327 1358 1462
 [91] 1488 1565 1617 1567 1597 1713 1753 1810 1829 2047 2194 2341 2447 2429 2467
[106] 2658 2732 2965 2947 3047 3046 3248 3482 3643 3736 3804 4085 4299 4494 4544
[121] 4717

[[76]]
  [1]   10   25   21   14   10    8   14   18   21   17   18   24   23   17   15
 [16]   20   26   26   21   22   16   22   28   35   42   37   34   43   48   60
 [31]   69   72   74   79   87  105   98  112  109  121  124  145  109  110  133
 [46]  133  126  136  142  153  151  170  193  196  196  215  224  202  206  250
 [61]  281  258  281  260  267  284  275  333  352  329  323  338  399  463  469
 [76]  475  507  534  518  505  533  568  576  624  639  641  623  651  665  748
 [91]  813  792  853  850  881  875  902  959  987 1022 1037 1004 1050 1051 1126
[106] 1224 1336 1268 1299 1364 1443 1535 1583 1673 1667 1781 1818 1914 2037 2080
[121] 2243

[[77]]
  [1]   10   25   36   39   37   29   30   30   26   27   29   23   23   22   23
 [16]   23   20   24   23   25   29   19   15   18   23   33   43   53   54   54
 [31]   71   88  100  112  112  114  101  114  126  112  106  105  109  117  115
 [46]  127  126  162  152  163  174  173  185  186  218  252  257  247  231  269
 [61]  287  253  258  240  254  252  297  300  278  300  277  302  296  316  307
 [76]  328  336  347  395  386  386  432  411  441  455  473  490  510  516  507
 [91]  529  577  646  664  668  680  696  695  743  808  807  832  881  891  960
[106]  953  968 1092 1112 1111 1176 1149 1145 1193 1242 1351 1376 1458 1478 1524
[121] 1547

[[78]]
  [1]   10   52   46   43   43   60   61   64   72   57   80   91   94   86   83
 [16]   88  108  135  142  129  128  108  119  107  143  131  124  148  161  166
 [31]  149  193  182  194  218  196  191  227  246  310  278  303  326  340  344
 [46]  365  401  390  407  431  414  441  466  487  497  481  599  634  623  662
 [61]  734  767  745  826  863  923  946  919  978 1097 1216 1235 1233 1319 1318
 [76] 1360 1411 1468 1505 1612 1692 1768 1806 1987 2055 2141 2222 2286 2465 2431
 [91] 2500 2632 2695 2791 2881 3033 3189 3351 3412 3574 3642 3877 3941 4074 4315
[106] 4463 4616 4650 5058 5183 5374 5579 5788 6002 6161 6295 6427 6814 6950 7358
[121] 7698

[[79]]
  [1]   10   40   22   16   15   16   46   30   35   34   29   30   41   37   46
 [16]   51   42   56   56   55   49   59   56   52   65   87   90   81   82   93
 [31]   92  112   94  105  118  104  127  115  136  149  144  137  124  122  133
 [46]  124  132  152  167  154  139  134  162  147  185  160  163  144  146  192
 [61]  213  205  219  250  265  265  275  307  268  250  295  299  317  328  328
 [76]  318  297  345  337  390  386  410  434  433  444  445  476  506  515  527
 [91]  529  539  598  661  657  704  675  707  788  802  827  861  905  964  971
[106]  992  988 1049 1139 1174 1194 1245 1274 1290 1456 1524 1456 1492 1609 1712
[121] 1682

[[80]]
  [1]  10  26  21  14  11  15  14  17  26  29  23  25  21  22  19  22  16  13
 [19]  14  21  12  19  13  13  16   7   6  11   7  14   9   5   6   6   8  12
 [37]  10   6   8  11  12  18  24  19  19  17  22  28  34  23  23  33  56  57
 [55]  47  37  46  34  50  54  48  49  59  57  53  41  60  52  43  43  56  54
 [73]  61  69  69  67  60  76  81  89  82  85  85  94  94 111 112 137 118 126
 [91] 164 150 152 139 132 156 140 137 137 133 145 158 192 180 191 183 156 185
[109] 192 244 242 214 245 297 270 289 307 302 328 323 344

[[81]]
  [1]   10   23   26   22   19   22   15   22   22   30   25   22   27   33   30
 [16]   25   23   19   21   14   11   13   18   18   17   16   14   12   10   14
 [31]   14   35   33   32   21   20   29   25   24   34   45   54   43   65   76
 [46]   77   88   98   94   94  108  117  103  120  138  142  144  134  128  147
 [61]  167  163  173  191  181  204  200  218  236  247  244  235  259  283  245
 [76]  246  254  267  298  345  364  364  390  429  389  457  491  558  522  553
 [91]  607  609  662  667  691  694  672  724  786  810  801  800  847  890  976
[106] 1016 1004 1030 1123 1199 1283 1251 1285 1418 1425 1442 1481 1597 1540 1619
[121] 1723

[[82]]
  [1]   10   29   24   24   27   28   36   54   49   54   37   38   41   55   54
 [16]   50   41   44   42   52   53   54   45   48   69   78   79   65   68   72
 [31]   70   68   64   72   59   74   91  101   96   83   88   87   81   78   73
 [46]   84  100   95   98  100  119  121  113  108  122  103  108  134  154  161
 [61]  190  184  187  179  197  208  237  229  242  253  267  306  316  315  312
 [76]  362  358  362  359  373  378  393  421  405  398  391  442  430  477  487
 [91]  525  472  558  590  649  692  684  692  750  821  850  836  837  934  917
[106]  959 1007 1072 1165 1199 1290 1274 1332 1400 1444 1485 1560 1484 1591 1727
[121] 1829

[[83]]
  [1]   10   30   46   40   32   25   28   24   22   30   27   38   38   27   41
 [16]   32   38   47   40   29   30   56   53   46   51   56   63   60   63   69
 [31]   79   68   71  106  111  102   86   92  116  127  132  130  147  126  161
 [46]  178  199  175  164  173  196  190  189  210  221  235  237  261  240  260
 [61]  246  253  277  263  293  275  316  321  325  379  354  364  434  450  445
 [76]  459  462  501  509  493  548  553  579  599  628  641  683  739  776  806
 [91]  834  894  936  955  991 1052 1082 1108 1176 1203 1239 1359 1384 1440 1413
[106] 1428 1477 1598 1704 1768 1817 1778 1907 2101 2191 2150 2175 2416 2494 2626
[121] 2736

[[84]]
  [1]  10  33  22  25  15  20  17  12  13  27  23  24  27  25  26  23  19  18
 [19]  22  26  25  17  16  22  28  24  26  37  43  33  43  36  36  28  30  36
 [37]  41  47  43  39  24  31  32  26  33  33  31  24  19  30  31  23  28  40
 [55]  49  44  35  47  77  71  60  68  61  74  76  66  73  91  88  98  83  87
 [73]  99 115 121 105  90  91 113 113 117 130 133 133 167 154 166 164 193 192
 [91] 179 188 180 201 229 242 237 233 229 228 247 265 259 237 264 282 313 338
[109] 317 327 312 370 391 450 444 482 520 545 562 586 624

[[85]]
  [1]   10   33   42   29   24   24   29   35   24   35   30   34   19   22   23
 [16]   19   22   29   28   32   41   36   28   22   19   26   29   24   26   17
 [31]   19   43   35   46   47   41   49   55   52   52   55   59   65   87   66
 [46]   63   57   75   70   80   94   73   76   81  103  101   96  127  121  123
 [61]  111  140  143  152  175  194  187  208  205  206  202  214  210  250  249
 [76]  258  289  298  367  407  433  446  436  447  441  478  470  489  533  534
 [91]  566  536  517  562  612  685  680  674  643  693  742  734  738  778  780
[106]  832  902  974  934  926 1007 1086 1112 1184 1220 1245 1274 1325 1413 1468
[121] 1526

[[86]]
  [1]   10   32   29   18   17   16   25   18   13   16   21   13   18   18   20
 [16]   26   26   16   17   18   19   13   12   19   26   25   28   29   26   37
 [31]   29   35   25   29   47   29   33   42   35   36   43   44   55   61   65
 [46]   62   49   64   65   66   74   72   67   83   85   95  116  115  155  169
 [61]  155  142  143  157  171  210  245  248  221  246  234  264  291  284  293
 [76]  297  296  341  328  307  332  377  389  429  408  423  421  420  408  424
 [91]  439  496  559  568  559  562  562  554  555  606  661  639  663  649  742
[106]  789  858  895  919  946  991 1058 1135 1166 1161 1203 1211 1320 1350 1339
[121] 1388

[[87]]
  [1]   10   35   31   17   17   14   12   22   16   23   27   27   30   27   38
 [16]   34   44   51   40   50   47   43   43   40   46   35   46   44   31   53
 [31]   55   52   63   51   54   79   77   64   67   69  102  119  108  108  124
 [46]  146  157  160  140  167  192  200  207  210  231  227  218  257  276  302
 [61]  268  277  298  339  350  338  316  320  369  371  367  347  351  367  391
 [76]  400  405  442  488  449  466  519  573  601  608  621  566  688  717  776
 [91]  806  815  902  952  953  976  992 1099 1117 1143 1171 1150 1151 1310 1348
[106] 1334 1330 1455 1577 1664 1713 1779 1785 1874 2033 2103 2163 2325 2377 2482
[121] 2631

[[88]]
  [1]   10   15   13   17   14   13   16   18   21   22   19   16   27   25   31
 [16]   23   32   28   23   30   46   51   56   59   48   58   57   50   60   55
 [31]   59   86   77   80   80   67   69   72   75   70   74   80   86   88  110
 [46]  104  103   95  117  153  135  130  114  147  131  147  161  190  198  215
 [61]  209  200  205  202  187  203  195  215  226  234  244  244  245  236  245
 [76]  249  268  296  283  290  320  328  358  362  373  406  371  392  429  462
 [91]  482  465  507  491  490  485  515  569  601  612  629  692  717  706  745
[106]  835  870  905  926  963  984 1085 1156 1133 1174 1209 1252 1289 1305 1388
[121] 1450

[[89]]
  [1]  10  28  28  21  20  18  10  14  12  10  14  11  13   9   9   7   9  13
 [19]  16  19  14  13  10  11  24  29  27  21  19  23  27  33  26  29  22  21
 [37]  25  42  48  48  44  41  43  36  49  49  53  42  48  36  39  42  50  67
 [55]  62  70  75  71  89  81  79  86  93  87  84  83  79 101  90  84  94 114
 [73] 137 120 105 110 103 124 127 139 130 136 132 132 125 148 158 161 179 192
 [91] 178 193 203 219 227 215 232 216 224 230 222 260 249 251 248 275 256 274
[109] 286 272 296 330 328 398 374 386 427 473 544 580 533

[[90]]
  [1]   10   42   38   44   35   41   63   66   70   66   62   92   85   91  111
 [16]  124  133  152  159  169  152  184  199  197  194  187  246  238  232  226
 [31]  222  270  298  326  299  302  353  399  461  456  435  430  466  474  529
 [46]  521  538  507  602  613  610  600  599  660  699  659  706  728  730  775
 [61]  802  923  951  973  986  989 1014 1006 1071 1132 1128 1212 1209 1266 1282
 [76] 1363 1387 1525 1492 1569 1571 1709 1778 1780 1786 1753 1857 1910 2007 2000
 [91] 2171 2190 2315 2409 2498 2587 2630 2925 3055 3220 3334 3397 3551 3663 3763
[106] 3852 3943 4045 4333 4478 4713 4863 5127 5327 5686 5922 6117 6273 6668 6988
[121] 7162

[[91]]
  [1]   10   46   34   35   27   23   35   31   48   40   33   29   27   19   27
 [16]   29   26   22   21   27   30   31   36   29   28   25   20   19   34   46
 [31]   39   36   33   36   41   34   54   52   41   52   40   55   59   56   46
 [46]   56   43   49   55   51   54   53   69   85   87   96  107   98  120  124
 [61]  126  123  136  156  200  206  187  177  215  230  258  276  262  249  254
 [76]  308  304  318  324  346  395  420  443  454  487  479  474  528  597  601
 [91]  637  607  644  699  736  728  749  795  849  875  859  882  927  933  971
[106] 1089 1078 1090 1183 1216 1258 1325 1394 1416 1499 1572 1605 1734 1761 1787
[121] 1770

[[92]]
  [1]   10   34   18   17   18   11   11   20   15   19   20   15   11   14   18
 [16]   15   13   10   15   17   10    7   10    7   15   10    7   13    9   21
 [31]   31   18   15   10   13   11    9    9   14   31   28   31   18   19   29
 [46]   28   27   28   45   35   37   48   45   50   62   63   81   93   81   81
 [61]   78   74   79   67   61   63   95   95   90   87  126  127  130  157  184
 [76]  176  182  184  236  240  251  243  259  268  336  343  315  319  316  352
 [91]  391  393  441  472  468  497  564  550  519  513  571  625  686  684  691
[106]  715  780  822  844  836  883  978 1024 1146 1125 1160 1148 1162 1224 1403
[121] 1411

[[93]]
  [1]  10  15  11   6   4   2   2   2   2   2   2   2   8   6   5   5  12  12
 [19]  11  11  16  17  17  11   9  15  17  15  21  17  16  13  15  21  26  31
 [37]  28  20  30  25  29  21  22  21  26  19  24  30  24  34  48  36  25  27
 [55]  26  36  31  36  32  39  49  67  64  46  51  62  52  66  89  79  75  78
 [73]  79  93  91 116 103 117 110 114 130 169 160 182 170 193 171 185 188 176
 [91] 193 190 221 266 266 232 275 282 331 383 375 376 348 384 432 446 450 502
[109] 535 586 623 604 651 655 694 775 854 877 854 873 952

[[94]]
  [1]  10  31  28  19  14   9   9  15  14  17  14  12  10   6   6  12  10  11
 [19]  11   7  12  14  10   7  10  16  22  18  14  13  10  14  11  18  16  15
 [37]  14  21  23  28  21  20  27  22  19  23  38  37  31  31  55  42  55  50
 [55]  52  45  50  62  53  61  71  66  53  58  62  60  62  73  77  81  77  72
 [73]  68  69  79 106 119 118 107 109  87  84  81  74  87 105 140 118 124 124
 [91] 117 113 106 109 105 107 127 149 142 138 152 165 165 227 196 223 247 242
[109] 249 244 254 332 290 287 323 342 357 387 370 388 413

[[95]]
  [1]   10   22   41   37   39   34   40   39   36   35   37   37   33   27   33
 [16]   46   44   38   38   42   42   48   61   66   78   75   73   82   61   70
 [31]   71   72   85  113  123  131  103  115  119  128  144  148  185  193  203
 [46]  196  215  212  227  253  245  228  220  280  323  319  323  321  270  287
 [61]  309  343  352  387  411  432  446  436  490  492  530  489  576  587  641
 [76]  670  756  713  736  726  810  833  911  948  953 1015 1060 1075 1080 1129
 [91] 1092 1208 1293 1361 1406 1481 1431 1582 1646 1763 1734 1746 1912 1940 2060
[106] 2107 2234 2347 2485 2522 2644 2748 2894 2893 3011 3232 3305 3406 3596 3722
[121] 3796

[[96]]
  [1]   10   37   37   28   31   32   34   62   57   68   61   50   81  104  110
 [16]  126  109  104  107  135  101  116  141  143  136  171  170  164  161  165
 [31]  219  224  228  259  282  272  246  281  279  281  322  318  326  358  355
 [46]  364  355  346  411  433  471  478  514  534  591  624  665  599  632  722
 [61]  756  684  748  776  834  878  868  877  922  974 1053 1028 1045 1098 1186
 [76] 1199 1269 1316 1430 1498 1505 1590 1671 1640 1730 1808 1942 2040 2102 2211
 [91] 2310 2448 2617 2765 2717 2761 2881 2985 3196 3284 3428 3540 3807 3917 4057
[106] 4247 4288 4528 4649 4896 5051 5360 5588 5726 6012 6191 6443 6677 7029 7269
[121] 7573

[[97]]
  [1]   10   28   32   21   14   10   18   24   19   17   22   26   33   31   28
 [16]   28   23   33   51   40   42   30   31   29   48   52   67   68   64   59
 [31]   61   82   67   76   76   90   87  103   97  135  138  139  153  138  127
 [46]  128  125  139  132  159  150  193  201  229  215  238  254  227  257  272
 [61]  257  282  309  308  366  356  373  365  391  471  411  427  463  464  470
 [76]  488  482  500  526  613  600  646  646  660  666  693  768  807  816  798
 [91]  825  863  960  987  987 1034 1045 1135 1232 1273 1304 1336 1379 1524 1516
[106] 1583 1554 1621 1787 1923 1995 1999 2102 2219 2438 2383 2524 2616 2934 2935
[121] 2991

[[98]]
  [1]   10   42   22   15   11   11   23   26   42   36   46   31   35   45   39
 [16]   45   43   59   53   55   50   52   62   76   76   67   78   75   93   80
 [31]   84  106  101   94   93  106  114  128  133  137  133  133  156  170  160
 [46]  136  154  169  158  149  173  192  214  230  204  227  219  262  269  289
 [61]  272  272  314  328  363  387  416  456  406  473  490  540  571  566  610
 [76]  626  723  661  673  674  729  826  873  872  840  883  928  986  969 1001
 [91] 1037 1129 1222 1221 1355 1382 1471 1464 1633 1617 1725 1810 1887 1958 2070
[106] 2149 2223 2272 2424 2507 2724 2866 2956 3066 3221 3285 3528 3658 3815 3907
[121] 4128

[[99]]
  [1]   10   27   25   23   17   14   18   14   19   23   24   31   23   16   19
 [16]   15   21   39   41   43   44   36   41   40   56   47   52   44   51   51
 [31]   49   53   52   61   49   50   80   89  101   96   93  108   98  116  138
 [46]  147  138  148  130  152  158  162  167  176  184  191  201  221  219  196
 [61]  232  206  245  243  263  243  247  231  264  259  304  287  308  314  352
 [76]  314  342  340  325  363  379  388  405  461  460  452  518  547  543  560
 [91]  585  600  626  673  730  762  864  854  829  926 1005 1059 1067 1128 1129
[106] 1246 1271 1365 1391 1417 1462 1618 1645 1723 1815 1893 1986 2040 2082 2166
[121] 2273

[[100]]
  [1]  10  39  32  30  27  23  47  54  61  47  41  48  56  51  68  57  54  70
 [19]  85  77  75  71  94  87 102 105 116 117 121 116 117 112 109 118 111 120
 [37] 113 136 114 128 127 151 150 120 125 130 138 156 146 122 146 152 161 152
 [55] 168 165 192 192 190 209 193 209 205 203 226 252 254 248 226 202 223 252
 [73] 260 278 294 270 278 269 302 322 326 328 317 318 346 386 349 337 328 351
 [91] 334 365 358 386 406 409 422 419 479 450 458 484 551 556 562 580 580 579
[109] 599 646 691 653 693 680 713 729 838 895 894 918 991

[[101]]
  [1]   10   41   31   19   17   25   24   33   32   30   31   32   60   40   45
 [16]   36   35   42   51   47   49   62   62   44   34   30   38   59   40   55
 [31]   53   48   50   46   46   47   46   50   67   95   75   65   84   73   91
 [46]   79   91   81   76   98  115  116  146  130  143  141  171  169  177  185
 [61]  190  200  197  228  267  295  250  245  267  297  316  345  340  377  411
 [76]  452  414  451  489  503  555  571  539  554  613  606  674  679  755  830
 [91]  864  913  901  964  910  997 1048 1004 1079 1130 1174 1239 1265 1320 1451
[106] 1493 1544 1659 1704 1747 1837 1961 1982 2080 2167 2218 2353 2570 2556 2706
[121] 2757

[[102]]
  [1]  10  26  25  26  17  16  13  15  12  10   9   9  21  13  15   9   7   5
 [19]   8  14  16  14   9  12  25  20  13  13  12  15  17  25  15  18  27  23
 [37]  15  14  14  14  15  12  13  15  16  13  13  17  16  11   8  13  11   6
 [55]  11   8   8  12  18  26  21  18  14  11  15  27  22  19  15  13  20  21
 [73]  27  26  34  45  40  29  36  41  32  31  35  39  39  58  54  61  60  73
 [91]  62  53  68  72  65  63  69  60  74  82  98 103  82  80  77  85  90  86
[109]  91  99  94  78 101 105 123 126 120  98 100 119 156

[[103]]
  [1]  10  29  24  17  16  18  21  15  15  23  26  24  31  30  20  18  11  10
 [19]  20  15  11   8  13  19  12  10  18  12  12  12  26  29  32  44  39  32
 [37]  33  32  24  28  27  31  35  30  36  46  42  39  36  49  64  49  48  41
 [55]  42  52  70  63  55  56  55  54  48  50  49  45  52  54  52  48  54  68
 [73]  60  61  78  70  62  72  59  83 101 129 102 110 119 138 154 150 144 145
 [91] 202 212 199 204 268 267 258 291 322 336 297 288 313 301 366 452 410 407
[109] 426 459 479 534 526 571 522 557 581 603 613 661 674

[[104]]
  [1]   10   19   12    8    7   18   14   18   20   20   15   23   32   26   27
 [16]   39   32   25   22   24   28   24   26   33   38   29   27   25   30   35
 [31]   51   46   57   54   40   56   63   58   72   85   81   68   76   67   66
 [46]   81   90  102   87   80   87   89  111  117   95  113  114  122  129  134
 [61]  133  145  159  159  161  144  146  152  160  153  168  181  191  169  211
 [76]  179  206  243  255  232  262  251  301  286  310  307  322  400  385  366
 [91]  363  390  453  491  441  459  480  479  561  613  669  649  622  671  688
[106]  698  695  689  775  800  815  866  866  920  922  930 1025 1087 1097 1089
[121] 1233

[[105]]
  [1]   10   38   38   39   36   34   29   45   58   66   54   64   58   56   66
 [16]   70   53   61   57   55   53   59   77   67   82   82   89   74   85   94
 [31]  104  106  111  112   96  114  101   99  124  116  119  123  137  144  164
 [46]  172  170  160  139  167  174  153  166  164  189  180  184  205  190  185
 [61]  216  207  214  210  234  270  267  270  276  260  245  273  292  283  296
 [76]  268  324  350  390  417  415  487  481  484  464  496  548  561  568  590
 [91]  610  637  691  710  790  798  880  930 1022  965 1016 1020 1061 1131 1159
[106] 1249 1269 1250 1372 1448 1492 1600 1603 1747 1781 1849 1938 2052 2077 2114
[121] 2188

[[106]]
  [1]   10   31   17   12    9    9   14   28   26   22   16   14   11    8   10
 [16]   12   10    5    4   10    5    5    5    4   14    8    9    6    6   12
 [31]    8    8    7    6   10   27   21   22   20   16   22   21   25   35   30
 [46]   34   50   56   70   78   74   89   95  102   86  102  134  138  141  136
 [61]  118  124  151  145  131  136  124  159  182  172  170  200  231  256  214
 [76]  215  219  220  243  307  290  289  295  315  354  377  363  366  399  401
 [91]  427  424  427  458  493  468  510  518  511  541  539  593  611  622  643
[106]  667  709  742  775  786  801  860  914  912  894  947  968 1059 1115 1177
[121] 1223

[[107]]
  [1]  10  32  41  36  25  18  22  20  21  18  20  26  22  16  35  20  15  14
 [19]  19  26  16  19  24  17  32  27  33  30  30  22  30  33  41  34  50  36
 [37]  44  59  51  66  52  56  51  59  82  76  67  75  68  75  72  73  88  88
 [55]  88  87  87  97 101  87  99  93 100 100 120 106 115 125 149 132 137 154
 [73] 161 153 184 173 194 220 259 282 259 247 271 281 320 324 309 334 353 334
 [91] 343 360 324 338 387 409 442 450 424 467 506 517 569 574 595 616 632 630
[109] 687 635 629 613 624 584 680 688 712 730 782 797 741

[[108]]
  [1]   10   40   35   31   24   20   18   38   32   38   31   34   39   29   32
 [16]   34   36   55   49   59   68   69   63   78   72   78   83   80  101   98
 [31]   95   96   95   94  118  134  110  106  107  138  163  137  132  123  130
 [46]  148  157  169  158  193  181  177  199  252  237  218  217  281  285  274
 [61]  264  296  332  363  401  378  393  446  466  438  456  489  467  490  528
 [76]  586  640  582  599  674  719  708  773  786  802  866  880  843  970  973
 [91] 1039 1073 1140 1176 1270 1332 1371 1445 1468 1535 1575 1677 1589 1717 1746
[106] 1874 2074 2025 2078 2205 2374 2452 2458 2670 2809 2821 2970 2989 3245 3380
[121] 3596

[[109]]
  [1]   10   21   31   17   13   29   37   30   24   23   31   32   26   29   47
 [16]   39   42   40   39   34   36   39   43   40   43   51   53   55   75   62
 [31]   87   74   72   96   87   88   82  101   88   87   88   84  136  131  122
 [46]  114  132  126  155  158  140  131  127  144  138  132  127  144  159  178
 [61]  175  202  188  220  212  226  228  247  247  265  277  273  249  252  276
 [76]  297  318  385  361  346  348  388  366  423  396  450  445  449  434  431
 [91]  466  447  488  506  498  558  554  564  573  619  667  691  664  733  770
[106]  773  874  895  909  967  967 1050 1096 1093 1104 1182 1252 1317 1375 1457
[121] 1508

[[110]]
  [1]   10   24   43   29   19   22   26   35   48   31   30   23   30   29   26
 [16]   46   50   44   46   35   29   43   59   76   71   56   60   64   58   59
 [31]   63   60   49   54   62   87   98   74   94   91  114  117  102  113  102
 [46]  113  140  117  128  151  139  149  155  181  189  183  169  184  184  198
 [61]  190  215  210  240  272  288  306  325  328  376  330  402  425  413  410
 [76]  462  475  562  564  568  604  616  663  719  720  808  851  870  917  947
 [91] 1034 1070 1097 1126 1173 1176 1228 1286 1284 1460 1493 1558 1613 1649 1644
[106] 1785 1874 1883 1976 2089 2172 2296 2365 2358 2490 2630 2820 2907 2916 2990
[121] 3037

[[111]]
  [1]   10   43   35   36   31   34   27   24   35   40   43   36   32   34   49
 [16]   38   46   36   42   31   41   58   56   46   59   73   65   55   51   57
 [31]   48   56   62   65   61   59   56   52   64   60   72   69   66   69   73
 [46]   72   70   69   67   59   82   82   76   96  100  100   82   82   83   90
 [61]  111  111  109  123  144  128  122  128  161  165  161  152  162  195  205
 [76]  210  216  240  240  265  284  306  298  304  339  337  347  356  352  367
 [91]  389  416  434  462  463  490  560  589  632  638  655  691  742  747  735
[106]  800  863  848  848  920  985  992 1034 1033 1069 1076 1127 1219 1237 1323
[121] 1366

[[112]]
  [1]   10   52   27   17   13   12   10   27   20   25   17   18   24   26   27
 [16]   35   34   27   23   21   24   31   41   36   31   28   39   36   46   42
 [31]   38   46   47   47   35   43   40   43   47   67   66   66   71   84   87
 [46]   77   78   85   98   99   99  104  103  134  135  130  136  122  157  156
 [61]  175  168  166  160  174  176  197  199  208  207  211  230  240  278  290
 [76]  275  281  290  376  339  360  391  386  405  398  420  443  441  485  475
 [91]  514  550  549  605  597  613  627  599  694  682  798  794  786  794  802
[106]  846  900  865  982 1022 1111 1177 1221 1231 1253 1342 1438 1515 1608 1603
[121] 1713

[[113]]
  [1]   10   33   33   32   23   23   32   26   24   39   33   45   44   34   36
 [16]   47   35   46   66   67   54   46   69   63   57   56   63   58   55   69
 [31]   64   79   70   65   90  103  116  110  112  117   99  116  122  116   95
 [46]   85   81  104  104  141  142  125  121  156  146  132  162  155  173  152
 [61]  165  178  202  210  220  244  234  219  238  255  242  297  305  356  341
 [76]  350  370  366  373  382  406  414  400  457  502  547  537  530  541  549
 [91]  622  648  657  647  662  714  747  761  760  777  795  878  907  922  933
[106] 1053 1151 1188 1176 1284 1371 1377 1477 1538 1713 1659 1701 1742 1791 1815
[121] 1954

[[114]]
  [1]   10   27   24   19   15   10   18   14   16   15   18   14   27   43   32
 [16]   36   33   33   40   28   31   32   40   47   48   49   50   58   62   60
 [31]   55   63   53   37   53   57   54   59   62   74   81   80   78   82   87
 [46]   86   82   79   87   98  115  105  100  103  140  118  118  112  125  120
 [61]  144  137  141  139  159  184  187  172  220  224  220  250  237  265  269
 [76]  297  326  339  389  381  383  383  447  446  463  459  476  508  528  540
 [91]  595  649  700  728  740  760  813  870  911  922  970  957  999 1001 1056
[106] 1041 1152 1122 1166 1257 1372 1377 1439 1489 1593 1681 1721 1807 1843 1890
[121] 2032

[[115]]
  [1]   10   24   23   40   30   23   20   23   43   47   42   45   38   37   40
 [16]   41   56   49   71   60   54   57   61   78   77   77   74   64   68   86
 [31]   86  103  110   92  111  121  109  107  135  136  138  130  136  148  129
 [46]  151  151  171  182  216  195  238  242  221  203  226  200  239  250  239
 [61]  240  286  319  324  337  349  347  368  355  369  369  411  409  399  416
 [76]  434  425  424  418  451  475  494  524  536  535  580  618  614  683  717
 [91]  718  717  796  778  799  798  900  906  940 1053 1040 1039 1108 1320 1344
[106] 1304 1370 1492 1561 1550 1596 1710 1792 1848 1908 1908 2057 2270 2272 2309
[121] 2368

[[116]]
  [1]   10   41   34   34   27   27   23   24   33   29   31   19   16   26   35
 [16]   37   31   32   43   62   60   51   53   64   84   83   92   90   87   78
 [31]   87   81   81   84   78  100  108  117  128  113  132  130  128  155  145
 [46]  162  131  134  146  150  159  156  163  169  189  159  171  194  210  240
 [61]  221  245  242  244  240  244  242  251  269  250  247  266  296  272  278
 [76]  316  374  379  367  359  369  382  430  451  517  550  532  513  511  566
 [91]  574  570  588  624  673  704  791  756  773  874  974  958  992 1020 1027
[106] 1049 1022 1046 1079 1122 1178 1198 1197 1286 1325 1441 1487 1630 1691 1721
[121] 1683

[[117]]
  [1]  10  25  30  25  19  17  21  20  19  22  25  21  15  12  15   9  11   9
 [19]   8   9   8   7   7   6  12   9  15  13  18  15  21  17  20  24  37  35
 [37]  36  30  29  22  19  25  13  26  21  26  34  32  26  32  36  31  27  18
 [55]  17  15  14  18  24  15  15  26  32  28  25  36  32  37  26  22  21  39
 [73]  36  35  27  36  36  35  51  57  49  49  50  64  70  70  65  64  82  88
 [91]  87  94 117 124 120 136 172 160 182 150 154 187 195 195 212 220 174 187
[109] 249 261 300 262 267 292 299 282 304 332 364 324 339

[[118]]
  [1]   10   44   34   28   23   24   26   27   38   31   22   36   39   38   31
 [16]   47   55   45   38   36   34   36   44   44   46   57   54   67   54   58
 [31]   65   73   75   64   70   71   74  115  103  101   91   90  115  105   99
 [46]   93   98  121  116  121  135  136  166  151  162  166  195  206  208  217
 [61]  235  254  257  256  249  243  286  310  331  322  331  369  353  374  403
 [76]  438  465  451  455  475  460  441  499  531  587  570  547  580  612  609
 [91]  676  649  726  734  814  856  927  980  967 1024 1074 1153 1196 1300 1288
[106] 1342 1431 1440 1507 1579 1579 1614 1678 1673 1717 1839 1907 2022 2099 2161
[121] 2198

[[119]]
  [1]   10   26   17   12   10   27   23   18   14   16   13   14   16   13   15
 [16]   23   19   24   25   27   35   51   46   48   39   47   46   41   50   64
 [31]   56   59   69   63   81   63   60   91   83  101  105  121  108  112  149
 [46]  119  135  147  157  186  191  206  216  220  237  249  275  249  261  305
 [61]  294  342  333  334  347  352  392  412  477  425  497  524  542  510  512
 [76]  577  601  678  660  651  665  683  744  758  825  814  847  907  922  940
 [91]  991 1017 1092 1133 1161 1188 1249 1296 1336 1460 1484 1455 1448 1559 1575
[106] 1744 1686 1789 1804 1895 1991 2087 2234 2339 2322 2313 2377 2470 2603 2685
[121] 2711

[[120]]
  [1]   10   35   36   28   23   27   29   39   28   39   37   49   50   45   40
 [16]   56   39   44   40   32   37   56   53   48   45   39   43   38   42   37
 [31]   38   42   41   34   29   46   44   52   59   58   51   74   76   69   72
 [46]   76   66   79   94  111  108  106  111  110  122  135  156  164  156  165
 [61]  177  181  207  196  223  214  210  220  230  260  269  259  251  259  278
 [76]  303  274  269  307  308  280  334  356  373  355  360  399  385  399  415
 [91]  388  436  445  436  470  514  493  486  508  551  558  550  599  597  641
[106]  684  679  741  776  776  819  800  901  996  986 1029 1094 1162 1215 1222
[121] 1215

[[121]]
  [1]  10  24  25  18  13  19  21  31  31  32  36  26  26  50  49  41  31  32
 [19]  45  27  24  19  23  19  12  21  20  32  33  21  18  18  24  19  21  20
 [37]  20  16  14  24  21  24  24  27  26  18  26  20  15  19  14  16  13  19
 [55]  22  26  25  37  28  37  37  31  36  43  40  40  52  55  70  66  68  74
 [73]  71  62  60  85 113  88  90  83  87  84  99  87 105 134 146 145 134 140
 [91] 154 160 185 185 199 207 213 229 286 273 273 314 331 328 326 349 423 401
[109] 399 427 456 507 495 483 488 548 578 595 562 604 635

[[122]]
  [1]   10   19   24   16    9    7    6    6   12   10    9    7   13    8   13
 [16]    8   14   21   24   15   13   13   16   22   24   23   20   17   11   14
 [31]   21   26   33   29   43   37   35   39   35   48   51   60   65   62   61
 [46]   63   66   71   89   95  123  127  128  118  126  117  144  163  146  125
 [61]  132  158  174  177  174  183  180  195  191  229  213  209  194  201  230
 [76]  263  285  281  270  307  316  368  353  354  348  365  397  453  428  423
 [91]  426  431  459  509  553  588  597  620  638  682  714  732  755  768  774
[106]  836  878  994 1088 1050  997 1048 1092 1188 1213 1337 1342 1370 1361 1384
[121] 1471

[[123]]
  [1]  10  28  16   8   8   7   7  16  18  21  13  11  10  12  11  20  24  22
 [19]  25  24  17  15  21  17  23  27  34  43  37  35  35  35  31  22  22  24
 [37]  25  26  27  34  33  29  29  28  30  28  20  17  13  11   9  15  18  17
 [55]  12  10  12  23  25  25  19  16  22  31  31  23  26  28  37  46  51  42
 [73]  45  44  59  60  88  88  89  93 105 110  94 109  95  91  88  97  94  99
 [91] 116 163 161 160 171 163 184 208 240 288 297 287 310 326 320 345 393 390
[109] 403 426 435 478 490 525 521 540 555 612 675 703 665

[[124]]
  [1]   10   38   18   22   21   24   27   24   28   21   22   18   16   20   24
 [16]   26   22   19   15   18   28   30   34   32   48   45   40   32   42   42
 [31]   57   57   55   51   50   62   67   75   75   91   93   94   92   94   85
 [46]   97  119  125  111   97  109  115  102  120  116  137  150  141  173  169
 [61]  188  220  209  220  237  222  236  246  289  284  287  294  316  311  335
 [76]  305  347  356  381  375  375  409  435  466  494  467  501  507  540  579
 [91]  647  622  694  689  743  796  858  874  894  937  952 1019 1086 1079 1198
[106] 1167 1184 1236 1352 1394 1522 1613 1568 1710 1679 1702 1746 1819 1773 1837
[121] 1889

[[125]]
  [1]   10   19   20   28   21   19   16   18   28   20   21   25   26   23   25
 [16]   18   20   32   43   39   34   33   48   52   48   53   68   81   79   69
 [31]   74   87   93   83   71   63   80   76   62   65   67   91   76   80   97
 [46]   81   83   67   55   75   86   92   90   78   84  108  129  168  168  166
 [61]  198  182  210  212  212  200  222  217  251  281  290  289  283  327  356
 [76]  330  335  351  377  385  366  424  434  446  471  440  477  528  576  595
 [91]  561  594  619  658  686  704  717  782  854  901  936  970 1019 1019 1042
[106] 1067 1087 1091 1092 1135 1326 1354 1364 1430 1476 1475 1543 1621 1708 1820
[121] 1870

[[126]]
  [1]   10   32   39   30   28   30   30   37   33   31   53   64   62   55   50
 [16]   54   62   50   53   66   74   56   68   66   78   99   84  106   86   79
 [31]  104  104   95  100  106  112  110  115  137  127  145  139  132  121  146
 [46]  149  151  163  175  183  175  167  182  180  191  211  205  227  234  234
 [61]  238  242  229  253  270  279  273  303  340  374  398  351  358  383  355
 [76]  392  402  430  432  464  509  535  532  626  674  667  634  692  711  776
 [91]  758  807  836  793  846  887  964  978 1056 1097 1115 1157 1190 1313 1425
[106] 1433 1511 1523 1560 1667 1783 1802 1816 1880 2017 2116 2269 2267 2362 2408
[121] 2552

[[127]]
  [1]   10   23   19   16   15   24   42   56   47   33   49   57   83   65   72
 [16]   77   77   86  114   99  129  146  135  157  141  142  156  172  168  160
 [31]  191  218  211  214  224  261  273  256  270  261  262  238  284  292  305
 [46]  331  329  316  370  409  431  491  489  484  468  519  525  545  563  583
 [61]  649  704  670  691  747  780  876  897  942  999 1055 1026 1037 1091 1199
 [76] 1259 1259 1232 1264 1296 1380 1483 1518 1604 1633 1756 1735 1844 1975 2073
 [91] 2199 2186 2232 2310 2497 2623 2774 2837 3119 3237 3310 3321 3422 3520 3709
[106] 3806 3895 4050 4328 4462 4497 4636 4920 5206 5391 5549 5811 6056 6269 6270
[121] 6581

[[128]]
  [1]   10   52   44   29   23   39   55   50   46   40   46   37   37   36   38
 [16]   39   34   35   38   50   57   55   60   66   61   69   90   96   91   95
 [31]  102   92  101   99  121  134  120  113   97   94  104  110  132  124  126
 [46]  120  141  117  127  144  150  182  209  209  213  220  223  238  255  278
 [61]  276  312  324  341  363  440  418  397  443  446  436  458  470  486  528
 [76]  581  568  601  603  624  623  678  708  724  801  852  891  877  908  974
 [91] 1024 1119 1134 1146 1225 1301 1281 1374 1481 1570 1533 1608 1777 1825 1879
[106] 1932 2023 2146 2237 2183 2382 2527 2703 2834 2907 2972 3120 3209 3410 3497
[121] 3593

[[129]]
  [1]   10   32   27   26   20   25   29   35   57   55   59   54   44   48   58
 [16]   45   50   52   65   71   69   83   72   61   59   81  107   96   97   82
 [31]   82   78   87   99  121  117   98  106  116  142  138  149  134  156  181
 [46]  206  195  195  199  188  228  234  259  259  279  278  298  334  328  322
 [61]  340  361  385  415  462  430  465  536  540  562  598  602  671  693  746
 [76]  795  776  724  816  865  917  942  978  990 1121 1162 1210 1164 1292 1310
 [91] 1455 1469 1483 1565 1626 1603 1635 1756 1875 1897 2024 2150 2159 2200 2236
[106] 2336 2485 2556 2740 2741 2871 3221 3343 3339 3540 3719 3883 4061 4074 4275
[121] 4391

[[130]]
  [1]   10   33   38   34   26   38   51   46   51   50   39   31   32   35   37
 [16]   35   48   57   48   53   54   52   47   69   63   69   73   58   56   74
 [31]   71   94   78   77   78   77   65   69   82  102   92   88   98   74   87
 [46]   79   75  109  103  120  104  140  130  132  115  154  172  186  169  200
 [61]  172  184  186  214  225  203  231  233  237  257  303  252  255  270  296
 [76]  334  339  309  365  365  368  401  401  406  419  425  434  494  547  546
 [91]  524  533  609  642  623  636  777  789  831  819  876  987  964 1066 1157
[106] 1071 1196 1210 1307 1355 1330 1322 1424 1470 1494 1566 1658 1605 1709 1813
[121] 1917

[[131]]
  [1]   10   25   28   25   18   22   25   42   41   28   22   29   16   24   30
 [16]   29   27   24   24   19   24   35   32   56   53   41   40   50   44   50
 [31]   55   41   38   35   45   59   60   68   66   72   66   71   73   71   72
 [46]   63   60   66   84   70   69   75   79   76   83   82   86   79   76   75
 [61]   90   84   82  105  125  122  129  167  153  135  146  150  166  184  185
 [76]  197  186  202  211  218  274  308  324  290  294  348  308  362  357  364
 [91]  326  352  404  429  446  452  430  407  479  496  537  511  541  530  527
[106]  562  579  590  661  687  665  682  804  836  794  780  870  928  943 1017
[121] 1092

[[132]]
  [1]  10  25  35  25  21  17  18  23  35  29  24  23  23  26  22  32  35  29
 [19]  36  25  29  26  29  33  38  34  35  42  48  46  55  76  62  67  70  92
 [37]  81  64  72  76  66  64  72  81  69  88 103 120 108  99  96  95 113 112
 [55]  95  97 104 103  89  87  85  98 103  85 114 108 120 103 114 107 111 120
 [73] 149 127 173 162 158 174 206 182 180 196 199 222 209 240 267 263 313 284
 [91] 326 320 307 298 310 350 372 369 357 338 351 372 378 396 379 445 472 452
[109] 504 544 530 574 492 541 538 589 642 666 736 768 784

[[133]]
  [1]   10   39   34   29   21   16   11   15   16   16   14   20   16   21   13
 [16]   18   19   16   13   14   15   17   29   26   21   16   19   21   20   14
 [31]   16   23   16   13   16   25   30   33   25   18   16   32   41   37   33
 [46]   33   40   50   48   49   50   38   43   56   75   72   56   57   63   97
 [61]  105  120  116  113  108  121  122  122  132  144  166  235  255  242  247
 [76]  278  259  303  328  334  343  353  357  387  428  468  454  470  506  579
 [91]  572  669  711  697  701  704  779  802  871  936  971  991  949  955 1018
[106] 1125 1207 1222 1253 1271 1295 1403 1459 1497 1545 1526 1625 1669 1763 1870
[121] 1894

[[134]]
  [1]  10  29  28  22  19  14  24  20  27  22  27  29  34  37  30  33  48  41
 [19]  43  49  46  32  31  43  64  57  40  58  55  59  49  63  51  50  51  42
 [37]  76  92  90  78  77  89 106 115 107 108  89  85  99 102  92  92  94  98
 [55]  95  98  95 103 104  92  88 117 114 115 112  98  98 104  98 104 108 103
 [73] 106 122 100 106 130 134 112 118 124 130 162 153 164 178 163 144 167 168
 [91] 178 212 192 206 232 260 225 256 235 291 269 257 278 290 295 340 345 355
[109] 369 390 440 379 480 493 513 550 569 577 588 628 654

[[135]]
  [1]   10   36   47   33   28   24   27   37   41   32   40   49   44   48   48
 [16]   47   66   77   75   71   68   99   88   86   97   99   98  102  111  122
 [31]  125  115  144  139  162  155  196  200  179  188  197  233  201  195  219
 [46]  214  237  225  228  258  248  275  282  260  266  256  300  306  383  466
 [61]  435  441  449  489  489  488  541  546  579  600  590  642  666  647  693
 [76]  729  783  799  828  895  922  989 1065 1123 1103 1109 1146 1284 1337 1375
 [91] 1394 1401 1435 1501 1570 1668 1659 1779 1775 1876 1948 2098 2129 2226 2230
[106] 2335 2333 2446 2587 2670 2903 2914 3061 3053 3241 3381 3592 3893 3921 4202
[121] 4165

[[136]]
  [1]  10  26  33  18  18  16  18  23  16  15  12  12  10   9  21  17  13  18
 [19]  12   9   6   5   5   8  16  10   8   6   6  13  16  12  11  16  10  12
 [37]   9   8   7  17  14  20  38  31  38  34  41  41  54  39  31  32  24  29
 [55]  20  16  25  26  25  33  27  30  33  34  31  37  32  45  42  44  45  52
 [73]  41  37  39  42  51  40  44  56  54  55  54  73  76  61  68  65  88  83
 [91]  69  49  63  75  69  65  66  76  72  70 100  99 100  95 112  99  97  82
[109]  96  95  89  89 110  89  84  92  89 154 147 123 107

[[137]]
  [1]   10   25   31   23   19   21   27   35   34   25   21   25   34   39   38
 [16]   32   34   39   40   50   51   53   57   71   55   62   95   91   75   62
 [31]   71   78   93   99   99  131  115  146  142  163  167  162  168  172  189
 [46]  186  197  196  213  237  228  236  223  247  254  266  289  291  296  350
 [61]  378  402  386  389  372  386  485  477  470  483  479  547  528  550  531
 [76]  553  575  605  603  590  678  648  678  771  781  780  796  852  837  937
 [91]  903  906  913 1002 1026 1079 1009 1031 1128 1243 1218 1304 1308 1352 1402
[106] 1396 1450 1585 1658 1718 1800 1842 1976 2030 2101 2137 2343 2302 2495 2618
[121] 2714

[[138]]
  [1]   10   19   11    7    5    5   10   10   12    6    8    9    7    8   20
 [16]   11    6    6    6   16   22   24   21   23   20   31   36   41   40   55
 [31]   54   44   64   56   51   64   64   53   73   76   79  102   92   78   82
 [46]   85  102   87  104   98  111  115  122  115  110   99  104  102  119  143
 [61]  165  161  159  150  149  186  190  193  219  213  237  255  253  260  291
 [76]  285  284  330  350  343  345  340  330  398  401  434  409  456  447  444
 [91]  408  472  509  538  517  590  550  603  589  614  607  661  702  729  762
[106]  811  870  889  913  989 1008  995 1038 1045 1104 1213 1260 1381 1431 1507
[121] 1590

[[139]]
  [1]  10  22  14  12  16  10   8  13  15  10  19  17  21  17  20  15  15  16
 [19]  17  14  10  14  24  14  14  22  18  20  22  28  22  26  34  31  21  24
 [37]  20  27  25  24  17  19  13  15  13  18  19  17  16  13   9   8  14  18
 [55]  24  24  29  30  26  31  32  41  46  47  51  45  54  63  61  59  48  54
 [73]  58  64  61  69  69  74  85  85  82  96 106  90 119 108 104  96 120 117
 [91] 152 148 151 130 159 149 145 181 200 208 175 177 236 264 246 263 291 304
[109] 286 295 316 331 337 341 312 320 341 334 351 332 356

[[140]]
  [1]   10   25   20   20   23   24   20   28   28   22   26   22   27   38   47
 [16]   60   54   61   54   52   54   71   66   91   71   68   54   69   65   58
 [31]   70   84   77   96   74   67   79   77   91   85   94  101  100  107  113
 [46]  131  106  118  108  144  157  139  140  135  165  158  155  137  136  152
 [61]  157  198  192  198  193  216  233  231  231  231  270  267  296  294  306
 [76]  334  309  305  293  317  357  410  410  458  476  442  429  481  491  498
 [91]  561  591  591  642  662  732  723  793  783  860  874  858  870  880  910
[106]  941  986  993 1031 1083 1140 1249 1248 1245 1308 1336 1390 1522 1587 1564
[121] 1625

[[141]]
  [1]   10   29   22   16   14   14   17   12   10    9   18   18   12   13    9
 [16]   15   16   17   17   21   23   25   23   22   22   39   48   38   31   30
 [31]   39   58   58   71   58   71   67   52   69   77   84  111   93  120  108
 [46]  134  137  135  143  159  171  189  204  219  217  231  231  248  236  219
 [61]  219  239  237  250  264  295  305  304  295  312  313  285  316  328  361
 [76]  386  391  394  412  437  428  432  424  486  494  511  525  519  574  591
 [91]  613  591  581  631  615  674  679  694  711  727  823  803  791  868  864
[106]  904  957  990 1016 1063 1065 1086 1217 1209 1198 1338 1376 1393 1442 1596
[121] 1522

[[142]]
  [1]   10   18   28   24   19   24   19   27   15   20   27   22   29   24   22
 [16]   25   30   30   40   34   34   35   33   40   45   65   61   62   62   75
 [31]   74   75   65   70   70   91   79   94   87   81   82  100  114  125  121
 [46]  118  124  123  140  137  125  135  133  166  194  206  188  204  187  225
 [61]  244  279  278  275  299  326  363  378  330  360  364  449  503  471  462
 [76]  541  588  645  646  727  741  744  791  800  878  939  943  935  965 1017
 [91] 1086 1115 1176 1200 1260 1233 1281 1360 1435 1548 1629 1668 1773 1850 1982
[106] 2028 2162 2158 2216 2282 2406 2434 2540 2644 2760 2782 2920 3038 3035 3266
[121] 3387

[[143]]
  [1]   10   18   23   19   17   15   12   15   28   21   19   18   18   18   38
 [16]   31   32   29   28   22   24   24   32   35   35   49   50   48   57   47
 [31]   55   68   68   61   69   73   61   95  120  103   95   96  100  131  114
 [46]  136  134  123  152  167  181  190  193  186  193  224  214  227  198  196
 [61]  199  193  218  225  234  229  223  243  263  269  243  260  272  274  319
 [76]  326  326  346  397  372  408  428  499  550  564  565  593  661  750  710
 [91]  725  815  797  781  865  930  908  958  895  996 1002 1062 1172 1199 1165
[106] 1261 1312 1315 1406 1462 1384 1548 1585 1628 1711 1845 1893 1901 1950 1945
[121] 2005

[[144]]
  [1]   10   39   26   19   26   21   20   18   24   19   27   21   14   18   34
 [16]   30   33   38   43   38   37   43   53   45   48   56   52   54   53   51
 [31]   43   47   55   72   62   63   60   65   73   83   94   91  101   92   91
 [46]  100  111  118  148  143  171  163  165  149  160  158  151  156  155  131
 [61]  145  173  180  157  152  175  180  194  175  195  250  223  237  244  261
 [76]  275  248  272  245  272  277  260  271  278  318  333  328  373  355  456
 [91]  488  475  459  437  494  499  542  550  621  631  713  693  747  774  750
[106]  803  837  882  933 1004  992 1062 1107 1130 1123 1209 1232 1262 1267 1357
[121] 1427

[[145]]
  [1]   10   33   26   23   25   20   20   28   35   58   59   51   58   51   48
 [16]   41   63   68   63   53   50   44   43   46   43   58   59   50   52   50
 [31]   43   47   53   57   62   58   58   65   87   90   83   85   87  106  136
 [46]  140  125  123  150  137  154  164  249  250  269  233  248  279  286  270
 [61]  284  316  324  331  343  390  406  418  411  440  476  522  536  534  577
 [76]  638  654  638  688  715  753  782  746  820  904  873  909  969 1016 1022
 [91] 1041 1093 1143 1186 1260 1334 1324 1319 1409 1620 1647 1634 1660 1752 1840
[106] 2007 2092 2172 2326 2323 2414 2572 2647 2743 2882 3025 3221 3259 3326 3496
[121] 3578

[[146]]
  [1]   10   38   35   25   21   24   27   37   26   31   41   34   34   25   36
 [16]   57   45   65   55   46   61   72   84   82   75   96  101   96  106   98
 [31]   88  122  110  112  119  109  133  126  135  126  177  184  170  204  207
 [46]  219  216  237  254  248  279  248  252  286  319  362  334  328  394  420
 [61]  456  515  473  429  508  552  536  548  593  623  645  659  707  686  668
 [76]  731  765  719  736  814  834  914  943  982 1039 1031 1158 1237 1199 1331
 [91] 1291 1376 1368 1518 1571 1566 1606 1641 1833 1889 1895 1928 1913 1976 2106
[106] 2307 2373 2356 2433 2539 2654 2849 2935 2975 3111 3276 3368 3599 3717 4019
[121] 4148

[[147]]
  [1]  10  32  23  17  13  19  21  15  17  15  16  16  18  14  23  21  13  11
 [19]  11  20  25  20  15  13  20  18  17  13  11  16  20  22  20  17  14  16
 [37]  29  21  22  24  30  29  32  34  37  29  24  30  50  38  45  49  42  48
 [55]  46  68  60  57  88  85  69  62  61  75  61  69  71  92 100  92  85  93
 [73]  88  93 104 118 124 130 114 116 132 137 124 144 150 158 178 211 233 255
 [91] 272 278 258 257 296 330 301 317 316 384 371 386 378 386 427 405 421 451
[109] 439 454 477 476 488 539 541 511 548 599 637 635 614

[[148]]
  [1]  10  36  26  16  14  11  10   9  17  18  11  14  14   8  13   9   6  13
 [19]   9  16   8   5   5   5   3   2   2   4   2   2   8  10   5   4   4   3
 [37]   7   4   8   6   4  10  12  17  14  13  17  16  16  13  23  13  19  20
 [55]  16  18  18  15  12  23  25  15  10   9   9  13  17  15  21  23  26  24
 [73]  28  34  36  27  36  33  37  48  51  53  61  54  43  53  63  61  53  57
 [91]  51  46  46  62  61  58  78  72  61  79  81  96  90 103 106  97 110 102
[109] 100  93  90  94  95  85  93 122 117 101 126 154 157

[[149]]
  [1]   10   25   25   21   16   18   15   17   14   10   12   29   26   26   19
 [16]   17   23   20   34   32   26   36   33   27   24   20   18   19   15   16
 [31]   12   31   28   31   34   37   45   51   57   54   42   49   72   74   67
 [46]   76   89   92  106  116  108  101  104   99  103   99  113  103  119  122
 [61]  114  118  129  139  131  152  165  181  197  177  195  222  250  254  253
 [76]  283  316  308  289  283  284  347  362  397  418  425  433  463  460  518
 [91]  556  544  563  591  638  607  622  705  739  795  843  815  869  891  971
[106]  975  968 1085 1067 1075 1082 1222 1296 1324 1419 1501 1467 1578 1604 1735
[121] 1704

[[150]]
  [1]  10  26  17  19  17  16  17  23  22  19  19  25  26  20  35  28  29  23
 [19]  31  27  33  30  30  22  17  20  18  38  41  34  26  26  27  29  33  36
 [37]  38  27  27  29  34  45  40  38  50  42  39  49  58  54  66  58  61  86
 [55]  65  66  65  66  66  76  82  83  64  75  75  77  80  98 120 115 114 119
 [73] 131 146 160 154 153 157 209 197 230 198 235 252 256 283 269 260 307 309
 [91] 307 322 353 314 302 304 331 345 367 401 396 405 426 440 488 510 516 475
[109] 518 592 600 616 605 649 692 715 797 783 815 849 910

> save(reslist, file=paste("output",iter,".rda",sep=""))
> 
> 
> ###############################################################
> 
> 
> # Clear the workspace and turn off graphics.
> #  Load all the functions you need by sourcing the provided demographic.R file
> #  Read in the job number from the cluster. To do this, your code should include a new
> # variable iter and should start with the line:
> # iter <- as.numeric(Sys.getenv(PBS_ARRAY_INDEX))
> #  Control the random number seeds so that each parallel simulation takes place with a
> # different seed. Your function should therefore set the random number seed as iter so that
> # each parallel simulation has a unique random seed.
> #  In each parallel run, select the initial condition to be used. Ensure that 25 of the parallel
> # simulations are allocated to each of the initial conditions.
> #  Create a variable which is the filename to store your results. The end of the filename
> # should be the number iter to ensure that simulation files do not overwrite one another on
> # the cluster.
> #  Initialise a list which will contain the results of your 150 simulations.
> #  Call the stochastic_simulation function to do the appropriate simulation 150 times,
> # appending the output to the results list, and then save the results list.
> 
> #four initial conditions (25 cluster runs per)
> #each cluster run runs simulation 150 times
> #1) large population of 100 adults
> #2) small population of 10 adults
> #3) 100 individuals spread
> #4) small population of 10 individuals
> 
R has finished running

============================================

        Job resource usage summary 

                 Memory (GB)    NCPUs
 Requested  :         1             1
 Used       :         0 (peak)   0.77 (ave)

============================================
