R is about to run

R version 4.4.1 (2024-06-14) -- "Race for Your Life"
Copyright (C) 2024 The R Foundation for Statistical Computing
Platform: x86_64-conda-linux-gnu

R is free software and comes with ABSOLUTELY NO WARRANTY.
You are welcome to redistribute it under certain conditions.
Type 'license()' or 'licence()' for distribution details.

R is a collaborative project with many contributors.
Type 'contributors()' for more information and
'citation()' on how to cite R or R packages in publications.

Type 'demo()' for some demos, 'help()' for on-line help, or
'help.start()' for an HTML browser interface to help.
Type 'q()' to quit R.

> 
> 
> growth_matrix <- matrix(c(0.1, 0.0, 0.0, 0.0,
+ 0.5, 0.4, 0.0, 0.0,
+ 0.0, 0.4, 0.7, 0.0,
+ 0.0, 0.0, 0.25, 0.4),
+ nrow=4, ncol=4, byrow=T)
> 
> reproduction_matrix <- matrix(c(0.0, 0.0, 0.0, 2.6,
+ 0.0, 0.0, 0.0, 0.0,
+ 0.0, 0.0, 0.0, 0.0,
+ 0.0, 0.0, 0.0, 0.0),
+ nrow=4, ncol=4, byrow=T)
> 
> clutch_distribution <- c(0.06,0.08,0.13,0.15,0.16,0.18,0.15,0.06,0.03)
> 
> #=========================================================================================
> rm(list=ls())
> graphics.off()
> source("Demographic.R")
> source("kl2621_HPC_2024_main.R")
[1] 0 0 0 0 3
[1] 3 3 2 2 2
[1] 1 1
 [1] 7 4 3 3 3 2 2 2 2 2 1 1 1 1 1 1 1 1 1 1 1
> 
> 
> ###4 initial conditions
> 
> ############################################################
> 
> 
> 
> #VVVVVVVVVVVV-------------COMMENT ME OUT WHEN RUNNING THE THING
> #iter <- 5
> #VVVVVVVVVVV--------------UNCOMMENT ME OUT
> iter <- as.numeric(Sys.getenv("PBS_ARRAY_INDEX"))
> set.seed(iter)
> 
> 
> if (iter <= 25) {
+ initial_state <- state_initialise_adult(4,100) #100 adults
+ } else if (iter >25 && iter <= 50) {
+ initial_state <- state_initialise_adult(4,10) #10 adults
+ } else if (iter >50 && iter <= 75) {
+ initial_state <- state_initialise_spread(4,100) #100 spread
+ } else {
+ initial_state <- state_initialise_spread(4,10) #10 spread
+ }
> 
> reslist <- list()
> 
> ####100 cluster runs
> ###################################################
> ####150 runs of stochastic_simulation per cluster run
> for (i in 1:150) {
+     #################################
+     ###120 steps of stochastic_simulation per simulation
+     stochasticresult <- stochastic_simulation(initial_state,growth_matrix,reproduction_matrix,clutch_distribution,120)
+     reslist[[i]] <- stochasticresult
+     #################################
+ }
> ###################################################
> 
> print(reslist)
[[1]]
  [1]   10   34   35   25   17   18   26   26   21   20   15   24   41   57   57
 [16]   46   41   41   49   68   55   52   47   42   50   61   64   57   59   73
 [31]   91  106   83   91   94   97  104  110  100  114  126  128  129  132  137
 [46]  145  163  157  178  200  191  191  209  216  244  218  243  245  248  232
 [61]  251  274  277  293  306  327  342  348  327  300  342  337  351  363  365
 [76]  370  428  446  419  418  439  457  433  448  481  496  486  545  549  619
 [91]  649  626  715  671  717  695  786  809  891  889  895  971  997  996 1022
[106] 1179 1272 1295 1384 1409 1527 1605 1562 1696 1807 1917 1973 2087 2095 2236
[121] 2303

[[2]]
  [1]   10   15   13   10    9    7    6   15   14   11   10   21   11   10   10
 [16]    8    6   12   17   12   10   18   26   25   27   28   40   40   40   37
 [31]   36   42   50   57   52   47   68   61   78   82   87   85  103  106  133
 [46]  120  120  115  127  125  132  154  157  183  167  205  215  205  229  236
 [61]  271  274  268  279  265  325  311  319  352  367  390  414  398  383  424
 [76]  472  451  508  467  497  572  589  603  613  619  623  677  699  722  810
 [91]  861  831  881  942  867  905  987 1023 1082 1065 1046 1054 1114 1210 1269
[106] 1273 1289 1352 1462 1555 1618 1690 1644 1731 1762 1807 1948 2025 2120 2190
[121] 2209

[[3]]
  [1]   10   40   49   56   39   27   23   41   62   57   53   52   55   52   53
 [16]   72   91   94   91  100  111  102  114  130  166  149  150  174  210  230
 [31]  208  202  216  244  255  255  253  315  358  373  344  344  397  445  448
 [46]  410  433  455  477  503  542  523  488  522  518  582  549  581  595  643
 [61]  619  696  695  671  700  768  831  879  939  938  933  983 1068 1078 1093
 [76] 1096 1215 1274 1269 1256 1363 1403 1521 1515 1553 1696 1684 1735 1909 1947
 [91] 1966 2041 2147 2363 2408 2436 2471 2647 2812 2806 2951 3102 3239 3344 3559
[106] 3739 3794 4084 4183 4360 4508 4604 4646 4771 5001 5269 5442 5573 5769 5906
[121] 6271

[[4]]
  [1]   10   26   18   22   21   21   20   19   14   11   27   16   24   18   20
 [16]   20   24   24   19   19   15   16   19   25   37   23   19   14   13   19
 [31]   20   17   23   17   14   13   27   30   32   39   48   54   52   47   61
 [46]   76   66   58   56   82   89   76   76   66   57  107  118  119  109  108
 [61]   95  118  133  124  146  158  186  181  155  153  175  202  223  220  234
 [76]  235  288  275  335  319  344  336  368  355  408  449  460  486  471  461
 [91]  526  502  516  555  587  597  625  677  712  762  727  761  788  915  897
[106]  941  906  942 1013 1169 1171 1138 1219 1218 1230 1311 1392 1456 1497 1567
[121] 1620

[[5]]
  [1]   10   19   29   31   28   29   25   29   24   30   31   22   20   19   32
 [16]   32   25   21   16   15   12   19   13    9    9   12   17   21   19   18
 [31]   20   26   18   30   22   29   27   24   30   46   49   38   42   58   63
 [46]   55   67   77   70   74   67   77   82   91   85   95   92   80  101  106
 [61]   93  114  123  115  114  122  132  141  153  151  130  145  180  198  183
 [76]  178  172  182  194  207  219  277  261  285  305  363  347  341  345  400
 [91]  389  425  405  432  443  459  493  525  552  597  584  600  573  625  680
[106]  735  757  757  802  873  921  895  959 1002  981 1059 1038 1062 1033 1094
[121] 1171

[[6]]
  [1]  10  36  27  28  22  19  25  27  27  22  14  21  18  19  14  11  15  23
 [19]  21  16  15  11  24  18  17  15  24  26  29  31  35  43  42  45  57  57
 [37]  62  58  63  62  49  47  44  39  49  70  65  72  69  71  67  68 113  93
 [55] 104 101 111 113 118 108 101  98 110 109 114 126 133 135 141 160 169 163
 [73] 170 157 144 151 158 162 176 172 174 188 182 204 210 200 213 222 216 224
 [91] 253 240 222 247 262 300 308 310 317 339 332 346 344 381 387 414 371 428
[109] 430 433 425 499 545 514 531 562 609 633 651 678 627

[[7]]
  [1]  10  22  25  23  18  21  13  11  12  19  15  18  17  22  30  22  17  26
 [19]  25  28  29  22  37  28  24  34  23  13  21  13  10  11  21  26  21  18
 [37]  14  18  21  29  23  24  25  40  23  27  25  20  26  37  35  38  33  41
 [55]  36  35  32  27  35  38  42  54  43  53  66  56  43  59  55  75  77  60
 [73]  67  61  63  70  72  55  69  56  83  73  82 112 135 123 124 134 163 163
 [91] 173 166 191 201 185 169 189 198 185 195 224 227 206 236 227 300 294 311
[109] 322 305 314 369 387 382 410 399 446 463 460 449 437

[[8]]
  [1]  10  27  35  28  32  23  21  21  32  30  33  33  32  40  35  51  59  61
 [19]  60  45  49  44  77  71  67  61  56  64  75  61  67  57  56  43  55  68
 [37]  69  86  69  57  62  65  55  64  76  70  64  60  50  59  67  63  74  84
 [55]  59  60  59  62  83  72  81  84  77  76  93 103 142 131 109 115 125 116
 [73] 107 109 131 143 160 142 130 152 167 206 191 223 203 206 231 229 262 236
 [91] 226 222 264 268 274 295 313 307 309 340 351 366 310 325 332 361 405 392
[109] 405 402 451 497 516 500 567 599 593 646 644 664 626

[[9]]
  [1]   10   43   25   26   22   33   39   45   38   34   39   41   45   69   72
 [16]   66   59   92   70   55   67  105   99   87   95  103  121  109  123  130
 [31]  139  160  175  181  182  170  210  231  231  221  231  245  260  297  278
 [46]  319  317  308  328  332  339  344  358  350  375  350  346  359  367  387
 [61]  401  424  427  465  530  517  546  552  548  631  670  686  650  704  701
 [76]  731  685  823  850  865  899  937  950 1040 1057 1176 1196 1232 1299 1360
 [91] 1428 1467 1518 1524 1614 1690 1758 1914 1838 1929 2052 2066 2238 2415 2479
[106] 2545 2675 2822 2983 3036 2987 3121 3167 3356 3461 3540 3784 3879 4155 4177
[121] 4298

[[10]]
  [1]  10  19  24  35  42  59  38  37  39  58  46  45  38  37  62  48  48  52
 [19]  61  64  62  55  49  65  62  51  49  55  43  47  40  55  52  56  57  47
 [37]  66  70  63  61  60  57  67  94  89  81  79  85  91  88  96  71  76  82
 [55]  80  81  81  94 100  98 128 117 116 101 114 141 127 118 108 100  96 121
 [73] 109 129 107 123 131 127 143 155 134 148 136 123 140 152 173 173 169 176
 [91] 187 226 253 212 241 241 258 246 253 269 305 315 311 332 341 356 379 360
[109] 375 368 386 403 377 421 431 481 510 606 618 594 638

[[11]]
  [1]   10   27   29   18   17   19   15   16   18   17   14   22   36   33   27
 [16]   21   25   19   23   20   19   45   32   31   33   33   40   40   34   41
 [31]   46   41   41   34   42   82  110   89   93   93  101  103   93  123  106
 [46]  107  115  130  135  156  179  196  212  218  213  215  260  270  306  302
 [61]  261  243  279  316  348  321  343  324  336  376  383  376  411  438  389
 [76]  430  447  501  558  566  571  559  583  619  684  727  794  823  826  838
 [91]  923  951  991 1066 1072 1167 1159 1187 1322 1323 1356 1432 1512 1608 1601
[106] 1719 1817 1892 1980 2037 2166 2129 2255 2248 2491 2550 2605 2712 2880 2951
[121] 3061

[[12]]
  [1]   10   24   25   23   23   29   22   23   18   26   17   19   25   23   28
 [16]   21   21   32   31   31   38   44   37   47   30   32   35   39   40   44
 [31]   58   72   79   72   61   61   63   56   79   82   92   85   94   64   67
 [46]   68   60   84   96   97   94   84   89  109  124  122  136  143  143  154
 [61]  171  202  175  152  172  218  179  190  190  213  241  191  179  180  197
 [76]  215  234  236  237  233  295  298  283  304  361  368  393  401  432  462
 [91]  464  530  577  531  575  544  578  597  585  603  645  674  688  699  779
[106]  782  860  890  941 1058 1042 1086 1046 1178 1227 1316 1384 1431 1485 1511
[121] 1569

[[13]]
  [1]  10  26  21  14  14  14  17  23  20  33  23  29  37  25  26  25  38  49
 [19]  45  36  43  31  30  38  22  18  31  35  32  32  46  28  32  25  34  42
 [37]  45  34  39  38  31  56  50  53  52  43  63  68  56  52  53  61  71  75
 [55]  75  73  76  65  79  82 102 107 100 111 112 136 137 155 169 167 157 159
 [73] 181 173 194 179 179 168 177 173 166 174 155 174 169 219 225 215 240 255
 [91] 264 251 257 246 249 278 284 294 307 307 328 348 332 370 355 389 388 400
[109] 437 420 455 491 507 520 478 535 574 614 645 646 668

[[14]]
  [1]   10   21   21   13   16   20   21   16   16   15   12   21   17   14   17
 [16]   27   28   18   35   31   33   32   28   25   23   36   32   35   47   47
 [31]   47   32   36   29   39   43   38   36   31   29   40   53   41   43   46
 [46]   64   54   56   60   82   88   82   81   93   79   96   87   79   94  103
 [61]  112  129  124  125  150  148  161  170  179  203  213  216  219  228  209
 [76]  229  239  263  233  240  230  252  267  293  289  290  318  327  367  400
 [91]  434  419  409  427  437  543  523  542  548  566  578  585  623  624  706
[106]  726  777  777  829  811  866  898  952  932  990 1007 1051 1180 1223 1206
[121] 1240

[[15]]
  [1]  10  34  15  15  13  10  16  24  19  18  14  25  26  42  41  38  37  31
 [19]  37  33  36  45  34  37  41  45  38  35  41  47  38  33  25  22  31  33
 [37]  26  22  31  24  18  23  22  14  22  20  17  17  15  26  15   9  17  19
 [55]  19  14  12  11  21  22  28  21  16  27  35  22  22  19  29  22  22  32
 [73]  37  29  45  31  27  23  35  54  51  47  44  33  38  30  33  49  37  32
 [91]  31  43  57  54  78  70  79  81  69  64  77 102  95  93 114 106 111 110
[109] 105  93  86  89  94 118 113 126 134 145 163 192 193

[[16]]
  [1]  10  19  29  27  20  16  19  16  16  12  18  10  14  18  23  17  12  12
 [19]  14  21  15  14  25  25  28  23  26  28  34  32  31  24  32  33  34  37
 [37]  28  34  38  38  29  38  43  40  28  30  37  41  46  44  47  51  53  41
 [55]  47  48  50  69  59  52  47  57  47  67  56  45  42  48  56  54  60  54
 [73]  49  63  74  80  70  64  79 110 121 106 106 118 115 105 127 116  99 109
 [91] 100 106 125 149 149 127 170 136 149 134 128 142 142 159 146 156 161 192
[109] 242 214 209 224 249 255 239 259 293 327 338 391 365

[[17]]
  [1]   10   34   26   29   22   26   26   41   28   27   33   44   33   34   28
 [16]   33   31   41   39   41   61   53   42   41   44   52   51   58   57   73
 [31]   72   61   62   61   63   74   77   84   74   90  113  103  103  104   81
 [46]   76   91  109  127  102  112  105  115  113  132  126  124  138  163  135
 [61]  149  150  172  178  182  161  175  180  192  207  254  259  263  267  308
 [76]  333  338  385  392  380  433  445  437  487  500  474  489  505  500  538
 [91]  633  613  597  638  702  720  734  752  857  897  949 1001 1065 1104 1208
[106] 1203 1256 1360 1383 1363 1456 1527 1610 1745 1699 1682 1727 1818 1977 2041
[121] 2088

[[18]]
  [1]   10   24   27   18   16   29   25   27   32   25   23   27   29   31   31
 [16]   26   36   33   37   35   29   35   24   38   38   49   38   37   38   40
 [31]   33   40   46   67   71   79   65   68   89  110   97  104  113  101  107
 [46]  123  136  140  138  126  123  138  155  175  171  158  173  175  171  185
 [61]  225  234  262  254  246  250  247  238  231  239  284  282  262  315  284
 [76]  295  337  293  358  380  394  406  439  446  479  465  534  530  556  576
 [91]  571  594  603  605  615  636  695  738  768  750  779  821  848  915  932
[106]  988 1022 1032 1058 1105 1174 1256 1262 1317 1431 1411 1421 1575 1590 1655
[121] 1715

[[19]]
  [1] 10 26 21 15 13 11 14 14 23 20 18 17 22 20 22 20 19 14 21 26 31 29 23 29 24
 [26] 29 28 28 26 23 15 11 15  9 15  9  7 10  3  4  2  1  7  8  6  5  3  6  8  3
 [51]  3  1  1  1  1  1  1  1  1  1  1  1  1  0  0  0  0  0  0  0  0  0  0  0  0
 [76]  0  0  0  0  0  0  0  0  0  0  0  0  0  0  0  0  0  0  0  0  0  0  0  0  0
[101]  0  0  0  0  0  0  0  0  0  0  0  0  0  0  0  0  0  0  0  0  0

[[20]]
  [1]   10   19   12   14   10   15   15   24   23   18   23   33   36   40   37
 [16]   41   43   42   50   50   59   49   45   60   60   76   74   97   98   83
 [31]   82   87   95   90   99   88   80   81   82   81   91   85  123  120  112
 [46]  110  110  104  128  138  142  119  138  138  146  138  122  166  178  167
 [61]  180  179  190  205  241  220  246  236  232  265  251  273  314  286  300
 [76]  284  284  305  368  372  343  382  348  369  425  427  446  491  519  487
 [91]  544  574  615  617  642  631  701  746  749  771  825  784  782  802  878
[106]  952  984  965 1051 1063 1197 1265 1310 1335 1449 1501 1532 1565 1652 1663
[121] 1721

[[21]]
  [1]   10   28   28   24   23   27   24   33   23   20   19   35   42   37   27
 [16]   27   42   45   47   59   56   53   44   36   40   66   73   76   74   77
 [31]   62   57   73   77   81   82   88  101   91  105   91   92   91   81   85
 [46]   75   87   81  100   94   92   85   93  101   99  112  131  135  121  137
 [61]  132  149  128  133  139  160  190  217  193  189  195  196  211  203  211
 [76]  193  214  246  230  221  237  237  239  265  252  276  299  329  364  352
 [91]  334  346  394  424  432  461  521  501  511  517  538  568  551  580  603
[106]  683  735  699  748  784  827  817  801  817  921  984 1037 1043 1076 1130
[121] 1178

[[22]]
  [1]   10   52   50   38   29   26   35   39   25   32   41   39   30   34   21
 [16]   30   32   37   34   31   39   50   53   54   66   66   58   58   51   45
 [31]   67   88   87   86   83  107   97  111  113  109  130  167  155  149  130
 [46]  134  166  138  133  140  160  189  190  194  178  166  206  225  230  247
 [61]  302  286  278  311  314  351  371  389  444  412  460  454  558  529  566
 [76]  568  577  613  603  593  594  636  691  691  740  756  757  763  893  877
 [91]  886  943 1002  999 1036 1061 1106 1149 1123 1225 1263 1252 1249 1302 1326
[106] 1491 1581 1493 1592 1656 1792 1849 1948 2104 2110 2293 2306 2428 2525 2612
[121] 2716

[[23]]
  [1]   10   33   28   24   26   33   25   30   32   39   33   30   30   54   46
 [16]   57   62   47   79   76   72   71   68   79   94  114  112  107  105  118
 [31]  129  110  127  127  139  147  176  180  173  178  164  172  191  189  192
 [46]  225  208  211  225  219  228  229  280  309  339  382  343  358  331  365
 [61]  360  388  371  408  435  449  440  441  442  452  461  520  496  525  530
 [76]  552  531  547  581  578  612  638  664  700  762  805  901  897  925  967
 [91] 1040 1042 1095 1083 1168 1193 1348 1354 1398 1373 1440 1494 1618 1620 1717
[106] 1816 1824 1879 1997 2150 2327 2294 2388 2568 2531 2717 2801 2919 3094 3198
[121] 3258

[[24]]
  [1]   10   36   43   36   41   43   39   45   41   47   67   55   58   49   63
 [16]   73   64   75   60   63   71   78   73   86   89   77   81   87   92  128
 [31]  124  128  152  144  154  195  148  161  189  213  208  227  220  206  243
 [46]  250  243  241  250  268  264  267  286  312  341  362  411  429  430  461
 [61]  467  482  523  548  584  575  595  646  643  658  707  693  864  880  859
 [76]  856  911  994 1008 1092 1176 1231 1282 1301 1396 1523 1564 1589 1551 1608
 [91] 1718 1863 1791 1908 1940 1991 2156 2268 2392 2412 2514 2641 2823 2941 3066
[106] 3186 3320 3359 3422 3679 3857 3920 3994 4348 4589 4613 4822 4961 5333 5470
[121] 5610

[[25]]
  [1]  10  33  44  31  25  22  20  28  35  57  54  45  38  46  43  43  33  35
 [19]  28  28  38  38  29  33  45  63  58  38  32  35  40  51  49  47  45  36
 [37]  37  49  55  37  50  48  51  42  46  61  57  55  76  79  73  81  74  69
 [55]  78  86  76  72  71 102  93  95  78 100 132 130 134 145 145 146 160 180
 [73] 168 155 184 184 186 179 182 200 206 190 196 233 234 238 262 232 242 248
 [91] 255 261 266 256 251 265 289 276 290 282 294 297 306 327 322 321 373 375
[109] 371 401 413 450 469 419 437 456 447 469 476 495 555

[[26]]
  [1] 10 17 26 14  9  7 10  9  6  5  8  7  7 13 11 15 11 15 12 15 17 23 22 17 14
 [26] 16 17 12 16 21 21 12 11 12 10  9  6  6  5 10  8  5  7 12  6  4  8  6  8  5
 [51] 11 22 11  8  8 16 18 14 13 15 20 20 24 25 16 25 29 17 22 19 22 28 24 24 30
 [76] 28 33 17 16 12 15 15 10 12 13 14  9  8 13 14 13 19 16 11 10  8  8 13 18 18
[101] 23 12 14  9 15 11  9  7  6 13 10  9  7  4  8  5  3  3 10 13 13

[[27]]
  [1]  10  22  18  14  10   9  12  15  24  22  23  21  29  33  29  30  35  29
 [19]  29  21  38  36  24  20  29  22  18  21  19  31  26  29  26  26  26  24
 [37]  37  42  32  32  30  44  55  54  60  64  84 102  97 104 110 100 102 104
 [55] 117 109 114 112 123 150 119 134 132 156 147 157 157 171 166 157 170 193
 [73] 189 196 208 209 236 221 194 200 231 221 238 192 212 211 219 250 255 272
 [91] 267 265 316 306 330 353 359 395 386 373 422 450 498 523 508 570 609 588
[109] 686 724 735 772 731 771 848 794 840 907 923 860 890

[[28]]
  [1]   10   35   43   33   23   26   28   41   39   27   29   31   38   38   24
 [16]   22   26   27   55   56   54   55   55   57   74   55   53   51   55   55
 [31]   45   63   49   53   42   47   59   64   80   87   78   73   79   99  109
 [46]  102   96  101  100  108  101   99  104  118   97  108   86   94  107  113
 [61]  116  104  111  100  129  151  152  123  133  154  159  154  165  191  215
 [76]  230  240  210  188  184  213  242  256  254  265  286  300  332  335  350
 [91]  376  399  378  361  375  441  445  452  448  457  463  521  566  616  578
[106]  594  669  649  644  716  804  767  768  843  897  936  944 1001 1049 1153
[121] 1241

[[29]]
  [1]   10   28   24   42   31   28   31   40   46   56   48   46   41   53   43
 [16]   40   44   42   42   46   55   63   74   63   62   59   85   94  102   88
 [31]   86   98  110  119  149  138  140  155  174  200  210  243  225  212  215
 [46]  251  276  294  290  310  330  330  371  370  374  400  429  433  452  507
 [61]  542  569  522  535  548  561  605  672  687  697  685  751  853  900  926
 [76]  963  953  917  970 1025 1102 1159 1164 1226 1277 1332 1312 1387 1467 1596
 [91] 1727 1749 1830 1853 1878 1944 2084 2206 2233 2344 2431 2465 2575 2740 2813
[106] 2919 3014 3209 3280 3441 3601 3915 3922 4018 4154 4286 4594 4729 4881 5028
[121] 5164

[[30]]
  [1]  10  32  25  18  18  29  26  23  25  22  19  25  22  25  26  29  23  28
 [19]  24  20  15  14  22  16  11  16  16  21  19  28  28  42  32  32  43  52
 [37]  43  45  60  68  67  66  57  68  71  73  74  72  60  56  63  75  51  54
 [55]  46  46  44  57  61  43  33  43  70  65  54  51  53  66  68  59  75  79
 [73]  94  74  81  98 109 103  73  79 109 112 111 121 116 106 161 153 147 153
 [91] 174 196 213 187 236 229 226 234 241 206 230 232 265 283 286 292 320 347
[109] 351 341 353 361 416 459 473 492 468 501 556 564 563

[[31]]
  [1]   10   49   37   44   34   37   28   45   53   63   49   52   53   56   60
 [16]   48   49   60   62   63   77   69   59   78  100   98   84   89   94   91
 [31]   95   95  114  104   90  108  143  125  116  127  125  147  147  144  142
 [46]  149  173  179  182  200  201  195  191  208  216  288  307  328  312  352
 [61]  390  413  429  396  373  400  422  464  471  494  542  590  588  677  689
 [76]  731  747  700  699  760  775  811  854  845  883  954  918  959 1013 1049
 [91] 1047 1102 1083 1136 1165 1189 1220 1287 1372 1392 1406 1412 1513 1644 1707
[106] 1710 1764 1806 1899 1924 2012 2247 2368 2405 2467 2582 2688 2844 2838 2983
[121] 3039

[[32]]
  [1]   10   46   31   33   28   27   31   32   45   49   58   55   71   60   68
 [16]   63   72   68   68   66   81   79  103  100   79  104  115  142  160  167
 [31]  170  202  228  202  194  199  203  191  211  202  228  228  258  239  250
 [46]  275  291  341  355  324  293  334  409  437  463  469  463  473  462  504
 [61]  559  581  553  541  579  667  681  706  672  735  723  780  828  827  851
 [76]  943  978 1035 1069 1096 1145 1282 1369 1392 1410 1474 1484 1485 1687 1811
 [91] 1885 1930 1994 1982 2044 2109 2251 2373 2435 2542 2573 2689 2774 2790 2948
[106] 3087 3291 3418 3535 3582 3711 3851 4081 4262 4215 4432 4678 4700 4995 5215
[121] 5497

[[33]]
  [1]   10   19   26   18   15   14   21   34   20   23   29   36   40   40   35
 [16]   41   40   49   53   57   67   58   51   61   92   92   92   93   89  114
 [31]  116  129  124  102  121  113  146  143  164  169  154  133  166  189  177
 [46]  182  182  174  162  174  177  186  204  213  228  255  261  248  255  271
 [61]  274  272  329  355  346  337  403  402  402  468  464  483  529  528  593
 [76]  556  571  606  610  686  702  752  779  814  800  887  880  858  919  917
 [91]  960 1024 1106 1180 1181 1242 1215 1337 1430 1490 1547 1603 1670 1726 1777
[106] 1854 1923 2025 2059 2221 2324 2245 2450 2587 2638 2822 2824 3043 3077 3083
[121] 3233

[[34]]
  [1]   10   31   24   18   15   14   12   15   15   23   24   22   18   17   22
 [16]   28   25   37   28   32   35   35   32   29   45   51   67   54   52   79
 [31]   79  100   99  100   88   94  103   91  101  115  116  106   99   96  121
 [46]  154  147  152  142  137  159  147  147  162  203  230  242  240  238  266
 [61]  314  304  251  290  315  354  390  348  347  366  399  396  411  417  425
 [76]  391  410  432  463  473  472  438  451  473  552  570  575  600  612  642
 [91]  685  720  760  796  798  835  853  886  993 1003 1019 1067 1114 1155 1178
[106] 1209 1253 1350 1391 1458 1529 1526 1656 1614 1682 1832 1918 1952 2021 2051
[121] 2213

[[35]]
  [1]  10  30  23  12   9   6   5  12   6   6   6   4  12  13  14   9   8  10
 [19]   8   7  14  10   9   7  11  11  19  10   8   7   7   7  14  12  11   9
 [37]  10  10  11  14  11  15  18  20  28  28  31  20  20  18  21  17  19  18
 [55]  25  16  25  22  15  13  17  39  31  21  25  31  25  36  28  28  38  36
 [73]  35  32  23  21  34  33  35  35  47  41  36  61  51  54  47  35  36  44
 [91]  39  55  50  41  54  86  81  77  74  73  67  77 100  97  99  81  84  84
[109] 122 135 134 137 138 160 179 198 197 197 184 204 263

[[36]]
  [1]  10  30  31  28  25  20  28  28  38  44  34  34  42  53  47  47  33  37
 [19]  36  35  33  48  46  52  67  58  52  54  53  60  48  59  55  70  68  44
 [37]  43  44  52  42  39  59  46  61  46  39  40  41  45  37  48  44  44  37
 [55]  34  46  37  56  52  43  38  34  36  45  37  54  52  51  55  41  57  68
 [73]  64  73  74  78  85  91  82 100  77  96  88  99 101 119 113 109 101 139
 [91] 157 157 165 178 167 188 188 222 186 168 154 178 198 206 220 235 238 283
[109] 344 323 345 394 402 461 432 420 405 414 440 423 451

[[37]]
  [1]   10   26   27   17   14   12   13   14   15    9    8    6    5    7   17
 [16]   21   23   24   31   39   33   44   37   43   41   41   53   54   52   66
 [31]   63   69   66   68   79   68   64   69   73   78   98   91   80   93  119
 [46]  111  125  168  142  113  123  153  162  181  184  182  217  238  245  261
 [61]  251  264  285  316  302  355  402  429  434  463  460  488  544  520  590
 [76]  613  655  671  646  612  648  752  687  766  766  826  850  853  898  936
 [91]  987 1030 1025 1031 1101 1170 1224 1262 1290 1413 1446 1469 1522 1473 1516
[106] 1597 1688 1781 1761 1811 1939 2036 2152 2160 2199 2413 2442 2587 2691 2823
[121] 2996

[[38]]
  [1]   10   30   43   35   33   41   52   62   54   56   45   38   64   94   80
 [16]   71   64   63   55   80   93   96   96   91   96   92   91  103   96   95
 [31]   99  101   97   95   96  103  115  118  118  130  120  123  137  158  178
 [46]  161  151  137  133  156  180  171  177  208  205  205  215  230  246  255
 [61]  274  278  266  307  316  353  358  391  413  439  430  455  483  473  523
 [76]  541  585  571  595  657  665  689  711  758  725  776  746  816  832  878
 [91]  915  940  933 1026 1112 1099 1213 1224 1270 1354 1368 1417 1500 1524 1507
[106] 1591 1703 1742 1842 1967 1983 1952 2080 2096 2217 2393 2511 2582 2682 2625
[121] 2725

[[39]]
  [1] 10 19 14 10  8  6  5  5 15 15 12 15 13 26 24 18 16 26 16 14 15 16 19 15 14
 [26] 15 13 21 15 12  8 10 10  8  9 15 11 10  8  5  3  2  1  1  3  1  0  0  0  0
 [51]  0  0  0  0  0  0  0  0  0  0  0  0  0  0  0  0  0  0  0  0  0  0  0  0  0
 [76]  0  0  0  0  0  0  0  0  0  0  0  0  0  0  0  0  0  0  0  0  0  0  0  0  0
[101]  0  0  0  0  0  0  0  0  0  0  0  0  0  0  0  0  0  0  0  0  0

[[40]]
  [1]   10   22   25   26   20   14   11   14   26   23   33   42   32   34   37
 [16]   35   41   34   51   47   50   58   70   74   73   70   68   68   63   74
 [31]   95   98  103   88   98   83   96   95  110  117  130  146  155  153  160
 [46]  189  209  229  238  217  233  243  234  268  290  284  275  304  300  355
 [61]  371  439  441  455  451  469  528  506  497  500  501  525  635  623  632
 [76]  605  602  655  662  681  687  697  806  827  891  866  903  951 1072 1085
 [91] 1156 1207 1311 1371 1356 1346 1414 1508 1662 1644 1677 1676 1831 2024 2079
[106] 2102 2122 2259 2466 2597 2623 2772 2834 2953 3066 3177 3304 3403 3709 3902
[121] 3995

[[41]]
  [1]  10  24  22  21  13  12  27  33  35  30  28  44  47  45  36  38  30  29
 [19]  29  20  32  32  42  46  32  40  35  34  21  20  28  21  14  13  23  17
 [37]  22  33  24  19  17  21  27  25  15  12  11  22  27  28  28  33  24  22
 [55]  31  26  47  34  29  23  30  29  37  52  33  47  45  42  34  38  66  55
 [73]  57  51  45  45  48  58  81  67  69  67  67  66  70  78  83  87  83  85
 [91]  88  83 113 127  99 103 121 123 126 138 112 119 146 168 169 174 192 191
[109] 196 207 238 251 222 255 263 263 275 303 320 294 265

[[42]]
  [1] 10 26 13 10  7  7 14 15 17 12 10 14 12 12 11  8  7 12  7  7  4  7 11  4  3
 [26]  3  3  7  5  4  3  3  2  2  2  2  2  9 11  9  9  7  7 20  8  8  6  5  3  3
 [51]  2  2  2  2  7 12 12  9  8 12 10 13 13 10  7  6  6  6  5 10  7  6  4  3  3
 [76]  3  6  5  6  2  2  1  1  1  1  1  1  1  3  6  6  5  4  6  9  7  5  7  5  9
[101] 11 11 10 12  6  9 12 15 15 11  9  9 10  7  6  8 21 16 18 13 14

[[43]]
  [1]   10   21   28   26   22   25   33   33   34   34   40   49   55   50   47
 [16]   47   52   76   82   75   70   59   85   94   98   88   75   68   83   88
 [31]   96  102  105  101  110  110   97  113  113  125  140  141  156  161  185
 [46]  213  210  215  197  210  237  261  285  277  282  287  301  297  346  357
 [61]  408  413  390  396  424  422  416  431  404  482  461  479  488  515  490
 [76]  499  531  520  583  661  647  628  609  682  758  749  771  838  814  883
 [91]  839  860  973  922 1040 1074 1108 1236 1279 1275 1352 1363 1451 1533 1590
[106] 1608 1690 1795 1908 1871 1987 2148 2251 2274 2296 2392 2454 2568 2764 2879
[121] 2935

[[44]]
  [1] 10 18 14 10  9  6  4  4  4  3  2  1  1  1  1  1  6  3  3  8  8  6  6  5  3
 [26]  2  2  4  4  2  2  2  2  2  2  7  4  3  2  2  2  9  4  6  3  2  2  1  1  1
 [51]  1  1  1  1  0  0  0  0  0  0  0  0  0  0  0  0  0  0  0  0  0  0  0  0  0
 [76]  0  0  0  0  0  0  0  0  0  0  0  0  0  0  0  0  0  0  0  0  0  0  0  0  0
[101]  0  0  0  0  0  0  0  0  0  0  0  0  0  0  0  0  0  0  0  0  0

[[45]]
  [1]   10   24   17    8    6    6   11    7   13   11   13    9    8    5   13
 [16]   14    9   10   10   14   25   28   25   33   45   38   36   38   51   40
 [31]   52   50   43   47   49   59   44   58   62   57   62   76   78   81   83
 [46]   96   90   76   74   97  109  113  123  117  124  129  132  138  135  145
 [61]  161  163  151  154  176  188  188  192  186  180  168  180  201  216  225
 [76]  257  243  228  225  255  317  303  338  274  322  365  378  412  408  423
 [91]  446  473  477  468  504  487  538  578  624  672  624  638  638  719  692
[106]  687  734  725  757  792  872  900  926  950  976 1007 1048 1088 1154 1238
[121] 1247

[[46]]
  [1]  10  23  30  21  14  12   7  12  18   7  14  14  14  11  14  12   9  14
 [19]  12   7   7  10   9  18  18  13  22  21  20  21  29  29  39  23  25  30
 [37]  29  30  26  28  25  30  41  47  38  42  46  59  71  76  77  59  67  72
 [55]  86  65  69  69  87  77  81  77  92 109 124 131 130 115 113 120 108 129
 [73] 135 129 143 157 190 193 193 209 271 291 312 286 289 352 411 404 384 385
 [91] 426 402 395 382 390 423 415 461 537 511 496 507 523 515 556 599 618 631
[109] 606 616 628 639 719 717 756 811 791 837 872 884 981

[[47]]
  [1]   10   32   44   53   46   35   30   24   22   27   19   23   30   39   25
 [16]   27   37   26   27   39   35   29   35   44   57   60   54   59   67   66
 [31]   67   73   90   76   61   86   80  103  117  126  140  151  148  142  138
 [46]  123  126  149  149  150  155  157  160  172  172  212  219  230  204  239
 [61]  243  242  270  286  296  301  358  348  381  404  386  395  465  474  518
 [76]  549  570  575  635  613  642  700  714  639  655  677  726  758  805  811
 [91]  857  853  960 1002 1032 1004 1126 1165 1157 1236 1325 1366 1390 1437 1466
[106] 1493 1547 1630 1686 1729 1732 1784 1858 1967 1988 2099 2119 2320 2468 2482
[121] 2538

[[48]]
  [1]   10   16   19   11    7    7   13    9    9    7   13   14   22   15   15
 [16]   14   12   22   32   31   18   20   16   20   30   36   34   31   26   21
 [31]   31   38   40   40   33   42   33   35   58   57   53   43   35   30   40
 [46]   40   53   47   54   49   51   44   55   70   81   77   95  110  121  107
 [61]  106  116  131  168  185  148  162  171  213  214  226  231  207  228  242
 [76]  248  251  243  238  248  295  319  331  346  350  383  370  428  449  401
 [91]  445  471  551  654  627  619  672  662  683  705  711  750  803  834  860
[106]  832  902  968 1009  988 1080 1076 1147 1084 1139 1224 1339 1400 1430 1470
[121] 1507

[[49]]
  [1]   10   33   29   24   19   24   27   24   22   24   43   55   41   35   44
 [16]   42   55   56   53   58   71   71   73   76   73   92   97   79   81   97
 [31]   84   84   89  109  113  113  136  135  136  153  165  166  134  136  156
 [46]  148  144  146  161  159  156  173  188  176  166  153  162  179  200  176
 [61]  223  210  207  226  223  227  243  240  254  282  269  298  299  275  300
 [76]  295  328  382  395  421  430  476  459  509  514  541  556  570  583  630
 [91]  595  615  717  747  729  773  828  853  883  881  867  987 1076 1151 1119
[106] 1185 1189 1286 1314 1399 1488 1552 1590 1615 1641 1735 1899 1971 2040 2090
[121] 2117

[[50]]
  [1]  10  19  16  12  15  19  15  14  14  22  17  21  21  16  13  11  25  29
 [19]  37  23  23  22  46  41  37  35  31  26  39  41  39  36  33  32  42  41
 [37]  35  30  24  25  33  38  36  44  52  47  57  61  75  71  51  57  59  56
 [55]  46  44  47  49  53  46  45  40  45  38  40  50  62  51  50  60  58  67
 [73]  77  76  74  71  85  91  89  93  84  91  70  88  91 113 108 122 158 170
 [91] 152 150 141 171 184 192 206 221 221 228 224 279 305 319 300 313 298 319
[109] 342 379 450 413 443 510 518 529 577 536 559 551 618

[[51]]
  [1]   10   25   30   21   19   17   22   16   29   32   28   26   25   23   23
 [16]   23   32   39   39   35   41   52   47   44   52   60   59   46   58   55
 [31]   78   62   68   79   85   99  102  101   98   91  107  124  120  138  127
 [46]  135  151  152  149  172  199  208  196  194  184  168  186  189  205  209
 [61]  217  223  189  216  240  233  236  249  245  261  327  313  324  359  314
 [76]  349  343  356  328  402  385  430  421  472  467  556  569  546  556  557
 [91]  613  619  637  654  654  698  710  787  787  796  813  895  944  966 1015
[106] 1005 1061 1235 1266 1237 1267 1305 1300 1427 1496 1486 1504 1559 1656 1717
[121] 1839

[[52]]
  [1]   10   29   26   22   14   26   22   18   25   24   18   16   29   40   42
 [16]   39   40   41   46   51   48   46   40   36   37   35   36   39   32   46
 [31]   49   52   59   50   41   50   60   50   56   52   63   52   63   48   44
 [46]   54   51   44   42   64   77   81   92  100   88   95  109  112  112  107
 [61]  122  135  125  131  134  136  134  145  159  133  142  140  170  187  175
 [76]  202  194  201  195  235  235  252  293  294  310  310  332  357  370  388
 [91]  396  365  352  340  435  412  386  439  450  467  525  515  518  526  562
[106]  525  620  661  685  667  725  752  822  837  855  859  895  971  985 1000
[121] 1003

[[53]]
  [1]   10   33   29   17   15   15   14   15   19   11   14   10   27   23   16
 [16]   15   15   20   25   27   35   24   26   25   36   34   23   24   19   30
 [31]   35   39   45   49   59   39   40   29   33   31   44   55   48   39   44
 [46]   66   62   56   56   62   56   71   73   90   70   89   81   80   97  102
 [61]  124  130  136  163  183  186  171  196  220  183  186  192  217  210  213
 [76]  239  253  263  283  280  313  313  329  340  361  366  386  460  439  461
 [91]  448  482  536  561  613  566  567  587  617  605  625  693  687  702  743
[106]  792  848  879  892  956  965 1078 1065 1038 1035 1109 1105 1217 1170 1202
[121] 1266

[[54]]
  [1]   10   40   47   34   27   33   42   39   57   63   47   44   45   67   66
 [16]   60   83   86  104  114  110  124  128  141  130  138  149  139  132  134
 [31]  143  139  149  168  150  153  165  176  171  179  181  206  211  198  194
 [46]  204  225  227  247  258  256  263  249  249  254  261  309  338  317  298
 [61]  337  355  366  352  355  378  436  467  432  497  526  544  579  610  617
 [76]  687  730  727  737  767  887  862  874  893  935 1004 1090 1039 1069 1182
 [91] 1245 1300 1359 1381 1478 1560 1654 1646 1679 1686 1752 1816 1796 1876 2098
[106] 2088 2134 2283 2343 2369 2364 2376 2613 2639 2685 2873 2980 3100 3129 3305
[121] 3500

[[55]]
  [1]   10   36   28   21   18   32   33   34   30   44   53   59   50   64   76
 [16]   75   90   95   96  117  100  107  109  122  141  158  162  168  164  165
 [31]  178  164  184  206  248  201  216  234  232  239  233  249  285  274  288
 [46]  267  307  336  314  331  391  424  440  433  460  406  465  508  498  520
 [61]  566  559  561  595  629  684  658  724  753  783  828  858  804  819  907
 [76]  954  969 1078 1130 1179 1083 1226 1294 1339 1372 1408 1373 1533 1579 1606
 [91] 1627 1736 1769 1770 1830 1855 1967 2221 2359 2459 2394 2511 2595 2667 2713
[106] 2791 2866 3031 3112 3299 3303 3426 3475 3543 3717 3867 3881 4050 4295 4533
[121] 4697

[[56]]
  [1] 10 31 20 16 14 10 13 15 11 20 12 10 20 14 15 12 16 25 19 29 23 16 18 21 31
 [26] 33 36 28 23 24 23 26 32 27 22 19 24 21 15 16 10  8 15  9  9 12 12 14 16  8
 [51]  7  7  8  6  3  3  2  2  2  2  5  4  3  3  3  6  4  6  3  1  0  0  0  0  0
 [76]  0  0  0  0  0  0  0  0  0  0  0  0  0  0  0  0  0  0  0  0  0  0  0  0  0
[101]  0  0  0  0  0  0  0  0  0  0  0  0  0  0  0  0  0  0  0  0  0

[[57]]
  [1]  10  33  19  14  11   7   6  10   9  13  10  18   8   7   7   7  22  15
 [19]  16   8  14  16  20  14  11  10  16  15  14   9  13   9  18  14  12  11
 [37]  22  19  11  25  32  29  24  26  40  33  33  57  52  56  59  52  58  72
 [55]  71  58  60  57  67  74  81  69  88  78  75  68  62  64  75  79  95 108
 [73]  99  92  99 108  89  89 100 110 125 148 130 129 151 166 179 196 193 186
 [91] 212 223 232 228 222 248 222 258 276 272 278 292 300 336 338 325 307 381
[109] 384 422 406 415 472 471 518 527 542 588 607 654 680

[[58]]
  [1]  10  21  22  22  18  14   9   7  13  19  19  14  12  15  15  15  21  29
 [19]  19  21  25  35  21  34  45  32  31  28  37  27  34  41  36  34  44  56
 [37]  57  50  46  43  45  43  39  47  50  50  43  46  34  40  47  53  41  41
 [55]  45  41  39  59  60  54  52  66  58  86  93  70  99  91  97 101 117 112
 [73] 108 126 124 118 136 168 175 170 177 199 189 215 216 199 229 248 227 250
 [91] 235 228 238 278 289 230 212 200 220 270 285 291 287 274 313 335 332 329
[109] 351 397 441 454 452 467 463 499 496 532 546 644 635

[[59]]
  [1]   10   19   23   16   12   14   25   28   21   13   21   23   34   28   36
 [16]   36   27   30   38   40   50   42   66   73   82   96   72   69   69   90
 [31]  114  120  125  142  114  135  126  148  132  143  148  147  165  177  158
 [46]  156  183  213  230  222  211  240  259  239  270  275  264  274  312  312
 [61]  310  349  375  421  446  415  438  457  486  541  626  663  638  613  691
 [76]  716  787  813  783  803  901  951 1003 1102 1168 1202 1211 1228 1275 1327
 [91] 1412 1372 1532 1563 1676 1785 1824 1887 2008 2100 2166 2306 2411 2497 2584
[106] 2700 2848 3100 3039 3096 3308 3554 3738 3922 4035 4107 4355 4562 4695 4763
[121] 4937

[[60]]
  [1]   10   24   30   25   22   21   27   30   30   33   21   39   32   30   36
 [16]   36   35   41   35   46   49   41   44   48   48   37   40   73   66   55
 [31]   65   67   70   73   83   69   72   69   68  107  113   90  109  127  101
 [46]   98   97  111  112  101  128  132  135  114  130  143  153  146  149  172
 [61]  150  162  173  159  220  222  206  173  206  216  250  284  312  307  306
 [76]  337  349  344  361  381  413  445  430  441  485  458  526  486  527  567
 [91]  608  631  656  664  717  769  762  804  871  927  917  956  943  981 1048
[106] 1046 1127 1142 1140 1199 1255 1385 1435 1493 1536 1574 1672 1689 1756 1828
[121] 1912

[[61]]
  [1]  10  25  18  20  10   9  10   8  17  21  20  27  30  30  31  25  28  29
 [19]  44  38  51  44  45  56  65  48  53  63  50  47  53  52  70  50  54  62
 [37]  67  80  59  65  66  70  74  80  89  86  79  84  84  88  82  80  90  84
 [55]  98  90 105  97 122 117 102 108 102 123 110 105 101 104 111  99 102  90
 [73]  93 114 116 116 120 119 134 144 150 187 193 184 165 170 204 219 215 218
 [91] 232 201 233 260 283 250 294 329 310 343 364 359 361 400 468 476 471 463
[109] 509 519 554 629 604 642 658 668 650 698 745 797 799

[[62]]
  [1]   10   26   22   19   19   20   18   12   10    8   25   22   41   40   29
 [16]   27   23   25   22   23   29   31   33   40   37   37   27   36   30   34
 [31]   34   35   34   41   36   29   40   44   49   57   60   56   43   43   45
 [46]   56   79   75   69   72   94   82   78   87   74  104  110  121  118   97
 [61]   91  113  131  135  144  149  152  149  145  143  160  178  154  174  179
 [76]  164  177  211  215  238  228  213  211  251  266  252  262  324  308  315
 [91]  293  310  357  396  397  381  422  449  503  465  532  540  538  558  641
[106]  726  718  742  764  811  814  867  861  907  910  977  971 1147 1113 1186
[121] 1242

[[63]]
  [1]  10  42  23  23  25  16  12  16  26  25  20  17  17  17  19  19  20  30
 [19]  23  21  22  22  24  33  36  30  27  37  40  48  56  42  35  26  38  55
 [37]  44  39  46  41  41  47  43  47  44  48  65  71  61  60  67  73  65  63
 [55]  65  71  71  91  76  85  85  96  86 106 104 100  92  91 120 127 163 153
 [73] 146 140 181 176 202 186 199 177 168 170 214 207 181 212 201 249 261 251
 [91] 279 292 328 362 361 316 309 382 435 445 431 441 451 475 491 489 504 562
[109] 591 619 609 597 661 651 715 685 675 701 736 830 811

[[64]]
  [1] 10 26 23 21 14 14 24 31 27 24 24 23 29 27 20 22 15 17 15 18 12 11  9  5  4
 [26]  3  3  7  4  4  2  1  1  1  6  2  1  1  1  1  1  1  1  3  3  3  2  2  2  2
 [51]  1  1  1  8  3  3  3  3  5  8  7  6  6  7  5  4  4  3  2  0  0  0  0  0  0
 [76]  0  0  0  0  0  0  0  0  0  0  0  0  0  0  0  0  0  0  0  0  0  0  0  0  0
[101]  0  0  0  0  0  0  0  0  0  0  0  0  0  0  0  0  0  0  0  0  0

[[65]]
  [1]   10   38   35   35   36   36   26   42   40   33   34   40   39   39   45
 [16]   46   32   38   33   39   50   54   49   47   39   63   75   74   73   75
 [31]   72   77   74   83   92   92  123  116  118  101  122  143  141  140  155
 [46]  130  161  158  160  172  161  166  191  207  207  253  242  273  279  269
 [61]  272  247  243  272  298  292  269  276  302  340  328  278  291  280  297
 [76]  334  356  360  330  333  352  422  399  407  446  477  508  496  516  484
 [91]  533  527  553  603  659  670  753  750  780  804  881  918  903  872  967
[106]  989 1081 1096 1182 1140 1222 1225 1301 1439 1481 1525 1573 1598 1730 1811
[121] 1888

[[66]]
  [1]  10  39  30  20  19  15  14  17  17  21  16  14  19  21  14  27  28  27
 [19]  17  12  11  18  19  32  28  22  22  29  27  21  24  30  20  17  29  23
 [37]  36  30  24  32  26  29  20  23  19  24  19  20  24  17  22  16  17  14
 [55]  16  20  27  27  26  27  40  32  35  26  36  35  33  22  17  29  35  36
 [73]  31  27  34  39  40  50  49  44  49  50  44  43  45  57  48  42  42  43
 [91]  36  55  65  51  46  50  61  61  46  45  52  65  81  85  67  76  69  78
[109]  71  89 110 116 104 111 113 105 139 137 144 131 145

[[67]]
  [1]   10   24   26   22   18   16   24   24   19   15   24   24   28   33   25
 [16]   19   26   29   36   33   30   35   39   40   47   62   63   50   59   63
 [31]   66   70   81   70   64   83   84   83   75   82   65   78   74   72   76
 [46]   75   94  108  104  110   90   92  108  117  135  130  143  145  155  133
 [61]  130  135  131  144  166  186  193  164  166  177  184  189  200  197  215
 [76]  191  213  264  244  279  270  279  307  281  291  312  311  315  421  406
 [91]  444  427  428  435  480  452  479  489  526  590  601  630  642  693  722
[106]  762  842  914 1011 1052 1046 1096 1180 1161 1237 1298 1312 1353 1338 1372
[121] 1406

[[68]]
  [1]   10   24   19   22   16   20   19   22   26   25   27   34   62   55   40
 [16]   41   46   40   44   60   64   56   48   46   54   62   71   61   69   78
 [31]   75   92   82   80   79  105  117  107  122  114  117  151  158  169  156
 [46]  154  173  175  186  199  219  231  278  277  257  261  290  291  370  377
 [61]  316  339  383  355  432  430  477  488  523  563  593  607  599  640  691
 [76]  760  812  822  853  846  894  972 1022 1056 1075 1175 1191 1268 1321 1297
 [91] 1383 1438 1542 1599 1591 1751 1730 1679 1735 1782 1832 1815 1825 1947 2129
[106] 2227 2237 2384 2398 2452 2625 2776 2906 2910 3110 3146 3148 3309 3471 3664
[121] 3875

[[69]]
  [1] 10  8  1  1  1  1  1  1  7  9  4  3 11 13  9  8  9 12  5  3  2  0  0  0  0
 [26]  0  0  0  0  0  0  0  0  0  0  0  0  0  0  0  0  0  0  0  0  0  0  0  0  0
 [51]  0  0  0  0  0  0  0  0  0  0  0  0  0  0  0  0  0  0  0  0  0  0  0  0  0
 [76]  0  0  0  0  0  0  0  0  0  0  0  0  0  0  0  0  0  0  0  0  0  0  0  0  0
[101]  0  0  0  0  0  0  0  0  0  0  0  0  0  0  0  0  0  0  0  0  0

[[70]]
  [1] 10 37 25 21 20 16 29 24 21 13 13 14 20 19 15 11 10 11  7  5  3  3  5  3  6
 [26]  3  1  1  1  1  1  1  0  0  0  0  0  0  0  0  0  0  0  0  0  0  0  0  0  0
 [51]  0  0  0  0  0  0  0  0  0  0  0  0  0  0  0  0  0  0  0  0  0  0  0  0  0
 [76]  0  0  0  0  0  0  0  0  0  0  0  0  0  0  0  0  0  0  0  0  0  0  0  0  0
[101]  0  0  0  0  0  0  0  0  0  0  0  0  0  0  0  0  0  0  0  0  0

[[71]]
  [1]  10  37  32  19  14  13  13  13  13  15  18  12  15  14  16  14  12  19
 [19]  18  18  12  21  25  20  22  24  26  22  20  28  26  19  18  33  26  49
 [37]  40  42  39  42  37  36  39  57  49  51  52  46  38  49  45  77  98  87
 [55]  94  85  78  83  97  82  86  87  93  73 101  95 100  93 109 126 128 115
 [73] 116 136 146 148 129 128 134 159 173 190 170 175 187 191 220 220 226 230
 [91] 257 244 282 274 286 272 290 327 312 346 317 333 363 353 358 376 403 436
[109] 490 515 531 518 581 601 627 645 714 730 751 754 740

[[72]]
  [1]   10   44   33   23   21   19   22   29   29   34   40   36   27   31   24
 [16]   32   27   36   49   45   52   52   70   71   61   81   92   79   62   61
 [31]   71   91   94  113  130  123  109   99  126  156  138  145  133  144  124
 [46]  121  125  144  135  167  182  167  148  156  169  140  140  149  157  183
 [61]  164  193  186  171  202  193  179  178  201  214  266  247  260  268  289
 [76]  312  292  302  270  312  314  343  337  372  362  353  378  376  373  410
 [91]  445  460  478  491  547  541  536  576  592  650  681  675  743  788  756
[106]  774  811  824  807  865  875  865  956 1037 1136 1148 1220 1259 1284 1357
[121] 1436

[[73]]
  [1]   10   25   16    9   15   12   17   33   30   41   48   50   50   63   75
 [16]   82   70   78   83  108  118  123  114  130  147  124  123  134  142  158
 [31]  160  186  194  187  150  141  186  214  255  240  271  242  219  272  298
 [46]  269  308  333  341  343  380  345  397  436  464  495  488  537  549  554
 [61]  563  633  629  655  656  667  738  762  814  821  829  888  906  918  920
 [76] 1030 1043 1034 1019 1025 1093 1152 1214 1331 1347 1330 1469 1557 1637 1650
 [91] 1720 1785 1849 1978 2085 2200 2219 2357 2422 2473 2571 2687 2768 2858 2903
[106] 3120 3240 3358 3496 3537 3660 3766 3951 4002 4080 4259 4523 4726 4830 4905
[121] 5025

[[74]]
  [1]   10   40   30   28   23   23   29   39   28   27   24   29   28   21   17
 [16]   16   19   38   39   39   40   37   38   31   36   65   55   73   71   52
 [31]   53   61   72   68   63   60   71   74   80   88  105  106  101  121  131
 [46]  138  135  138  176  157  147  138  137  156  144  181  192  239  197  190
 [61]  175  194  200  221  230  237  247  242  245  280  238  261  297  297  278
 [76]  328  340  350  348  356  325  332  394  390  388  409  403  433  426  462
 [91]  419  498  532  533  575  560  581  621  617  591  663  760  786  830  783
[106]  794  880 1024 1038 1033 1061 1086 1122 1204 1196 1293 1298 1327 1397 1445
[121] 1580

[[75]]
  [1]   10   41   29   26   19   15   14   20   27   24   24   19   17   11   22
 [16]   26   19   23   18   27   45   55   54   40   34   43   29   29   40   49
 [31]   45   47   49   42   40   45   67   84   89   92   89  107  106  147  131
 [46]  117  108  110  115  127  150  125  130  152  147  154  135  163  166  190
 [61]  177  184  177  199  186  208  193  199  195  230  234  235  206  204  244
 [76]  277  292  288  267  283  322  323  354  364  337  349  324  366  384  447
 [91]  489  475  503  521  591  614  643  714  732  749  798  794  879  874  930
[106]  958  974 1023 1066 1098 1117 1158 1255 1210 1293 1314 1431 1512 1543 1645
[121] 1730

[[76]]
  [1]   10   30   26   22   17   30   21   14   14   23   34   29   19   20   16
 [16]   22   23   34   41   38   27   27   42   52   48   48   49   45   60   80
 [31]   65   59   68   88  103  104  118  124  132  188  182  155  161  194  199
 [46]  257  240  250  290  289  324  303  306  326  356  364  365  398  434  445
 [61]  449  443  426  444  422  434  473  475  486  514  512  533  529  526  562
 [76]  601  646  635  617  606  668  665  710  724  762  824  845  844  855  899
 [91]  898  992 1085 1094 1091 1134 1191 1180 1228 1266 1325 1404 1467 1519 1536
[106] 1536 1639 1718 1800 1831 1918 2029 2097 2064 2227 2271 2334 2509 2564 2667
[121] 2751

[[77]]
  [1]   10   49   36   28   23   21   23   30   30   32   28   20   26   46   46
 [16]   44   46   47   60   65   77   79  111  116  103   94  120  110  140  157
 [31]  174  169  155  173  174  180  176  207  229  227  247  265  283  253  290
 [46]  348  351  376  354  359  361  408  466  436  459  500  519  574  558  545
 [61]  551  596  630  644  665  697  771  715  748  755  767  771  808  884  924
 [76]  925  939  952  952  991 1059 1090 1154 1178 1249 1226 1263 1324 1505 1526
 [91] 1582 1651 1708 1799 1945 2089 2089 2154 2191 2338 2526 2609 2701 2742 2823
[106] 2891 3030 3174 3284 3294 3371 3632 3837 3888 4099 4295 4430 4659 4999 5153
[121] 5242

[[78]]
  [1]   10   37   27   24   17   21   19   21   26   28   33   25   23   29   31
 [16]   27   24   25   20   20   19   20   18   16   18   19   24   34   25   27
 [31]   28   27   33   33   45   38   43   48   53   70   76   75   66   46   70
 [46]   70   75   75   65   67   81   86   84  103  114  109  104   85  104  101
 [61]  102  112  123  125  108  118  160  139  123  127  152  159  156  139  150
 [76]  162  166  181  194  236  215  223  185  228  229  244  292  299  335  338
 [91]  338  325  315  403  403  425  410  424  466  509  558  542  593  593  603
[106]  610  621  642  722  708  722  733  769  847  888  927  938  911  953  966
[121] 1017

[[79]]
  [1] 10 24 18 11 10  6  6 10 11 10 10 11 15 11  6  3  1  1  0  0  0  0  0  0  0
 [26]  0  0  0  0  0  0  0  0  0  0  0  0  0  0  0  0  0  0  0  0  0  0  0  0  0
 [51]  0  0  0  0  0  0  0  0  0  0  0  0  0  0  0  0  0  0  0  0  0  0  0  0  0
 [76]  0  0  0  0  0  0  0  0  0  0  0  0  0  0  0  0  0  0  0  0  0  0  0  0  0
[101]  0  0  0  0  0  0  0  0  0  0  0  0  0  0  0  0  0  0  0  0  0

[[80]]
  [1] 10 17 15 12 11  9  8  7  4  4  5  4  3  2  2  3  2  1  1  1  1  1  1  1  0
 [26]  0  0  0  0  0  0  0  0  0  0  0  0  0  0  0  0  0  0  0  0  0  0  0  0  0
 [51]  0  0  0  0  0  0  0  0  0  0  0  0  0  0  0  0  0  0  0  0  0  0  0  0  0
 [76]  0  0  0  0  0  0  0  0  0  0  0  0  0  0  0  0  0  0  0  0  0  0  0  0  0
[101]  0  0  0  0  0  0  0  0  0  0  0  0  0  0  0  0  0  0  0  0  0

[[81]]
  [1]   10   24   22   13   14   18   21   12   11   11   17   23   27   29   32
 [16]   36   35   37   34   40   34   29   42   42   46   35   42   47   39   52
 [31]   52   62   71   68   74   74   68   72   97  119  118  102  112  108  157
 [46]  145  152  167  167  192  205  178  224  216  215  227  217  212  191  224
 [61]  268  273  280  281  346  305  291  258  306  328  349  331  324  329  331
 [76]  353  345  390  386  368  417  459  496  531  529  549  559  595  544  572
 [91]  636  685  651  692  711  707  718  778  794  811  822  811  854  950 1001
[106]  993 1005 1053 1098 1119 1196 1318 1349 1311 1386 1496 1609 1657 1646 1773
[121] 1872

[[82]]
  [1]  10  16  19  16  12  16  19  11   9  15  15  19  19  23  21  15  11   9
 [19]  10   5   4   5   8   2   2   2   2   2   7  12  14  11  11   9  15  12
 [37]  21  13  19  12  18  19  19  21  19  26  32  29  42  34  28  23  26  26
 [55]  23  16  17  33  24  31  34  31  30  41  37  34  35  48  40  58  59  64
 [73]  64  71  71  67  74  97 116  96 118 106 120 112 103 122 113 144 148 165
 [91] 160 154 148 167 176 186 194 211 187 207 221 266 266 276 307 307 300 333
[109] 377 380 341 353 427 453 467 422 469 456 502 497 589

[[83]]
  [1]   10   31   29   41   37   40   60   51   41   55   48   53   46   39   33
 [16]   48   44   48   50   36   41   38   51   51   48   44   38   59   62   53
 [31]   44   43   46   50   53   56   72   74   74   89   89   86  101   90  106
 [46]  123  105  133  135  168  151  146  150  156  192  195  209  199  190  227
 [61]  249  242  241  285  263  282  283  310  312  332  334  384  387  402  397
 [76]  456  483  511  516  576  579  614  597  646  730  711  641  759  763  768
 [91]  791  885  819  863  912  973 1000 1051 1060 1093 1168 1241 1362 1429 1400
[106] 1404 1500 1555 1677 1660 1785 1894 2001 2209 2200 2195 2220 2348 2429 2514
[121] 2542

[[84]]
  [1]   10   36   40   31   21   18   27   27   27   20   26   45   33   34   34
 [16]   40   45   46   61   46   56   51   46   43   42   31   36   30   36   42
 [31]   52   51   59   45   44   43   61   52   52   60   49   58   55   59   78
 [46]   62   62   70   88   70   73   71   77   90  100   84   83   92  110  114
 [61]  115   94  116  115  145  136  139  137  193  200  183  171  197  191  234
 [76]  212  246  265  263  258  282  302  291  277  256  289  314  366  362  372
 [91]  387  411  418  429  462  435  440  473  514  506  516  501  490  559  539
[106]  595  606  643  667  668  774  791  793  822  785  866  894  951 1069 1084
[121] 1074

[[85]]
  [1]   10   45   39   35   33   33   39   46   47   46   47   36   34   37   37
 [16]   42   30   27   37   41   35   44   39   42   46   59   77   77   76   97
 [31]   87   76   90   90  102   97   99  131  133  146  158  146  141  202  212
 [46]  203  199  232  256  249  236  251  269  233  277  315  321  312  329  362
 [61]  389  410  402  418  465  499  510  526  524  576  555  621  617  649  640
 [76]  625  678  673  677  712  765  796  806  868  819  835  958 1036 1049 1080
 [91] 1077 1162 1155 1143 1220 1297 1234 1340 1432 1470 1515 1591 1593 1743 1817
[106] 1809 1864 1873 1892 1990 2105 2291 2319 2454 2549 2660 2654 2707 2784 3058
[121] 3095

[[86]]
  [1]   10   30   27   17   15   18   13   22   20   27   27   31   23   40   41
 [16]   52   57   48   33   36   52   42   54   74   64   63   56   62   60   74
 [31]   71   66   62   69   69   72   79   70   63   68   79   85   77   82  105
 [46]   99   95   95  101  124  161  155  133  133  130  197  203  200  207  209
 [61]  255  267  263  254  276  345  325  341  353  372  383  395  400  396  455
 [76]  481  499  474  534  547  596  631  717  694  677  749  721  789  789  780
 [91]  781  806  861  920  936  951 1050 1062 1185 1271 1302 1381 1377 1419 1521
[106] 1543 1557 1655 1752 1913 1938 2026 1996 2160 2238 2318 2396 2432 2516 2577
[121] 2745

[[87]]
  [1]   10   32   28   17   23   17   16   19   17   23   17   16   11   14    9
 [16]    9   24   18   24   21   18   18   23   31   30   35   28   30   22   27
 [31]   36   34   34   34   36   51   56   58   65   65   70   74   81   75   75
 [46]   91  109  114  110  107  122  167  168  171  198  162  179  196  213  198
 [61]  204  232  242  251  251  270  258  288  317  383  375  387  386  382  391
 [76]  399  413  441  419  389  383  425  449  521  495  559  519  541  626  613
 [91]  665  721  693  713  728  731  818  821  847  883  864  924  935  949 1009
[106] 1002 1058 1109 1219 1225 1311 1396 1505 1500 1556 1591 1655 1766 1832 1877
[121] 1881

[[88]]
  [1]   10   22   33   23   22   28   35   47   43   41   66   46   43   49   54
 [16]   63   58   52   61   60   57   59   92   89   92  107   99   83   84   89
 [31]   94   85   94  119  119  116  122  120  131  149  144  135  138  139  114
 [46]  102  131  145  137  143  149  145  150  170  197  189  182  211  205  265
 [61]  246  241  272  258  287  324  309  308  324  398  381  348  381  406  412
 [76]  436  429  462  466  479  461  503  510  562  626  614  592  589  594  658
 [91]  718  709  689  717  847  890  880  908  907  989 1016 1039  988 1033 1066
[106] 1152 1213 1247 1369 1335 1267 1335 1449 1512 1484 1542 1519 1711 1715 1799
[121] 1817

[[89]]
  [1] 10 35 23 15 12 22 24 20 14 13 10 10 29 19 16 10  8  8  8 26 26 16 11  9 18
 [26] 12 11 14 14 14 16 15 17 13 11 11  9 14 13 18 11 14 16 21 24 21 17 25 23 25
 [51] 23 29 21 16 18 14  8  8 12  8 11 15 17 18 16 15 17 17 11  9  6 11 11  7  5
 [76] 12  6  5  3  2  2  2  2  7  4  3  3 17 16 12 18 11 10 17 25 22 22 17 46 34
[101] 34 30 31 32 41 55 58 76 69 75 68 58 50 49 46 49 52 54 57 40 49

[[90]]
  [1]   10   22   29   18   12   14   13   15   10   10   20   15   10    5   18
 [16]   16   12    9   13   14   22   26   26   26   21   27   39   50   41   51
 [31]   37   27   45   56   44   47   42   64   47   53   47   58   51   48   56
 [46]   48   51   45   60   76   86   88   77   68   79   87  102  121  106   93
 [61]   93  105  126  122  125  144  126  138  136  133  142  140  152  194  193
 [76]  198  208  216  230  244  215  222  250  322  320  331  323  341  339  377
 [91]  392  403  445  424  448  496  476  499  512  531  560  547  620  629  636
[106]  665  669  717  783  854  844  873  880  903  962  938 1035 1062 1072 1096
[121] 1207

[[91]]
  [1]   10   22   18   11   10    9   15   16   10   16   20   13   14   17   27
 [16]   28   16   22   24   22   23   26   27   35   23   17   34   27   38   42
 [31]   43   47   58   59   66   58   49   50   52   57   46   44   57   47   36
 [46]   44   57   41   65   55   64   51   46   51   54   68   70   76   73   69
 [61]   80   82  127  115  101  118  141  147  150  155  137  157  167  166  181
 [76]  174  201  230  247  260  300  317  321  325  374  371  368  428  419  454
 [91]  430  432  405  418  457  515  516  565  605  632  596  608  683  668  654
[106]  755  806  744  831  806  823  966  975  983 1013 1072 1130 1161 1193 1246
[121] 1319

[[92]]
  [1]   10   36   36   36   27   23   21   25   35   31   30   21   21   21   24
 [16]   27   32   51   47   47   43   38   48   37   34   43   44   62   57   68
 [31]   85   70   81   78   67   64   75   82   75   94  122  107  110  116  131
 [46]  157  146  143  140  152  161  162  171  172  187  199  191  226  243  258
 [61]  249  255  279  327  306  283  267  304  351  371  339  339  364  369  347
 [76]  372  426  458  456  476  449  471  505  556  565  544  538  548  576  592
 [91]  574  613  671  743  747  818  840  836  865  901  962 1038 1163 1184 1211
[106] 1221 1325 1374 1509 1553 1663 1673 1732 1794 1925 1957 1986 2161 2263 2458
[121] 2551

[[93]]
  [1]  10  18  15  11   9   7   6   7   7  12   8   5   5  10  13  11   8   8
 [19]  19  19  20  14  19  15  25  21  36  32  30  24  22  17  23  14  10   8
 [37]  14  13  21  22  19  22  26  21  19  25  22  41  33  34  39  34  37  47
 [55]  43  37  49  68  66  63  65  72  68  62  53  72  68  74  75  66  78  74
 [73]  80  69  62  65  59  77  69  79  89  80  92  85 120 147 152 125 128 147
 [91] 145 158 169 166 189 194 200 203 219 246 239 241 270 275 291 284 309 271
[109] 294 275 285 321 365 349 387 396 434 470 434 451 458

[[94]]
  [1]  10   8  12  10   8  13  14  16  13  12  14  15  18  12   9   8   7   6
 [19]   6   6  12  17  17  14  12  11  20  26  47  31  49  42  31  30  33  59
 [37]  53  56  47  50  61  84  87  76  75  75  83  88  79  81  90  88  81  78
 [55]  74  93 106 122 107 105 114  95 120 107 100 111 121 138 150 198 180 164
 [73] 184 176 181 184 187 210 204 178 182 204 191 213 211 231 222 236 271 238
 [91] 216 236 246 253 261 318 313 325 325 335 363 365 420 484 445 439 487 468
[109] 507 497 504 495 541 628 646 658 623 642 746 827 859

[[95]]
  [1]   10   36   39   38   38   45   53   51   42   59   62   65   59   60   74
 [16]   83   83   85   95   91   93   97   92   84   85   85   93  100  141  118
 [31]  118  118  135  124  122  114  148  148  149  138  144  153  156  175  184
 [46]  175  172  171  168  182  199  204  207  241  226  220  214  208  231  248
 [61]  282  254  249  253  299  313  336  372  355  387  417  414  394  404  458
 [76]  524  552  565  575  546  594  614  653  642  666  640  675  728  749  829
 [91]  824  834  868  942  946  974 1038 1125 1168 1257 1285 1325 1445 1542 1593
[106] 1689 1669 1737 1824 1988 1968 2090 2174 2267 2376 2356 2378 2482 2657 2804
[121] 2881

[[96]]
  [1]   10   14    9   14   12   16   16   11    7    5    5    5   15   12   16
 [16]   13   10   11   19   16   25   20   16   17   35   23   18   19   18   37
 [31]   34   47   37   39   41   40   38   47   37   52   47   49   56   57   67
 [46]   70   73   88  102  109  113  109  136  132  131  133  142  181  224  212
 [61]  200  227  237  275  268  251  244  263  268  283  274  301  350  360  366
 [76]  417  440  465  472  471  534  607  666  610  652  675  767  826  807  833
 [91]  796  830  879  910  970 1026 1102 1199 1236 1251 1330 1361 1500 1580 1582
[106] 1567 1629 1736 1780 1862 1996 2110 2287 2298 2421 2594 2545 2613 2622 2755
[121] 2891

[[97]]
  [1]  10  17  13   8   6   6   5   6   9   7   9   3   2   2   2   2   7   4
 [19]   3   3   3   3   3   3  17  14  11  10  10  14   9  11  17  16  11   9
 [37]   9  14  25  26  25  23  36  29  28  32  21  21  26  34  51  50  36  33
 [55]  28  47  47  39  55  60  45  46  46  48  46  54  75  57  57  62  61  60
 [73]  68  53  65  59  57  47  54  63  60  68  69  60  60  53  55  61  79  81
 [91]  82  70  85 105  87 106  91 100 101  86  90 102 121 121 103 103 103 103
[109] 107 106 105 112 104  98 117 118 134 137 115 170 165

[[98]]
  [1]   10   36   30   29   22   24   28   25   29   33   30   27   24   23   22
 [16]   28   32   30   33   30   38   29   36   35   44   49   47   59   67   72
 [31]   75   63   84   83   81   67   73   77   70   66   75   66   75   90  104
 [46]  125  112   98   90  116  120  128  103   91  104  109  110  114  106  119
 [61]  129  154  175  195  154  144  140  159  204  190  225  239  244  272  321
 [76]  328  344  356  349  365  413  419  437  447  472  477  515  539  573  595
 [91]  670  653  656  731  742  779  825  850  907  879  904  959 1019 1006 1047
[106] 1090 1116 1156 1280 1348 1369 1468 1596 1620 1643 1660 1754 1877 2002 2080
[121] 2112

[[99]]
  [1] 10 32 18 13 12 12 10 10  8  9  7 12 10  7  6  6  5  4 10 12  8  6 11 14 12
 [26] 15 14 10 10 10 12  9  8  6  6  8 12 11  8 12  9 15 11  9 13 13  9  6  7  6
 [51] 15 14 12  9  9  7 10 15 11  7  5  5  3  9 11  8  6  6  5  4  7  5  5  2  1
 [76]  0  0  0  0  0  0  0  0  0  0  0  0  0  0  0  0  0  0  0  0  0  0  0  0  0
[101]  0  0  0  0  0  0  0  0  0  0  0  0  0  0  0  0  0  0  0  0  0

[[100]]
  [1]   10   30   20   12   12   10   14   23   24   27   24   27   26   28   27
 [16]   41   59   55   43   44   37   60   44   48   41   53   51   49   51   67
 [31]   56   58   66   59   65   57   49   54   66   58   58   78   75   84   84
 [46]   76  102   95  102   93   98  117  116  116  120  116  131  108  113  169
 [61]  162  154  141  154  144  172  244  240  219  200  219  241  236  261  300
 [76]  305  326  313  356  399  413  430  427  406  422  495  488  494  513  503
 [91]  546  566  556  589  633  658  692  684  707  731  801  950  962  968 1032
[106] 1037 1104 1068 1149 1268 1297 1343 1283 1302 1421 1486 1567 1572 1606 1605
[121] 1722

[[101]]
  [1]   10   33   29   24   24   23   20   32   31   30   29   28   21   33   38
 [16]   45   45   40   41   53   54   47   54   62   47   65   64   50   56   60
 [31]   75   92  110   93  104  113  110  135  118  138  119  143  154  191  178
 [46]  187  208  196  206  219  249  218  237  284  286  284  325  364  415  381
 [61]  427  441  447  419  438  412  498  516  550  510  536  625  617  659  687
 [76]  687  751  798  814  862  840  929  994  967  982 1002 1095 1218 1264 1308
 [91] 1276 1324 1414 1477 1611 1641 1714 1849 1879 1984 1980 2026 2149 2205 2241
[106] 2330 2465 2507 2606 2709 3003 3190 3102 3157 3317 3393 3628 3790 3894 4063
[121] 4200

[[102]]
  [1]  10  23  12   8  14   9   6   5   5   9   6   4   3   3   2   1   1  10
 [19]   5   3   3   3   3   3   6   7   4   2   2   2   2   2  10   6   4   4
 [37]   4   4   4  10  11   7   3   3   3   2   2   2   7   9   7   5   4   7
 [55]   6   7   7   5   4   2   2   6   3   3   3   9  13   8   8   8   8  17
 [73]  18  14  18  20  25  33  33  25  15  13  15  24  17  19  22  21  28  29
 [91]  32  24  20  34  34  33  42  44  41  50  48  50  52  51  42  61  68  63
[109]  92  95 102  96 100  98 122 159 164 131 130 133 121

[[103]]
  [1]   10   40   27   29   28   26   25   32   33   27   27   47   41   55   47
 [16]   61   53   39   47   43   35   53   58   55   55   53   40   66   63   73
 [31]   90   90   77   75   82   94   87   84   81   99  104  111  111  162  156
 [46]  164  169  179  176  210  209  233  215  235  228  235  269  285  322  330
 [61]  361  360  393  403  380  407  410  391  434  420  446  448  466  462  489
 [76]  467  503  576  594  608  638  626  667  653  676  735  813  879  889  914
 [91]  896  954 1029 1109 1103 1134 1154 1237 1266 1360 1408 1475 1525 1542 1529
[106] 1580 1781 1882 1903 1920 1988 2084 2157 2209 2291 2466 2586 2570 2642 2592
[121] 2831

[[104]]
  [1]  10  27  38  23  18  15  29  43  39  28  28  22  20  29  24  37  41  43
 [19]  34  28  29  29  31  29  39  33  46  43  40  49  42  42  52  40  48  37
 [37]  50  42  55  46  36  39  52  63  51  53  59  68  68  60  54  55  73  75
 [55]  70  65  74  89  83  86  96 106 135 146 140 141 122 136 144 171 178 190
 [73] 169 147 151 173 195 241 217 202 194 202 259 289 258 256 293 286 319 323
 [91] 314 319 325 343 345 393 396 406 459 450 505 547 533 483 495 507 563 573
[109] 619 609 638 661 721 759 772 798 906 886 870 909 961

[[105]]
  [1]   10   34   29   23   15   12   10    8   14   20   12    9   20   17   15
 [16]   21   14   14   14   23   31   28   25   25   29   40   31   40   43   37
 [31]   37   38   45   68   60   47   48   40   58   67   57   60   47   57   82
 [46]   78   76   73   67   76   89   84   89   86   83   92   85   85  104  114
 [61]  125  126  130  160  143  121  111  142  159  167  157  161  175  180  200
 [76]  220  254  250  254  269  305  336  367  329  312  325  364  360  363  402
 [91]  458  481  471  519  539  558  590  625  654  601  681  689  768  781  812
[106]  889  890  964 1027 1047 1040 1125 1129 1170 1271 1349 1337 1417 1435 1561
[121] 1585

[[106]]
  [1] 10 39 35 25 18 20 22 33 38 29 24 24 21 29 37 28 18 13 14 10 10  9  8 14 19
 [26] 25 24 25 27 25 32 24 27 27 31 27 24 34 28 37 42 34 33 26 27 32 42 40 38 44
 [51] 44 45 36 33 41 42 39 41 33 40 33 31 23 28 40 37 42 45 32 35 27 34 31 26 31
 [76] 38 39 28 39 25 30 15 15 19 10  6  6  6  6  8 11  9  6  6 12 17 16 11  8 13
[101]  9  6 12 13  8 13 14 15 15 13 13 11 26 32 25 20 20 17 10 15 17

[[107]]
  [1]   10   13   17   13   13    9   19   14   17   13   11   19   23   18   16
 [16]   21   18   26   38   36   32   27   38   37   35   40   40   45   34   33
 [31]   53   42   47   48   47   33   50   69   87   86   75   64   78   78   99
 [46]   86  119   87   81   84   93  115  142  131  126  143  152  144  178  191
 [61]  173  155  203  230  193  195  224  221  209  208  211  244  235  257  265
 [76]  287  306  299  331  348  353  366  327  331  316  339  414  438  450  490
 [91]  504  531  564  581  559  586  615  635  666  656  729  745  758  741  781
[106]  829  852  847  893  936  930  952  961 1043 1083 1155 1167 1208 1285 1358
[121] 1361

[[108]]
  [1]   10   37   32   26   22   18   21   37   36   27   30   33   46   43   36
 [16]   29   28   37   41   40   37   35   30   38   28   43   51   45   39   49
 [31]   55   46   43   64   82   74   61   70   63   61   79   88   69   77   66
 [46]   80   73   77   77   76   84   68   87   93  112  141  140  146  155  171
 [61]  186  179  205  192  214  230  280  268  272  256  280  264  297  321  333
 [76]  340  340  350  351  382  394  423  445  460  432  447  470  481  526  519
 [91]  571  610  602  624  626  650  696  750  723  740  801  792  800  897  853
[106]  902  902  950  940  967 1117 1089 1077 1148 1187 1246 1285 1296 1352 1512
[121] 1606

[[109]]
  [1]   10   33   35   26   21   22   30   33   38   34   33   26   40   35   28
 [16]   42   46   41   36   46   52   48   54   55   53   41   45   44   44   66
 [31]   81   75   81   80  107  108  120  115  134  138  135  136  152  155  151
 [46]  148  193  188  187  176  187  200  203  191  203  218  241  231  238  257
 [61]  270  270  301  329  333  320  332  332  401  427  419  388  427  490  462
 [76]  495  486  483  526  558  603  604  631  697  668  706  795  792  762  740
 [91]  761  801  821  863  909  926  967 1016 1049 1096 1108 1187 1351 1335 1417
[106] 1427 1560 1712 1789 1801 1773 1876 2017 2187 2224 2337 2499 2534 2693 2871
[121] 3038

[[110]]
  [1] 10 15 12  8  7  9  8 13  7  5  5  5  4 10 10  7  5  5  7  6  9 12 11  8  7
 [26] 13 10  8 14  6  9  5  4  3  3  3  7  7  5  4  4  3  3 11  7  6  4  3  3  3
 [51] 10  7  5  4  4  2  2  2  1  1  1  1  1  1  1  1  8  6  8  7  6  5  6 11 10
 [76]  8  8  7  7 24 31 36 41 31 38 30 39 45 43 37 39 41 40 31 35 32 24 20 21 26
[101] 24 22 23 29 30 25 35 42 52 40 41 40 55 54 52 52 63 55 55 66 64

[[111]]
  [1]   10   31   20   15   12   15   16   17   16   13   14   34   32   24   34
 [16]   24   22   23   28   44   41   44   50   39   44   37   46   47   71   81
 [31]   66   79   75   69   73   67   92   72   67   75   84   92   82   79   97
 [46]   91   93   96  112  110  115  143  133  143  136  165  151  140  139  149
 [61]  151  139  184  182  166  168  194  237  214  258  277  294  298  298  288
 [76]  304  305  365  356  369  414  416  465  510  497  479  550  567  638  696
 [91]  670  635  647  705  727  739  784  799  836  938  963  932  969 1042 1105
[106] 1188 1190 1138 1265 1335 1334 1406 1473 1543 1613 1710 1729 1790 1883 1974
[121] 2049

[[112]]
  [1]   10   38   30   27   24   18   23   27   30   29   43   43   48   37   37
 [16]   36   37   43   57   51   51   49   47   65   66   66   53   72  101   75
 [31]   73   77   83   67   79   89  114  103  100  101  105   99   98  100   93
 [46]  145  156  137  128  125  130  153  172  175  150  163  175  177  194  213
 [61]  242  241  233  242  292  272  282  290  303  319  331  355  332  343  371
 [76]  424  452  477  545  535  541  568  569  621  626  619  689  698  716  711
 [91]  727  787  821  821  877  934 1007  994 1000 1047 1188 1194 1168 1234 1298
[106] 1334 1468 1481 1511 1540 1641 1722 1839 1860 2067 2189 2280 2386 2384 2525
[121] 2677

[[113]]
  [1]   10   21   32   30   25   22   17   11   12   13   11   16   15   12   26
 [16]   27   27   33   30   23   21   32   28   24   30   28   20   24   34   25
 [31]   29   31   38   47   39   38   33   35   31   42   28   32   33   38   56
 [46]   58   51   51   47   65   80   74   71   60   75   87   72   90  111  121
 [61]  126  113  133  138  120  128  158  162  181  201  195  195  184  204  230
 [76]  214  272  287  280  314  335  329  332  359  369  341  402  445  449  476
 [91]  525  526  552  579  608  623  642  698  740  734  789  788  907  911  907
[106]  960 1088 1069 1122 1128 1222 1214 1312 1311 1331 1399 1479 1566 1518 1586
[121] 1618

[[114]]
  [1]   10   18   18   14   13   21   17   22   20   19   22   23   23   26   37
 [16]   38   34   42   45   42   45   48   52   61   68   64   75   79   74   92
 [31]   97  106   94  139  143  168  165  160  183  193  178  195  236  238  227
 [46]  241  264  284  309  306  301  318  378  363  331  346  349  398  377  416
 [61]  391  404  453  469  485  489  553  584  640  630  671  746  764  787  789
 [76]  819  824  895  989  953  987 1055 1107 1127 1209 1244 1223 1268 1369 1411
 [91] 1422 1534 1525 1518 1544 1682 1765 1823 1904 1911 2039 2083 2233 2322 2363
[106] 2468 2561 2712 2894 2884 3036 3134 3323 3476 3572 3729 3882 4043 4176 4352
[121] 4637

[[115]]
  [1]   10   23   16   12   10   10   14   26   19   13   16   28   22   18   20
 [16]   16   28   20   22   16   22   20   26   25   25   29   27   33   36   42
 [31]   54   59   56   62   83   79   68   67   75   85   80   97  105  119  104
 [46]  103  122  158  154  148  144  182  200  184  189  173  185  203  222  226
 [61]  234  239  258  248  247  253  251  232  261  307  317  336  362  359  353
 [76]  396  401  425  472  502  490  506  521  528  537  644  650  646  666  684
 [91]  754  778  840  788  828  890  899  914  944 1051 1047 1085 1163 1219 1233
[106] 1232 1324 1359 1375 1504 1535 1646 1695 1713 1672 1822 1996 2061 2114 2243
[121] 2359

[[116]]
  [1]   10   26   20   17   15   11   14   19   25   22   26   21   20   15   16
 [16]   28   37   44   33   32   43   39   49   55   45   54   59   50   69   63
 [31]   51   57   54   69   56   55   70   65   66   65   57   72   76   80   80
 [46]   64   62   74   77   99  117  109   88   76   97  102  133  128  124  124
 [61]   98  113  141  152  125  114  121  124  141  138  141  159  154  142  178
 [76]  177  173  167  172  183  211  206  215  225  265  302  320  335  306  281
 [91]  303  362  351  360  341  329  355  362  451  436  448  450  463  478  524
[106]  525  515  534  552  554  603  639  680  737  765  757  854  936 1009 1134
[121] 1109

[[117]]
  [1] 10 41 38 25 21 21 30 26 21 15 13 24 21 18 15 15 19 19 13 18 14 10  7  9  5
 [26]  5  3  1  1  1  1  1  1  1  1  1  1  7  2  1  1  1  1  1  1  1  1  0  0  0
 [51]  0  0  0  0  0  0  0  0  0  0  0  0  0  0  0  0  0  0  0  0  0  0  0  0  0
 [76]  0  0  0  0  0  0  0  0  0  0  0  0  0  0  0  0  0  0  0  0  0  0  0  0  0
[101]  0  0  0  0  0  0  0  0  0  0  0  0  0  0  0  0  0  0  0  0  0

[[118]]
  [1]  10  32  25  26  25  32  26  27  39  36  29  26  34  45  41  34  41  32
 [19]  56  54  50  37  33  39  41  45  58  48  45  55  51  48  45  54  75  78
 [37]  74  85  84  80  93  86  85  92 122 129 107 100  85 101 104 113 102  95
 [55]  79  90  94 111 115 122 139 127 129 154 138 138 156 179 145 153 154 174
 [73] 198 184 179 174 230 212 175 174 173 189 180 162 174 184 187 207 209 220
 [91] 183 190 232 236 226 257 259 297 316 360 327 352 351 355 388 447 427 448
[109] 454 520 563 566 572 561 600 667 677 616 672 712 745

[[119]]
  [1]  10  20  17  10   9   9  14  10  11   8  14  14   9   9  13  20  21  17
 [19]  17  20  18  12  12  14  15  12  14  14  23  18  17  10  15  16  18  30
 [37]  28  28  26  20  31  34  30  43  30  35  29  41  42  44  47  56  64  71
 [55]  80  71  75  70  57  64  70  83  83  70  60  63  82  92  85  95  98  82
 [73] 105 107 113 110 109 107 146 160 145 175 170 218 222 209 211 239 255 263
 [91] 319 326 315 328 386 350 373 396 423 409 464 458 488 494 482 569 657 646
[109] 666 677 731 816 766 786 775 814 889 910 921 948 942

[[120]]
  [1]   10   31   27   23   19   34   47   48   43   46   50   47   53   42   44
 [16]   50   50   44   41   41   57   66   50   52   60   60   69   60   70   56
 [31]   67   76   83   80   66   63   72   80   96   88   97   98   91  101  103
 [46]   99  100  133  145  124  126  114  103   97   94  123  129  121  155  175
 [61]  172  196  204  223  216  222  262  312  294  333  303  311  333  340  377
 [76]  397  413  456  465  470  509  482  525  599  558  616  661  656  681  736
 [91]  708  778  806  827  866  971 1002 1010 1046 1113 1082 1166 1223 1221 1298
[106] 1305 1322 1437 1503 1562 1586 1617 1681 1740 1904 2085 2125 2160 2200 2334
[121] 2418

[[121]]
  [1]   10   36   32   27   20   25   28   26   33   34   44   48   37   38   36
 [16]   30   28   40   34   32   24   22   15   29   35   30   32   30   31   32
 [31]   50   58   57   66   74   79   64   67   63   64   77   62   67   57   51
 [46]   52   70   56   56   54   66   57   50   51   55   57   54   88   85   95
 [61]   90   83   78   97  111  113  110  106  120  132  112   99  119  112  117
 [76]  127  136  132  149  179  172  187  194  194  170  196  222  225  272  253
 [91]  256  275  335  328  336  315  363  388  402  432  418  437  452  452  506
[106]  540  543  624  629  632  642  659  715  766  831  875  916  959 1002 1050
[121] 1106

[[122]]
  [1]   10   41   29   25   19   16   20   34   39   35   40   40   52   50   58
 [16]   60   59   52   63   83   87   93   96   90  108  115  114  149  146  130
 [31]  127  113  125  119  144  147  157  190  179  180  160  223  204  224  189
 [46]  207  207  209  237  266  281  291  321  284  316  335  366  374  382  367
 [61]  388  390  409  456  428  468  527  562  534  548  563  626  644  657  674
 [76]  703  748  764  832  903  892  847  958  987 1071 1060 1137 1171 1219 1234
 [91] 1249 1282 1331 1341 1462 1565 1631 1685 1850 1757 1751 1879 1967 2205 2146
[106] 2211 2281 2421 2498 2605 2595 2714 2852 2942 3018 3180 3333 3457 3833 3884
[121] 3910

[[123]]
  [1]   10   19   35   28   21   19   14   11   13   21   15    8   12   22   16
 [16]   27   26   36   26   27   29   38   30   38   35   37   26   33   38   30
 [31]   41   33   34   27   46   32   34   26   39   32   39   49   41   51   48
 [46]   74   74   71   70   83   84   85   87   85   81   86   91   90  100  118
 [61]  114  112  125  140  169  158  138  143  152  174  170  183  180  184  164
 [76]  171  182  191  201  204  255  238  250  275  306  289  327  332  339  399
 [91]  441  457  432  434  441  472  495  483  523  539  534  599  584  591  631
[106]  628  689  737  715  761  729  828  882  910  887  944 1015 1046 1106 1119
[121] 1139

[[124]]
  [1]   10   28   21   12   11    7    6    5    8   14   15   14    7    6   11
 [16]   25   18   15   14   18   17   25   21   18   21   28   26   34   35   32
 [31]   22   28   30   25   41   31   36   46   52   72   56   57   62   58  102
 [46]   87  100  106  101  117  108  146  136  139  180  167  136  134  112  116
 [61]  123  126  131  123  140  161  160  174  220  209  199  192  201  257  233
 [76]  262  271  259  251  270  338  329  354  328  328  345  381  396  413  426
 [91]  436  424  478  525  517  562  541  579  588  608  680  692  799  753  782
[106]  831  891  939  933 1023 1032 1050 1082 1073 1131 1138 1082 1103 1218 1243
[121] 1403

[[125]]
  [1]   10   32   20   24   16   26   28   29   22   22   25   26   51   51   41
 [16]   34   32   50   45   44   36   43   45   54   50   54   55   60   57   56
 [31]   52   53   99   88   95   91  101  107  121  113  122  140  136  159  176
 [46]  186  161  169  195  182  180  197  197  215  194  183  155  208  249  255
 [61]  262  244  242  240  270  291  298  312  330  347  360  355  415  480  477
 [76]  475  516  551  624  621  589  626  701  760  824  854  803  870  954  943
 [91]  988 1076 1085 1137 1159 1186 1283 1216 1347 1341 1392 1431 1449 1451 1491
[106] 1634 1638 1647 1610 1746 1762 1929 1880 1951 2097 2127 2214 2273 2312 2464
[121] 2546

[[126]]
  [1]  10  20  23  16  13   8   9  12  16  11  14  15  15  13  15  10  24  18
 [19]  17  18  12  16  11  14  10  13   8  11  16  14  19  14  32  23  32  35
 [37]  39  33  39  40  50  49  50  63  77  68  61  65  66  57  53  76  90  81
 [55]  83  86  77  90  87  72 109  86  92  98 103 110 122 102 122 118 139 144
 [73] 163 163 170 175 161 162 158 162 162 145 142 151 168 189 179 175 155 185
 [91] 200 194 268 228 255 253 246 273 273 317 295 299 303 297 346 356 378 377
[109] 373 403 463 519 496 457 529 536 595 564 612 653 695

[[127]]
  [1]   10   29   28   22   16   15   20   22   21   23   25   34   30   34   25
 [16]   34   43   48   48   37   32   38   44   40   48   50   48   48   49   48
 [31]   50   68   60   68   61   75   81   73   76   76   83   87   73   78  100
 [46]   87   89   92   84  112  111  111   94  112  113  116  106  119  129  125
 [61]  132  110  133  119  112  126  139  139  147  167  199  219  258  229  211
 [76]  207  214  216  239  261  230  266  238  258  260  312  324  311  299  305
 [91]  345  377  393  402  450  452  484  480  504  512  593  602  652  622  634
[106]  683  717  772  786  846  845  854  869  849  895  950  949 1006 1176 1200
[121] 1244

[[128]]
  [1]  10  24  20  20  16  13  10  19  21  23  14  11  17  16  20  17  20  17
 [19]  25  18  28  27  32  48  35  40  50  65  47  51  53  67  47  49  60  66
 [37]  70  68  61  53  50  53  66  67  59  51  53  68  75  84  87  87  71  89
 [55]  79 101 100 107  99  90  97  88  89 113 118 114 115 118 136 125 113 101
 [73] 117 134 119 101 102 105 113  98 113  93 145 168 158 132 132 174 173 177
 [91] 178 213 192 193 185 181 178 192 185 215 211 210 176 191 198 227 222 234
[109] 240 236 247 245 275 275 296 302 346 337 338 378 359

[[129]]
  [1]   10   33   18   13   13   15   15   18   18   21   33   33   30   35   26
 [16]   29   34   29   31   38   41   54   58   40   41   64   70   64   62   70
 [31]   70   65   57   66   89   79   96   82   76   82   84  103  114  121  104
 [46]  118  132  133  117  131  146  140  136  149  155  154  176  200  182  179
 [61]  203  218  195  200  202  209  272  264  270  259  292  269  310  336  370
 [76]  357  415  382  387  384  429  426  443  469  469  492  542  595  601  595
 [91]  661  647  680  725  724  689  720  710  770  802  868  891  882  940  936
[106]  952  943 1040 1094 1123 1174 1218 1336 1367 1414 1517 1498 1535 1627 1776
[121] 1783

[[130]]
  [1]  10  22  27  17  14  14  12  10  10  14  15   7   4  11   8  12  23  15
 [19]  13  18  16  21  23  25  19  21  20  32  27  24  21  18  13  21  12  16
 [37]  18  25  17  24  20  19  21  25  17  25  22  25  30  26  35  38  33  34
 [55]  35  37  44  45  44  50  45  40  45  48  66  71  82  74  61  58  62  54
 [73]  52  75  67  74  85  65  73  84  64  77  73  69  68  83  83  74  70  65
 [91]  85 103 109 113 120  98 122 157 155 157 131 146 175 183 242 219 210 181
[109] 199 234 255 279 240 242 310 258 256 236 242 258 284

[[131]]
  [1]   10   35   27   21   18   17   27   29   30   33   35   36   51   40   35
 [16]   36   39   60   46   62   66   57   78   80   86   72   73   70   80  105
 [31]  105   90  104   83   64   80   87   98  123  108  128  126  138  126  128
 [46]  123  167  167  194  169  186  196  173  196  188  216  246  258  255  239
 [61]  269  288  307  322  344  354  363  347  350  347  375  409  414  433  415
 [76]  412  465  482  498  542  553  526  501  511  593  643  686  681  696  704
 [91]  764  840  922  869  830  989  997  994 1008  963 1087 1181 1217 1235 1304
[106] 1354 1508 1541 1506 1586 1736 1853 1920 1985 2068 2135 2170 2256 2299 2403
[121] 2498

[[132]]
  [1]  10  15  13  12  14   9   9   9  10   8   6  12  10  13  20  13  11  16
 [19]  11  10   7   7  14  22  19  20  16  12  15  19  19  23  18  15  15  20
 [37]  19  20  22  17  21  25  30  17  17  13  27  32  26  29  28  24  26  34
 [55]  34  43  43  34  36  35  28  30  24  30  33  36  52  53  49  45  43  50
 [73]  62  58  94  73  68  57  67  65  81  85  83  82  81  87  89  96 110 123
 [91] 141 159 151 159 171 181 178 170 202 173 169 189 212 186 183 232 252 223
[109] 235 221 238 231 253 252 264 269 306 296 258 254 303

[[133]]
  [1]   10   46   39   28   23   23   32   26   21   18   19   17   27   25   32
 [16]   42   45   41   49   39   44   45   46   51   67   76   79   87  110  102
 [31]  105  109  105  104  114   99  100  101  124  101  106  118  134  138  135
 [46]  140  133  161  172  212  255  273  254  284  306  275  274  268  305  314
 [61]  345  339  344  332  358  429  404  419  430  439  413  431  467  531  482
 [76]  524  576  603  615  656  639  660  709  741  719  781  762  771  797  809
 [91]  898  955  992  974 1008 1013 1049 1070 1142 1176 1169 1191 1251 1356 1356
[106] 1367 1414 1587 1620 1692 1700 1781 1867 1963 2054 2082 2216 2259 2349 2416
[121] 2558

[[134]]
  [1]  10  24  21  20  19  15  18  13  11  18  22  20  18  13  17  18  28  39
 [19]  36  28  26  27  17  24  26  23  25  35  31  32  23  26  37  44  38  28
 [37]  34  37  36  46  39  54  45  44  46  55  47  52  68  69  56  65  55  63
 [55]  74 107 103 105 107 106  98 104 103 118 140 134 120 106 123 157 158 151
 [73] 138 180 197 178 186 160 174 178 207 236 211 216 207 238 256 252 287 288
 [91] 339 313 315 341 359 371 396 407 420 401 408 455 476 498 498 488 518 539
[109] 572 606 594 597 610 662 721 767 764 750 785 833 838

[[135]]
  [1]   10   30   35   25   18   16   18   26   31   32   26   30   44   47   47
 [16]   46   60   80   71   59   55   59   49   63   55   56   54   64   51   46
 [31]   57   61   63   70   78   91   88   80   77   94   94   91   98   85   75
 [46]   64  102  103  114  105  110  130  148  164  176  179  211  184  209  208
 [61]  215  226  214  243  253  247  261  302  327  322  313  326  345  351  410
 [76]  429  386  463  430  439  455  501  553  555  569  592  592  654  660  685
 [91]  713  723  742  748  748  794  835  851  905  960  943  932  958 1041 1049
[106] 1147 1147 1172 1168 1266 1344 1388 1398 1464 1536 1697 1694 1787 1835 1977
[121] 2143

[[136]]
  [1]  10  34  27  21  18  17  22  19  20  21  19  22  20  28  21  24  28  22
 [19]  17  17  13  18  13  18  15  20  22  17  24  27  32  54  55  47  48  38
 [37]  35  64  54  47  44  50  54  41  37  42  48  43  39  53  46  49  46  33
 [55]  37  43  44  38  35  43  38  42  32  30  50  58  58  50  41  47  61  51
 [73]  44  58  53  74  67  63  65  77  87  88  71  74  86  95  76  66  77  75
 [91]  84  76  68  74  78  77  81 100  91  99 107 100 101 121 122 140 137 132
[109] 150 169 180 176 199 215 201 208 208 213 252 271 276

[[137]]
  [1]   10   26   25   25   21   21   20   36   37   37   30   33   52   50   47
 [16]   33   47   59   49   52   48   55   53   43   60   76   80   86   73   65
 [31]   77  107  113  109  138  126  134  126  128  144  148  145  139  127  128
 [46]  182  189  191  183  184  192  179  177  200  209  212  195  204  236  243
 [61]  290  304  306  304  351  368  385  437  401  401  429  461  431  485  502
 [76]  516  581  644  675  640  688  708  723  760  791  891  855  883  953 1001
 [91]  997  999 1052 1095 1203 1233 1338 1353 1414 1443 1421 1494 1471 1524 1630
[106] 1800 1789 1893 1883 1967 2031 2157 2197 2261 2433 2431 2583 2665 2922 3128
[121] 3277

[[138]]
  [1]   10   49   36   25   20   28   28   31   36   31   43   54   55   45   46
 [16]   44   49   54   56   53   67   53   40   45   48   57   56   48   52   52
 [31]   57   51   50   46   61   87   71   61   56   55   58   77   74   79   86
 [46]   77   82  116  128  127  131  153  145  157  157  142  158  150  167  151
 [61]  154  185  174  195  203  183  168  184  160  183  182  188  220  222  210
 [76]  206  228  236  259  315  325  323  316  357  362  411  374  383  422  460
 [91]  446  455  482  504  489  486  521  585  574  631  640  658  654  639  705
[106]  726  772  774  862  859  853  964  970 1034 1073 1013 1027 1083 1226 1269
[121] 1348

[[139]]
  [1] 10 19 23 15 13 11 10 16 12 10  9  6  4  4  8  5 12  6  9  7  6 10  6  5 12
 [26]  5  3  3  2  2  2  9  7  5  5  5 10  9  6  5 11 11 16  9  8 13 10  9  7 11
 [51]  9  5  3  3  1  3  1  1  1  1  0  0  0  0  0  0  0  0  0  0  0  0  0  0  0
 [76]  0  0  0  0  0  0  0  0  0  0  0  0  0  0  0  0  0  0  0  0  0  0  0  0  0
[101]  0  0  0  0  0  0  0  0  0  0  0  0  0  0  0  0  0  0  0  0  0

[[140]]
  [1]   10   26   24   28   31   30   24   24   22   34   48   37   39   39   39
 [16]   40   44   66   42   43   38   42   47   60   56   68   57   58   84  104
 [31]   94   85  119  112  105   89   99  103  113  115  115  103  137  132  143
 [46]  134  151  164  134  160  186  193  184  235  204  181  160  231  237  259
 [61]  256  272  273  270  311  280  300  316  328  333  379  325  368  417  426
 [76]  469  482  525  547  570  534  564  643  725  764  720  707  722  780  809
 [91]  837  945  984  945  990 1021 1063 1007 1100 1149 1170 1297 1387 1387 1403
[106] 1459 1547 1628 1675 1752 1772 1867 1918 2079 2073 2273 2412 2448 2412 2470
[121] 2643

[[141]]
  [1]   10   24   35   29   29   30   24   34   49   36   47   47   55   60   49
 [16]   56   61   70   69   62   65   50   44   52   72   80   70   79   74   80
 [31]   92   82   73   72   69   69   69   80   83   95  100  116  113  106  118
 [46]  107  104  133  153  164  167  166  165  156  188  185  201  223  231  202
 [61]  262  298  270  297  311  334  319  384  376  398  413  390  360  390  438
 [76]  490  564  572  547  592  641  637  665  705  720  708  734  757  858  882
 [91]  929  986 1029 1034 1083 1109 1158 1171 1306 1358 1356 1433 1448 1534 1601
[106] 1746 1908 1898 1971 2107 2123 2308 2357 2466 2542 2647 2684 2919 3064 3204
[121] 3188

[[142]]
  [1]   10   27   29   28   24   20   17   26   25   21   24   21   25   36   30
 [16]   31   47   45   37   45   62   68   48   41   56   67   72   49   50   55
 [31]   56   49   62   53   60   73   71   74   78   76   84   84   85  108   99
 [46]  105  115  114  109  132  135  138  161  188  195  199  181  201  257  231
 [61]  255  300  306  330  319  346  340  344  347  370  362  408  399  395  449
 [76]  414  427  489  504  505  514  596  602  610  649  674  762  789  833  886
 [91]  974  976 1016 1024 1110 1108 1207 1210 1234 1260 1289 1334 1365 1435 1443
[106] 1607 1692 1752 1759 1838 2002 2098 2206 2291 2341 2582 2587 2778 2825 3004
[121] 3087

[[143]]
  [1]   10   20   21   14   21   19   22   20   28   29   23   29   24   18   33
 [16]   24   25   45   45   45   53   60   49   57   41   44   64   59   53   56
 [31]   61   54   60   56   53   58   48   44   42   41   57   54   43   46   48
 [46]   55   68   65   56   65   56   59   63   60   66   78   81   95   98   84
 [61]  100   98  109  105  107  125  148  168  178  177  197  208  193  240  221
 [76]  217  198  237  271  258  271  317  296  258  281  332  347  408  406  388
 [91]  426  488  524  478  498  551  567  599  605  586  599  618  676  710  734
[106]  735  776  777  790  891  953  946  977  968 1032 1099 1169 1317 1339 1348
[121] 1426

[[144]]
  [1]  10  29  18  13  12  14  15  14  12  10  11  16  20  16  11   9   7  10
 [19]   7   4   4   3   3   3   5   4   3   8   6   8   6   5   4   3  13   8
 [37]   7   6   6   6  10   6   5   9   3   2   2  10   8   6   4   3   7  11
 [55]  12  12  10  15   9   9   9  13  10  11  13  12  10  10  16  21  12  10
 [73]   7  11  15  12   9  14   8  16  11  23  24  32  30  43  34  37  30  34
 [91]  50  60  62  66  68  72  64  72  60  60  80  75  86  77  68  68  82  93
[109]  93 106 121  96 109 128 124 152 144 141 156 157 181

[[145]]
  [1]  10  41  41  32  26  20  19  20  26  26  29  28  31  30  28  22  17  14
 [19]  18  20  15  17  25  17  16  16  14  21  14  19  25  19  17  21  28  23
 [37]  17  26  32  23  26  40  36  29  36  37  42  64  58  50  52  46  51  58
 [55]  59  72  71  74  69  96  86  95  89  98  91  81  95 103  89  85 100  87
 [73]  99 109 116 100  96 101 112 116 119 130 129 127 133 143 143 160 173 174
 [91] 177 168 205 225 259 260 261 255 250 271 256 282 295 310 338 326 344 334
[109] 325 371 347 366 381 405 456 468 477 512 562 607 619

[[146]]
  [1]   10   17   20   18   13   23   26   26   30   24   30   28   30   38   37
 [16]   30   22   36   38   28   22   34   34   36   26   35   42   34   35   38
 [31]   37   41   28   27   22   27   33   34   34   30   40   28   51   58   49
 [46]   46   41   60   59   56   81   89   92   84   82   92  118  113  125  117
 [61]  124  129  127  139  151  132  159  205  210  232  230  226  236  239  294
 [76]  306  289  309  322  376  382  389  412  439  434  487  467  485  510  519
 [91]  508  502  535  589  629  623  601  630  639  675  743  762  810  809  841
[106]  898  902  938  936  971 1018 1056 1114 1154 1179 1223 1280 1322 1362 1454
[121] 1557

[[147]]
  [1]   10   30   27   37   26   32   33   24   28   30   31   47   36   29   35
 [16]   33   37   41   36   32   37   37   39   43   55   64   72   64   57   47
 [31]   65   70   56   65   69   76   65   61   63   62   93   81   94   88   89
 [46]   84   76   84   94  111  109  106  144  140  147  141  155  157  155  178
 [61]  170  168  181  173  155  178  183  167  174  210  224  238  230  255  282
 [76]  308  311  329  367  384  427  387  406  441  456  500  561  591  599  555
 [91]  591  653  683  649  595  686  654  700  803  802  843  767  893  982 1031
[106] 1042 1092 1086 1103 1196 1213 1244 1281 1331 1455 1547 1499 1615 1608 1705
[121] 1730

[[148]]
  [1]  10  27  16  14  12  14  12   7   7   6   3   6   9   7   6   6  12  15
 [19]  11  14  16  20  19  29  21  16  21  19  14  17  15  13  10  14  11  10
 [37]  14  13  11  11  10  17  19  27  25  22  18  33  35  42  38  38  27  30
 [55]  35  43  65  71  57  63  74  67  69  69  65  58  64  70  85  72  88  78
 [73]  67  61  83  80  77  88  94  94  85  84 104 123 105 124 129 128 137 147
 [91] 159 151 177 174 187 193 178 220 234 245 238 241 274 247 272 292 290 307
[109] 308 355 357 370 390 399 428 421 426 496 533 527 512

[[149]]
  [1]   10   25   30   30   29   25   45   58   49   54   48   40   35   50   53
 [16]   62   70   58   59   60   64   54   48   91   71   61   66   78   78   77
 [31]   76   77   81   86   87   70   67   79   97  106   98  101   99  100  105
 [46]  120  141  154  136  126  137  168  158  173  157  192  223  179  215  227
 [61]  226  236  239  252  293  320  321  339  409  446  443  450  509  527  550
 [76]  514  554  567  620  601  661  629  657  699  751  825  848  817  856  906
 [91]  886  891  896  987 1080 1168 1202 1233 1239 1268 1345 1474 1573 1622 1638
[106] 1683 1735 1825 1889 1983 2018 2180 2282 2373 2378 2489 2630 2747 2823 2835
[121] 2971

[[150]]
  [1]   10   22   28   22   18   29   21   22   19   18   29   32   27   30   30
 [16]   32   21   14   17   32   29   34   36   33   31   44   54   62   57   67
 [31]   61   48   43   60   93  101   97   91   90   93  106  147  141  147  138
 [46]  158  191  208  187  179  180  177  185  180  200  205  219  190  185  233
 [61]  212  246  287  274  269  288  311  320  316  362  353  365  373  376  398
 [76]  419  423  414  441  448  486  499  513  505  551  581  564  571  630  645
 [91]  612  671  673  671  735  745  795  842  790  748  811  816  836  892  932
[106]  967  987 1006 1101 1104 1138 1196 1243 1225 1329 1418 1418 1385 1379 1435
[121] 1509

> save(reslist, file=paste("output",iter,".rda",sep=""))
> 
> 
> ###############################################################
> 
> 
> # Clear the workspace and turn off graphics.
> #  Load all the functions you need by sourcing the provided demographic.R file
> #  Read in the job number from the cluster. To do this, your code should include a new
> # variable iter and should start with the line:
> # iter <- as.numeric(Sys.getenv(PBS_ARRAY_INDEX))
> #  Control the random number seeds so that each parallel simulation takes place with a
> # different seed. Your function should therefore set the random number seed as iter so that
> # each parallel simulation has a unique random seed.
> #  In each parallel run, select the initial condition to be used. Ensure that 25 of the parallel
> # simulations are allocated to each of the initial conditions.
> #  Create a variable which is the filename to store your results. The end of the filename
> # should be the number iter to ensure that simulation files do not overwrite one another on
> # the cluster.
> #  Initialise a list which will contain the results of your 150 simulations.
> #  Call the stochastic_simulation function to do the appropriate simulation 150 times,
> # appending the output to the results list, and then save the results list.
> 
> #four initial conditions (25 cluster runs per)
> #each cluster run runs simulation 150 times
> #1) large population of 100 adults
> #2) small population of 10 adults
> #3) 100 individuals spread
> #4) small population of 10 individuals
> 
R has finished running

============================================

        Job resource usage summary 

                 Memory (GB)    NCPUs
 Requested  :         1             1
 Used       :         0 (peak)   0.79 (ave)

============================================
