R is about to run

R version 4.4.1 (2024-06-14) -- "Race for Your Life"
Copyright (C) 2024 The R Foundation for Statistical Computing
Platform: x86_64-conda-linux-gnu

R is free software and comes with ABSOLUTELY NO WARRANTY.
You are welcome to redistribute it under certain conditions.
Type 'license()' or 'licence()' for distribution details.

R is a collaborative project with many contributors.
Type 'contributors()' for more information and
'citation()' on how to cite R or R packages in publications.

Type 'demo()' for some demos, 'help()' for on-line help, or
'help.start()' for an HTML browser interface to help.
Type 'q()' to quit R.

> 
> 
> growth_matrix <- matrix(c(0.1, 0.0, 0.0, 0.0,
+ 0.5, 0.4, 0.0, 0.0,
+ 0.0, 0.4, 0.7, 0.0,
+ 0.0, 0.0, 0.25, 0.4),
+ nrow=4, ncol=4, byrow=T)
> 
> reproduction_matrix <- matrix(c(0.0, 0.0, 0.0, 2.6,
+ 0.0, 0.0, 0.0, 0.0,
+ 0.0, 0.0, 0.0, 0.0,
+ 0.0, 0.0, 0.0, 0.0),
+ nrow=4, ncol=4, byrow=T)
> 
> clutch_distribution <- c(0.06,0.08,0.13,0.15,0.16,0.18,0.15,0.06,0.03)
> 
> #=========================================================================================
> rm(list=ls())
> graphics.off()
> source("Demographic.R")
> source("kl2621_HPC_2024_main.R")
[1] 0 0 0 0 3
[1] 3 3 2 2 2
[1] 1 1
 [1] 7 4 3 3 3 2 2 2 2 1 1 1 1 1 1 1 1 1 1 1 1
> 
> 
> ###4 initial conditions
> 
> ############################################################
> 
> 
> 
> #VVVVVVVVVVVV-------------COMMENT ME OUT WHEN RUNNING THE THING
> #iter <- 5
> #VVVVVVVVVVV--------------UNCOMMENT ME OUT
> iter <- as.numeric(Sys.getenv("PBS_ARRAY_INDEX"))
> set.seed(iter)
> 
> 
> if (iter <= 25) {
+ initial_state <- state_initialise_adult(4,100) #100 adults
+ } else if (iter >25 && iter <= 50) {
+ initial_state <- state_initialise_adult(4,10) #10 adults
+ } else if (iter >50 && iter <= 75) {
+ initial_state <- state_initialise_spread(4,100) #100 spread
+ } else {
+ initial_state <- state_initialise_spread(4,10) #10 spread
+ }
> 
> reslist <- list()
> 
> ####100 cluster runs
> ###################################################
> ####150 runs of stochastic_simulation per cluster run
> for (i in 1:150) {
+     #################################
+     ###120 steps of stochastic_simulation per simulation
+     stochasticresult <- stochastic_simulation(initial_state,growth_matrix,reproduction_matrix,clutch_distribution,120)
+     reslist[[i]] <- stochasticresult
+     #################################
+ }
> ###################################################
> 
> print(reslist)
[[1]]
  [1]   10    5    4    3   12    6    5    6   11   17   13   11   16   26   15
 [16]   18   17   16   14   29   20   26   29   22   26   35   53   42   43   43
 [31]   47   50   62   58   61   60   56   82   86   85   92  101   94  119  127
 [46]  106  100  106  113  106  120  125  123  143  153  126  121  152  164  172
 [61]  153  159  153  157  169  155  146  179  181  188  201  218  215  218  236
 [76]  252  273  253  267  268  258  312  280  286  305  298  285  311  322  326
 [91]  337  337  355  368  366  367  400  413  459  469  490  521  523  586  654
[106]  622  641  715  708  801  803  791  869  853  913  948  997 1009 1059 1122
[121] 1219

[[2]]
  [1]  10   8   6   9  11   7  13  10   8   7  12   8  11  14  22  20  14  14
 [19]  14  18  15  17  12  15  19  16  19  15  11  10  12  19  15  13  20  35
 [37]  34  39  43  47  31  38  28  25  34  37  33  31  26  38  31  47  54  59
 [55]  47  47  44  45  49  59  65  59  65  63 101  86  89  86  89  85 113 108
 [73] 116 104 102 117 120 100  93 103 104 104 127 141 146 151 180 168 149 170
 [91] 176 190 191 206 200 216 200 205 217 238 233 235 233 236 236 258 286 304
[109] 315 361 362 384 386 375 436 457 459 471 462 507 515

[[3]]
  [1]  10   6   6  11  10   8  13  18  17   9   8  11  18  14  11   8  12  10
 [19]   9   6   6  12   9  11   7   6   6  15  13  18  17  20  29  26  19  17
 [37]  31  28  22  22  21  27  22  33  35  41  40  41  40  43  44  38  39  35
 [55]  43  60  71  66  66  61  74  77  84  94  79  88  85 102  93 115 111 127
 [73] 111 105 111 115 125 138 150 181 181 164 185 195 221 225 231 261 260 305
 [91] 310 328 358 321 313 376 364 398 391 406 362 380 446 462 476 520 514 524
[109] 583 595 636 602 670 661 654 679 682 740 767 805 859

[[4]]
  [1]  10  13   9  11  19  23  14  10  19  16  18  15  20  16  17  22  19  25
 [19]  27  27  28  23  16  12   9  11  12  10  12  10  12  22  19  12  13  14
 [37]  12   9   4   3   3   7   6   4   4   8   7   4   3   3   3  10   6   3
 [55]   3   3   7   4   3   3   3   3   7   3   3   3   3   8   9  16   9   6
 [73]   3   3  18  18  14  15  17  12  18  14  18  22  32  25  31  39  41  37
 [91]  35  34  36  38  30  31  35  46  56  54  64  71  57  65  56  62  60  79
[109]  80  78  94  94 106  99 108 145 111 109 105 107 116

[[5]]
  [1]  10   8  11  16  13   7  18  10  15  18  24  18  17  27  31  34  24  23
 [19]  23  26  32  21  17  28  26  21  29  29  24  17  15  25  22  18  20  17
 [37]  12  11  15  25  28  21  18  17  20  29  36  31  38  29  32  55  47  47
 [55]  49  41  47  53  59  61  76 113  87  94 101  91  83  94 104 102  89 111
 [73] 114 118 118 110 134 115 117 116 131 157 157 165 130 159 156 186 165 171
 [91] 182 184 181 156 173 194 186 194 181 209 194 190 185 190 203 172 193 210
[109] 212 226 240 261 288 302 332 389 381 360 392 400 408

[[6]]
  [1]  10  11  14   9  17  15  10  14  10   8   8   8  24  16  15  16  17  28
 [19]  34  42  41  33  32  47  38  28  27  19  29  27  24  35  33  29  27  20
 [37]  24  29  42  41  59  45  51  55  50  39  35  38  50  68  41  33  34  44
 [55]  37  49  58  56  44  36  40  63  60  77  85  85  78  81  77  92  95 105
 [73]  92  85 127 127 125 127 141 140 130 149 167 181 200 193 196 204 199 192
 [91] 216 211 228 223 235 228 244 257 251 275 259 257 304 343 370 440 386 387
[109] 393 419 427 488 490 539 514 481 514 516 579 592 591

[[7]]
  [1]  10  13  12  13  19  18  15  11  11  21  17  21  15  20  22  25  19  27
 [19]  36  37  33  33  40  39  40  38  35  44  42  31  33  38  38  58  60  71
 [37]  46  67  50  64  65  59  56  51  59  56  46  48  54  45  54  47  43  45
 [55]  48  44  47  48  35  56  43  35  38  55  53  59  68  66  68  72  90 107
 [73] 120 112  99 114 136 134 138 126 122 118 129 120 147 137 131 137 136 154
 [91] 150 158 158 157 161 172 196 182 180 182 205 216 258 266 276 305 293 353
[109] 377 365 332 335 355 455 491 454 449 462 489 511 512

[[8]]
  [1]   10   16   19   13    9   23   26   31   33   24   23   24   27   32   29
 [16]   30   33   25   48   55   60   66   46   49   53   61   62   48   58   68
 [31]   70   74   66   78   91   76   70   88   77   82   90   89  114  105   88
 [46]  118  118  146  141  154  153  162  173  156  162  182  191  205  219  210
 [61]  222  268  268  256  241  228  244  293  263  248  232  230  244  269  315
 [76]  300  309  313  303  357  378  361  390  429  451  462  460  497  523  558
 [91]  556  583  579  611  657  702  709  741  817  815  845  840  858  913  964
[106]  963 1010  948 1014 1086 1141 1213 1267 1304 1255 1400 1359 1351 1416 1534
[121] 1618

[[9]]
  [1] 10  9  4  4  3  8  4  4  4  4  3  1  5  6  4  4  3 10  9  6  4  3  3 14  9
 [26]  9  9  7  5  9 12  8 15  9 18 13  8  6  7  7  6  9  7  3  3  3  2  2  2  5
 [51]  2  0  0  0  0  0  0  0  0  0  0  0  0  0  0  0  0  0  0  0  0  0  0  0  0
 [76]  0  0  0  0  0  0  0  0  0  0  0  0  0  0  0  0  0  0  0  0  0  0  0  0  0
[101]  0  0  0  0  0  0  0  0  0  0  0  0  0  0  0  0  0  0  0  0  0

[[10]]
  [1]   10    7   13   10   14   15    9    9   19   18   22   16   20   23   31
 [16]   32   35   21   18   21   30   33   28   25   42   61   47   38   39   42
 [31]   58   57   49   37   44   53   64   76   55   63   68   86   90   89   97
 [46]   94  114  105  120  101  116  106  106  116  113  137  131  137  134  151
 [61]  167  150  162  182  215  241  216  197  230  227  250  291  301  325  310
 [76]  328  375  360  368  351  347  407  431  454  445  474  493  550  589  538
 [91]  566  590  648  672  713  767  784  794  818  836  884  926  925  950  923
[106]  978 1000 1121 1162 1190 1251 1301 1331 1395 1409 1483 1605 1630 1706 1850
[121] 1852

[[11]]
  [1]  10   7  12   8   6   5   3   3  10  11  16  12  11   9  16  12   8   6
 [19]   5   5  10  14  11   9  16  12   9   9  18  16  16   9  12   9   8   7
 [37]   7   8   5  11   9   4   4   9  16   8   8   7   5  13  16  11   9   7
 [55]  18  16  17  18  24  17  29  36  31  24  28  27  41  35  27  37  36  40
 [73]  42  35  37  37  35  27  28  26  31  39  25  30  40  49  38  41  33  43
 [91]  49  42  49  63  75  73  70  68  70  70  73  75  87  94  87 103 111 120
[109] 111 108  99 106 111 125 140 140 139 114 132 134 149

[[12]]
  [1]   10   19   20   16   15   15   19   26   24   20   18   21   50   38   31
 [16]   39   44   29   31   42   53   52   35   33   43   46   52   50   67   69
 [31]   91   83   98   85   92   76   94  112  102   99  100  117  128  127  133
 [46]  149  170  162  163  148  170  173  220  218  221  216  259  270  267  251
 [61]  325  322  313  397  422  447  418  459  486  505  543  551  564  529  569
 [76]  611  645  648  695  657  686  724  767  815  839  880  882  934 1019 1093
 [91] 1045 1051 1112 1183 1272 1257 1346 1415 1410 1506 1597 1543 1635 1653 1717
[106] 1904 1993 1958 2091 2160 2133 2190 2387 2431 2539 2659 2779 2939 2960 3078
[121] 3213

[[13]]
  [1]  10  11   8  10   6  15  20  19  18  23  17  15  19  16  13  13  13  12
 [19]  11   9  10  15  12  18  12  22  20  26  18  19  14  17  14  22  23  23
 [37]  17  20  15  17  20  20  23  24  26  28  23  22  29  25  21  28  48  46
 [55]  72  66  44  57  59  67  61  68  94  86  86  93  87  86  85  78  94 100
 [73]  98 104 102  98 113 113 130 143 148 147 137 146 132 143 173 184 169 188
 [91] 198 228 228 227 258 254 315 276 310 319 285 303 372 337 375 384 379 382
[109] 453 463 466 457 509 542 565 576 589 635 656 619 696

[[14]]
  [1]   10    8   10   12    9    7    7   11    9   12   13   19   27   28   25
 [16]   31   30   40   36   44   58   46   48   50   39   38   52   52   46   57
 [31]   63   74   59   74  100   93   87   84   91   92   98  113   93  102  109
 [46]  118  124  106  114  118  126  145  146  162  160  152  151  187  181  187
 [61]  177  182  183  213  228  223  217  203  233  215  239  260  230  244  215
 [76]  231  235  256  283  299  250  244  241  307  304  324  299  304  316  323
 [91]  339  413  442  465  437  412  425  496  484  558  517  574  561  604  591
[106]  624  666  687  679  740  786  802  815  848  921  983  908  966  988 1003
[121]  984

[[15]]
  [1]  10  18  16  12  10  10   8   8   6  20  17  11   9  12   9  13  16  14
 [19]  14  14  11  10   8  18  15  13  15  10  10   9  13  15  20  19  16  14
 [37]  18  12   8  13  22  18  16  22  25  18  20  25  28  29  28  24  22  25
 [55]  20  26  28  27  25  26  26  29  25  25  39  54  54  46  48  59  48  52
 [73]  55  61  73  67  82  92  96  82  95 105 109  89  91 102 103 114 118 112
 [91] 144 143 140 140 162 185 162 181 167 186 194 185 181 165 168 174 180 191
[109] 202 178 211 233 235 243 260 268 262 281 237 278 307

[[16]]
  [1]  10   9  11  18   9  15  12  13  16  14  16  11   9  10   8   7   6  10
 [19]  10  25  19  16  13  18  28  19  15  15  27  42  51  37  31  35  29  24
 [37]  44  47  38  52  37  36  31  30  22  28  22  18  22  25  24  30  28  30
 [55]  23  32  36  39  48  37  30  34  34  30  21  22  15  17  22  25  23  26
 [73]  41  39  33  29  46  36  29  32  29  48  70  60  66  60  72  63  54  73
 [91]  78  78  69  72  62  82  80 117 105  96  99 116 139 147 166 162 155 159
[109] 168 172 178 194 201 177 227 233 245 253 274 321 287

[[17]]
  [1]   10   16   19   14   19   33   23   22   20   27   29   39   30   36   28
 [16]   39   42   61   43   50   42   42   53   47   64   61   56   70   73   67
 [31]   71   78   78  113  102   91   96   98  117  101   98  117  125  118  135
 [46]  149  162  164  162  158  164  180  202  189  204  228  205  180  216  225
 [61]  227  264  285  274  283  280  282  267  287  311  321  279  332  319  321
 [76]  336  369  417  462  491  469  471  510  548  603  584  603  567  622  650
 [91]  645  683  693  735  754  768  804  875  840  920  966  988 1033 1090 1163
[106] 1160 1185 1249 1240 1304 1373 1413 1465 1624 1654 1764 1824 1760 1913 2026
[121] 1969

[[18]]
  [1]   10   17   14   11   16   11   14   12   19   22   19   19   14   19   19
 [16]   17   20   29   35   47   54   46   39   59   62   55   57   53   53   71
 [31]   66   71   73   79   74   82  119  115  115  108  130  117  145  140  154
 [46]  158  167  169  181  183  188  187  175  177  171  168  197  219  195  189
 [61]  165  197  200  209  233  205  206  235  247  267  287  301  259  305  329
 [76]  342  331  317  311  348  333  373  378  445  469  554  505  490  496  537
 [91]  571  596  640  648  647  639  697  793  753  794  849  888  859  920  940
[106] 1066 1057 1098 1145 1257 1334 1365 1406 1487 1529 1559 1713 1670 1744 1883
[121] 1917

[[19]]
  [1] 10 17  8  7  5  8  5  5  4  2  2  2  2  7  9  3  2  1  1  1  1  1  0  0  0
 [26]  0  0  0  0  0  0  0  0  0  0  0  0  0  0  0  0  0  0  0  0  0  0  0  0  0
 [51]  0  0  0  0  0  0  0  0  0  0  0  0  0  0  0  0  0  0  0  0  0  0  0  0  0
 [76]  0  0  0  0  0  0  0  0  0  0  0  0  0  0  0  0  0  0  0  0  0  0  0  0  0
[101]  0  0  0  0  0  0  0  0  0  0  0  0  0  0  0  0  0  0  0  0  0

[[20]]
  [1]  10  15  11   9  20  15  12  13  13  10   8   7   6   5   5   4   9   4
 [19]  13  10   9   7   6  17  16  13  11   8   7   7   7  15   8   6  13   9
 [37]   7   6  13  18  21  34  37  41  46  59  64  68  62  50  57  65  82  86
 [55]  73  82  95  97  81  82  91  79  91 107  90  85  98  85  88  90  77  73
 [73]  66  68  81  87  85  86  89  80  88 102 100 119 111 145 123 113 129 122
 [91] 119 134 154 161 182 196 230 221 231 245 242 258 281 302 308 307 315 301
[109] 298 298 348 341 340 327 320 352 398 441 431 453 454

[[21]]
  [1]  10   4   8  16  13  13  11  16  14   8   7   7   9  15  13  11  17  23
 [19]  13  17  16  13  15  13  13  22  24  17  16  17  14  20  22  22  18  16
 [37]  16  26  33  23  16  23  21  16  20  15  16  16  14  31  26  21  18  33
 [55]  33  40  35  35  43  49  40  55  67  79  73  58  85  88  80  71  77  73
 [73] 100 122  93  82  82 109 104 118 109 114  92  84 104 130 143 156 153 166
 [91] 145 177 167 161 147 172 179 191 201 203 197 182 208 210 228 224 233 258
[109] 302 318 311 306 343 388 412 473 495 485 497 568 610

[[22]]
  [1]   10   22   26   20   18   18   21   17   28   34   27   29   26   20   32
 [16]   31   36   28   37   47   48   47   52   53   44   53   57   57   68   62
 [31]   51   43   46   56   55   41   35   36   35   43   56   49   46   51   51
 [46]   45   49   71   65   61   71   74   94   78   73   70   95  112  108   99
 [61]  111  110  114  125  126  109  114  126  154  154  161  178  177  213  197
 [76]  214  249  258  284  296  336  321  336  346  347  454  472  486  489  483
 [91]  483  483  556  585  628  596  606  634  719  740  794  733  688  763  842
[106]  867  881  909  940  920 1007 1069 1075 1111 1115 1130 1212 1244 1292 1354
[121] 1379

[[23]]
  [1]  10  10  26  16  19  18  15  18  24  23  22  16  20  23  31  26  27  24
 [19]  20  21  21  21  22  14  13  21  22  16  12  13  20  14  12  14  27  19
 [37]  15  20  21  28  22  22  37  27  35  31  35  35  39  46  43  44  45  31
 [55]  31  53  35  28  26  37  42  48  48  64  67  76  77  85  81  90 109 133
 [73] 111 130 139 142 158 157 160 145 138 134 166 177 201 181 212 211 226 209
 [91] 238 254 231 276 292 277 255 264 279 315 312 317 299 321 315 330 342 370
[109] 400 402 434 431 431 456 519 487 486 533 550 555 595

[[24]]
  [1] 10  8  6  6  4 10  8  6  5  5 10  6  5  6  6  3  2  1  1  1  5  4  3  3  3
 [26]  2  3  3  3  1  1  0  0  0  0  0  0  0  0  0  0  0  0  0  0  0  0  0  0  0
 [51]  0  0  0  0  0  0  0  0  0  0  0  0  0  0  0  0  0  0  0  0  0  0  0  0  0
 [76]  0  0  0  0  0  0  0  0  0  0  0  0  0  0  0  0  0  0  0  0  0  0  0  0  0
[101]  0  0  0  0  0  0  0  0  0  0  0  0  0  0  0  0  0  0  0  0  0

[[25]]
  [1]  10   9  10   6   6   4  13  11   7   6  11   6  10   7  15  19  16  15
 [19]  14  14  17  17  16  13  17  22  23  34  25  22  37  26  33  34  29  33
 [37]  39  59  49  48  53  54  52  51  45  67  55  73  75  77  75  97 113 100
 [55] 128 119 115 113 126 148 135 125 131 122 141 135 147 159 156 136 151 165
 [73] 165 176 157 156 186 186 159 178 178 199 202 212 220 247 251 276 298 314
 [91] 315 312 280 307 313 335 368 386 439 429 457 475 474 528 495 529 574 586
[109] 580 611 614 709 714 693 737 747 898 912 894 935 997

[[26]]
  [1]   10    8    4   18   15   10   11    9    8   21   18   17   24   17   44
 [16]   32   26   28   37   53   42   38   32   25   39   40   34   47   46   43
 [31]   44   44   43   37   37   43   59   64   60   63   80   78   76   58   52
 [46]   72   92   79   91   95  109  104   92   97  129  136  131  133  128  158
 [61]  169  168  168  154  167  168  175  180  184  192  181  175  214  237  220
 [76]  215  240  256  243  246  242  310  309  338  328  334  321  406  412  421
 [91]  432  473  459  485  451  492  536  547  579  563  611  637  717  687  655
[106]  675  677  748  823  809  825  845  854  895  960  999 1017 1030 1105 1128
[121] 1121

[[27]]
  [1]  10   7   6   3   7   8   3   3   8   6   6   5   5   4   4   3   3   4
 [19]  11   6   8  10   8  15  22  18  15  28  25  29  21  40  37  41  45  50
 [37]  53  42  41  59  65  64  68  73  73  98 105 109 107 104 107 126 129 102
 [55] 113 112 117 124 119  98 112 113 133 110 117 125 132 126 131 118 117 125
 [73] 113 113 108 136 171 153 160 144 142 142 148 151 181 186 202 175 211 215
 [91] 211 218 198 205 171 222 262 285 283 300 329 333 372 351 344 373 424 467
[109] 438 478 505 496 539 555 524 546 610 648 718 691 693

[[28]]
  [1] 10 15 18 16 12 10  9  8  6  5  4  3  9  7  6  4  2  2  0  0  0  0  0  0  0
 [26]  0  0  0  0  0  0  0  0  0  0  0  0  0  0  0  0  0  0  0  0  0  0  0  0  0
 [51]  0  0  0  0  0  0  0  0  0  0  0  0  0  0  0  0  0  0  0  0  0  0  0  0  0
 [76]  0  0  0  0  0  0  0  0  0  0  0  0  0  0  0  0  0  0  0  0  0  0  0  0  0
[101]  0  0  0  0  0  0  0  0  0  0  0  0  0  0  0  0  0  0  0  0  0

[[29]]
  [1]   10   12    8   10   15   15   13   13   14   12   16   22   23   16   25
 [16]   17   18   27   27   23   19   18   20   23   27   35   33   30   37   31
 [31]   36   33   41   43   41   35   40   55   58   45   49   52   60   47   51
 [46]   52   63   82   98   76   81   89   95   95   97  108   86   97  100  105
 [61]  119  116  123  126  122  137  158  154  178  182  163  166  172  187  179
 [76]  201  191  196  201  188  204  223  222  215  251  267  272  275  284  289
 [91]  337  394  418  424  423  461  439  521  495  557  535  514  564  585  684
[106]  677  674  641  658  721  792  787  815  839  846  898  932  975 1022 1088
[121] 1146

[[30]]
  [1]   10   12    8    7    7   18   22   30   18   16   20   26   21   18   16
 [16]   15   37   41   34   33   31   42   40   44   43   42   31   31   51   63
 [31]   57   43   40   42   33   50   61   67   65   72   59   60   62   55   81
 [46]   89   83   80   76   83   73   64   69  105  102  105  100  105   87  111
 [61]  124  111  122  129  157  165  168  193  181  170  174  188  212  246  230
 [76]  241  235  244  262  271  302  315  300  335  356  342  342  350  375  349
 [91]  410  418  432  473  514  487  478  483  555  556  578  621  706  734  702
[106]  836  789  799  782  764  812  870  934  908  914  902  936  982 1063 1035
[121] 1124

[[31]]
  [1] 10 17  8  6  6  5  6  4  4  4  4  4  4  4  2  2  1  1  1  1  1  5  2  2  2
 [26]  2  2  2  6  6  5  3  2  1  1  1  1  1  1  1  1  0  0  0  0  0  0  0  0  0
 [51]  0  0  0  0  0  0  0  0  0  0  0  0  0  0  0  0  0  0  0  0  0  0  0  0  0
 [76]  0  0  0  0  0  0  0  0  0  0  0  0  0  0  0  0  0  0  0  0  0  0  0  0  0
[101]  0  0  0  0  0  0  0  0  0  0  0  0  0  0  0  0  0  0  0  0  0

[[32]]
  [1] 10 12 13  8  6  6  5  4  5 10  8  7 12  9  9 15 14 12 11 18 24 19 17 16 12
 [26]  8  8  7  6 13 22 15 10 10 16 19 12 11  9 12  8  9 12 10 13  9 10  8 11 25
 [51] 29 18 15 16 17 20 20 16 31 31 23 25 26 22 24 25 25 27 24 18 14 19 22 23 14
 [76] 27 19 13 11 12  9  8  6 11 13  6  5  4  2  2  0  0  0  0  0  0  0  0  0  0
[101]  0  0  0  0  0  0  0  0  0  0  0  0  0  0  0  0  0  0  0  0  0

[[33]]
  [1] 10 15 10  9  6  9  8  6  5  5  5  8 12  7  7  5  4  4  4  3 11 12  6  6  5
 [26]  5  8 13 24 18 13 18 18 19 17 14 10 13 14 17 14 10  9 17 21 16 13 10 18 14
 [51] 14 12  9  9 17 11 10  7 14 10  9 13 17 18 17 11  6  6  5 11 18 12 11  7  7
 [76]  5  8  7 11  9  5  4  4 12 10 15 15 11 20 25 22 19 13 17 33 24 28 29 34 23
[101] 36 32 29 25 26 27 35 40 54 53 49 53 48 68 68 63 74 78 76 67 73

[[34]]
  [1]  10  12  14  11   9   6   5   5  14  16   5   3   3   7   4   4   3   3
 [19]   6   4   3  11  13   9   7   6   6  10  11  15  16  11  19  16  11  11
 [37]  11  10  18  19  17  19  14  30  13  12  19  18  22  15  17  21  18  24
 [55]  36  27  25  30  35  47  40  35  43  42  42  50  51  48  57  65  70  56
 [73]  57  57  51  43  59  54  58  62  57  80  88  97  88  91 109 128 158 174
 [91] 167 163 157 191 199 199 225 226 217 214 277 279 291 307 321 315 292 281
[109] 273 287 303 321 359 322 338 351 345 332 339 365 364

[[35]]
  [1]  10   7   5   8  14  14  11  11  10  16  12  11  14  10   8   6  11   7
 [19]   7   6   4   4   9  11   5   4   9  11   7   6  10   8   7   9   4   9
 [37]   5   4   4   4  11  17  20  16  20  16  15  15  29  23  25  31  43  34
 [55]  34  44  45  37  63  66  58  51  49  75  74  78  76  98  76  86  94  84
 [73]  91 103  81  77  85  92 116 110 113 105 106 107 121 108 126 108 117 149
 [91] 151 168 133 160 204 187 188 161 178 195 210 233 240 229 261 274 315 315
[109] 337 366 365 390 434 459 466 500 510 544 552 548 594

[[36]]
  [1]   10   18   13   13   12   18   16   29   32   38   37   43   54   63   50
 [16]   43   71   64   60   61   70   66   51   45   66   67   72   70   75   77
 [31]   78   93  114  125  115  119  144  155  142  124  108  119  153  141  157
 [46]  157  140  142  166  170  187  173  172  165  171  171  188  224  237  243
 [61]  254  247  268  256  284  293  318  353  335  352  402  409  392  390  370
 [76]  413  461  436  445  479  543  502  532  576  563  577  612  670  695  738
 [91]  754  747  749  856  867  945  978 1077 1064 1105 1150 1112 1246 1207 1329
[106] 1390 1414 1464 1508 1555 1634 1621 1691 1734 1915 1990 2054 2142 2197 2206
[121] 2311

[[37]]
  [1]   10   14    9    8   13   17   22   24   17   22   21   25   20   26   20
 [16]   24   22   23   21   21   24   18   22   20   16   22   25   38   32   30
 [31]   35   36   35   25   29   37   30   33   43   49   46   58   63   71   84
 [46]   92   81   85   88   82   86   93  103  100   99   98  119  126  139  156
 [61]  158  176  161  144  158  168  155  179  181  182  187  201  194  198  217
 [76]  210  216  235  278  301  290  335  317  309  308  328  358  385  418  408
 [91]  439  474  481  496  492  480  520  549  585  594  639  603  639  674  731
[106]  713  807  790  780  774  807  884  902  957 1018 1060 1055 1132 1100 1156
[121] 1226

[[38]]
  [1]   10   18   18   13   10   10   14   18   21   16   13   13   13   13   12
 [16]   18   13   24   22   21   17   19   16   18   21   21   23   22   23   30
 [31]   25   22   28   33   25   31   39   50   58   52   61   67   53   52   50
 [46]   73   76   64   64   55   67   74   67   60   73   78   81   88   79   85
 [61]   75   83   76   64   77   80   98   94  110  133  137  139  140  156  147
 [76]  164  197  208  201  222  232  256  291  253  280  305  287  323  323  335
 [91]  344  345  403  449  471  489  468  510  543  496  521  592  652  629  686
[106]  731  786  784  815  814  796  837  897  941  989  946  965  970 1047 1137
[121] 1182

[[39]]
  [1]   10   10   19   21   26   20   23   18   24   22   23   19   20   21   28
 [16]   33   36   27   32   41   53   57   41   49   50   73   85   81   94   70
 [31]   66   71   98   97   94  101  101  118  119  132  126  137  165  153  155
 [46]  156  195  188  184  165  190  205  202  203  188  206  211  227  210  200
 [61]  193  220  222  219  208  196  208  234  216  216  242  282  308  296  280
 [76]  299  340  340  351  346  352  361  371  408  431  449  474  456  493  516
 [91]  567  516  537  561  560  560  590  618  605  666  676  744  745  762  745
[106]  724  818  893  929  959  936  991 1070 1115 1281 1272 1264 1348 1361 1499
[121] 1688

[[40]]
  [1]   10    8   12   15   15   14   19   14   11   41   36   30   29   28   23
 [16]   42   36   50   36   58   65   52   60   60   66   62   62   81   84   84
 [31]   90   87   95   83   98   84   80   87   96  100  141  137  130  124  121
 [46]  120  129  139  141  127  141  158  176  186  211  213  220  243  220  239
 [61]  227  244  236  257  277  270  304  330  329  345  363  395  391  405  377
 [76]  426  451  443  432  485  453  525  602  659  603  628  664  732  756  856
 [91]  872  866  894 1036 1062 1032 1102 1204 1186 1333 1260 1388 1415 1504 1527
[106] 1670 1750 1791 1795 1804 1957 1978 2125 2195 2277 2373 2412 2571 2700 2702
[121] 2911

[[41]]
  [1]  10  10  21  13  11  13   9  14  15  10   9  14  11   9  13  14  10   9
 [19]   8  11  10   8  12  12   9  10  27  34  25  22  19  18  24  22  26  28
 [37]  30  37  29  24  22  19  18  28  19  22  20  17  21  28  25  31  34  27
 [55]  38  27  18  18  39  33  31  31  30  29  30  39  40  36  37  39  43  36
 [73]  35  49  53  54  49  52  50  64  63  62  76  80  68  66  70  53  66  54
 [91]  64  80  77  94 105  81  93  86  76  78  84  79  93  90  86  98 114 107
[109] 116 112 138 137 134 153 180 159 168 177 178 194 212

[[42]]
  [1] 10  6  6  4  1  1  1  1  1  1  1  1  1  1  0  0  0  0  0  0  0  0  0  0  0
 [26]  0  0  0  0  0  0  0  0  0  0  0  0  0  0  0  0  0  0  0  0  0  0  0  0  0
 [51]  0  0  0  0  0  0  0  0  0  0  0  0  0  0  0  0  0  0  0  0  0  0  0  0  0
 [76]  0  0  0  0  0  0  0  0  0  0  0  0  0  0  0  0  0  0  0  0  0  0  0  0  0
[101]  0  0  0  0  0  0  0  0  0  0  0  0  0  0  0  0  0  0  0  0  0

[[43]]
  [1]   10    9   16   22   17   21   16   18   15   10   21   26   22   29   30
 [16]   29   34   37   37   42   46   50   34   47   41   54   60   51   44   77
 [31]   89   78   75   63   65   78  101  114  110  117  119  119  143  145  146
 [46]  140  139  165  194  182  169  150  167  168  191  211  201  248  232  287
 [61]  277  272  269  274  310  308  328  317  349  373  397  412  436  419  453
 [76]  478  467  483  505  590  567  545  584  626  640  609  575  651  691  715
 [91]  730  755  722  812  834  909  931  960 1001 1053 1073 1108 1097 1124 1172
[106] 1153 1209 1248 1313 1354 1460 1522 1588 1578 1665 1806 1856 1917 2088 2181
[121] 2248

[[44]]
  [1]  10  13  11   8  12  17  12  17  14  17  13  20  19  24  17  18  12  14
 [19]  12  14  10  10  10  14  11  10  17  19  23  20  19  16  20  14  16  10
 [37]  13  17  15  12   8   7   9   7   9  13   9   9   7  13  15  18  25  23
 [55]  31  32  35  41  43  37  47  61  40  38  45  53  55  60  51  66  76  79
 [73]  84 102 132 122 114 115 147 132 141 136 162 149 157 150 171 158 170 198
 [91] 223 230 199 215 241 263 258 250 246 242 260 280 273 287 286 261 256 290
[109] 313 293 338 357 349 402 405 450 446 441 456 478 517

[[45]]
  [1]  10  11  11   6   3   2   2   2   2   2   2   5   8   2   2   2   1   6
 [19]   2   2   2   2   7   6   4   3   3   3   9   4  10   7  11   9   8   6
 [37]   5  10   9   5   4   4   3   6   2   2   2   2   2   7  11  14  10  15
 [55]  10  17  17  27  33  28  38  43  41  36  34  34  36  30  35  40  44  41
 [73]  47  50  46  40  65  52  53  47  72  89  89  84  67  78  81  81  89  70
 [91]  78  82  86  79  80  85  86  79  88  82  86 118 122 136 104  92 111 123
[109] 112  94 110 113 143 138 142 152 165 184 171 171 154

[[46]]
  [1]  10   9  19  16  11  15  10  17  13  11  13  15  12  18  20  23  17  21
 [19]  20  17  17  10  10   6   5   8   6  11   8   7   6  14  13  11   9   8
 [37]  11   8   7  20  12  10  14  11  14  25  30  31  33  25  19  28  34  45
 [55]  45  54  46  48  37  37  50  50  53  52  40  37  46  57  67  95  75  60
 [73]  61  62  67  74  71  85  62  63  60  72  79  63  71  57  80  90  88  90
 [91]  98 101 115 113 111 127 125 134 145 139 139 151 149 130 140 145 153 195
[109] 189 184 190 226 229 256 256 290 307 303 331 339 320

[[47]]
  [1]   10    9   13    9    7   12   10   12   16   26   27   30   27   32   37
 [16]   27   39   46   41   41   54   52   59   45   46   59   56   60   62   54
 [31]   56   62   61   68   62   60   75   81   92   85   75   74   81  103  104
 [46]   88   91   98  121  101  127  125  160  116  122  122  129  108  110  100
 [61]  105  139  146  125  147  160  161  185  199  176  188  184  208  206  203
 [76]  190  199  195  226  250  264  270  295  321  328  305  359  326  340  367
 [91]  384  379  385  387  408  394  400  434  476  491  539  522  555  572  628
[106]  685  727  708  716  781  769  814  848  892  965  992 1063 1110 1122 1236
[121] 1245

[[48]]
  [1]  10  11   7  16  13  10   8   6   4   4   4   4   4   2   2   6   8  15
 [19]  15  10  10  17  25  26  22  22  25  21  26  30  33  24  27  27  30  34
 [37]  32  24  23  22  17  21  18  14  17  20  16  21  27  26  40  40  43  40
 [55]  35  35  53  61  59  68  71  71  85  90  86  87  99 108 122 107 111 109
 [73]  84 105 131 120 125 132 153 147 152 189 193 211 207 227 209 212 225 233
 [91] 220 245 263 254 257 301 303 352 362 356 378 366 401 462 419 451 428 405
[109] 414 470 493 481 494 521 536 525 524 605 583 610 615

[[49]]
  [1]   10   10   12   13   14    8    7    6    3    3    3   15   15   22   17
 [16]   23   15   16   15   15   14   32   41   45   41   35   30   36   32   31
 [31]   33   37   31   41   40   41   53   46   45   62   66   89   75   79   76
 [46]   76   67  113  103  124   99  119  132  141  143  118  116  105  106  123
 [61]  164  146  168  146  151  127  143  140  176  159  167  186  185  185  215
 [76]  224  256  261  276  299  320  261  275  329  384  397  382  400  444  390
 [91]  423  480  500  520  506  537  525  521  600  640  679  662  650  733  784
[106]  844  893  887  915  947  995 1054 1109 1220 1187 1264 1350 1429 1429 1488
[121] 1559

[[50]]
  [1]  10  12  12   9  10  19   7   5   5   5  10  12   7  11   9   8   7   6
 [19]  17  24  16  17  14   9  13  16  14  12  18  21  14  20  15  17  16  31
 [37]  31  33  38  24  27  21  28  28  30  28  27  33  31  36  26  25  35  42
 [55]  55  46  42  52  54  50  53  59  56  62  69  52  79  84  76  76  99 100
 [73]  93 104 103 105 104 106  98 114 116 119 121 133 166 191 194 177 178 185
 [91] 208 220 234 231 234 230 273 304 279 275 310 356 339 386 399 404 408 466
[109] 479 482 499 522 521 542 580 650 591 672 714 756 810

[[51]]
  [1]  10  11   7   6   6   5   9  13  10  13  10  14  18  11   9   8   7  15
 [19]   8   6  10  10   7   6   4  10  14  18  12  20  15  31  28  34  18  25
 [37]  19  26  30  24  29  42  42  33  30  23  25  32  27  43  45  35  42  36
 [55]  49  53  44  36  34  29  42  37  33  32  30  26  30  37  36  58  52  59
 [73]  52  71  58  56  70  88  98 108 112 134 113 124 110 139 117 172 142 149
 [91] 155 153 163 170 172 158 173 196 193 190 192 193 187 215 223 208 187 219
[109] 222 222 219 209 271 312 290 259 282 300 335 363 378

[[52]]
  [1]   10   16   18   12   30   16   14   11   22   33   30   27   35   33   32
 [16]   30   28   34   31   47   54   46   48   53   72   73   79   82  104  102
 [31]  125  132  138  105  102  119  133  103  103  100  117  116  113  124  131
 [46]  165  160  134  157  172  184  200  218  229  224  224  190  179  203  252
 [61]  267  260  283  289  278  309  311  287  299  306  361  431  377  403  406
 [76]  438  435  451  434  459  449  443  480  476  470  505  526  516  527  555
 [91]  582  544  601  647  618  661  675  781  888  872  888  853  907  965 1056
[106] 1128 1103 1107 1151 1216 1311 1406 1489 1565 1598 1646 1712 1755 1749 1830
[121] 1940

[[53]]
  [1]  10  20  14  14   8  11  13  21  13  13  12  10  15  11  22  17  12  11
 [19]  10  21  20  15  14  12  13  22  24  29  35  42  54  37  38  42  47  44
 [37]  49  57  47  52  46  49  40  40  44  41  51  54  55  50  70  76  83  61
 [55]  70  72  63  67  70  78 100  98  82  88  98 108  97 113 120 125 163 134
 [73] 153 161 189 181 195 209 216 241 225 228 227 253 275 320 316 306 312 307
 [91] 341 362 358 377 439 437 406 402 490 500 547 544 543 521 513 555 561 575
[109] 625 665 603 632 647 680 679 777 775 778 800 832 987

[[54]]
  [1]   10   14   15   14   20   15   21   27   31   23   16   18   21   26   35
 [16]   27   30   29   31   29   24   23   40   33   39   33   48   48   41   58
 [31]   65   65   65   67   85   88   84  109  104  119  116  132  130  134  131
 [46]  143  148  169  171  159  164  186  199  208  202  225  247  251  214  217
 [61]  197  221  227  247  231  223  260  258  300  319  326  304  311  345  361
 [76]  383  397  359  443  439  441  472  483  488  469  543  537  520  551  544
 [91]  583  633  644  658  654  656  686  655  729  720  713  718  763  803  870
[106]  960  970  930  957 1021 1089 1192 1198 1170 1229 1269 1338 1402 1457 1423
[121] 1438

[[55]]
  [1]  10  15  19  13  18  14  17  12  18  14  18  25  30  28  22  15  26  21
 [19]  29  23  39  44  48  48  39  40  37  41  28  39  28  29  34  35  23  25
 [37]  19  19  15  13  13  25  16  11   9   8  23  18  18  14  14  11  17  20
 [55]  14  26  30  38  30  32  36  35  44  37  45  49  47  38  36  33  41  54
 [73]  48  54  55  43  54  50  39  54  53  47  42  62  63  63  57  52  47  60
 [91]  69  72  86  75  79  76  85  92 102  93  89  92  86 106 137 144 158 151
[109] 176 165 186 216 206 195 237 257 268 272 252 311 315

[[56]]
  [1]   10    8   12   11    9    8    8   11   18   22   19   13   23   28   29
 [16]   30   20   28   30   39   50   50   63   47   54   61   57   72   77   95
 [31]  109  115  106  110  118  124  124  133  153  134  143  156  172  159  193
 [46]  187  187  230  231  238  234  225  239  240  274  314  287  319  320  347
 [61]  315  360  332  335  342  374  409  428  421  476  497  463  479  492  521
 [76]  543  530  584  594  604  654  689  740  744  770  796  767  814  949  971
 [91] 1065 1048 1088 1171 1256 1218 1246 1327 1344 1464 1425 1569 1650 1751 1689
[106] 1772 1862 1928 2023 2161 2219 2325 2341 2362 2489 2615 2746 2864 2829 2984
[121] 3102

[[57]]
  [1]   10   12   19   24   18   11   21   20   15   13   11   16   24   22   16
 [16]   17   30   24   30   29   25   44   47   36   43   30   39   35   36   53
 [31]   68   80   71   72   71   73   74   80   79   87   95   90   99  103  107
 [46]  134  134  120  119  128  133  130  145  137  165  160  160  167  203  196
 [61]  203  186  187  227  248  278  270  250  259  282  286  267  259  279  290
 [76]  340  398  379  399  385  408  392  405  433  438  483  474  500  488  500
 [91]  568  581  605  682  673  712  687  748  747  805  816  821  882  961 1005
[106]  991 1016 1063 1148 1195 1285 1380 1336 1366 1457 1592 1641 1656 1685 1759
[121] 1862

[[58]]
  [1]  10  15  15  11  13  13   9   9  11   9   8   6   6  11  19  15  12   9
 [19]  11  27  23  16  15  14  19  10  21  32  39  27  25  35  34  36  32  35
 [37]  29  26  31  24  27  33  54  46  45  38  42  45  44  46  37  47  59  40
 [55]  33  48  45  43  59  46  65  53  60  55  57  68  98  89  91  77  75  73
 [73]  78  74  99 112 103  71  77  78  81  69  91  96  93 121 113 118 131 157
 [91] 148 158 145 172 182 180 168 168 202 207 236 255 238 282 289 299 327 325
[109] 353 336 347 360 351 368 418 419 478 441 465 471 483

[[59]]
  [1]  10   7   5   7   7  12   7   5   9   7   5   5   5   8  11   6   4   3
 [19]   3   2   2   2   4   3   2   1   1   1   1   1   6   5   3   3   2   3
 [37]   2   1   1   1   1   4   7   3   2   2   2   1   1   1   1   1   1   1
 [55]   6   5   5   5  10   8  11   9   6  11  16  18  23  23  21  18  15  17
 [73]  20  25  22  15  26  34  27  20  22  18  17  22  28  27  27  21  25  48
 [91]  52  44  45  43  65  72  96  74  71  66  83 104  98  84  79  83  92 100
[109] 112 107 114 104 122 103 111  99 115 124 121 108 107

[[60]]
  [1]  10   5   7   8   4   8  11   7   4  12  11  10   7  12   7   6   6  10
 [19]   6   4   4  10  17  12  14   9  13   7   8   6  10   9   8   8  12  12
 [37]   9   6   5   4  13   7   5   8   6   4   4   4   3   3   3   2   1   1
 [55]   7  10   7   6   6   4   4   4   9   6   4   2   9  13   9   9   7   6
 [73]   7  19  19  14  12  23  19  16  16  17  26  26  29  29  27  24  22  15
 [91]  17  22  26  25  18  14  20  22  24  29  49  37  34  40  35  47  59  48
[109]  50  47  86  76  69  85  84  90  91  96  87 104 107

[[61]]
  [1]   10   17   13   11   22   16   13   12   22   28   54   45   37   47   43
 [16]   39   55   89   88   62   57   62   55   67   65   74   61   68   86   86
 [31]   94   92  102  100  103  106  131  116  114  121  145  120  144  176  179
 [46]  182  198  191  205  214  221  218  212  259  274  263  267  257  254  277
 [61]  274  293  306  333  368  414  427  433  444  512  518  566  560  604  608
 [76]  638  659  661  705  743  751  806  867  852  838  907  940  973 1022 1069
 [91] 1143 1196 1232 1229 1272 1289 1361 1481 1490 1550 1574 1613 1686 1826 1848
[106] 2009 2134 2179 2171 2251 2382 2441 2556 2706 2779 2877 3058 3143 3339 3412
[121] 3563

[[62]]
  [1]   10   16   11    9    8    6   14   16   10    8   11    7   12   16   10
 [16]    8   10   18   15   18   23   21   29   33   37   46   46   39   39   42
 [31]   52   55   71   60   56   67   61   81   83   68   87   91   93   97   81
 [46]   89   93  126  138  128  143  164  145  159  190  173  171  162  160  169
 [61]  179  165  183  174  186  209  197  255  264  267  267  275  323  330  336
 [76]  347  384  344  348  392  420  445  464  489  521  544  504  576  614  652
 [91]  668  716  724  714  768  847  840  893 1006 1018 1057 1048 1038 1151 1144
[106] 1239 1292 1387 1411 1484 1594 1610 1676 1721 1733 1846 1878 1975 2055 2106
[121] 2246

[[63]]
  [1] 10 13 10 14  9  8  7  9  8 11  8  6  6  4  4 14  7 13  7  4 10  8 13 13 11
 [26] 13  8 19  7  6  5  4  4 15  9  6  4  9 16 10  8  7 13  8 10 11  7  3  3  3
 [51]  7  6  5  5  5  5  2  5  4  3  2  1  0  0  0  0  0  0  0  0  0  0  0  0  0
 [76]  0  0  0  0  0  0  0  0  0  0  0  0  0  0  0  0  0  0  0  0  0  0  0  0  0
[101]  0  0  0  0  0  0  0  0  0  0  0  0  0  0  0  0  0  0  0  0  0

[[64]]
  [1]  10   9   8   7   7   7   6  15   7  10  12  12  10  14  25  15  16  17
 [19]  13  17  13  17  24  25  21  30  23  22  17  14  20  21  19  23  24  29
 [37]  20  22  22  28  27  16  15  14  15  23  28  22  30  39  36  40  35  37
 [55]  34  43  32  38  56  46  42  47  48  36  38  40  29  43  47  38  35  32
 [73]  34  22  40  42  38  33  30  36  48  49  45  43  52  51  44  42  37  43
 [91]  43  38  35  38  33  34  38  48  41  43  44  56  77  76  76  83  83  90
[109]  90  87  91 115  92 107 112 119 147 146 170 164 149

[[65]]
  [1]  10   9   8  14  15  11  11  11   7  18  21  15  12  20  17  20  19  18
 [19]  21  21  13  11  30  29  29  26  28  32  30  27  30  23  22  21  29  22
 [37]  22  21  24  24  29  21  20  22  20  17  30  23  27  33  26  17  22  21
 [55]  26  19  26  17  13  13  10  26  22  31  31  27  27  36  45  37  31  52
 [73]  50  48  47  45  62  54  65  58  63  64  68  63  55  71  75  67  66  63
 [91]  59  60  76  82  85  84  82  73  85  95  99 126 131 137 133 152 147 168
[109] 165 162 168 190 196 179 189 212 221 233 253 270 254

[[66]]
  [1]   10   17   15   32   31   42   28   26   38   43   51   53   49   52   65
 [16]   64   69   85   85   95   97  108  114  113  129  118  120  108  127  152
 [31]  151  147  143  144  152  161  189  217  222  258  281  261  268  279  304
 [46]  290  305  326  336  345  415  416  384  391  367  405  491  500  476  514
 [61]  583  599  573  597  616  667  660  715  701  834  866  806  886  895  954
 [76]  971 1048 1110 1198 1244 1195 1263 1393 1466 1447 1485 1579 1616 1780 1820
 [91] 1849 1892 1976 2114 2092 2243 2206 2433 2368 2426 2592 2674 2806 2933 2988
[106] 3146 3350 3404 3631 3751 3801 3999 4131 4323 4424 4578 4878 4941 5279 5498
[121] 5791

[[67]]
  [1]   10    9    6   14   12   15   18   34   27   24   25   29   25   26   23
 [16]   31   42   35   44   32   36   37   34   61   71   46   36   38   41   46
 [31]   43   49   58   54   96   91   94   99   89  130  103  105   87   94   88
 [46]  109  124   98   93   80   80   86   99   98  109   97  106  124  129  108
 [61]   85  126  142  123  127  140  142  175  169  189  191  216  228  210  216
 [76]  219  254  209  229  232  238  235  249  283  269  282  307  297  291  345
 [91]  323  327  306  319  347  348  383  401  422  411  439  545  523  549  587
[106]  641  728  652  654  714  725  796  748  798  888  923  943  962  963 1010
[121] 1071

[[68]]
  [1] 10  9 11  6  6  5  5  3  3  3  3  9  7  5  4  3  1  1  1  1  1  0  0  0  0
 [26]  0  0  0  0  0  0  0  0  0  0  0  0  0  0  0  0  0  0  0  0  0  0  0  0  0
 [51]  0  0  0  0  0  0  0  0  0  0  0  0  0  0  0  0  0  0  0  0  0  0  0  0  0
 [76]  0  0  0  0  0  0  0  0  0  0  0  0  0  0  0  0  0  0  0  0  0  0  0  0  0
[101]  0  0  0  0  0  0  0  0  0  0  0  0  0  0  0  0  0  0  0  0  0

[[69]]
  [1]   10   15   13   14    9    9   13   18   15   21   23   19   16   15   20
 [16]   45   36   40   49   66   57   73   69   72   71   91   95   88  104  103
 [31]  110  100  133  149  119  130  149  180  183  169  178  172  171  177  188
 [46]  166  181  216  252  238  246  236  285  249  264  285  305  314  348  412
 [61]  415  368  362  376  398  382  405  477  489  486  532  560  560  575  608
 [76]  654  672  618  692  713  764  777  809  869  892  930  860  952 1045 1061
 [91] 1060 1120 1081 1171 1180 1118 1169 1235 1306 1353 1358 1332 1363 1440 1481
[106] 1594 1614 1713 1716 1747 1769 1863 1855 1987 2075 2157 2155 2330 2423 2516
[121] 2614

[[70]]
  [1] 10 12  8  6  9  7  5  5  5 10  6  5  4  3  4  3  2  8 13  9  8  5  4  4  4
 [26]  4  4  4 16 16 18 14 23 17 14 10 17 15 16 12 10 11  9 12 11  8  7  7  7  6
 [51]  9  6  5  3  2  2  1  0  0  0  0  0  0  0  0  0  0  0  0  0  0  0  0  0  0
 [76]  0  0  0  0  0  0  0  0  0  0  0  0  0  0  0  0  0  0  0  0  0  0  0  0  0
[101]  0  0  0  0  0  0  0  0  0  0  0  0  0  0  0  0  0  0  0  0  0

[[71]]
  [1]   10   16   18   14   11   13   15   17   18   14   28   27   29   26   39
 [16]   35   36   34   31   35   34   44   38   56   59   67   64   65   72   70
 [31]   78  104   88  101  122  107  106  125  130  111  112  110  116  150  130
 [46]  127  141  148  143  145  187  177  192  158  176  172  205  216  244  240
 [61]  237  277  289  350  307  309  344  335  338  365  360  361  387  449  436
 [76]  447  423  457  463  466  471  544  532  594  561  616  616  593  630  705
 [91]  701  730  730  738  798  757  812  808  780  798  869  949 1010 1028  970
[106]  998 1065 1046 1061 1149 1167 1236 1365 1427 1487 1465 1503 1632 1726 1748
[121] 1816

[[72]]
  [1]  10  13  10  12   8   6   9   7   4   3   6  10   7   6   6   6   6   6
 [19]   6   6  11   9   7   5   5   4   9   6   5  11  14  13   8   8   7  13
 [37]   9  19  22  21  17  24  24  14  17  16  20  18  28  20  36  28  27  37
 [55]  35  48  44  42  41  52  40  53  60  76  61  61  76  80  93 117 116  98
 [73] 107 116 112 117 112 112 119 149 134 153 131 146 174 180 174 162 166 177
 [91] 221 218 236 208 231 264 235 234 266 256 258 291 281 280 305 322 323 357
[109] 336 374 383 398 367 437 453 458 479 536 532 588 639

[[73]]
  [1]   10    9   12   13    9    8    9   10   11   22   23   18   16   19   16
 [16]   21   23   17   26   19   14   20   21   16   15   13   18   20   25   19
 [31]   16   16   17   17   26   25   21   31   35   54   57   66   80   66   63
 [46]   59   72   63   75  101  105   87   89   87  105  108  145  136  139  147
 [61]  154  155  177  175  187  193  239  210  209  233  268  284  288  312  329
 [76]  345  363  361  426  445  409  420  448  485  531  565  563  585  545  599
 [91]  616  655  680  660  716  735  749  766  797  870  906  938  966  954  929
[106]  958 1090 1168 1181 1234 1242 1327 1366 1381 1541 1605 1555 1544 1633 1754
[121] 1833

[[74]]
  [1] 10  8 11  7  5  4  5  4  3  3  8  2  2  1  1  0  0  0  0  0  0  0  0  0  0
 [26]  0  0  0  0  0  0  0  0  0  0  0  0  0  0  0  0  0  0  0  0  0  0  0  0  0
 [51]  0  0  0  0  0  0  0  0  0  0  0  0  0  0  0  0  0  0  0  0  0  0  0  0  0
 [76]  0  0  0  0  0  0  0  0  0  0  0  0  0  0  0  0  0  0  0  0  0  0  0  0  0
[101]  0  0  0  0  0  0  0  0  0  0  0  0  0  0  0  0  0  0  0  0  0

[[75]]
  [1]  10  16  10   9   9  10  13   8   7   6   2   2   4   8   8   6   5   4
 [19]   9   7   6  15  26  24  17  12  12  12  11  10   9  18  28  34  27  29
 [37]  30  45  31  38  36  50  46  50  45  46  49  52  48  41  69  60  68  61
 [55]  61  73  75  75  87 103 111 111  95  92 100 131 120 116 115 125 118 148
 [73] 143 144 158 134 129 154 155 146 175 181 176 183 192 208 216 268 241 232
 [91] 230 280 264 281 277 312 345 351 369 376 379 373 406 475 437 480 531 550
[109] 597 604 633 640 675 716 752 810 876 857 923 933 953

[[76]]
  [1]  10   7   5   5   5   9  10   7   6   4   9   8   6   8  19  20  15  12
 [19]  10   9   8  14  16  12  14  15  12   9  13  11   7   5   9  12  13  14
 [37]  20  19  15  14  12  15  20  19  19  14  16  17  20  33  27  35  27  24
 [55]  26  40  56  41  38  32  37  30  44  52  40  47  57  62  64  87  90  90
 [73]  88 106 130 122 127 130 131 127 132 159 166 223 196 249 226 232 232 254
 [91] 257 268 313 286 322 350 346 343 363 349 395 384 400 422 412 420 474 485
[109] 525 543 521 559 641 673 715 744 750 777 818 808 909

[[77]]
  [1]  10   9   9   7   9   6   6   9  11  11  10  10   8  12  19  16  14  19
 [19]  17  19  18  14  14  16  21  22  12  13  11   9  18  12  10  16  21  25
 [37]  18  24  23  23  16  15  19  18  19  22  22  21  23  22  25  24  39  41
 [55]  43  43  37  39  35  71  93  78  80  69  59  55  58  85  79  90  90  93
 [73]  93 106 122 129 120 126 130 132 131 156 182 186 195 206 203 196 212 228
 [91] 227 213 235 266 310 304 325 343 347 340 352 384 398 427 397 413 476 527
[109] 558 543 551 573 584 654 647 677 665 689 713 713 741

[[78]]
  [1]  10   6   5   5   4   8   8  11   6   6   3   3   7   4   4   4   4   9
 [19]   5   6   4   3   3   3   8   7   7   5   7   6   6  13  20  15  21  16
 [37]  15  13  16  13  17  13  19  25  15  13  12  20  23  21  30  23  18  23
 [55]  16  32  28  22  34  25  20  40  28  21  17  14  23  25  39  37  27  40
 [73]  34  35  27  29  24  18  38  35  25  22  20  22  30  26  18  21  27  30
 [91]  28  29  41  31  37  33  34  31  26  40  41  45  53  58  59  69  74  88
[109]  87  90 107 121 141 137 136 148 131 150 151 161 168

[[79]]
  [1]   10   12   14   12   16   13   10    8   15   20   36   28   27   25   20
 [16]   20   17   25   25   24   26   26   30   41   37   43   41   40   36   44
 [31]   59   43   58   49   46   47   66   79   69   81   86   90  106  113  117
 [46]  112  158  160  162  144  177  161  181  203  234  228  254  239  249  295
 [61]  260  309  329  348  393  409  402  398  428  435  410  453  464  513  560
 [76]  587  584  619  646  667  683  752  805  824  855  860  955  966 1000 1069
 [91] 1054 1159 1155 1150 1197 1268 1371 1354 1345 1391 1492 1580 1569 1639 1646
[106] 1726 1890 1912 2113 2137 2212 2264 2427 2488 2627 2691 2805 2875 2990 3025
[121] 3155

[[80]]
  [1] 10  7  7 18 13  9 11 13 14 11 13 17 11  8  7  5 10  5  4  3  3  8  7  6  9
 [26]  5 10  5  4  4  9  5  5 10  7  6  5  9  6  7  5  5  8 10  9  7 14  8 20 14
 [51] 10 13 17 19 13  9  8 12  9 10  6  6 11  6 12 14  7 12 11 10  9 11 14 22 20
 [76] 13 10  8  8 12 13  8  6 13  8  8  7  8 21 14 12  9 10 27 17 12 15 11 23 28
[101] 20 22 17 19 25 22 24 17 22 26 21 30 37 32 29 40 38 44 57 62 47

[[81]]
  [1]  10  13  14  17  27  30  27  27  23  20  24  16  13  14  13  18  15  28
 [19]  28  19  16  18  16  20  21  15  22  22  15  19  14  11  18  28  17  13
 [37]  12  30  26  23  19  17  17  31  28  28  16  14  12  10  16  14  16  11
 [55]  14  16  19  31  27  39  40  42  34  33  39  48  54  43  50  59  51  53
 [73]  36  43  37  36  27  25  19  24  37  31  33  20  22  27  30  43  40  35
 [91]  53  56  56  40  49  45  41  28  62  58  61  67  86  77  90 103 106 131
[109] 137 153 123 112 143 179 180 195 192 207 218 225 240

[[82]]
  [1]  10  17  18  14  24  27  26  19  16  22  24  27  19  17  25  20  23  16
 [19]  17  33  27  18  22  17  28  34  37  35  31  36  50  49  45  60  56  47
 [37]  48  45  62  59  79  74  63  66  66  76  69  78  63  74  88  82  96  92
 [55]  94 113 107 114  99 106 111 119 113 113 146 132 155 146 158 166 197 179
 [73] 174 174 180 217 205 241 223 214 221 251 244 269 230 242 259 268 273 308
 [91] 349 337 337 324 319 325 336 320 315 327 327 338 373 369 344 367 323 354
[109] 400 380 410 397 378 450 440 440 442 467 528 625 578

[[83]]
  [1] 10 13  9  9  6  6 13  8  7  6  4  8  6  5  4  8  8 11  9 12 10 17 15 11 18
 [26] 12 17 14 11  8 11  9  5  7  2  2  1  0  0  0  0  0  0  0  0  0  0  0  0  0
 [51]  0  0  0  0  0  0  0  0  0  0  0  0  0  0  0  0  0  0  0  0  0  0  0  0  0
 [76]  0  0  0  0  0  0  0  0  0  0  0  0  0  0  0  0  0  0  0  0  0  0  0  0  0
[101]  0  0  0  0  0  0  0  0  0  0  0  0  0  0  0  0  0  0  0  0  0

[[84]]
  [1]   10   12   14   11   10   14   10   14   12   14   14   15   16   13   11
 [16]   17   15   11   11   22   21   24   29   34   32   31   21   20   19   24
 [31]   27   22   22   35   26   30   35   40   48   54   46   36   45   46   52
 [46]   53   36   38   49   51   62   48   46   42   61   63   53   49   62   62
 [61]   80   73   90   85   81  100  115  127  127  131  173  158  156  173  179
 [76]  241  210  204  206  214  231  245  255  297  334  308  299  336  350  347
 [91]  432  416  443  451  426  483  515  521  525  557  542  632  639  605  646
[106]  717  772  884  861  881  911  933  907  931 1020 1075 1108 1131 1161 1282
[121] 1385

[[85]]
  [1] 10  4  3  3  3  2  2  8 13  7  6  6 13  9 10 14 10 10  9 21 20 17  9 11 15
 [26] 11  6  5 17 12 10 12 12  8  8  9 16 18 14 25 30 23 23 28 42 40 33 34 33 44
 [51] 46 42 34 33 35 36 37 41 25 32 29 30 30 23 18 21 20 18 31 31 25 32 35 24 23
 [76] 24 26 24 26 26 23 33 46 31 61 55 40 44 65 61 72 63 52 61 55 52 61 59 70 86
[101] 74 72 76 88 89 86 83 75 75 73 70 68 68 72 73 71 56 53 58 68 84

[[86]]
  [1]  10   9  16  14  11   9  19  19  12  10   7  12  20  12  14  20  14  24
 [19]  25  41  44  38  29  22  22  30  21  20  22  19  33  25  27  21  25  22
 [37]  21  25  15  27  25  26  27  27  35  34  40  42  36  32  50  53  63  49
 [55]  57  73  59  61  50  67  85  96  90  73  71 104  98 101  89  94  86 115
 [73] 118 115 110 118 131 122 114 129 132 125 134 146 141 142 159 175 189 190
 [91] 179 196 205 204 183 190 252 266 270 272 264 277 277 285 295 310 325 343
[109] 347 348 348 412 444 443 412 454 476 475 520 563 579

[[87]]
  [1]  10  12  14  10  11  10  11  10  15  11   7   6   8  16   9   6   6   5
 [19]   9   8   8  12  14  13  12  15  13  31  29  37  35  20  16  17  17  14
 [37]  13  19  23  26  31  27  31  30  32  44  58  43  38  24  35  44  54  49
 [55]  42  38  44  45  49  51  51  46  47  54  58  58  58  71  60  58  60  80
 [73]  73  88  88 109  77  81  98  95  99  90 116 117 103  91  93  92  96  99
 [91] 136 148 148 139 166 143 132 158 162 186 180 174 145 159 173 189 224 215
[109] 199 184 181 218 245 258 254 260 259 298 304 335 310

[[88]]
  [1]   10   10   16   21   28   35   21   22   26   29   34   52   39   36   53
 [16]   40   53   50   61   66   63   68   79  104   93   99   98  104  114  114
 [31]  120  137  130  117  124  130  142  156  158  168  165  181  196  258  272
 [46]  241  258  274  272  288  333  307  347  357  365  390  390  420  432  466
 [61]  469  466  485  480  472  498  495  490  538  563  566  563  644  651  621
 [76]  651  727  767  787  839  858  943  923  988 1046 1082 1066 1069 1130 1204
 [91] 1275 1334 1372 1319 1348 1473 1565 1544 1657 1728 1831 1796 1846 1944 1997
[106] 2087 2180 2265 2305 2457 2603 2803 2821 2956 3131 3229 3391 3541 3723 3830
[121] 3825

[[89]]
  [1]   10    7   11   12   20   24   34   26   24   32   38   34   34   37   34
 [16]   41   65   60   85   67   65   75   68   94   96  106   94   91   96  113
 [31]  130  108   96  125  135  141  148  143  159  151  150  153  168  189  176
 [46]  178  167  188  216  204  221  207  211  214  198  236  220  238  249  275
 [61]  272  292  297  283  262  286  279  292  375  399  416  427  397  415  413
 [76]  487  521  531  511  502  517  556  590  634  636  732  768  827  846  846
 [91]  905  962  967  956 1041 1072 1147 1243 1320 1324 1359 1419 1470 1568 1606
[106] 1652 1692 1810 1906 2019 2063 2118 2208 2342 2450 2460 2550 2657 2739 2829
[121] 2979

[[90]]
  [1]   10    9    6   12   10   18   16   22   18   19   18   16   16   14   20
 [16]   28   17   20   13   26   21   26   27   24   27   29   24   30   28   35
 [31]   23   34   33   27   32   37   46   41   36   43   57   56   64   59   62
 [46]   59   92  108  108   80  118  107  135  130  147  137  159  173  183  202
 [61]  231  217  229  238  269  259  272  299  321  310  311  323  348  359  364
 [76]  362  402  409  428  410  451  434  438  431  460  451  450  507  577  636
 [91]  617  602  574  630  647  659  710  698  739  742  738  742  743  817  868
[106]  954  989 1016 1097 1116 1102 1221 1289 1286 1354 1415 1443 1491 1632 1756
[121] 1764

[[91]]
  [1]  10   7  16  20  15  12  13  19  27  25  15   9   8  10   7   7  15  24
 [19]  30  29  51  40  41  37  36  42  29  30  40  44  26  29  38  44  31  29
 [37]  29  27  24  28  40  30  29  24  37  36  43  34  45  50  55  57  44  41
 [55]  45  46  39  47  45  58  60  66  47  48  41  47  37  46  44  41  46  38
 [73]  38  46  58  62  54  49  50  67  82  60  77  78  84  70  61  77 105 100
 [91]  96 113 120 107 119 119 131 147 148 165 186 190 229 250 235 252 260 256
[109] 264 305 316 336 372 368 362 369 376 378 405 416 425

[[92]]
  [1]  10  13  14   9   7   6   6   6   5  15  13   7  14  15   9  17  13  11
 [19]  16  22  18  21  15  14  17  20  15  20  26  24  20  14  17  14  22  11
 [37]  14  12  19  14  17  23  28  20  21  20  17  17  16  14  23  31  23  29
 [55]  23  24  21  39  52  40  33  45  51  53  57  66  86  73  61  71  69  79
 [73]  67  91  92 101  99  98 103 105 110 123 137 147 155 156 160 179 221 204
 [91] 213 227 229 262 262 254 267 321 285 308 295 279 291 287 327 327 325 321
[109] 345 355 391 383 453 436 426 399 440 486 519 544 564

[[93]]
  [1]  10  13  13   9   7   6  14  17  24  19  18  21  23  34  29  27  31  27
 [19]  40  32  35  38  34  40  46  45  45  41  42  51  51  44  47  40  35  47
 [37]  46  36  37  45  50  45  40  38  43  62  51  47  61  68  63  64  66  89
 [55] 128 105  96 112 110 108 109 106  92 136 141 150 141 133 144 155 151 159
 [73] 156 160 150 145 159 181 165 167 229 242 236 230 230 230 215 280 286 309
 [91] 327 329 345 359 402 378 377 396 409 449 463 514 444 441 457 502 540 594
[109] 573 588 641 635 666 726 715 738 753 749 788 861 870

[[94]]
  [1]   10    7   12    9   13   19   28   34   33   27   18   15   24   14   38
 [16]   28   31   22   31   26   18   15   18   18   37   45   48   37   29   24
 [31]   38   42   53   37   47   53   53   55   58   69   64   62   60   63   58
 [46]   88   83   86   89  108  111  105  100   91   94  136  137  146  138  141
 [61]  159  134  137  144  164  170  177  171  179  172  167  195  192  203  219
 [76]  226  260  282  293  323  306  299  297  318  367  356  397  412  390  406
 [91]  400  458  451  448  478  512  544  519  547  613  590  612  626  663  686
[106]  693  771  826  814  813  821  853  909  982  989  979  979 1070 1083 1181
[121] 1171

[[95]]
  [1]   10   10    7    6    5    4    6    4    3    2   10   13   11    9    8
 [16]   22   15   21   26   20   17   13   27   39   40   42   36   28   34   37
 [31]   45   58   50   54   55   70   70   71   63   65   72   57   66   67   69
 [46]   68   66   89   89   95   98  103  119  125  123  146  159  143  144  163
 [61]  168  174  142  149  154  149  144  172  179  184  206  189  182  195  208
 [76]  225  229  221  236  275  271  288  314  324  291  347  338  371  412  392
 [91]  381  428  435  464  450  464  459  521  544  580  598  624  739  714  744
[106]  850  839  806  805  912  981 1011 1028 1075 1127 1188 1267 1268 1328 1305
[121] 1373

[[96]]
  [1]   10   12   23   21   19   19   32   26   33   40   34   36   37   31   28
 [16]   31   34   44   62   55   80   70   74   68   70   81  103  116  108  117
 [31]  131  135  140  140  142  169  167  168  176  191  189  183  201  217  231
 [46]  237  256  245  253  252  252  250  256  270  247  254  288  291  300  265
 [61]  302  304  329  347  336  363  412  403  405  434  422  432  488  497  497
 [76]  526  556  571  616  642  653  629  675  731  738  835  831  825  845  873
 [91]  947 1037 1061 1109 1143 1227 1285 1347 1434 1489 1558 1665 1673 1614 1770
[106] 2034 2059 2132 2256 2262 2350 2525 2663 2761 2835 2900 2921 3082 3289 3419
[121] 3593

[[97]]
  [1]  10   9   6  10  21  22  16  12  11  15  13  18  19  14  11   9   7   6
 [19]  30  27  18  15  18  21  20  18  16  13  13  18  17  17  15  17  14  12
 [37]  14  13   9  17  12  22  29  25  29  29  21  24  29  39  42  37  52  54
 [55]  64  58  59  63  57  59  73  89  77  94 101 102 105  98 119 111 106  95
 [73]  91 121 137 148 153 136 142 142 175 229 201 217 225 227 228 257 295 323
 [91] 324 281 300 345 348 332 352 378 365 385 418 411 425 404 459 449 483 497
[109] 544 552 603 640 608 659 658 686 755 742 824 849 847

[[98]]
  [1]   10   18   19   20   15   21   26   33   45   37   27   28   40   29   50
 [16]   57   74   58   68   67   78   61   72   87   77   68   60   60   73   76
 [31]  109   99  134  125  127  117  127  142  176  169  158  180  168  200  205
 [46]  197  217  238  290  343  347  337  352  378  350  394  400  492  530  511
 [61]  563  561  628  686  691  716  741  775  881  905  927  963 1083 1092 1158
 [76] 1085 1215 1349 1375 1488 1431 1401 1491 1544 1697 1724 1738 1869 1869 1956
 [91] 2036 2132 2197 2224 2255 2453 2614 2682 2635 2710 3034 3102 3247 3276 3404
[106] 3524 3611 3708 3917 4014 4194 4396 4514 4722 4865 5200 5396 5569 5618 5704
[121] 5990

[[99]]
  [1]  10  12  12   8  15   8  14  15  11  11  10  14  21  14  10  12  13  15
 [19]  12  12  11  10  13  16   8  24  18  22  16  21  22  32  25  17  14  13
 [37]   7   7  12   7   7   5   4   4   4  14   9   7   9  14  10  15  13  12
 [55]  16  18  18  31  26  24  20  23  36  26  24  24  21  32  23  21  21  33
 [73]  35  27  31  30  41  33  24  29  54  51  44  44  44  44  55  53  49  44
 [91]  48  54  70  61  59  53  57  50  49  50  46  52  75  67  67  71  72  76
[109]  84  74  69  80 122 117 100 110 124 144 174 148 140

[[100]]
  [1]   10   18   10   17   13   12   13   16   21   29   29   28   32   32   30
 [16]   35   35   35   26   21   28   30   22   31   43   40   35   29   31   31
 [31]   43   49   50   45   50   42   68   74   71   64   58   70   77   86   92
 [46]   84   71   81   71   63   72   88   91   95  116  121  104  108  123  135
 [61]  129  133  152  138  152  134  161  169  214  213  195  215  214  218  263
 [76]  276  288  271  284  243  243  249  259  292  293  309  273  293  285  314
 [91]  318  316  337  338  355  373  379  398  381  410  430  447  450  435  465
[106]  506  571  585  623  590  629  730  693  796  828  862  891  927  964  988
[121] 1090

[[101]]
  [1] 10 14  6  9  6  3  6  5  4  1  1  1  5  7  4  3  3  3  3  3  7  3  3  2  2
 [26]  1  1  1  1  1  1  1  1  1  0  0  0  0  0  0  0  0  0  0  0  0  0  0  0  0
 [51]  0  0  0  0  0  0  0  0  0  0  0  0  0  0  0  0  0  0  0  0  0  0  0  0  0
 [76]  0  0  0  0  0  0  0  0  0  0  0  0  0  0  0  0  0  0  0  0  0  0  0  0  0
[101]  0  0  0  0  0  0  0  0  0  0  0  0  0  0  0  0  0  0  0  0  0

[[102]]
  [1]   10   13   14   19   16   12    9   14   19   19   26   18   17   21   28
 [16]   35   34   42   37   36   43   46   66   59   61   55   52   55   57   85
 [31]   71   86   85   86  109  104  107  109  111  121  145  116  122  105  102
 [46]  118  115  119  119  124  143  135  136  148  181  168  185  185  192  187
 [61]  186  195  210  176  230  204  215  183  214  253  273  267  261  275  292
 [76]  324  330  342  356  403  421  419  473  468  513  540  566  591  642  641
 [91]  659  693  684  758  732  816  812  782  818  924  936 1006 1044 1097 1136
[106] 1163 1169 1235 1241 1367 1349 1456 1596 1570 1542 1533 1683 1742 1791 1809
[121] 1893

[[103]]
  [1]   10   14   10   15   14   11   10   15   16   37   28   22   27   27   23
 [16]   25   36   22   24   34   33   43   39   41   37   30   44   40   33   37
 [31]   44   33   37   37   39   41   40   41   36   42   40   38   39   33   44
 [46]   79   78   66   63   82   98   95   75   85   72   77   84   90   90   82
 [61]   76   93   97  100  106  104  128  139  144  125  148  117  155  153  164
 [76]  164  162  144  157  164  159  184  191  171  188  227  263  261  245  283
 [91]  301  342  378  367  380  444  450  464  458  481  525  544  517  575  579
[106]  634  659  658  671  684  766  802  848  825  872  837  851  930  998 1046
[121] 1063

[[104]]
  [1] 10 10 15 15  9  9 30 33 30 24 25 35 24 20 25 19 15 17 14 18 13 13  8 16 11
 [26]  9  8  8 19 17 16 11  9 10  9 12 11 15 20 15 11  9  9 25 20 24 22 24 20 14
 [51] 13 24 18 23 23 28 20 24 29 24 23 17 15 23 22 24 31 28 38 41 39 40 39 48 47
 [76] 34 31 35 37 36 39 47 43 56 56 45 43 42 35 51 37 40 39 39 45 40 41 40 58 48
[101] 45 50 48 38 54 53 44 51 45 36 39 31 25 39 41 32 36 39 31 32 28

[[105]]
  [1] 10 13  9  7 16  8 10  9  8 15 20 15 11 11 11  8 11 13 11  9  8  4  3  3  3
 [26] 10  6  6  6  5  9 14  9 12 13 18 20 13 16 13 17 18 24 20 18 18 16 14 19 26
 [51] 24 27 27 19 30 24 22 34 63 33 28 22 24 26 24 24 27 23 15 16 13 21 20 17 19
 [76] 21 27 43 28 21 23 16 16 12 19 16 11  9 18 24 16 10 15 12 13 13 11 19 16 14
[101]  9 16 13  8  6  5  5  5  5 10  8  8  6  6  6  6  4  8  7  5  4

[[106]]
  [1]  10  20   9   5   5   7  10   7   6   5   5   3   2   5  11   9  10   9
 [19]   7   7  12  13  10   7   6   9   8   8   5   9  10   7   7  10  14  10
 [37]  12  10  19  16  15  25  19  13  21  38  33  30  39  24  27  33  34  35
 [55]  39  34  52  41  59  43  49  64  52  65  60  56  55  66  90  97 111 106
 [73] 103 108 130 140 133 108 117 120 120 127 128 124 147 157 152 150 171 184
 [91] 207 198 196 193 237 213 207 208 241 216 216 241 271 278 289 303 333 313
[109] 320 302 326 348 329 379 421 441 460 460 482 477 469

[[107]]
  [1]  10   9   8   7  10  10   6   6   5  10  21  14  14   7  13  10  10  15
 [19]  13  10  10  26  28  22  28  28  25  26  16  11  22  16  19  23  32  32
 [37]  33  29  27  23  25  24  26  29  29  28  21  25  18  26  27  21  24  33
 [55]  28  36  38  41  31  41  40  47  46  44  52  46  57  54  66  74  68  76
 [73]  90  97 106 126 105 113 126 139 144 144 150 142 174 167 160 159 197 208
 [91] 223 262 239 240 243 262 261 275 288 293 334 339 325 329 367 349 342 344
[109] 405 434 410 422 416 470 516 527 551 569 591 672 663

[[108]]
  [1]   10   12    8   19   20   15   14   19   31   37   50   36   39   53   63
 [16]   80   67   75   73   80   77   88  102  108  137  124  120  100  105  107
 [31]  107  121  131  140  144  146  150  162  173  144  155  152  191  165  194
 [46]  215  208  247  255  243  254  262  303  323  339  327  353  348  326  326
 [61]  365  367  396  362  395  460  461  478  470  464  520  540  579  594  637
 [76]  620  709  741  757  741  860  832  888  881  882  908 1051 1083 1076 1040
 [91] 1047 1032 1134 1083 1154 1162 1193 1285 1362 1328 1404 1472 1634 1700 1804
[106] 1822 1843 1967 2092 2299 2367 2387 2384 2617 2687 2868 2987 3205 3375 3511
[121] 3683

[[109]]
  [1]   10   14   16   12   12   16   14   15   23   29   21   16   15   27   23
 [16]   27   23   19   19   19   23   23   24   33   21   28   30   36   32   38
 [31]   35   38   40   37   38   34   37   37   36   59   68   62   58   56   73
 [46]   77   66   77   78   84   85   83   95   78   81   82   83   94   79   87
 [61]  106  108  129  132  130  115  138  116  117  122  115  181  191  168  192
 [76]  204  190  176  202  186  224  244  251  221  202  267  274  267  294  292
 [91]  266  275  297  287  303  360  316  371  364  401  399  443  468  493  480
[106]  476  488  550  562  531  551  582  634  701  722  775  765  827  871  994
[121] 1013

[[110]]
  [1]   10   12   10   16   23   25   22   29   29   23   19   23   25   23   29
 [16]   38   35   38   36   38   53   53   46   54   60   69   61   60   57   89
 [31]  102  110  107   82   99  117  143  136  123  123  137  166  180  191  193
 [46]  205  172  189  195  203  205  239  232  250  250  273  280  296  314  348
 [61]  378  341  341  326  330  359  436  428  444  418  455  502  539  587  603
 [76]  614  632  656  683  781  784  821  842  843  800  832  955 1039 1133 1142
 [91] 1163 1142 1200 1175 1278 1435 1422 1499 1561 1611 1608 1644 1816 1907 1937
[106] 1970 2117 2234 2322 2326 2452 2538 2628 2798 2837 2813 2878 2958 3076 3174
[121] 3333

[[111]]
  [1] 10  8 19 23 18 17 15 11 12 23 22 23 14 12 12 13 13 10  9 12 10  5  8  6  4
 [26]  4  3  5  4  3  7 10  5  5  5  7 12  8  5  5  5  5  5  4  4  4  4  3  3  2
 [51]  5  2  2  2  2  1  1  1  1  1  5  4  2  2  1  1  1  1  1  1  1  1  1  1  1
 [76]  1  1  5  3  3  3  3  2  5  3  3  3  2  2  2  2  3  1  1  8  8  8  7  7  5
[101] 10  3  3  3  3  3  2  2  7  4  1  1  0  0  0  0  0  0  0  0  0

[[112]]
  [1]  10   9   6   6  15  18  20  11   8  11  13  17  15  12  17  13  18  14
 [19]  12  11  31  38  42  40  32  46  40  37  44  45  48  36  45  36  32  51
 [37]  67  56  46  48  58  54  49  45  29  33  36  44  62  40  46  36  32  41
 [55]  50  56  67  76  82  81  83  89 109  87 100  93  93 109 108 117 127 134
 [73] 120 108 127 118 167 151 191 163 175 167 173 181 224 233 252 240 264 274
 [91] 293 309 299 317 303 336 382 372 383 410 475 486 494 528 532 573 573 570
[109] 630 601 610 718 814 768 748 823 874 925 954 946 992

[[113]]
  [1]   10   18   16   14   10   17    9    8    8   15   10    7    7    9   11
 [16]   13   10   10   11    9    8    7    7    9    7    6   21   26   18   15
 [31]   15   24   27   25   20   26   19   23   18   21   20   23   30   58   58
 [46]   50   41   44   53   59   75   54   51   64   80   90   91   96  103   95
 [61]   90  112  107  113  134  141  164  166  182  169  180  182  194  194  221
 [76]  206  239  263  274  278  311  307  331  349  321  369  387  406  388  394
 [91]  432  487  471  482  513  576  586  604  635  638  641  668  656  673  752
[106]  814  821  871  858  913 1030  972  954 1011 1080 1084 1064 1126 1188 1252
[121] 1243

[[114]]
  [1]  10   7  10  11  10   8  11   9   7   6   5   6   5   4   4   2   2   2
 [19]   2   2   2   3   3   3   2   2   9   8   6  11  10  11   8   6   9  12
 [37]  15  19  13   8   7  10  11  10  14  15  11  11  21  13  15  13  17  14
 [55]  22  35  49  46  42  47  53  66  60  64  58  47  55  70  81  92  90  79
 [73]  87 109 101 101 121 122 135 138 147 160 163 223 205 198 205 213 239 265
 [91] 275 288 320 308 309 344 348 382 366 364 364 381 375 384 462 461 470 529
[109] 501 544 584 629 628 658 697 724 751 863 858 870 890

[[115]]
  [1] 10  5  3  8  5  4  7  5  3  8  4  9  6  3  3  3  3  1  0  0  0  0  0  0  0
 [26]  0  0  0  0  0  0  0  0  0  0  0  0  0  0  0  0  0  0  0  0  0  0  0  0  0
 [51]  0  0  0  0  0  0  0  0  0  0  0  0  0  0  0  0  0  0  0  0  0  0  0  0  0
 [76]  0  0  0  0  0  0  0  0  0  0  0  0  0  0  0  0  0  0  0  0  0  0  0  0  0
[101]  0  0  0  0  0  0  0  0  0  0  0  0  0  0  0  0  0  0  0  0  0

[[116]]
  [1]  10  25  25  24  26  27  29  31  20  22  33  35  30  29  21  26  32  33
 [19]  27  24  19  16  16  36  29  37  34  33  28  28  23  25  39  39  49  36
 [37]  34  34  35  31  23  27  34  34  31  24  26  27  29  57  39  42  46  34
 [55]  41  47  49  40  42  37  52  61  71  73  75  84  78  92  82  64  72  92
 [73] 101 109  96 104 124 123 110 110 111 130 126 146 151 160 163 177 202 199
 [91] 201 188 186 202 206 218 214 204 219 245 222 241 249 241 285 288 268 294
[109] 314 329 326 359 424 413 447 420 429 494 493 515 555

[[117]]
  [1]   10   14   14   16   12   14   13   22   12    9    8    8   20   43   38
 [16]   35   25   33   33   28   30   27   20   19   42   47   55   54   74   59
 [31]   56   67   65   51   59   64   67   64   75   62   84   62   82   87   73
 [46]   77   88   95   89   98  104  106   90   88  100  111  124  136  121  132
 [61]  130  134  165  144  159  157  146  151  156  162  161  172  212  201  235
 [76]  237  230  273  279  253  270  265  290  322  317  320  314  364  380  471
 [91]  476  511  535  560  565  631  624  665  683  746  708  733  791  821  849
[106]  875  908  944 1029 1027 1040 1030 1115 1170 1190 1163 1260 1325 1398 1393
[121] 1456

[[118]]
  [1]  10  20  19  19  23  27  22  18  31  34  35  41  43  44  32  32  25  34
 [19]  40  41  48  39  45  61  50  44  40  46  81  78  54  53  55  63  65  77
 [37]  87 103  93  80  84  85 103 102 107 112 102 105 116 115 115 113 110 120
 [55] 126 135 136 140 140 131 141 127 122 133 139 175 181 168 171 156 161 161
 [73] 157 160 175 189 220 190 202 215 241 219 228 246 269 254 255 320 313 287
 [91] 263 320 327 347 321 307 337 366 399 399 442 430 452 458 445 486 524 535
[109] 549 578 644 678 708 752 768 780 750 799 883 930 967

[[119]]
  [1] 10 12 13  9  7 12  7  4  3  2  2  6  3  3  2  1  0  0  0  0  0  0  0  0  0
 [26]  0  0  0  0  0  0  0  0  0  0  0  0  0  0  0  0  0  0  0  0  0  0  0  0  0
 [51]  0  0  0  0  0  0  0  0  0  0  0  0  0  0  0  0  0  0  0  0  0  0  0  0  0
 [76]  0  0  0  0  0  0  0  0  0  0  0  0  0  0  0  0  0  0  0  0  0  0  0  0  0
[101]  0  0  0  0  0  0  0  0  0  0  0  0  0  0  0  0  0  0  0  0  0

[[120]]
  [1] 10  4  3  3  2  6  3  3  6  1  0  0  0  0  0  0  0  0  0  0  0  0  0  0  0
 [26]  0  0  0  0  0  0  0  0  0  0  0  0  0  0  0  0  0  0  0  0  0  0  0  0  0
 [51]  0  0  0  0  0  0  0  0  0  0  0  0  0  0  0  0  0  0  0  0  0  0  0  0  0
 [76]  0  0  0  0  0  0  0  0  0  0  0  0  0  0  0  0  0  0  0  0  0  0  0  0  0
[101]  0  0  0  0  0  0  0  0  0  0  0  0  0  0  0  0  0  0  0  0  0

[[121]]
  [1]   10   14   10    9   16   21   20   23   15   23   23   20   20   25   25
 [16]   30   23   17   14   18   27   24   28   33   34   36   37   35   27   38
 [31]   34   41   42   41   33   39   58   73   73   61   65   64   75  108  107
 [46]  106   97   95  106  117  102  142  151  128  144  148  159  182  211  207
 [61]  214  211  210  220  248  242  245  262  270  246  262  260  263  277  291
 [76]  313  354  336  334  305  329  380  447  503  470  497  504  547  564  561
 [91]  575  540  570  562  638  682  695  701  678  732  827  800  823  872  893
[106]  927  942 1035 1138 1103 1145 1136 1210 1250 1264 1431 1504 1566 1567 1655
[121] 1684

[[122]]
  [1]   10    7    7    5    5   12    5   11    6    4    4    7    7    6    5
 [16]   13   10    8   11    9   24   16   11   11    8    7   16   12   15   18
 [31]   19   14   11   13   31   25   23   25   19   14   20   22   29   22   15
 [46]   33   41   39   44   44   51   39   54   51   56   44   50   56   63   82
 [61]   76   75   90   99  106   93   94  118  111  110  109  115  111  127  148
 [76]  151  142  145  155  195  220  235  221  225  262  320  342  314  304  298
 [91]  327  360  366  374  399  422  410  441  478  494  496  505  535  546  621
[106]  631  656  646  657  636  639  797  844  893  895  925  980 1090 1170 1146
[121] 1129

[[123]]
  [1]  10   9   9  13  11  24  13  11  15  13   9  15  10  20  29  21  20  18
 [19]  21  15  15  15  20  13   8  10  14  12   9  13  15  11  19   9  13  15
 [37]  18  20  15  15  10  13  10   7  20  17  16  15  23  33  28  32  30  24
 [55]  31  34  19  28  23  28  31  39  43  26  27  31  33  44  30  29  57  57
 [73]  41  35  58  62  58  67  80  85  84  77  98  96 101 114 133 141 136 119
 [91] 133 131 121 134 150 171 153 140 148 172 158 176 187 180 171 195 189 224
[109] 222 248 228 235 263 260 269 311 312 318 301 317 334

[[124]]
  [1]  10  14  18  13  22  19  14  19  19  18  23  20  22  18  16  29  29  26
 [19]  32  28  33  35  43  30  36  55  51  41  54  66  63  55  54  54  58  59
 [37]  60  72  63  74  61  73  81  67  72  68  83  90  84  94  84  86 102  93
 [55]  81  83  78  96 104  99  91 115 120 109 120 128 140 135 147 152 176 193
 [73] 187 169 171 178 174 190 246 224 200 218 210 219 217 247 228 270 265 250
 [91] 266 245 278 305 330 338 348 341 352 395 438 444 435 452 514 495 492 553
[109] 570 637 722 770 776 779 747 813 866 841 870 955 954

[[125]]
  [1]  10  15   6   4   4  10  11   9   6  11  14   9  14  13  12   8  10  12
 [19]  10  23  19  14  13   9   8  11  19  25  16  20  21  32  29  28  28  23
 [37]  19  17  15  17  25  21  27  24  28  25  24  20  22  30  21  23  33  27
 [55]  24  23  31  33  37  40  36  42  43  35  37  38  45  50  50  50  39  34
 [73]  30  54  52  66  61  56  42  43  39  40  44  72  60  70  63  55  55  60
 [91]  57  65  49  55  66  70  71  72  67  72  59  81 103  97  93  81  81  85
[109]  94  78  83  86  87  97  95 103 111 105 122 145 149

[[126]]
  [1]  10  15  16  21  21  21  21  21  18  24  17  24  20  24  28  23  18  23
 [19]  21  19  14  18  15  16  16  15  13  12  11  16  16  13  14  13  10  14
 [37]  13  19  21  23  23  17  16  18  15  18  22  27  26  20  16  13   9   7
 [55]  10   9   5  12  11  10   8   7  13  11  11  13  23  24  27  23  37  31
 [73]  43  31  38  32  30  26  36  30  33  45  49  46  50  58  63  71  72  71
 [91]  81  89 130 128 131 136 120 113 159 157 143 164 170 177 169 189 210 221
[109] 223 219 212 250 254 300 285 317 357 413 401 447 421

[[127]]
  [1]   10    7   11    8   14    8    8   13   15   19   25   18   24   14   18
 [16]   14   14   10   18   17   14   12   22   20   22   20   27   33   33   26
 [31]   25   32   32   22   22   21   24   41   37   34   32   46   46   38   32
 [46]   28   33   47   63   59   63   54   64   64   92  103   97  102   80   87
 [61]   96  121  103  116  138  150  182  185  191  184  218  242  234  220  245
 [76]  267  276  291  296  315  319  373  386  362  405  436  440  431  467  514
 [91]  515  505  538  571  560  623  588  633  687  703  764  793  837  850  912
[106]  907  943 1016 1016 1076 1122 1144 1153 1255 1295 1309 1269 1411 1412 1544
[121] 1612

[[128]]
  [1]   10   17   13   10   25   28   25   25   19   24   22   25   19   21   33
 [16]   25   23   28   27   33   52   58   83   82   83   81   66   62   80   75
 [31]   87   91   86   95   92   99  105  106  110  116   98  112  119  113  121
 [46]  132  142  140  130  147  143  140  152  151  179  197  178  207  212  203
 [61]  219  251  292  262  285  314  332  374  379  352  362  407  417  423  409
 [76]  397  445  419  485  526  580  604  552  536  535  567  577  617  585  580
 [91]  666  665  662  689  752  702  778  815  838  921  903  917  895 1006 1073
[106] 1080 1075 1112 1197 1242 1285 1290 1366 1433 1482 1553 1584 1701 1698 1772
[121] 1737

[[129]]
  [1]   10    9   10   18   15   13   14   21   15   15   12   23   11   14   10
 [16]   10   10    8   23   17   25   25   41   37   29   24   32   20   16   24
 [31]   32   41   42   38   39   33   38   50   38   53   58   56   50   62   73
 [46]   89   74   78  103  104  122  119  131  128  152  189  200  187  189  196
 [61]  215  260  233  271  275  260  285  331  325  359  374  376  377  438  486
 [76]  459  456  513  565  621  664  646  683  682  772  814  854  819  823  867
 [91]  960 1032 1057 1146 1156 1168 1264 1295 1393 1445 1437 1451 1539 1595 1625
[106] 1720 1724 1779 1844 1872 1901 2151 2224 2383 2389 2406 2662 2709 2874 3074
[121] 3214

[[130]]
  [1]  10   8   8  10   7   5   9  10   7   5   5   4   2   2   2   7   4   3
 [19]   2   1   1   7   4   4   4   3   3   2   2  14   6   6   7  11   7   6
 [37]   5  11  16  16  15  17  12  16  33  36  23  20  38  53  39  42  31  29
 [55]  34  39  47  62  55  76  66  70  75  66  75  61  61  65  73  83  72  89
 [73]  88  93  87  80  99 135 135 135 117 122 121 120 159 214 218 187 195 191
 [91] 182 237 238 278 264 277 323 344 315 343 348 363 327 302 316 372 349 401
[109] 391 388 427 445 458 460 512 561 618 649 655 671 703

[[131]]
  [1] 10  8  5  5  5  5  4  9  8  8 11  5  3  4  3  3  2  2  2  3  2  2  2  2  2
 [26]  7  7  7  5  7 10  8  8 12 13 13 15 11 11  9 11  7  5  4  3  2  2  2  1  0
 [51]  0  0  0  0  0  0  0  0  0  0  0  0  0  0  0  0  0  0  0  0  0  0  0  0  0
 [76]  0  0  0  0  0  0  0  0  0  0  0  0  0  0  0  0  0  0  0  0  0  0  0  0  0
[101]  0  0  0  0  0  0  0  0  0  0  0  0  0  0  0  0  0  0  0  0  0

[[132]]
  [1] 10 18 12  8  6  4  3  3  2  6  4  5  3  3  5  6  5  5  9  4  3  4  7  2  2
 [26]  2  1  1  0  0  0  0  0  0  0  0  0  0  0  0  0  0  0  0  0  0  0  0  0  0
 [51]  0  0  0  0  0  0  0  0  0  0  0  0  0  0  0  0  0  0  0  0  0  0  0  0  0
 [76]  0  0  0  0  0  0  0  0  0  0  0  0  0  0  0  0  0  0  0  0  0  0  0  0  0
[101]  0  0  0  0  0  0  0  0  0  0  0  0  0  0  0  0  0  0  0  0  0

[[133]]
  [1]   10   14   14   16   16    9   13   23   30   20   18   23   28   41   44
 [16]   37   42   50   44   54   59   54   56   51   48   68   63   48   47   47
 [31]   78   73   67   64   61   68   84   87  104  107   86   79   89  106  106
 [46]  114  136  127  132  134  129  147  161  167  181  194  191  212  232  265
 [61]  285  288  280  279  326  325  365  373  379  366  392  409  428  443  504
 [76]  529  569  573  559  630  723  670  734  768  753  787  739  782  867  862
 [91]  836  918  984 1035 1067 1077 1140 1125 1127 1153 1294 1279 1332 1385 1492
[106] 1476 1489 1602 1751 1827 1926 1936 2012 2105 2316 2435 2532 2520 2640 2856
[121] 2996

[[134]]
  [1]  10  13  12  18  21  18  24  22  21  23  23  20  16  25  27  34  31  33
 [19]  28  39  29  22  26  23  19  19  29  15  12  10  10  13  17  19  20  30
 [37]  26  21  18  25  29  44  30  26  49  58  66  64  80  87  86  82  83  79
 [55]  67  70  69  62  69  67  72  75  88  98  85 103  77  87  98 100  99 111
 [73] 113 150 120 128 147 162 154 190 182 209 209 211 194 189 192 211 200 217
 [91] 204 229 273 287 302 274 293 274 295 349 362 379 373 372 337 396 419 423
[109] 422 458 480 493 484 495 550 604 596 633 664 695 702

[[135]]
  [1]   10    7   11   11    9    7    7   11   14   18    9    7    9   11   13
 [16]   13   10   11   15   13   13   12   10    9   12   28   21   15   14   10
 [31]   16   22   27   28   23   19   24   23   18   22   21   27   30   37   26
 [46]   37   40   39   45   47   40   58   57   47   45   42   61   74   58   70
 [61]   73   76   70   85   71   70   90   90  103   93   98  129  117  132  113
 [76]  121  150  168  133  156  170  192  210  202  194  222  258  286  308  305
 [91]  272  316  287  319  342  300  345  352  356  379  367  401  394  463  497
[106]  535  535  526  568  622  613  709  787  803  859  870  954  956  947  962
[121] 1025

[[136]]
  [1]   10    8   10    5   10    7    5   10   11   10   15   15   21   16   16
 [16]   18   18   15   34   28   22   19   28   18   22   23   30   34   45   44
 [31]   34   30   29   35   45   40   41   45   46   49   63   61   65   73   77
 [46]   72   65   74   89   95  115  103  112  123  144  137  121  104  108  114
 [61]  122  157  135  140  152  157  181  205  213  224  218  215  191  238  275
 [76]  274  281  272  330  307  328  274  257  298  336  354  352  371  386  387
 [91]  372  388  439  381  416  443  424  450  473  543  551  562  593  643  690
[106]  773  719  780  767  780  855  896  948  992 1023 1017 1079 1098 1147 1214
[121] 1283

[[137]]
  [1]  10  12  12  10   8  12  18  15  14  23  19  24  21  15  13  13  24  19
 [19]  12  26  21  18  23  16  17  15  22  31  25  36  27  31  33  44  43  33
 [37]  35  29  32  29  40  41  43  48  40  47  34  30  38  62  67  41  52  41
 [55]  53  57  48  47  61  57  59  54  57  55  46  52  68  84  78  78  80  94
 [73] 113 122 137 150 139 137 146 148 144 156 139 160 146 142 159 154 142 165
 [91] 179 180 169 168 149 147 156 181 204 213 205 193 208 206 229 221 229 237
[109] 250 236 239 235 280 283 272 269 290 296 306 313 357

[[138]]
  [1]   10   11   10    6    4    5    2    2    1    1    1    1    2    5   10
 [16]    7    6    6   18   13    7   11   17   23   14   12   15   13   16   15
 [31]   15   11   14   20   22   21   21   35   32   37   46   50   66   66   51
 [46]   59   55   71   67   77   68   70   65   63   55   69   93   89   86   73
 [61]   89   98  101   86   95  118  121  130  141  153  149  131  152  162  145
 [76]  152  172  180  195  212  216  233  272  293  330  321  392  390  399  435
 [91]  449  428  431  465  512  513  545  518  584  566  591  624  617  648  675
[106]  690  717  732  708  776  811  849  845  844  885  943  966 1055 1096 1128
[121] 1166

[[139]]
  [1]   10   13    9   17   21   16   15   10   28   18   14   15   13   17   13
 [16]   29   36   28   27   20   39   38   37   35   42   43   48   51   56   55
 [31]   50   49   61   57   60   61   57   69   61   63   65   69   67   90   97
 [46]  105   99   88   80  110  106  128  104  102  107  137  169  128  129  142
 [61]  141  140  130  137  118  150  160  156  166  150  180  152  160  165  200
 [76]  166  159  175  195  217  222  230  224  248  266  231  259  284  299  292
 [91]  298  334  359  369  432  454  435  449  497  526  567  560  621  608  602
[106]  607  657  670  771  793  811  841  947  905  926  914  964 1060 1057 1064
[121] 1081

[[140]]
  [1]   10   19   15   15   15   15   28   23   23   18   24   27   40   29   44
 [16]   46   37   30   43   46   42   48   58   68   51   58   57   43   55   80
 [31]   75   65   65   68   77   67   83   72  100   90   98   88   80   83   90
 [46]  108   90   98  101   92   69   67   70   89   93   89   82   79   96  108
 [61]  124  127  123  113  148  153  174  209  202  203  202  171  202  203  194
 [76]  208  227  222  197  208  215  222  266  295  298  273  313  314  317  311
 [91]  362  411  399  357  361  422  415  450  436  489  507  537  540  545  545
[106]  601  608  718  737  722  766  770  796  922  917  988  960  986  990 1062
[121] 1103

[[141]]
  [1]   10    9   11    9    9   14   20   16   22   17   15   26   38   39   30
 [16]   46   33   39   35   45   58   48   38   52   56   72   74   64   79   80
 [31]   80   95  105  102  118  122  145  140  135  145  140  139  159  174  174
 [46]  171  188  194  232  219  225  240  243  246  283  280  299  282  338  347
 [61]  329  363  385  414  414  403  425  404  416  516  556  572  560  588  608
 [76]  627  661  676  655  675  693  794  780  830  789  894  907  945  986  975
 [91] 1009 1073 1097 1057 1008 1113 1218 1323 1357 1382 1456 1511 1560 1615 1735
[106] 1819 1854 1885 1909 2032 2045 2115 2202 2290 2455 2517 2649 2725 2817 3047
[121] 3140

[[142]]
  [1]  10  13   9  13  10   8   8  11  20  17  12  12  18  26  23  18  18  22
 [19]  21  24  21  22  17  22  27  20  21  29  22  31  27  22  26  35  62  52
 [37]  50  42  46  61  77  85  69  55  51  61  87  67  98  99 103  97  96  79
 [55] 125 142 136 121 112 113 118 151 132 123 129 159 170 161 162 153 170 184
 [73] 169 170 159 147 159 167 190 203 206 206 219 234 240 279 304 281 291 290
 [91] 275 270 294 317 315 299 304 333 323 335 384 390 378 380 424 468 470 559
[109] 548 581 584 578 598 700 642 692 735 812 831 879 918

[[143]]
  [1] 10 12  8  6  6  6  5  8  6 10  7  6  5  6  6  7  7  5  5  3  3  3  2  1  1
 [26]  1  1  1  1  0  0  0  0  0  0  0  0  0  0  0  0  0  0  0  0  0  0  0  0  0
 [51]  0  0  0  0  0  0  0  0  0  0  0  0  0  0  0  0  0  0  0  0  0  0  0  0  0
 [76]  0  0  0  0  0  0  0  0  0  0  0  0  0  0  0  0  0  0  0  0  0  0  0  0  0
[101]  0  0  0  0  0  0  0  0  0  0  0  0  0  0  0  0  0  0  0  0  0

[[144]]
  [1]   10    4    8    7    7    6    5    3    3    3    6    4   12    5    5
 [16]    5    5    9   11   13   10   10   22   18   15   21   14   14   21   17
 [31]   11   12   14   16   26   28   17   14   19   20   29   27   39   35   40
 [46]   39   47   52   55   72   68   75   68   65   72   73   95   96  107  102
 [61]  101  100  106  102  113  121  112  117  134  126  140  142  147  164  151
 [76]  151  189  211  208  183  211  228  229  211  214  229  222  240  282  293
 [91]  314  326  324  340  370  355  409  403  411  445  497  510  542  544  606
[106]  655  704  667  726  726  737  759  728  716  847  881  856  881  975 1011
[121] 1011

[[145]]
  [1]  10  13  12  19  24  24  14  15  21  20  24  19  18  19  32  36  40  32
 [19]  33  35  34  43  35  25  19  22  25  25  19  21  26  19  39  35  30  25
 [37]  28  29  26  52  46  44  34  36  37  53  53  52  56  46  51  59  52  53
 [55]  82  57  71  67  56  46  59  52  55  50  39  43  43  57  79  71  63  93
 [73]  89  85  72  80  76  92  95 102 107 103 146 151 138 148 133 131 155 162
 [91] 176 168 170 167 178 196 237 198 229 242 257 274 265 295 307 309 351 351
[109] 402 399 410 379 381 402 457 487 441 500 524 541 584

[[146]]
  [1]  10  17  14  21  13  14  12  23  16  27  18  18  21  30  29  46  38  26
 [19]  25  20  34  28  32  28  33  28  24  20  16  35  32  35  22  25  27  36
 [37]  31  28  25  23  24  26  31  33  31  37  34  31  27  49  55  48  36  43
 [55]  40  46  49  45  31  24  40  48  48  55  50  57  60  68  69  61  65  71
 [73]  62  79  83  77  71  63  54  63  88  78  91  81  84  84 119 100  98  98
 [91]  99 133 130 125 112 120 139 139 146 141 135 131 179 180 241 214 178 197
[109] 213 214 228 273 308 302 337 352 361 366 381 409 424

[[147]]
  [1]  10  14  13  11  11   9   8  14  21  20  23  23  18  17  13  10  19  17
 [19]   9   9   6   6   6   5   5  19   9   6   6   9  21  24  19  15  18  17
 [37]  15  22  15  10   9  16  12  23  22  18  14  13  15  13  13  12  10   8
 [55]   8   9  14  16  10   8  12  16  15  18  19  21  24  15  28  26  28  25
 [73]  21  25  32  35  25  29  29  32  30  28  36  41  44  41  47  42  41  64
 [91]  54  56  66  52  53  58  74  74  92  87  97  94 126 121 114 108 106 122
[109] 119 113 138 140 147 138 126 135 136 121 147 151 152

[[148]]
  [1]  10  24  23  19  16  12  36  30  27  27  22  24  23  18  26  22  27  27
 [19]  29  27  27  33  23  24  27  38  33  37  40  43  36  28  37  50  36  35
 [37]  32  47  34  45  42  48  44  47  40  36  33  24  22  21  28  33  33  40
 [55]  33  30  40  35  44  27  35  24  39  38  43  51  42  38  28  29  39  48
 [73]  50  55  61  69  64  64  77  78  90  86  90  78  93  88 107 106  95  93
 [91] 117 133 142 129 137 156 168 175 192 220 238 219 243 238 246 278 296 296
[109] 278 306 307 293 326 333 340 332 347 357 360 379 351

[[149]]
  [1] 10 12 18 20 14 13 16 13 17 13 11  9  8 12 11 15 10  5  3  3  2  2  2  1  1
 [26]  1  6  3  1  1  1  1  0  0  0  0  0  0  0  0  0  0  0  0  0  0  0  0  0  0
 [51]  0  0  0  0  0  0  0  0  0  0  0  0  0  0  0  0  0  0  0  0  0  0  0  0  0
 [76]  0  0  0  0  0  0  0  0  0  0  0  0  0  0  0  0  0  0  0  0  0  0  0  0  0
[101]  0  0  0  0  0  0  0  0  0  0  0  0  0  0  0  0  0  0  0  0  0

[[150]]
  [1] 10 14 10  6  6  4  2  2  2  1  0  0  0  0  0  0  0  0  0  0  0  0  0  0  0
 [26]  0  0  0  0  0  0  0  0  0  0  0  0  0  0  0  0  0  0  0  0  0  0  0  0  0
 [51]  0  0  0  0  0  0  0  0  0  0  0  0  0  0  0  0  0  0  0  0  0  0  0  0  0
 [76]  0  0  0  0  0  0  0  0  0  0  0  0  0  0  0  0  0  0  0  0  0  0  0  0  0
[101]  0  0  0  0  0  0  0  0  0  0  0  0  0  0  0  0  0  0  0  0  0

> save(reslist, file=paste("output",iter,".rda",sep=""))
> 
> 
> ###############################################################
> 
> 
> # Clear the workspace and turn off graphics.
> #  Load all the functions you need by sourcing the provided demographic.R file
> #  Read in the job number from the cluster. To do this, your code should include a new
> # variable iter and should start with the line:
> # iter <- as.numeric(Sys.getenv(PBS_ARRAY_INDEX))
> #  Control the random number seeds so that each parallel simulation takes place with a
> # different seed. Your function should therefore set the random number seed as iter so that
> # each parallel simulation has a unique random seed.
> #  In each parallel run, select the initial condition to be used. Ensure that 25 of the parallel
> # simulations are allocated to each of the initial conditions.
> #  Create a variable which is the filename to store your results. The end of the filename
> # should be the number iter to ensure that simulation files do not overwrite one another on
> # the cluster.
> #  Initialise a list which will contain the results of your 150 simulations.
> #  Call the stochastic_simulation function to do the appropriate simulation 150 times,
> # appending the output to the results list, and then save the results list.
> 
> #four initial conditions (25 cluster runs per)
> #each cluster run runs simulation 150 times
> #1) large population of 100 adults
> #2) small population of 10 adults
> #3) 100 individuals spread
> #4) small population of 10 individuals
> 
R has finished running

============================================

        Job resource usage summary 

                 Memory (GB)    NCPUs
 Requested  :         1             1
 Used       :         0 (peak)   1.00 (ave)

============================================
