R is about to run

R version 4.4.1 (2024-06-14) -- "Race for Your Life"
Copyright (C) 2024 The R Foundation for Statistical Computing
Platform: x86_64-conda-linux-gnu

R is free software and comes with ABSOLUTELY NO WARRANTY.
You are welcome to redistribute it under certain conditions.
Type 'license()' or 'licence()' for distribution details.

R is a collaborative project with many contributors.
Type 'contributors()' for more information and
'citation()' on how to cite R or R packages in publications.

Type 'demo()' for some demos, 'help()' for on-line help, or
'help.start()' for an HTML browser interface to help.
Type 'q()' to quit R.

> 
> 
> growth_matrix <- matrix(c(0.1, 0.0, 0.0, 0.0,
+ 0.5, 0.4, 0.0, 0.0,
+ 0.0, 0.4, 0.7, 0.0,
+ 0.0, 0.0, 0.25, 0.4),
+ nrow=4, ncol=4, byrow=T)
> 
> reproduction_matrix <- matrix(c(0.0, 0.0, 0.0, 2.6,
+ 0.0, 0.0, 0.0, 0.0,
+ 0.0, 0.0, 0.0, 0.0,
+ 0.0, 0.0, 0.0, 0.0),
+ nrow=4, ncol=4, byrow=T)
> 
> clutch_distribution <- c(0.06,0.08,0.13,0.15,0.16,0.18,0.15,0.06,0.03)
> 
> #=========================================================================================
> rm(list=ls())
> graphics.off()
> source("Demographic.R")
> source("kl2621_HPC_2024_main.R")
[1] 0 0 0 0 3
[1] 3 3 2 2 2
[1] 2 2
 [1] 7 5 4 4 4 4 3 3 2 2 1 1 1 1 1 1 1 1 1 1 1
> 
> 
> ###4 initial conditions
> 
> ############################################################
> 
> 
> 
> #VVVVVVVVVVVV-------------COMMENT ME OUT WHEN RUNNING THE THING
> #iter <- 5
> #VVVVVVVVVVV--------------UNCOMMENT ME OUT
> iter <- as.numeric(Sys.getenv("PBS_ARRAY_INDEX"))
> set.seed(iter)
> 
> 
> if (iter <= 25) {
+ initial_state <- state_initialise_adult(4,100) #100 adults
+ } else if (iter >25 && iter <= 50) {
+ initial_state <- state_initialise_adult(4,10) #10 adults
+ } else if (iter >50 && iter <= 75) {
+ initial_state <- state_initialise_spread(4,100) #100 spread
+ } else {
+ initial_state <- state_initialise_spread(4,10) #10 spread
+ }
> 
> reslist <- list()
> 
> ####100 cluster runs
> ###################################################
> ####150 runs of stochastic_simulation per cluster run
> for (i in 1:150) {
+     #################################
+     ###120 steps of stochastic_simulation per simulation
+     stochasticresult <- stochastic_simulation(initial_state,growth_matrix,reproduction_matrix,clutch_distribution,120)
+     reslist[[i]] <- stochasticresult
+     #################################
+ }
> ###################################################
> 
> print(reslist)
[[1]]
  [1]   10   27   12    9    7   12   18   14   18   19   16   21   30   21   14
 [16]   20   20   20   18   24   34   33   24   30   27   31   32   24   28   34
 [31]   36   36   38   38   45   47   42   35   44   60   66   62   81   72   63
 [46]   64   78   77   72   65   51   57   67   71   73   81   75  110   99  106
 [61]  115  120  127  109  125  110  144  168  153  135  176  199  201  193  220
 [76]  245  276  298  329  324  328  315  322  350  335  357  358  346  354  409
 [91]  422  459  457  482  467  489  531  558  591  571  561  537  570  589  632
[106]  624  670  750  759  729  743  757  839  844  804  836  891  944 1025 1043
[121] 1069

[[2]]
  [1]   10   26   42   39   27   31   45   54   59   44   53   58   72   73   61
 [16]   62   47   66   72   87   89  115   95  109  112  105  108  114  100  117
 [31]  125  125  155  139  125  151  137  124  143  162  181  196  179  194  206
 [46]  212  260  212  226  257  314  369  324  303  295  354  385  410  411  413
 [61]  450  440  451  523  553  558  532  582  648  648  633  698  725  713  766
 [76]  797  841  879  821  899  879  890  924 1003 1062 1092 1123 1158 1230 1218
 [91] 1312 1352 1384 1390 1401 1435 1534 1537 1592 1602 1674 1741 1808 1785 1896
[106] 1941 2061 2140 2231 2308 2333 2445 2491 2624 2796 2961 3179 3234 3266 3387
[121] 3606

[[3]]
  [1]  10  26  24  14  14  11  22  24  15  11   8  12  12   9   5   6   8   4
 [19]   4   4   7  11   7   6   5  11  19  10   7   7   5   5   4  10  10   6
 [37]   6   6  11   9   9   8   8   7  20  23  17  15  12  17  30  24  18  15
 [55]  26  23  14  17  26  23  19  23  27  28  14  21  28  34  33  35  28  39
 [73]  52  47  39  30  33  39  42  42  45  43  35  36  35  39  47  50  46  52
 [91]  54  52  65  64  80  79  95 129 114  91  92 122 145 160 150 138 133 130
[109] 131 153 139 124 148 147 178 167 174 192 191 179 194

[[4]]
  [1]  10  29  16  12  12  17  12  14  17  13  17  18  24  20  20  18  14  18
 [19]  23  29  40  38  48  39  42  42  27  30  29  22  21  19  24  21  18  31
 [37]  23  15  12  17  13  19  19  20  15  12   9   9  21  16  14  13  24  21
 [55]  32  30  29  24  31  23  25  23  17  29  28  31  56  39  35  31  50  58
 [73]  59  63  63  52  51  56  65  53  44  38  57  48  48  51  59  51  50  57
 [91]  47  69  60  60  53  52  71  65  74  85  78  79  84 111  94  95  95 111
[109] 102 117  98 109 111 106 106 116 108 121 115 129 140

[[5]]
  [1] 10 17 13  7  7  5  4  4  3  2  2  1  1  1  1  1  0  0  0  0  0  0  0  0  0
 [26]  0  0  0  0  0  0  0  0  0  0  0  0  0  0  0  0  0  0  0  0  0  0  0  0  0
 [51]  0  0  0  0  0  0  0  0  0  0  0  0  0  0  0  0  0  0  0  0  0  0  0  0  0
 [76]  0  0  0  0  0  0  0  0  0  0  0  0  0  0  0  0  0  0  0  0  0  0  0  0  0
[101]  0  0  0  0  0  0  0  0  0  0  0  0  0  0  0  0  0  0  0  0  0

[[6]]
  [1]   10   47   33   27   25   22   35   32   25   42   35   34   42   28   36
 [16]   36   54   55   65   73   70   77   64   65   68   55   61   52   47   48
 [31]   66   65   49   39   40   48   48   50   56   58   58   43   39   38   52
 [46]   58   62   58   67   65   59   74   72   99   84   88   93   84   92   90
 [61]   91  105  103  100  121  116  138  165  164  163  148  156  180  195  189
 [76]  184  213  214  219  226  227  245  257  259  258  276  304  317  298  334
 [91]  369  347  380  382  429  444  471  499  531  596  599  630  684  711  643
[106]  707  765  778  838  859  875  882  861  963  975  973 1050 1038 1031 1154
[121] 1151

[[7]]
  [1]  10  36  30  25  16  13  10  13  24  33  21  17  14  23  23  26  19  30
 [19]  19  19  19  24  25  17  17  16  21  24  30  21  21  18  32  24  34  28
 [37]  31  28  29  25  20  16  21  16  31  37  33  24  27  22  25  27  28  30
 [55]  28  31  27  25  31  30  38  39  43  50  37  51  34  38  51  66  71  57
 [73]  47  37  42  42  41  40  41  40  37  41  50  37  32  31  52  51  44  56
 [91]  60  72  71  66  68  70  65  80  72  85  73  81  85  69  66  80  86  89
[109]  69  93  89 106 100 117 112 103  98 149 137 158 141

[[8]]
  [1]   10   43   36   39   36   37   36   34   26   43   39   46   38   48   43
 [16]   38   42   36   38   39   45   55   76   79   77   70   90   88   90  109
 [31]  110   92   99  116   99  122   98  120   96  115  135  112  138  157  159
 [46]  147  164  162  185  181  191  207  212  204  221  230  238  285  301  312
 [61]  260  292  308  368  387  418  422  450  437  411  422  459  500  496  496
 [76]  518  550  561  568  590  613  686  710  674  740  810  781  849  879  942
 [91]  918 1003 1033 1042 1047 1046 1118 1160 1137 1204 1267 1327 1355 1343 1445
[106] 1435 1480 1614 1627 1636 1712 1863 1960 1976 2048 2153 2141 2255 2387 2464
[121] 2611

[[9]]
  [1]   10   52   33   24   22   34   42   38   30   41   50   51   57   57   42
 [16]   46   64   60   67   73   54   56   78   80   85   79   98  120  104   88
 [31]  106  119  138  133  115  117  142  161  172  182  194  223  237  218  230
 [46]  244  254  280  258  262  289  277  256  339  343  375  375  362  357  355
 [61]  378  420  443  461  411  396  384  445  501  493  459  487  555  557  597
 [76]  591  628  653  683  737  765  747  776  850  801  826  896  928  963  930
 [91]  983 1027 1186 1184 1276 1298 1390 1492 1468 1509 1611 1604 1631 1791 1878
[106] 2033 2073 2183 2272 2355 2423 2588 2686 2894 3010 3069 3332 3423 3568 3691
[121] 3784

[[10]]
  [1]   10   21   27   27   24   19   20   31   32   23   25   33   25   27   22
 [16]   24   24   42   42   45   39   54   64   61   53   60   49   50   58   59
 [31]   45   55   70   68   62   50   43   41   67   66   65   75   78   78   66
 [46]   61   67   76   89   87   83  104   88   98  102   89  110  110  107  111
 [61]  130  157  140  146  130  168  151  159  158  171  187  195  191  221  228
 [76]  231  230  210  226  274  278  295  348  351  334  360  367  391  399  442
 [91]  449  474  497  452  430  493  508  509  551  588  655  664  660  661  758
[106]  708  721  750  817  863  869  914 1042 1022 1072 1089 1212 1160 1265 1289
[121] 1350

[[11]]
  [1]  10  32  30  20  14  12  12  14  16  16  20  12  14  15  13  24  15  11
 [19]  22  14   9  14  13  27  38  29  30  19  16  14  23  25  21  23  21  31
 [37]  24  23  25  44  33  35  40  35  35  36  31  51  36  41  35  42  42  47
 [55]  48  46  44  50  58  42  51  59  48  50  44  45  46  48  53  46  42  36
 [73]  32  31  37  32  33  38  42  34  33  33  36  40  33  42  59  61  49  60
 [91]  71  58  58  62  48  55  45  64  73  66  67  73  68  66  73  77  75  87
[109]  87  87  84  71  56  79  92  97 105 104 106 125 121

[[12]]
  [1] 10 33 27 24 16 15 25 15 11 16 12 10  9 16 12  8  8  7 13 21 14 12 11 19 14
 [26] 20 27 17 15 19 27 21 24 22 22 20 15 12 10 16 15 22 31 24 18 14 30 28 19 22
 [51] 18 14 12  9 18 10 15 15 14 13 11 11  8  6 12 16 12 11  9 18 11 15 11 10  9
 [76] 16 16 12 15 13 10  7 21 16 11 10 11  9 13 11 10 15 11 14 30 25 28 24 16 13
[101] 20 23 19 15 21 20 15 14  7  5  7 10 14 10 14 14 13  9  8 12 12

[[13]]
  [1]   10   35   28   25   22   29   26   21   22   32   27   25   21   32   35
 [16]   51   41   33   38   35   36   41   43   40   37   31   38   46   30   33
 [31]   27   24   27   27   47   40   41   42   42   50   53   54   74   69   71
 [46]   81   78   86   93   95  103   87  104  106  105   98  110  122  117  113
 [61]  106  112  124  124  134  134  138  128  130  149  167  148  150  143  195
 [76]  193  190  176  246  241  233  230  266  256  242  238  266  303  327  338
 [91]  341  367  400  452  463  482  500  501  559  569  596  622  590  616  644
[106]  701  762  714  743  780  859  879  914  900  938 1007 1071 1063 1011 1057
[121] 1004

[[14]]
  [1]   10   44   22   18   14   22   21   19   15   16   12   27   42   41   23
 [16]   21   28   22   18   19   29   33   34   37   48   45   46   47   62   57
 [31]   74   58   62   46   67   58   66   75   78   81   67   82   90   88   71
 [46]   74  126  118  118  115  120  116  125  149  140  173  179  167  189  211
 [61]  252  272  257  297  287  309  351  367  332  336  354  399  468  492  470
 [76]  481  496  601  551  619  616  660  704  700  772  802  864  894  885  946
 [91] 1007 1048 1084 1135 1121 1211 1322 1357 1433 1457 1535 1593 1717 1750 1790
[106] 1753 1875 1868 1852 2024 2076 2186 2336 2420 2553 2571 2673 2877 3070 3155
[121] 3234

[[15]]
  [1]  10  36  20  12  12  17  15  13  13  15  27  37  25  26  24  27  23  14
 [19]  24  15  16  23  22  21  19  26  26  19  28  20  14  16  17  11  21  23
 [37]  16  21  22  27  31  25  27  33  25  33  38  42  34  31  34  29  30  51
 [55]  54  42  47  58  68  82  89  96  70  86 103 115 137 144 143 156 159 168
 [73] 183 195 179 169 188 182 193 162 152 126 124 187 207 205 192 187 206 193
 [91] 235 241 245 228 246 274 287 291 272 272 270 290 303 301 283 309 326 339
[109] 341 356 353 426 397 385 441 466 482 506 550 557 560

[[16]]
  [1]   10   43   44   37   31   37   43   62   56   48   53   61   71   77   88
 [16]   74   70   75   92   81   75   66   63   75   74   83   80   86  115  124
 [31]  114  110   85  128  157  130  116  107  120  141  122  145  132  155  128
 [46]  154  157  183  183  214  219  234  225  215  203  198  207  216  231  253
 [61]  276  307  276  315  331  364  407  438  411  395  429  476  499  506  534
 [76]  585  573  592  625  638  693  665  661  719  737  756  841  922  953  876
 [91]  932  939  989  994 1086 1079 1084 1166 1171 1268 1238 1245 1272 1330 1450
[106] 1457 1504 1597 1539 1666 1790 1889 1966 2059 2112 2238 2296 2428 2485 2563
[121] 2559

[[17]]
  [1]  10  47  39  38  30  26  33  33  31  25  27  27  20  14  28  28  22  29
 [19]  24  30  31  18  20  19  23  27  32  21  37  31  31  35  38  57  51  60
 [37]  51  56  43  37  46  45  43  47  42  46  51  42  43  40  47  45  47  54
 [55]  48  59  71  65  67  68  73  76  74 101  91  82  92  95 101 114 103 105
 [73] 119 133 147 142 146 157 165 161 169 171 183 210 203 236 248 243 240 232
 [91] 241 245 248 262 280 304 303 269 286 302 346 326 322 365 352 418 400 421
[109] 415 434 477 532 511 529 553 584 663 696 736 756 831

[[18]]
  [1]   10   37   30   15   14   13   12   32   23   32   30   27   24   27   27
 [16]   40   62   50   45   34   41   63   57   42   55   59   50   54   60   63
 [31]   52   64   61   72   66   74   88   98  108   95   83  119  137  138  133
 [46]  119  129  171  169  178  178  195  202  220  202  211  234  258  237  228
 [61]  262  296  334  333  321  326  341  379  410  376  405  444  464  431  490
 [76]  532  489  571  600  698  629  690  706  754  740  746  825  922 1002  983
 [91] 1012 1040 1128 1162 1190 1172 1236 1348 1343 1379 1475 1481 1592 1567 1710
[106] 1791 1916 2017 2106 2085 2142 2224 2314 2355 2434 2473 2553 2657 2878 3047
[121] 3087

[[19]]
  [1]   10   22   35   37   36   29   44   46   38   32   35   24   36   40   24
 [16]   20   22   20   29   28   45   35   34   34   30   32   37   38   34   38
 [31]   35   54   53   53   49   38   38   45   48   67   58   66   61   63   64
 [46]   62   75   73   73   55   66   63   78   94  122  129  133  148  122  113
 [61]  123  134  110  109  126  146  138  133  156  139  142  151  156  185  157
 [76]  172  182  195  210  192  177  189  222  234  248  295  286  275  284  331
 [91]  323  338  349  395  400  420  481  449  463  502  512  538  543  542  597
[106]  611  681  682  641  653  670  738  710  741  787  809  858  914  978 1030
[121]  992

[[20]]
  [1]   10   40   30   27   27   28   32   34   24   24   24   23   25   17   19
 [16]   23   30   32   26   31   33   31   42   42   30   49   63   54   56   69
 [31]   64   63   68   56   78   76   81   97  105  111  103  120  109  151  116
 [46]  128  142  130  163  159  136  139  145  153  160  192  193  179  205  249
 [61]  291  286  296  319  295  309  323  371  364  380  383  398  379  438  477
 [76]  486  462  496  500  495  513  511  589  655  588  609  636  647  684  717
 [91]  794  792  877  922  896  932 1015 1005  992 1019 1161 1242 1203 1243 1357
[106] 1373 1439 1501 1534 1538 1661 1705 1713 1800 1825 1876 1959 2034 2234 2219
[121] 2302

[[21]]
  [1]   10   26   21   14   14   14   27   22   28   22   17   29   36   26   26
 [16]   36   39   40   34   36   44   38   37   31   28   37   40   49   66   51
 [31]   58   65   87   70   81   84   93   85   80   72   81   85   91  103   97
 [46]  105  143  162  165  162  156  158  156  191  164  192  221  215  239  259
 [61]  295  286  311  349  365  315  377  394  417  449  403  403  405  446  448
 [76]  469  546  521  552  562  534  526  570  624  646  673  682  777  808  801
 [91]  822  910  957  987 1064 1185 1120 1156 1163 1260 1297 1350 1437 1415 1470
[106] 1449 1561 1614 1584 1648 1857 1957 2025 2094 2102 2243 2347 2478 2535 2553
[121] 2723

[[22]]
  [1]   10   35   36   32   29   34   24   30   37   37   31   21   23   23   27
 [16]   34   35   22   35   33   28   24   17   21   23   32   25   37   34   38
 [31]   36   43   46   39   49   45   42   44   49   42   38   57   54   66   73
 [46]   67   55   82   93   79   81   82   90  100   83   82   79   81   77   86
 [61]   92  117  105  141  135  163  152  150  164  164  169  189  173  209  223
 [76]  283  273  273  245  232  269  243  255  237  237  240  271  244  261  263
 [91]  313  326  351  363  404  406  384  426  443  487  528  549  568  560  591
[106]  582  608  592  682  651  698  752  798  828  807  807  853  914  978 1116
[121] 1134

[[23]]
  [1]   10   41   40   40   44   33   40   53   69   52   47   47   62   82   76
 [16]   88   99  111  123  152  147  147  177  164  185  190  198  220  243  249
 [31]  241  271  284  338  340  324  313  345  345  339  378  367  403  394  393
 [46]  452  498  529  522  525  531  595  646  699  711  729  729  859  842  874
 [61]  923 1006 1012 1074 1083 1211 1317 1334 1354 1346 1420 1524 1550 1619 1737
 [76] 1768 1799 1872 1945 1945 2039 2133 2192 2231 2253 2301 2380 2550 2715 2746
 [91] 2802 2867 3061 3239 3579 3635 3728 3767 3918 4125 4230 4466 4556 4663 4959
[106] 5206 5389 5483 5758 5910 6117 6415 6580 6756 6990 7344 7631 7782 8132 8281
[121] 8631

[[24]]
  [1]   10   29   33   47   33   38   38   38   29   40   31   34   34   29   31
 [16]   35   29   31   41   33   32   36   30   33   24   47   44   43   40   41
 [31]   46   53   49   48   59   51   53   79   78   69   67   72   70   70   94
 [46]   92   96  115  122  120  130  158  139  125  146  141  144  170  177  192
 [61]  197  213  190  218  222  237  232  254  313  350  366  366  407  413  470
 [76]  440  431  447  459  501  526  561  534  546  533  612  621  644  651  671
 [91]  689  713  776  796  846  867  831  906  933  917  973  997 1073 1154 1149
[106] 1241 1197 1304 1360 1428 1409 1583 1662 1660 1786 1825 1904 2003 2083 2174
[121] 2262

[[25]]
  [1]   10   14   29   28   22   17   19   18   24   31   29   22   17   20   19
 [16]   21   11   12   23   19   23   26   35   34   28   35   29   45   42   53
 [31]   48   54   47   47   51   54   61   69   64   60   66   50   73   69   66
 [46]   59   53   66   73   65   65   74   72   62   72   99   95   90   86  102
 [61]  127  142  140  135  135  163  161  161  154  166  189  213  199  210  232
 [76]  256  270  302  300  321  365  368  407  395  456  460  509  546  526  509
 [91]  565  603  619  596  628  608  639  704  697  677  703  727  778  775  832
[106]  858  942  913  922  999 1043 1036 1128 1137 1228 1220 1260 1304 1345 1367
[121] 1420

[[26]]
  [1]   10   29   21   16   12   23   21   27   26   29   24   28   37   29   27
 [16]   31   35   33   25   26   37   42   34   35   39   36   41   37   40   50
 [31]   55   69   75   81   86   81   82   68   63   96   75   83   92   79   68
 [46]   79   88   83  105  116   85   85  108  113  120  108  109  111  116  132
 [61]  153  147  143  169  195  242  221  228  207  218  260  285  301  295  293
 [76]  308  328  314  316  317  399  373  394  433  437  470  471  543  558  584
 [91]  635  639  671  663  701  747  802  836  914  947 1016 1005 1012 1035 1151
[106] 1273 1393 1393 1344 1382 1450 1476 1590 1662 1792 1760 1817 1987 1965 1940
[121] 2023

[[27]]
  [1]   10   49   39   31   32   22   39   35   41   32   23   24   34   32   33
 [16]   37   39   31   31   23   29   64   59   61   43   56   49   46   46   48
 [31]   61   36   39   57   68   56   56   68   77   83   69   76   81   83   92
 [46]  101  100  116  100  107  111  119  122  112  111  117  128  133  147  173
 [61]  146  157  167  192  169  171  156  198  211  227  239  238  249  266  272
 [76]  254  301  320  364  338  346  360  389  429  457  469  456  438  501  529
 [91]  513  483  523  538  556  501  526  580  597  658  706  688  690  729  797
[106]  825  855  898  862  916 1021 1161 1114 1148 1151 1155 1292 1366 1450 1469
[121] 1366

[[28]]
  [1]   10   37   32   21   15   28   25   25   18   15   23   14   14   20   37
 [16]   35   33   26   20   35   52   40   37   37   44   47   34   46   43   62
 [31]   53   60   59   60   54   75   61   54   54   63   63   55   54   47   60
 [46]   56   73   78   98   99   85   89   78  100   98   83   98  113  120  130
 [61]  155  169  181  211  199  190  228  264  271  276  350  346  327  367  350
 [76]  346  379  409  458  464  462  459  493  518  520  534  515  617  620  619
 [91]  632  625  683  775  802  879  842  800  944  956 1074 1144 1172 1243 1287
[106] 1343 1351 1443 1425 1585 1694 1752 1945 1962 2024 2066 2140 2230 2283 2396
[121] 2546

[[29]]
  [1]   10   20   25   23   26   25   25   29   26   28   18   24   21   13   24
 [16]   18   15   18   22   20   16   23   23   28   22   20   16   40   51   44
 [31]   43   38   63   59   42   36   37   55   56   55   45   54   59   50   57
 [46]   51   71   82   98   99   91   97  104   89  102  144  185  174  152  180
 [61]  189  195  202  233  242  230  256  315  343  387  354  340  316  360  402
 [76]  422  396  412  419  425  433  491  505  581  591  604  641  681  749  765
 [91]  750  818  879  834  903  940  935 1005 1116 1119 1160 1252 1345 1445 1513
[106] 1449 1471 1645 1697 1876 1864 1955 2010 2062 2192 2346 2462 2562 2740 2821
[121] 2892

[[30]]
  [1]  10  30  28  20  16  15  20  23  22  26  26  32  29  33  25  27  39  29
 [19]  26  34  33  33  33  23  21  23  21  23  23  24  24  32  28  23  27  36
 [37]  34  49  41  42  35  44  49  60  70  72  53  57  74  49  69  72  60  59
 [55]  66  70  84  91  99 104 112  88 108  98  97  92  93 111 111 113 121 152
 [73] 143 151 138 133 156 156 181 176 195 168 183 217 237 243 248 271 282 279
 [91] 282 306 349 309 308 322 333 367 401 411 384 401 415 440 476 485 495 516
[109] 576 563 552 588 600 665 753 723 709 754 814 801 844

[[31]]
  [1]   10   25   31   21   18   17   15   21   15   20   32   20   18   26   36
 [16]   30   23   23   31   43   61   47   34   43   69   70   65   65   76   86
 [31]   95  103   92   99  120  131  149  147  136  188  185  181  207  213  227
 [46]  242  256  255  268  280  272  290  322  363  338  392  461  424  442  437
 [61]  472  477  540  571  587  668  685  766  766  798  786  846  927  976  988
 [76] 1100 1108 1154 1206 1308 1324 1395 1421 1388 1480 1653 1749 1813 1915 1937
 [91] 1912 1961 2139 2234 2359 2389 2527 2586 2631 2877 3093 3167 3221 3396 3613
[106] 3757 3947 3985 4169 4415 4562 4622 4987 5139 5413 5481 5652 5932 6135 6440
[121] 6510

[[32]]
  [1]   10   36   49   30   23   20   27   29   31   30   31   37   41   33   42
 [16]   45   55   50   41   45   45   39   41   54   59   58   48   54   52   69
 [31]   79   66   52   39   49   69   63   59   63   71   79   69   64   62   81
 [46]   96  108  113  104  115  123  130  148  161  174  171  176  176  194  197
 [61]  224  199  216  225  252  223  229  264  299  256  214  267  269  298  285
 [76]  280  282  303  317  378  402  417  403  441  460  488  511  541  547  589
 [91]  614  657  642  653  704  665  711  826  794  836  873  949 1024  999 1077
[106] 1087 1161 1138 1133 1170 1251 1230 1344 1364 1424 1493 1512 1619 1584 1646
[121] 1656

[[33]]
  [1]  10  41  35  34  27  28  41  32  37  33  38  36  38  33  28  24  21  31
 [19]  30  29  32  26  35  37  38  55  51  60  61  72  64  77  85  97  89 100
 [37] 101 140 112 108 104 117 110 107 107 117 117 127 126 127 126 104  90 102
 [55] 117 136 118 112 150 160 170 150 160 172 215 209 210 207 211 214 227 220
 [73] 203 204 223 239 242 237 285 274 270 254 282 282 294 281 330 331 379 415
 [91] 421 424 424 404 421 423 398 415 415 448 417 438 486 524 488 613 618 615
[109] 593 630 657 728 743 745 812 873 877 848 937 909 938

[[34]]
  [1] 10  3  2  1  1  1  1  1  0  0  0  0  0  0  0  0  0  0  0  0  0  0  0  0  0
 [26]  0  0  0  0  0  0  0  0  0  0  0  0  0  0  0  0  0  0  0  0  0  0  0  0  0
 [51]  0  0  0  0  0  0  0  0  0  0  0  0  0  0  0  0  0  0  0  0  0  0  0  0  0
 [76]  0  0  0  0  0  0  0  0  0  0  0  0  0  0  0  0  0  0  0  0  0  0  0  0  0
[101]  0  0  0  0  0  0  0  0  0  0  0  0  0  0  0  0  0  0  0  0  0

[[35]]
  [1]  10  25  23  16  15  16  17  18  20  16  21  20  21  17  23  37  30  35
 [19]  32  37  32  36  46  45  31  25  25  33  32  31  48  50  54  44  35  35
 [37]  38  42  37  31  36  32  36  28  27  34  34  59  62  62  60  70  77  71
 [55]  69  68  79  78  84  98  81  69  71  68  72  80  88  84 101 110 135 137
 [73] 149 164 165 174 181 211 196 199 237 254 213 229 231 243 269 252 268 281
 [91] 316 290 315 329 339 354 357 393 397 418 416 464 499 453 438 494 561 618
[109] 610 633 680 647 685 696 721 691 757 777 777 838 892

[[36]]
  [1]  10  35  34  24  21  18  15  15  20  23  22  21  25  17  18  15  16  17
 [19]  29  25  25  28  26  22  25  32  23  19  17  16  11  17  17  14  12  17
 [37]  12  11  11  15  19  22  20  19  21  37  39  52  49  41  36  45  45  70
 [55]  59  59  52  54  75  68  69  67  82  71  84  83  71  87  77 104  86  85
 [73]  85  76  90  84 106  78  83 106  93 117  98 113 101 108 120 122 130 126
 [91] 135 154 161 153 140 142 167 165 168 163 173 187 224 224 227 263 249 270
[109] 246 290 297 312 315 327 321 318 370 431 396 402 431

[[37]]
  [1]   10   26   19   18   12   23   27   38   25   20   25   23   41   45   36
 [16]   45   51   49   33   39   29   38   42   45   41   46   52   62   63   53
 [31]   55   82   72   70   83   87   87  119  104  111  106  123  116  165  164
 [46]  168  162  176  209  213  221  217  195  191  244  229  223  218  217  234
 [61]  291  261  266  236  271  320  323  316  316  331  347  385  389  406  399
 [76]  444  440  450  497  537  578  632  634  675  736  709  715  714  732  810
 [91]  810  816  834  853  894  879  949  942 1023 1088 1094 1088 1203 1262 1304
[106] 1321 1395 1550 1584 1654 1705 1837 1966 1949 2080 2128 2222 2318 2376 2430
[121] 2517

[[38]]
  [1]  10  28  17   9   7   7   6   6   5   4   4   8   5   5   5   4  10  14
 [19]   9   6   5  17   8   6   5   4   3   3   3   2   2   2   1   1   1   1
 [37]   1   1   1   6   5   4   4   3   2   2   3   6  10   6   5   4  17  10
 [55]  10  13  16  21  12  18  19  16  22  21  30  28  32  38  31  31  37  35
 [73]  33  38  55  65  62  72  65  73  70  95  80  88 122 115 110  93  90  91
 [91] 100  94  97  94 127 111  98 120 130 119 147 135 172 176 190 191 183 191
[109] 215 205 216 229 218 230 240 266 241 252 250 212 292

[[39]]
  [1]   10   48   28   21   17   20   29   19   27   21   27   19   17   23   35
 [16]   31   21   22   20   30   30   29   42   34   29   27   29   44   36   36
 [31]   63   63   66   72   85   96   95   99  104  128  135  118  122  122  143
 [46]  156  142  127  132  143  154  134  134  150  161  137  145  161  170  167
 [61]  200  219  222  189  211  239  223  270  240  252  259  253  249  268  287
 [76]  284  302  307  309  323  385  366  376  392  405  430  447  500  521  523
 [91]  566  604  599  599  658  679  691  702  760  764  784  857  940  913  898
[106]  935  947 1132 1126 1095 1158 1165 1251 1212 1266 1331 1338 1420 1465 1529
[121] 1539

[[40]]
  [1]   10   34   26   27   21   24   29   39   52   55   42   55   59   61   51
 [16]   69   54   42   54   60   60   52   57   65   68   77   75   88   87   73
 [31]   66   84  107   94   81   93  106   99  106  109   95  106   98  112  136
 [46]  145  127  124  123  146  146  120  144  160  160  172  186  199  186  202
 [61]  189  248  248  275  255  271  278  283  295  278  294  289  318  407  359
 [76]  359  343  359  364  373  425  468  502  502  514  529  532  555  612  659
 [91]  621  667  735  824  917  866  924 1026 1056 1107 1172 1199 1243 1247 1381
[106] 1491 1501 1541 1553 1607 1723 1844 1823 1860 1985 2086 2198 2266 2426 2509
[121] 2614

[[41]]
  [1]   10   29   22   17   15   17   19   23   17   28   22   18   25   23   20
 [16]   23   24   16   16   22   20   21   21   15   14   14   11    7    7    7
 [31]   14   13   12   22   28   33   37   37   42   45   39   38   39   41   45
 [46]   46   39   26   24   27   43   48   53   64   62   63   62   74   94   90
 [61]  106   94   90  118  131  151  143  156  174  184  187  202  211  208  230
 [76]  256  275  280  299  263  297  286  302  290  295  295  291  358  399  430
 [91]  438  427  462  466  474  513  545  527  522  557  532  571  563  623  671
[106]  703  721  825  787  804  881  934  984 1023 1060 1054 1107 1176 1200 1201
[121] 1196

[[42]]
  [1]  10  27  16  10   7   6   5   4   9   8   7   5   5   5   9  14  10   6
 [19]   6  13  21  16  15  15  10  14   8   6   6  10   8   7   6   5   4   4
 [37]   3  17  19  13  12  14  15  11  21  19  21  23  13  25  14  10  15  19
 [55]  22  21  21  34  33  35  47  39  40  45  42  46  44  53  51  41  58  60
 [73]  56  59  57  68  51  67  79  88  86  70  71  74  83 109 127 104 108 107
 [91] 138 147 126 139 140 144 138 131 145 168 158 169 164 181 205 214 211 219
[109] 207 210 223 246 281 277 296 328 314 308 339 329 380

[[43]]
  [1]   10   38   43   38   29   26   31   40   31   40   31   30   32   33   35
 [16]   33   48   61   56   42   34   40   50   56   44   45   49   57   64   82
 [31]   69   81   75   75   94  113  152  134  137  148  131  122  156  191  184
 [46]  169  169  196  240  230  253  278  260  267  258  263  344  355  370  350
 [61]  363  409  432  492  490  485  495  563  584  612  639  675  679  682  755
 [76]  786  753  786  828  922 1001  986 1064 1002 1075 1103 1205 1350 1375 1460
 [91] 1438 1465 1559 1561 1653 1695 1776 1962 1960 2023 2131 2108 2171 2293 2472
[106] 2507 2633 2729 2845 2966 3076 3212 3399 3569 3529 3606 3763 3989 4130 4187
[121] 4295

[[44]]
  [1]   10   19   28   33   23   19   20   30   33   32   22   33   35   30   28
 [16]   47   32   35   44   36   36   43   50   51   54   57   66   95   93   88
 [31]   81  112   94   97  122  139  119  107  119  130  162  161  155  136  150
 [46]  140  160  162  183  200  194  216  235  220  235  246  258  255  281  297
 [61]  286  300  283  341  376  370  356  375  391  414  416  463  497  572  586
 [76]  642  675  711  726  729  709  771  838  764  827  822  875  903  921  876
 [91]  993 1019 1099 1184 1283 1288 1387 1448 1516 1539 1580 1538 1590 1605 1774
[106] 1942 1959 1989 2048 2109 2191 2262 2396 2408 2550 2576 2660 2830 2843 3001
[121] 3134

[[45]]
  [1]   10   50   46   43   45   49   56   63   61   46   57   62   54   59   68
 [16]   93   90   87   79   80   85   94  104  105  117  100   95  128  151  143
 [31]  147  153  143  149  154  159  136  149  177  172  176  193  181  205  199
 [46]  230  224  201  254  216  229  225  259  278  337  346  351  336  380  424
 [61]  409  418  479  437  450  529  548  519  521  557  520  513  575  598  577
 [76]  649  655  682  714  707  772  772  768  794  784  883  883  936  890  967
 [91] 1027 1122 1118 1179 1227 1295 1317 1370 1551 1573 1591 1625 1794 1833 1800
[106] 1863 1967 1975 1971 2126 2271 2325 2337 2396 2516 2749 2807 2945 3108 3273
[121] 3405

[[46]]
  [1]  10  40  23  21  17  14  18  13  13  18  16  10  16  16  19  11   9  14
 [19]  13   7   5   5   5  10  19  21  19  12  11  12  14  13  21  17  18  15
 [37]  14  10  19  20  13  19  20  35  30  49  37  27  30  31  53  47  50  43
 [55]  53  53  46  48  49  47  59  68  60  60  53  65  54  50  56  53  50  65
 [73]  58  54  45  56  84 104 105 100  97  90  87 101 114 102 117 130 111 130
 [91] 145 176 180 191 171 191 184 186 214 226 200 254 227 225 263 264 290 291
[109] 290 358 352 346 345 364 420 463 550 577 558 557 563

[[47]]
  [1]   10   32   31   28   21   16   22   21   26   33   35   35   35   42   51
 [16]   50   54   55   44   54   77   89   83  104   97   90   79   83  103  107
 [31]   97   86   93   97   97  101   77  108  130  136  110  131  129  147  151
 [46]  146  136  132  164  159  165  145  163  160  166  177  184  206  222  233
 [61]  237  247  255  254  261  280  252  325  350  369  375  468  453  491  490
 [76]  486  491  509  566  609  606  591  657  665  696  780  783  773  796  942
 [91]  929  919 1000 1016 1125 1093 1163 1214 1263 1326 1357 1399 1487 1618 1692
[106] 1778 1712 1794 1807 1918 1984 2068 2038 2048 2023 2186 2321 2289 2458 2448
[121] 2545

[[48]]
  [1]  10  43  23  19  17  13  19  23  17  14  12  21  40  42  36  42  44  63
 [19]  54  60  57  70  57  52  48  60  84  85  85  83  87  83  85  91 100  84
 [37]  77  79  96 113 116 105  85 103  94  85  78  85  93  90 116  92  96 113
 [55] 105 106 102 109 107 135 126 152 134 144 129 120 120 135 152 127 150 166
 [73] 166 193 198 178 187 198 218 251 221 212 248 241 262 271 244 258 311 261
 [91] 285 324 309 299 294 292 287 325 333 345 360 369 364 421 405 414 433 482
[109] 526 532 602 604 593 591 666 731 694 726 789 798 810

[[49]]
  [1]   10   33   45   30   24   31   26   24   21   17   20   12   17   20   25
 [16]   20   23   23   27   32   45   42   60   73   54   57   53   54   53   82
 [31]   99   88   85   93  118   95   97  121  130  114  104  105  112  143  154
 [46]  165  170  154  151  173  154  163  157  169  204  208  192  209  207  229
 [61]  227  276  285  252  252  316  336  269  291  322  329  311  352  366  401
 [76]  410  456  406  475  488  468  590  569  530  526  591  607  570  579  600
 [91]  630  661  772  801  862  909  908  952  972  941 1035 1109 1095 1153 1222
[106] 1269 1318 1369 1554 1626 1645 1756 1828 1868 1951 1994 2051 2104 2167 2305
[121] 2464

[[50]]
  [1]   10   39   37   25   21   17   13   13   15   19   17   24   24   17   16
 [16]   20   29   38   34   47   63   71   64   46   61   64   68   69   84   86
 [31]   96  107  101  114   88  107  114  120  134  172  161  170  156  170  168
 [46]  182  200  184  195  221  195  185  193  215  210  253  261  237  261  293
 [61]  347  364  363  379  379  388  374  386  384  381  392  422  500  522  546
 [76]  536  543  568  579  640  667  704  773  795  824  858  887  928  969 1057
 [91] 1102 1122 1144 1189 1173 1251 1276 1342 1355 1362 1443 1508 1539 1604 1671
[106] 1676 1660 1760 1973 2004 2162 2240 2212 2181 2282 2360 2429 2666 2769 2927
[121] 2957

[[51]]
  [1]   10   29   18   21   22   32   40   27   22   23   34   39   38   31   33
 [16]   40   43   44   46   54   63   66   59   54   68   73   68   76   75   77
 [31]  117  118  106  127  141  140  148  137  158  132  148  177  166  158  163
 [46]  189  206  182  187  195  222  237  243  258  261  267  285  280  256  253
 [61]  285  292  371  369  368  355  408  373  373  389  417  440  443  419  516
 [76]  479  480  515  556  538  598  655  632  628  649  681  737  706  730  843
 [91]  856  883  898  960 1032 1055 1056 1119 1146 1182 1178 1236 1371 1461 1545
[106] 1605 1627 1710 1771 1866 1938 1993 2041 2094 2260 2389 2370 2399 2481 2629
[121] 2782

[[52]]
  [1]   10   44   37   27   26   32   38   44   36   43   48   39   45   48   37
 [16]   42   35   35   26   40   38   39   39   33   23   27   42   58   44   54
 [31]   57   57   72   55   61   70   71   90   75   86   99   88   67   78   85
 [46]   85  101  120  107  111  127  113  124  128  148  173  156  161  160  171
 [61]  196  179  187  196  211  219  227  222  219  263  287  272  265  273  261
 [76]  281  305  298  320  318  313  335  353  380  356  344  368  354  449  474
 [91]  464  475  513  535  538  543  555  585  619  600  648  674  709  715  734
[106]  743  802  797  876  916  931  905  913  961 1059 1091 1122 1209 1144 1275
[121] 1374

[[53]]
  [1]   10   15   16   19   11    9    8   18   21   22   20   15   18   26   22
 [16]   22   25   38   44   42   40   43   37   36   48   41   48   61   58   62
 [31]   76   96   84   88   94  131  132  121  142  164  169  184  173  188  210
 [46]  239  270  249  265  273  243  272  288  307  307  293  293  333  368  375
 [61]  385  422  390  438  460  479  513  531  545  567  606  677  649  656  629
 [76]  618  657  670  738  717  786  756  838  878  899  960 1031 1027 1057 1114
 [91] 1232 1260 1290 1325 1297 1512 1495 1487 1638 1616 1674 1667 1798 1963 2039
[106] 2020 2073 2249 2311 2428 2584 2654 2790 2980 3144 3199 3350 3483 3568 3631
[121] 3969

[[54]]
  [1]   10   32   38   33   31   39   35   33   37   34   35   33   31   36   42
 [16]   41   35   34   39   48   40   41   50   50   41   32   54   56   45   44
 [31]   43   42   46   57   60   47   49   61   53   52   58   66   59   68   77
 [46]   88   72   85   91   96   92  107  119  101  131  117  144  132  137  132
 [61]  142  142  146  144  154  183  178  218  197  217  215  205  222  269  265
 [76]  281  267  259  288  333  343  408  372  377  393  375  399  389  399  479
 [91]  434  459  506  560  558  581  551  597  645  676  718  742  713  795  754
[106]  745  858  931  921  968  933 1041  995 1100 1085 1167 1206 1280 1329 1327
[121] 1390

[[55]]
  [1]   10   35   44   36   31   32   37   42   32   35   34   33   46   48   47
 [16]   48   46   54   49   44   55   90   86  106  108   92   99  108  108  114
 [31]  121  147  133  147  158  162  183  189  182  174  209  235  218  209  253
 [46]  242  254  266  257  257  293  319  345  364  314  312  381  387  403  449
 [61]  450  462  452  474  474  481  528  569  594  599  653  695  712  733  724
 [76]  784  868  874  938  935  941  994 1060 1091 1090 1114 1229 1230 1345 1409
 [91] 1437 1428 1521 1551 1674 1817 1807 1868 1889 1993 2151 2217 2283 2298 2332
[106] 2412 2524 2708 2828 2942 2912 2959 3076 3260 3377 3616 3727 3915 3963 4157
[121] 4308

[[56]]
  [1]   10   38   29   26   17   21   39   45   35   35   31   32   37   33   24
 [16]   23   21   29   44   39   36   35   29   31   46   49   45   40   34   40
 [31]   51   57   48   64   88   95  108   86  103   84  123  123  139  139  157
 [46]  160  172  178  205  187  217  229  199  226  246  269  275  297  349  386
 [61]  378  389  392  402  452  489  519  474  509  543  545  566  586  654  649
 [76]  695  706  767  805  848  908  897  941  998 1018 1059 1111 1161 1233 1282
 [91] 1312 1343 1436 1513 1564 1667 1815 1832 2027 2103 2097 2216 2289 2352 2320
[106] 2393 2523 2670 2758 2862 2905 2984 3170 3232 3412 3381 3639 3798 4130 4299
[121] 4459

[[57]]
  [1] 10 37 21 13 16 14 14 26 18 16 12  7  4  4  9  8  7  6  6  5  5  4  7 14 13
 [26]  9 15 13 17 12 18  9  8 11 19 16 10  7 14 16 13 10 18 30 20 12  9  7 13 16
 [51] 21 24 16 12 15 10 22 18 15 14 10 16  9 18 13 16 18 18 19 16 26 26 25 22 16
 [76] 19 23 29 41 43 43 42 29 22 37 37 27 21 28 50 36 29 27 38 59 61 42 34 34 37
[101] 36 31 30 38 39 39 32 32 31 40 42 50 45 34 38 51 76 74 77 89 72

[[58]]
  [1]   10   32   36   25   21   16   26   23   19   15   17   17   14   13   12
 [16]   20   18   17   22   28   22   19   28   23   20   28   34   25   28   35
 [31]   43   43   42   38   46   56   62   57   60   78  103  107   96   93   90
 [46]  109  145  144  129  122  166  158  159  182  183  186  195  208  213  245
 [61]  239  226  256  288  295  323  336  364  350  421  491  507  517  514  517
 [76]  554  598  597  628  655  709  710  752  807  783  807  825  827  843  935
 [91] 1048 1021 1039 1084 1122 1136 1213 1295 1362 1354 1377 1533 1503 1572 1568
[106] 1640 1640 1710 1735 1943 2075 2163 2256 2272 2305 2403 2535 2671 2788 2915
[121] 2940

[[59]]
  [1]   10   35   18   14   12   15   11   15    9   19   11   12   17   11   13
 [16]   12   18   14    9   15   14   18   22   22   22   32   35   40   36   51
 [31]   53   47   44   46   47   54   60   62   75   72   80  101  112  133  110
 [46]   95  113  136  158  141  130  134  132  128  145  140  133  137  152  164
 [61]  147  178  176  174  195  202  225  241  260  274  285  297  320  303  314
 [76]  332  370  370  350  387  393  375  362  392  452  439  457  410  455  481
 [91]  565  530  530  544  627  659  707  713  726  729  738  793  829  899  885
[106]  953 1017  996 1054 1118 1066 1123 1178 1222 1230 1274 1323 1418 1392 1454
[121] 1517

[[60]]
  [1]   10   24   21   15   15   19   15   19   11   15   12   11   11    8   16
 [16]   16   14   15   17   12   13   17   14   13   19   13   24   34   33   24
 [31]   24   25   19   16   38   39   39   39   44   38   37   57   53   50   35
 [46]   50   44   40   35   50   58   65   60   62   70   94   79   94  109  112
 [61]   99   92  120  111  138  157  155  157  189  181  173  163  178  232  274
 [76]  266  240  255  266  274  281  267  306  354  330  317  315  321  325  372
 [91]  391  388  374  390  399  469  465  429  430  472  526  551  542  607  671
[106]  633  668  698  724  732  770  739  780  797  818  896  970  997 1000 1029
[121] 1044

[[61]]
  [1]   10   43   42   28   33   44   34   25   37   32   30   31   30   29   26
 [16]   31   29   33   30   39   34   43   36   30   29   38   31   23   28   28
 [31]   40   35   30   34   24   25   30   33   46   53   45   51   55   50   42
 [46]   47   73   70   82   85   82   73   89  103  126  138  143  143  146  152
 [61]  165  171  181  201  190  201  190  231  213  246  248  277  303  296  321
 [76]  358  340  349  358  396  361  371  407  418  383  442  497  518  537  562
 [91]  566  579  581  616  600  628  668  709  710  740  764  740  793  842  817
[106]  789  827  901  945  962 1087 1103 1106 1173 1249 1320 1403 1445 1533 1662
[121] 1642

[[62]]
  [1]   10   30   24   28   29   24   34   29   38   41   33   33   35   33   26
 [16]   32   46   36   33   34   25   26   30   45   47   42   43   40   53   73
 [31]   60   48   52   44   56   64   58   66   57   59   60   76   81   97  104
 [46]   93  106  100  121  117  145  141  146  169  156  162  166  172  183  191
 [61]  196  220  241  233  217  230  282  241  254  238  249  261  257  274  301
 [76]  329  347  388  387  375  404  435  472  472  593  570  618  610  654  639
 [91]  675  699  800  815  788  826  784  859  933 1064 1128 1184 1186 1256 1251
[106] 1283 1308 1423 1541 1553 1626 1701 1630 1756 1891 1945 2138 2222 2276 2424
[121] 2411

[[63]]
  [1]   10   34   26   25   18   16   19   16   21   29   22   29   43   28   29
 [16]   37   35   43   33   24   40   47   56   52   50   58   63   78   70   75
 [31]   87   75  104  107  114  109  129  119  130  141  138  143  158  185  184
 [46]  189  195  193  238  244  262  270  300  320  280  303  327  351  366  370
 [61]  361  363  423  451  494  479  435  440  468  524  538  534  557  590  620
 [76]  619  669  672  723  741  740  761  857  889  969  990 1020 1062 1099 1164
 [91] 1168 1156 1270 1292 1380 1458 1451 1454 1571 1589 1666 1714 1820 1940 2064
[106] 2190 2173 2267 2327 2523 2644 2743 2801 3008 3078 3239 3374 3563 3677 3862
[121] 3998

[[64]]
  [1]   10   29   22   16   17   19   21   20   36   35   30   24   24   27   39
 [16]   51   41   49   44   44   34   47   48   40   32   22   45   50   37   38
 [31]   33   43   45   50   68   69   67   68   63   66   71   75   83   99   83
 [46]   84   86   96   99  119  106  112  122  107   96  128  136  139  133  140
 [61]  141  160  157  160  174  192  201  247  250  217  209  203  227  236  235
 [76]  301  267  260  270  263  302  300  312  349  356  336  329  380  428  421
 [91]  430  476  484  505  513  518  589  580  595  636  655  687  701  708  733
[106]  719  754  816  779  791  816  857  874  915  888  913  964 1049 1056 1075
[121] 1089

[[65]]
  [1]  10  24  17   9   9   6   5   5  13   8   9   7  10   9   7   7   4   4
 [19]   4  10   8   8   7   7   5   9  14   8   6  12   6   6   5  15   7  18
 [37]   9   8   8   8   7  13  17   9   8  13  12  30  23  21  17  22  31  28
 [55]  17  15  30  43  33  25  33  24  30  35  57  48  46  33  31  42  44  49
 [73]  44  50  65  57  38  37  63  55  54  58  55  62  55  59  60  88  79  84
 [91]  84  91  75  90  97  90 113 120 118 130 141 133 144 149 139 152 135 151
[109] 145 144 156 178 183 173 180 181 175 171 170 189 247

[[66]]
  [1]   10   23   27   27   29   23   24   44   44   39   36   34   31   39   45
 [16]   33   43   57   53   75   60   41   38   43   52   54   51   51   59   53
 [31]   53   49   52   51   72   96   91   93   90  109   98  104  128  126  122
 [46]  124  122  122  113  130  158  159  164  164  182  171  156  162  190  221
 [61]  209  217  221  207  189  193  182  191  215  207  218  204  220  252  247
 [76]  225  241  260  250  256  282  302  259  289  291  342  328  327  307  397
 [91]  391  405  418  428  480  478  515  601  605  630  625  677  722  742  767
[106]  777  816  819  898  923  994  917  910 1001 1000 1035 1097 1111 1169 1220
[121] 1275

[[67]]
  [1] 10 32 21 12  9  8  7 12 21 13 12  8  6 11  8 13 11 13  7  5  5  8  5  4  4
 [26]  6  5  5  5  3  9  5  4  3  3  3  3  3  2  7 10 11  7  6  6 12 13 19 10 14
 [51]  9  8  7  7  8 13 13  7  4  4  5 14  8  7  5  9  7  5  4  4  4  8  6  4  4
 [76]  4 10 10  7  7  5  3  2  2 10  7  6  6  6 13 11  9  7 11  8  7  5  4 10  8
[101]  9  6 14 16 14 13 17 20 13 15 12 18 13 15 10 15 16 20 20 17 20

[[68]]
  [1]  10  15  14  11   9   5   3   3   3   2   4   6   8   6   4  10   9   4
 [19]   3   6   5   4   7  10  11   6   6  10  12  20  14  19  14  17  12  10
 [37]  13  18  19  16  26  17  22  21  16  14  25  23  24  30  18  19  23  28
 [55]  26  35  30  43  42  32  44  46  39  42  42  43  50  41  61  53  53  60
 [73]  73  85  88  70  61  70  86  83  93  77  81  79  96 127 109 109 107 129
 [91] 155 149 138 149 178 165 164 196 204 240 257 257 263 268 298 290 298 292
[109] 359 365 376 357 392 380 417 420 466 440 443 459 543

[[69]]
  [1]  10  18  15  11  10   8  17  10   9   5   6   5  13   9  11  13  10  16
 [19]  17  18  20  16  20  26  28  31  37  31  41  39  54  47  39  49  49  48
 [37]  45  65  82  62  52  67  80  77  66  60  67  50  61  69  75  74  78  89
 [55]  73  81  82  82  89 104  92 119 104 114  99 113 115 127 132 153 163 186
 [73] 149 141 138 126 148 149 155 188 170 166 192 187 190 211 237 211 249 252
 [91] 254 262 252 230 297 354 377 363 338 371 379 462 418 391 425 442 478 451
[109] 504 511 570 577 616 635 666 624 668 775 831 794 833

[[70]]
  [1]   10   25   32   28   23   28   42   53   49   47   55   45   36   39   45
 [16]   57   45   41   54   61   47   43   60   67   71   58   70   73   65   82
 [31]   86   94   82  112  107   96  120  147  134  138  130  165  176  153  171
 [46]  176  182  169  201  221  193  210  232  229  239  251  278  255  277  294
 [61]  301  309  329  327  340  356  413  407  472  500  528  533  535  538  584
 [76]  623  655  679  695  728  757  808  867  901  947 1060 1142 1183 1136 1255
 [91] 1315 1342 1332 1378 1415 1454 1531 1540 1638 1760 1824 2009 2022 2050 2132
[106] 2309 2414 2469 2611 2711 2929 2984 3178 3197 3342 3350 3561 3767 3967 4047
[121] 4242

[[71]]
  [1]   10   36   29   20   16   20   22   24   23   35   38   51   39   35   40
 [16]   49   65   45   41   47   71   56   48   54   55   56   73   63   85   77
 [31]   84   77   75   81  116  124  112  116  123  131  141  141  158  190  178
 [46]  181  182  198  205  234  214  230  247  246  278  269  285  295  284  317
 [61]  297  325  330  347  350  359  390  401  486  446  490  514  514  591  602
 [76]  673  687  682  693  747  795  846  922  958  934 1053 1088 1108 1161 1163
 [91] 1245 1289 1287 1348 1422 1476 1536 1498 1500 1595 1636 1692 1829 1944 2012
[106] 2080 2133 2186 2321 2390 2532 2689 2651 2742 3024 2976 3136 3208 3449 3455
[121] 3611

[[72]]
  [1]   10   30   24   18   11    9    8    7   10   13   17   13   20   17   12
 [16]   11   28   27   32   33   28   38   40   52   42   38   40   59   63   54
 [31]   64   84  100   92  100   98  101  116  115  102  108  108  135  106   91
 [46]   83   77   87  108  105   85   86   83   92   76   77   70   86   77   80
 [61]   90   85  101  106  114  113  127  151  188  175  179  185  205  204  244
 [76]  234  277  287  282  311  284  295  314  317  339  382  421  416  405  450
 [91]  459  542  527  523  535  596  618  605  653  681  710  735  754  751  744
[106]  814  801  868  879  907  943 1009 1047 1047 1107 1130 1208 1191 1278 1367
[121] 1299

[[73]]
  [1]   10   38   23   26   27   23   25   27   39   51   52   40   34   27   52
 [16]   45   53   44   54   56   45   51   41   47   45   40   37   44   59   44
 [31]   42   38   47   46   38   53   50   40   39   34   47   71   84   92   76
 [46]   64   74   93  118  106  112  132  139  125  159  154  145  159  155  166
 [61]  161  189  186  185  195  199  218  225  263  269  319  322  291  321  308
 [76]  339  354  360  371  393  417  446  436  442  473  458  476  515  569  605
 [91]  604  602  627  678  683  655  700  723  748  836  816  855  836  857  872
[106]  876  926  990 1011  989 1128 1120 1167 1205 1316 1268 1343 1394 1435 1464
[121] 1582

[[74]]
  [1]   10   28   32   39   28   39   30   26   23   27   41   49   45   32   32
 [16]   43   44   40   58   56   62   84   92   77   75   89  110  130  134  145
 [31]  160  169  151  133  119  120  137  135  131  146  166  150  143  159  143
 [46]  188  188  193  184  175  193  205  208  218  230  233  272  277  301  329
 [61]  315  330  358  407  384  407  402  410  415  404  496  514  511  578  602
 [76]  639  636  660  700  773  807  795  835  841  936  935  949  990 1009 1098
 [91] 1082 1181 1196 1279 1334 1310 1283 1512 1587 1648 1639 1676 1734 1810 1863
[106] 1752 1891 2036 2082 2185 2329 2405 2534 2593 2656 2716 2910 3060 3195 3244
[121] 3363

[[75]]
  [1]   10   27   20   22   32   27   37   33   33   30   36   39   31   56   45
 [16]   61   61   59   58   55   65   64   72   70   73   83   89   77   83   91
 [31]   82  109   89  109  119  129  154  157  168  165  147  160  190  182  185
 [46]  163  186  191  206  200  182  194  248  245  265  259  216  240  237  228
 [61]  236  247  250  253  263  279  264  263  272  307  340  327  292  300  325
 [76]  349  414  442  432  425  444  469  511  529  536  596  630  669  735  780
 [91]  787  757  773  838  890  894  997 1038 1062 1142 1208 1254 1310 1350 1471
[106] 1456 1534 1620 1695 1729 1919 1944 1955 2013 1954 2066 2193 2308 2425 2439
[121] 2536

[[76]]
  [1]   10   26   31   25   19   15   13   19   22   20   22   16   19   27   28
 [16]   29   29   28   31   31   34   35   37   31   28   40   47   36   25   53
 [31]   55   43   31   27   23   30   45   35   37   28   36   26   23   35   48
 [46]   61   64   69   60   58   56   69   77   76   67   88   98  125  104  127
 [61]  120  108  122  124  121  105  107  107  138  148  157  167  160  167  154
 [76]  169  174  199  233  213  209  219  251  267  236  288  243  307  284  284
 [91]  288  316  347  375  362  367  390  427  474  484  441  492  591  637  668
[106]  666  658  693  818  767  828  839  939 1001  950 1020 1120 1196 1212 1226
[121] 1314

[[77]]
  [1]   10   52   36   28   22   25   24   19   22   37   34   31   48   36   36
 [16]   36   42   58   67   67   71   51   62   90   90   78   75  107  135  115
 [31]  105  129  128  121  122  111  114  121  118  120  138  138  132  159  168
 [46]  181  161  144  154  167  201  192  219  206  189  197  214  223  249  255
 [61]  249  268  286  261  266  319  380  342  342  342  399  384  387  375  421
 [76]  445  491  523  477  504  527  567  563  548  584  594  591  686  738  747
 [91]  717  767  778  813  840  911  943  980  950  986 1141 1160 1231 1239 1332
[106] 1342 1403 1520 1669 1732 1726 1735 1765 1865 1913 1998 2136 2196 2234 2324
[121] 2309

[[78]]
  [1]   10   35   41   37   32   35   33   29   36   42   47   42   33   43   48
 [16]   54   51   62   66   82   88   77   88  126  122  122  134  163  143  136
 [31]  179  199  172  185  162  147  150  163  158  179  162  169  186  196  218
 [46]  272  272  253  274  272  273  260  303  313  317  329  356  397  418  411
 [61]  391  401  429  429  424  441  480  522  533  588  642  648  640  662  744
 [76]  751  732  709  846  844  849  855  862  851  894  933  976  989 1008 1009
 [91] 1072 1128 1208 1225 1292 1322 1403 1483 1477 1462 1444 1603 1777 1769 1874
[106] 1866 1895 1945 2131 2359 2372 2394 2547 2715 2737 2925 2925 3062 3234 3248
[121] 3289

[[79]]
  [1]   10   38   20   21   27   24   22   30   30   30   28   48   50   47   37
 [16]   38   36   49   60   55   57   59   56   57   64   65   66   55   55   57
 [31]   73   86   70   57   54   58   70   61   74   72   72   77   70   79   84
 [46]   81   76   97   90   82   74   77   76   84   92   92   84   86   97   96
 [61]   91  101   89  103  126  161  139  152  138  145  150  157  187  182  164
 [76]  187  185  194  194  183  220  202  230  215  228  248  258  236  270  250
 [91]  281  337  363  352  341  350  376  396  392  428  416  427  453  448  492
[106]  520  543  534  584  595  687  618  688  725  790  787  810  835  879  954
[121] 1052

[[80]]
  [1]   10   26   22   18   14   17   22   28   20   21   19   25   30   27   23
 [16]   30   46   41   39   48   50   51   56   62   48   54   64   51   51   54
 [31]   56   66   64   68   74   69   85  111   92  106  105  113  127  120  106
 [46]  124  114  107  115  121  136  135  127  133  159  161  171  166  158  174
 [61]  162  196  186  219  267  286  269  257  244  256  273  263  265  270  286
 [76]  300  302  336  315  314  371  403  428  372  398  420  421  447  480  544
 [91]  583  592  669  684  685  697  748  717  706  810  756  779  787  837  889
[106]  910  951  963  903  958 1010 1096 1160 1170 1238 1289 1299 1353 1515 1473
[121] 1559

[[81]]
  [1]   10   27   16   22   24   19   22   19   29   23   35   33   31   24   25
 [16]   24   36   36   36   32   27   32   23   23   21   22   35   38   33   41
 [31]   38   34   37   53   51   55   55   43   61   51   61   77   82   82   75
 [46]   79   99   96  112  123  128  136  123  153  128  143  135  157  149  140
 [61]  167  173  181  186  196  192  219  198  208  253  265  241  264  258  272
 [76]  279  279  345  350  325  339  358  409  402  405  432  412  462  434  501
 [91]  494  562  603  650  630  636  662  696  721  727  750  785  888  944  900
[106]  939  949  995 1063 1113 1136 1077 1136 1220 1317 1326 1375 1471 1453 1527
[121] 1602

[[82]]
  [1]   10   46   38   35   37   34   42   44   37   40   38   25   18   23   14
 [16]   18   29   30   34   48   27   27   28   22   16   14   23   25   30   42
 [31]   38   33   40   50   48   37   38   50   53   56   72   70   77   84   95
 [46]  106  113   94  101  109  116  124  135  143  128  122  127  139  146  150
 [61]  156  157  163  177  163  168  198  207  246  247  228  222  235  277  287
 [76]  262  330  352  363  385  393  382  457  454  442  432  440  461  481  493
 [91]  512  557  503  508  551  631  634  652  628  624  624  705  787  787  786
[106]  860  952 1018 1058 1057 1092 1139 1180 1265 1355 1380 1470 1458 1502 1634
[121] 1659

[[83]]
  [1]   10   27   24   20   15   17   14   10   16   14    8   25   23   19   32
 [16]   27   31   30   36   42   44   40   48   41   51   47   52   51   60   76
 [31]   67   67   54   50   61   69  101   89   92   71   88  104  111  129  131
 [46]  137  137  162  156  184  189  160  184  173  161  171  190  174  188  203
 [61]  229  239  238  265  301  319  317  333  362  380  389  367  404  428  436
 [76]  464  423  425  406  409  457  491  441  449  469  433  483  531  491  521
 [91]  533  527  528  556  603  680  682  708  678  685  773  826  831  832  850
[106]  876  977 1068 1102 1093 1153 1199 1279 1346 1443 1521 1444 1593 1604 1691
[121] 1796

[[84]]
  [1]  10  21  18  18  10  12  10   8  18  17  15  13  21  16  17  18  17  12
 [19]   6   3   8   5   4   4   4   7  10  10  20  12   9   8   8  12  11  14
 [37]  24  25  15  18  17  11   7   7   9   7   7   7   5  10  12   8  14  17
 [55]  14  13  25  26  25  27  22  30  39  33  37  51  43  44  57  63  71  66
 [73]  83  84  70  83 100  97 102 106 125 127 126 139 166 187 202 215 225 215
 [91] 216 259 241 271 294 341 328 362 353 374 383 388 405 489 523 549 519 508
[109] 574 540 554 610 600 623 625 649 681 780 780 810 838

[[85]]
  [1] 10 19 17 22 20 12 11  8 14  9  7  7 10 10  7 10  7  4  3  3  3 12 12 12 11
 [26] 10  7 11 10  9  8  5  5 10  7  8  6  4  3  2  2  2  2 14  6  5  4  3  1 10
 [51]  4  2  1  1  1  0  0  0  0  0  0  0  0  0  0  0  0  0  0  0  0  0  0  0  0
 [76]  0  0  0  0  0  0  0  0  0  0  0  0  0  0  0  0  0  0  0  0  0  0  0  0  0
[101]  0  0  0  0  0  0  0  0  0  0  0  0  0  0  0  0  0  0  0  0  0

[[86]]
  [1]   10   40   30   27   23   19   22   22   24   17   23   25   21   19   18
 [16]   26   30   29   34   36   38   38   35   39   32   38   54   47   51   56
 [31]   52   42   59   73   75   71   83   82   68   63   77   84   88   89   84
 [46]   91   92  101  105  106  106  109  148  154  163  137  144  148  156  158
 [61]  159  194  184  204  259  250  235  235  253  236  215  255  268  268  254
 [76]  295  329  346  364  390  387  347  377  428  461  478  501  511  490  519
 [91]  563  635  665  653  712  717  728  717  784  838  809  904  949 1033  986
[106]  982 1041 1064 1101 1111 1172 1214 1288 1372 1350 1464 1577 1553 1628 1665
[121] 1864

[[87]]
  [1]  10  33  29  18  14  11  15  23  17  24  26  28  28  26  27  23  26  27
 [19]  31  36  25  22  23  24  22  22  23  16  14  21  14  16  14  12  12  15
 [37]  15  27  30  29  33  34  28  30  42  40  38  53  66  49  61  46  46  49
 [55]  65  81  77  75  76  91  89 104 102  86  83  86 106 119 113 122 116 107
 [73] 112 122 122 113 100 110 122 142 124  98 106 113 110 131 123 127 132 147
 [91] 129 131 156 183 194 202 205 207 177 190 209 240 248 223 262 263 242 293
[109] 267 296 308 314 324 312 318 394 415 412 401 410 418

[[88]]
  [1]   10   26   18   16   11    9    8   15   20   21   23   20   23   40   31
 [16]   22   25   36   34   31   32   25   37   33   32   29   27   31   38   45
 [31]   43   45   60   75   66   59   59   48   63   61   63   66   69   65   88
 [46]   81  103  110  113   99  123  129  132  140  141  215  204  196  201  229
 [61]  269  277  272  261  295  305  298  305  323  368  414  428  411  455  452
 [76]  507  555  622  604  573  618  683  755  763  757  822  808  884  934  925
 [91] 1022 1015 1061 1149 1220 1244 1251 1272 1368 1418 1529 1540 1602 1590 1688
[106] 1685 1715 1750 1818 1992 2006 1962 2105 2286 2315 2383 2460 2559 2654 2789
[121] 2903

[[89]]
  [1]   10   17   15   16   12   16   21   16   13   11   15   10    9   25   26
 [16]   33   20   32   44   46   43   35   35   42   42   30   27   30   37   42
 [31]   33   28   26   36   55   36   34   35   47   42   37   51   41   43   43
 [46]   59   67   53   56   58   82   81   87   70   94   87   82   91   91  104
 [61]  119  121  120  121  122  141  149  163  166  150  175  184  195  196  231
 [76]  211  215  202  251  267  274  258  244  256  287  259  282  323  352  354
 [91]  354  411  438  408  424  466  509  472  478  511  587  624  660  709  717
[106]  736  739  786  851  899  954  960  956 1014 1017 1057 1140 1112 1151 1240
[121] 1257

[[90]]
  [1] 10 13 15 15 10  9 14  9  8 13 12 15 17 12 11  8  6  5  4  4  4  2  2  7  5
 [26]  2  1  1  1  1  1  1  7  3  3  2  2  2  2  2  5  1  1  1  1  1  0  0  0  0
 [51]  0  0  0  0  0  0  0  0  0  0  0  0  0  0  0  0  0  0  0  0  0  0  0  0  0
 [76]  0  0  0  0  0  0  0  0  0  0  0  0  0  0  0  0  0  0  0  0  0  0  0  0  0
[101]  0  0  0  0  0  0  0  0  0  0  0  0  0  0  0  0  0  0  0  0  0

[[91]]
  [1]   10   32   40   28   27   23   29   28   28   26   26   21   31   30   30
 [16]   31   39   35   27   33   38   42   51   54   53   64   58   67   56   58
 [31]   57   64   56   58   73   79   74   87   66   92  104  116  100  108  107
 [46]  119  144  143  134  153  171  177  196  213  225  221  217  240  222  240
 [61]  260  271  281  295  290  289  308  320  324  337  381  410  407  447  454
 [76]  478  485  582  593  596  558  608  659  657  717  752  761  784  902  880
 [91]  876  878  938  919  969  997 1020 1088 1171 1173 1243 1309 1323 1530 1513
[106] 1605 1692 1744 1805 1920 1989 1969 2046 2102 2233 2359 2426 2587 2667 2756
[121] 2827

[[92]]
  [1]   10   18   18   21   18   24   22   26   35   24   21   19   18   15   23
 [16]   38   28   39   29   18   21   24   34   50   47   59   49   39   34   43
 [31]   38   37   36   28   30   56   66   66   60   45   57   60   57   62   51
 [46]   62   76   88   89  100   85   91  120  122  117  128  140  139  132  132
 [61]  126  145  165  175  196  195  199  205  228  241  276  242  251  273  250
 [76]  275  283  275  293  309  333  345  364  325  338  381  384  353  358  382
 [91]  442  435  445  407  426  435  455  501  546  510  542  589  626  693  724
[106]  733  808  804  826  824  833  903 1060 1021 1041 1029 1041 1080 1155 1148
[121] 1179

[[93]]
  [1]   10   19   20   17   22   21   22   21   20   15   19   13   20   16   13
 [16]   18   21   21   20   38   34   36   27   30   34   37   36   37   31   34
 [31]   29   42   35   43   29   29   38   45   50   48   42   63   62   71   77
 [46]   65   70   61   74   90  103  107  115  111  122  100  100  112  101  122
 [61]  131  103  114  128  139  138  157  147  167  168  176  193  208  232  239
 [76]  256  245  251  259  254  248  264  302  345  335  349  345  398  390  410
 [91]  410  464  488  468  420  427  426  476  586  583  558  590  620  624  657
[106]  741  773  746  821  901  916  944  993 1019 1093 1070 1080 1138 1249 1250
[121] 1315

[[94]]
  [1]   10   34   22   28   21   20   25   37   45   53   45   31   34   41   28
 [16]   28   20   22   33   40   48   39   39   43   49   63   61   61   60   46
 [31]   47   58   48   61   54   48   49   49   60   58   54   61   72   72   61
 [46]   73   83   78   98  108  107  110  115  127  134  121  140  138  141  137
 [61]  132  130  151  166  167  201  218  220  231  232  245  234  238  224  249
 [76]  259  288  259  292  311  343  299  325  327  340  338  375  435  420  441
 [91]  476  487  465  487  550  589  577  556  552  616  613  681  641  702  787
[106]  802  792  899  877  921  936  999  960 1058 1028 1123 1139 1168 1283 1276
[121] 1327

[[95]]
  [1]   10   26   21   17   15   13   18   17   18   12   20   24   21   18   15
 [16]   17   28   24   19   16   21   20   18   30   38   26   33   20   26   27
 [31]   40   37   36   37   52   44   42   46   58   47   46   41   59   64   69
 [46]   51   59   63   74  107  102   99   97  104  118  118  133  128  136  149
 [61]  173  174  168  194  191  180  201  239  258  252  217  259  285  265  294
 [76]  277  336  328  298  340  364  360  371  417  418  424  439  435  443  461
 [91]  515  577  537  600  613  613  683  725  759  789  884  954  972  988 1078
[106] 1063 1113 1177 1209 1245 1320 1347 1473 1459 1473 1545 1563 1683 1687 1706
[121] 1835

[[96]]
  [1]   10   31   30   25   20   24   18   12   11   18   26   18   17   13   14
 [16]   18   19   24   18   26   19   20   30   35   41   41   31   56   48   47
 [31]   42   58   66   72   92   85   83   86   79   75  100  110  106  104   97
 [46]   87   97   83   87   89   92   91  115  129  131   97   96  120  115  113
 [61]  111  115  125  148  145  133  142  157  170  175  187  190  215  227  212
 [76]  203  207  224  261  277  259  238  274  278  277  291  288  323  358  345
 [91]  409  401  421  431  460  499  537  570  538  593  623  608  661  654  660
[106]  747  760  775  810  835  811  897  930 1017 1094 1160 1173 1227 1236 1356
[121] 1389

[[97]]
  [1]   10   32   41   37   26   22   30   40   24   27   21   19   34   37   50
 [16]   41   30   34   42   52   47   46   45   46   38   41   42   43   43   40
 [31]   46   51   70   70   90   80   72  111  104   91  104  106  109  111  121
 [46]  139  114  124  144  129  153  156  120  122  159  174  182  166  176  213
 [61]  238  217  241  232  222  275  286  302  311  315  354  332  354  364  397
 [76]  429  459  468  522  518  546  544  554  585  612  616  673  691  696  750
 [91]  815  823  906  922  978 1028 1090 1141 1151 1097 1123 1230 1339 1324 1407
[106] 1423 1462 1479 1533 1648 1698 1776 1878 1930 1971 2053 2145 2369 2437 2456
[121] 2437

[[98]]
  [1]   10   32   26   34   29   32   53   55   39   42   52   49   49   67   81
 [16]   97   89   81   89   96  103   85   93   96  103  122  110  118  133  134
 [31]  155  155  173  160  169  188  201  198  185  187  215  225  243  251  284
 [46]  300  320  343  357  357  379  388  393  393  394  402  452  508  537  568
 [61]  600  622  596  620  668  689  745  742  789  769  831  812  883  911  956
 [76] 1014 1002 1005 1086 1172 1176 1311 1364 1419 1369 1416 1508 1588 1627 1685
 [91] 1694 1812 1880 1953 1973 2040 2150 2241 2260 2242 2376 2500 2601 2744 2752
[106] 2796 2922 3066 3172 3285 3485 3630 3793 3950 4037 4166 4516 4556 4693 5005
[121] 5249

[[99]]
  [1]   10   31   44   38   33   35   35   45   53   48   60   68   72   83   91
 [16]   81   77   70   59   70   59   51   41   49   55   58   67   62   50   55
 [31]   47   41   50   72   83   78   60   64   57   78   71   79   82   77   81
 [46]   85   73   75   78   88   91   82   85  121   98   92   82   98   96  105
 [61]  119  110  129  148  150  135  159  155  161  150  153  190  180  183  187
 [76]  211  229  214  218  200  209  237  229  209  206  216  214  258  335  332
 [91]  361  366  317  370  434  400  411  417  487  536  519  533  526  523  584
[106]  593  568  664  698  713  728  752  754  773  814  871  865  994 1079 1071
[121] 1123

[[100]]
  [1]   10   27   18   22   17   14   14   16   13   23   21   26   28   30   41
 [16]   32   33   31   31   27   32   28   36   32   34   28   46   51   46   42
 [31]   41   38   32   38   44   31   35   35   46   50   42   60   64   67   64
 [46]   71   74   81   68   78   94   87   97   89   86   73   80   88  105   87
 [61]  109   90   89   98  105  102   86   97   93  121  126  132  160  145  130
 [76]  150  159  190  215  216  236  238  244  237  249  255  271  314  320  319
 [91]  312  315  329  313  311  363  365  370  419  422  472  468  489  530  559
[106]  643  632  622  669  672  724  744  753  768  809  809  787  824  887  918
[121] 1059

[[101]]
  [1]   10   30   33   21   19   17   16   15   11   23   19   30   25   24   25
 [16]   36   32   30   28   33   27   23   22   39   40   34   34   36   32   37
 [31]   45   47   52   52   52   42   40   51   64   73   79   79   94   88  105
 [46]   97  112  127  145  159  155  147  141  171  182  209  212  192  238  262
 [61]  244  246  226  244  244  248  275  219  243  272  253  273  274  305  310
 [76]  272  268  313  311  334  306  311  309  312  376  376  361  373  416  462
 [91]  459  432  435  435  497  482  522  499  557  573  581  612  654  712  721
[106]  738  800  848  850  994 1066 1135 1142 1164 1159 1254 1302 1329 1328 1313
[121] 1355

[[102]]
  [1]  10  26  21  16  18  12   9   8   5   5  12  10   8  13  14  12  12   9
 [19]   7   7   6   6  13  17   9  13  19  24  19  21  17  20  21  25  29  33
 [37]  32  38  34  42  27  18  24  22  25  35  44  29  24  44  54  37  39  34
 [55]  46  40  36  34  39  50  54  50  54  61  59  48  48  50  49  57  51  55
 [73]  56  53  51  77  62  56  69  90  90  96  93  97  95 101  80  72 102 114
 [91] 125 113 128 129 143 150 152 166 170 187 209 214 204 221 238 219 228 241
[109] 241 227 214 209 215 212 203 249 252 245 242 246 284

[[103]]
  [1]  10  18  12   8   5  10   7   6   8   6  11   6   7  10   7   9   6  10
 [19]  17   9   9   9  13  15  13  11  13  21  19  32  21  16  19  30  28  21
 [37]  19  17  24  23  39  37  25  36  34  34  38  40  37  32  38  36  22  25
 [55]  28  24  42  43  51  43  38  46  44  45  47  44  42  44  56  49  64  73
 [73]  66  61  80  70  76  70  79  79  81  97  82  70  73  73  74  85 119 101
 [91] 103 106 123 115 132 129 132 137 131 145 131 147 148 136 126 137 143 154
[109] 164 198 189 178 179 210 236 246 241 227 239 238 244

[[104]]
  [1]   10   31   20   13   10   11    7    7    6    4    4    4   19   13   10
 [16]    6   13   16   19   20   26   20   19   18   17   24   22   34   30   25
 [31]   45   54   39   52   56   55   54   59   45   47   65   78   89   97   82
 [46]   82   77  107   92   92   73   70   86  100  121  116  101  115   96  101
 [61]   97   89  107  110  119  113  152  139  137  194  192  191  213  223  215
 [76]  235  232  219  233  279  264  302  281  299  307  318  337  374  400  360
 [91]  377  363  400  432  402  404  389  435  491  494  502  517  486  488  522
[106]  589  579  589  643  659  686  726  756  798  788  891  974 1035 1098 1141
[121] 1104

[[105]]
  [1]   10   21   19   18   11    8    6   14   15   17   12   16   22   26   21
 [16]   18   29   34   29   51   43   34   45   62   65   57   53   59   72   79
 [31]   78   73   61   71   67   86   94   79   96  127  112  118  127  140  153
 [46]  185  192  208  206  223  250  270  273  267  280  330  335  340  347  340
 [61]  370  375  395  391  412  436  458  451  483  462  505  518  526  560  574
 [76]  556  590  613  662  686  711  763  695  694  718  835  857  897  884  839
 [91]  864  955 1031 1042 1147 1148 1165 1218 1245 1289 1332 1364 1469 1468 1515
[106] 1544 1557 1635 1728 1804 1850 1897 1903 2035 2063 2143 2172 2196 2446 2539
[121] 2634

[[106]]
  [1]   10   33   33   38   25   22   17   16   16   20   15   29   32   25   19
 [16]   21   30   20   28   27   32   35   22   28   37   48   64   61   54   49
 [31]   48   55   65   63   72   60   69   57   66   61   78   88   82   73   92
 [46]   94   80  129  110  133  132  126  119  126  138  142  138  137  133  145
 [61]  145  153  158  136  148  150  157  158  162  167  154  157  171  139  189
 [76]  178  199  227  234  244  257  269  311  287  288  324  365  400  380  418
 [91]  461  469  436  456  465  518  536  556  643  656  636  653  665  677  721
[106]  799  839  840  806  850  868  855  898  909  924  958 1049 1032 1123 1204
[121] 1225

[[107]]
  [1]  10  34  32  22  18  17  26  34  47  47  34  38  46  30  32  39  56  58
 [19]  58  42  53  43  37  44  30  42  44  37  43  52  52  57  61  50  60  74
 [37]  75  65  55  47  60  72  70  85  78  88  84  82  74 101 105  94  80  94
 [55]  84  81  74  80  70  81  89  77  62  80  90 105 124 107 113 101 117 140
 [73] 153 177 164 158 150 161 191 174 205 204 207 220 237 253 283 271 295 313
 [91] 301 396 360 380 384 397 393 418 455 449 444 454 471 450 490 510 540 559
[109] 555 601 616 657 642 663 723 805 856 838 869 897 975

[[108]]
  [1]   10   22   23   18   16   17   18   15   15   29   35   26   20   26   25
 [16]   30   31   34   47   42   40   39   37   42   58   54   38   34   31   62
 [31]   91   88   79   75   80  100   82   86   64   68   59   82   92   95   91
 [46]  100  103  108  135  131  144  124  149  141  144  143  160  188  196  185
 [61]  184  219  223  192  255  258  266  276  280  311  308  332  372  364  355
 [76]  380  394  436  457  478  546  548  570  635  651  657  672  727  768  789
 [91]  820  834  885  911 1073 1054 1068 1121 1134 1145 1161 1231 1310 1315 1335
[106] 1415 1540 1663 1742 1784 1840 1850 1944 2040 2091 2160 2143 2320 2337 2423
[121] 2560

[[109]]
  [1]  10  32  28  18  11   7   6  18  11   8   6   6   6   3   3   4   6   3
 [19]   2   2   2   2   2   2   3   3   3   3   3   3   3   3   2   2   9   6
 [37]   6   8   4   4   4  12  10  12  12   8   6  11  16  21  16  13  16  24
 [55]  31  22  20  19  28  46  44  36  35  36  55  45  43  43  33  31  41  34
 [73]  59  54  49  58  74  65  62  60  66  48  62  84  63  68  78  76 114 101
 [91] 117 102 107  96 116 110 136 153 152 165 160 182 179 167 168 178 198 221
[109] 247 248 227 245 283 302 282 280 363 371 398 350 345

[[110]]
  [1]  10  30  29  21  18  18  24  32  24  40  25  45  45  51  50  44  52  48
 [19]  58  40  41  47  60  55  36  43  42  39  41  37  29  39  47  38  44  46
 [37]  35  26  35  35  39  46  52  42  50  41  35  39  41  43  35  43  37  32
 [55]  31  27  28  50  46  48  58  52  68  67  61  66  79  75  60  61  65  85
 [73] 104  84  74  62  79  72  66  82  93 101  97 107 127 123 144 112 126 136
 [91] 163 131 141 158 166 178 211 214 218 217 215 249 243 267 277 291 325 294
[109] 298 313 302 298 318 309 324 342 338 336 333 328 375

[[111]]
  [1]   10   21   19   22   15   29   32   26   19   19   35   23   38   32   30
 [16]   29   28   36   36   34   43   48   67   61   51   54   58   59   66   76
 [31]   62   57   72   70   57   57   67   71   68   60   96  110  124  128  148
 [46]  133  133  139  146  141  146  150  189  172  190  187  212  238  237  224
 [61]  250  219  270  263  275  302  274  303  333  365  391  367  402  381  398
 [76]  389  446  481  517  529  544  545  552  598  680  704  687  700  711  701
 [91]  801  783  864  901  907  950  926  962 1026 1031 1112 1184 1239 1285 1332
[106] 1365 1454 1467 1596 1674 1780 1803 1850 2046 2030 2105 2227 2213 2377 2435
[121] 2490

[[112]]
  [1]  10  23  27  27  31  21  29  24  30  31  28  36  48  31  27  45  38  40
 [19]  34  45  42  53  55  37  36  45  44  40  65  54  49  42  39  48  40  67
 [37]  62  85  80  91  84  78  81  69  67  82  83 104  92  98 106 125 110 110
 [55] 107 139 148 123 111 104 115 110 122 107 103 117 130 124 114 123 147 155
 [73] 138 139 156 158 183 147 129 185 185 234 230 238 231 227 227 278 273 269
 [91] 277 285 301 305 344 313 311 362 404 426 407 394 402 463 503 464 501 506
[109] 557 607 639 623 687 650 701 778 766 824 876 839 934

[[113]]
  [1]   10   10   11    9   10    8   10   17   12   13   15   16   14   19   23
 [16]   28   20   30   28   31   35   27   22   23   26   24   29   31   43   30
 [31]   31   31   45   56   52   63   57   86  102  109   98   78   91   90  105
 [46]  124  120  120  118  118  130  140  140  141  131  108  148  168  170  158
 [61]  150  134  126  157  196  188  179  198  186  191  200  236  234  249  229
 [76]  242  263  277  259  263  268  294  323  339  339  334  332  333  348  379
 [91]  345  359  415  431  401  443  457  486  450  479  497  552  547  637  637
[106]  691  696  780  750  760  759  803  854  826  860  865  911  977 1030 1037
[121] 1030

[[114]]
  [1]   10   47   29   24   27   24   27   35   31   24   42   37   47   51   43
 [16]   47   44   37   36   47   40   48   65   70   61   63   61   56   59   63
 [31]   59   62   75   83   77   72   78   82  108  107  107  105  104  115  136
 [46]  148  146  136  132  134  172  182  207  172  185  227  239  264  282  253
 [61]  293  332  373  367  385  408  424  470  474  456  534  538  528  532  539
 [76]  584  671  660  643  647  710  716  751  811  812  845  853  862  883  969
 [91] 1034 1049 1035 1078 1119 1226 1190 1361 1383 1442 1461 1561 1623 1689 1814
[106] 1940 2046 2184 2195 2155 2360 2523 2562 2694 2749 2796 2864 2957 3167 3339
[121] 3495

[[115]]
  [1]  10  29  29  26  26  22  20  18  19  21  19  11  14  11   9  15  10   9
 [19]  16  11   6  16   7   6  10  17  14  17  15  10  15  10  14  11  23  23
 [37]  20  17  14  13  12  23  25  23  28  35  33  32  30  51  72  70  58  51
 [55]  68  62  65  61  59  71  60  66  63  65  78  96  96 108 112 125 118 123
 [73] 122 100 124 159 148 163 164 175 161 162 180 184 184 214 224 217 248 243
 [91] 305 317 320 305 323 365 376 360 339 397 432 440 419 444 562 540 555 555
[109] 567 586 612 651 684 695 751 708 769 791 764 796 863

[[116]]
  [1]   10   46   27   23   17   22   23   24   25   30   31   30   42   37   46
 [16]   40   34   32   39   29   34   25   28   33   35   25   30   32   44   43
 [31]   50   44   47   43   41   50   40   51   38   45   31   49   53   45   50
 [46]   64   75   68   64   74   85   87   94   88   82   86  114  117  111  118
 [61]  132  141  175  179  186  176  153  178  187  219  237  251  234  242  251
 [76]  258  315  343  354  382  371  386  430  455  500  483  458  456  521  499
 [91]  569  563  577  608  615  642  688  670  681  761  752  822  904  937 1009
[106] 1007 1085 1140 1210 1205 1195 1291 1307 1415 1447 1477 1554 1581 1698 1752
[121] 1884

[[117]]
  [1]  10  23  11  12   9  13  10  11  11  10   8   7   9  20  19  22  15  12
 [19]  11  15  17  25  19  19  17  13  23  23  22  20  32  28  23  16  21  15
 [37]  12  17  17  11  20  14  20  17  16  19  21  22  18  14  19  26  29  26
 [55]  22  25  32  31  37  29  27  33  29  20  14  19  25  31  31  31  28  30
 [73]  30  36  30  28  43  45  26  20  23  22  38  52  44  43  40  34  38  36
 [91]  51  45  35  39  39  53  50  45  69  70  50  63  67  76  70  75  76  90
[109] 105 104  92  86 104  96  98 100 108 130 134 105 109

[[118]]
  [1]   10   27   32   26   23   20   32   35   24   19   22   47   42   39   36
 [16]   60   67   61   54   53   76   70   68   60   67   58   67   78   98  103
 [31]   93   96   82   88  108   96  113  120  175  163  146  128  126  129  152
 [46]  150  149  139  179  185  201  221  209  208  225  223  252  266  273  285
 [61]  296  282  282  297  335  377  378  397  453  485  508  527  527  540  540
 [76]  592  592  618  656  658  651  675  685  788  713  777  798  840  944  914
 [91]  981  989 1011 1104 1161 1198 1208 1232 1362 1471 1530 1512 1508 1563 1688
[106] 1841 1871 1928 2000 2060 2154 2358 2441 2521 2641 2698 2810 2968 3038 3136
[121] 3515

[[119]]
  [1]   10   22   24   18   13   12   16   15   22   30   33   35   33   31   32
 [16]   26   38   37   28   33   41   40   37   35   53   49   52   42   50   66
 [31]   75   59   58   76   72  105  114  110  116  104  119  143  134  134  123
 [46]  141  147  142  186  183  177  183  204  193  230  206  194  194  212  219
 [61]  247  205  206  236  240  265  297  312  368  379  360  341  391  461  452
 [76]  445  464  497  530  515  529  544  612  582  626  624  692  703  696  738
 [91]  713  698  732  827  878  877  849  866  978  909  985 1004 1077 1160 1256
[106] 1364 1421 1430 1453 1519 1542 1665 1751 1771 1783 1880 1918 2071 2191 2276
[121] 2426

[[120]]
  [1]   10   30   28   29   23   29   39   25   32   28   27   25   26   32   40
 [16]   37   29   34   41   44   38   32   31   34   56   51   36   34   26   36
 [31]   45   64   68   57   50   66   73   80   88   82   80   82   80   90   90
 [46]  106  125  120  135  113  120  132  134  111  126  120  145  177  183  173
 [61]  176  171  195  221  205  217  213  231  253  272  281  297  287  287  299
 [76]  308  335  345  387  362  378  402  372  392  459  484  482  502  527  513
 [91]  630  634  644  657  670  717  793  767  873  891  863  906  971 1016 1115
[106] 1084 1184 1186 1225 1209 1241 1237 1295 1381 1443 1519 1585 1613 1734 1809
[121] 1854

[[121]]
  [1]   10   28   35   32   24   22   25   36   54   55   46   45   43   62   63
 [16]   65   54   69   58   51   67   73   65   64   67   77   61   56   58  102
 [31]   97   86  101   93   95  102  117  108   93  115  120  110  112  122  101
 [46]  105   97  145  142  159  175  154  176  180  206  216  257  218  226  252
 [61]  303  309  260  282  296  280  319  382  394  388  460  452  493  489  484
 [76]  502  533  584  585  579  623  624  658  656  651  652  694  689  747  760
 [91]  771  797  792  824  829  906  903  978 1080 1046 1141 1148 1151 1215 1243
[106] 1267 1263 1317 1470 1441 1467 1521 1532 1628 1699 1762 1762 1848 1874 2121
[121] 2078

[[122]]
  [1]  10  26  18  21  19  16  12  18  19  21  17  14  12  18  14  13  12   8
 [19]  16   9   7   6   9   7   8  13  16  10   7   7   4   4   4   4   8  12
 [37]   7   7   7  10   9   7   7   7   7  20  12   8  10   7  10   8  14  12
 [55]  10  15  16  17  23  22  29  32  35  37  30  31  37  40  37  34  39  42
 [73]  26  30  31  44  53  52  43  66  78  85  85  93  86  79  77  89  96 103
 [91] 122 130 118 112 115 131 145 158 153 147 156 125 158 184 188 168 191 186
[109] 188 201 219 265 253 243 292 339 320 319 318 312 314

[[123]]
  [1]   10   33   24   26   31   30   23   38   41   55   46   40   31   38   46
 [16]   50   49   49   47   49   52   64   62   64   68   78   67   73   83  105
 [31]  113  111   96  118  115  110  125  147  143  135  156  174  183  201  214
 [46]  221  242  289  283  260  265  307  371  351  369  399  386  440  466  491
 [61]  463  500  542  546  557  581  577  578  593  600  627  662  680  686  761
 [76]  771  804  861  918  944  984  987 1034 1109 1172 1155 1255 1348 1397 1387
 [91] 1418 1558 1628 1731 1731 1791 1828 1924 2014 2065 2130 2192 2271 2385 2596
[106] 2590 2646 2679 2854 3044 3127 3317 3280 3480 3553 3776 3989 3947 4073 4331
[121] 4544

[[124]]
  [1]   10   25   35   19   19   21   31   33   34   28   19   16   15   27   22
 [16]   24   19   24   26   40   34   35   31   32   39   30   41   47   47   34
 [31]   28   35   31   32   35   42   63   59   63   67   62   80   83   78   70
 [46]   79   92   97  120  121  141  165  182  157  165  168  186  167  189  182
 [61]  228  238  266  298  304  307  303  334  364  386  367  375  418  400  445
 [76]  458  451  458  471  430  436  484  493  548  562  586  607  625  654  655
 [91]  660  692  721  787  779  857  845  872  970  948 1000 1101 1126 1203 1240
[106] 1293 1320 1419 1521 1564 1614 1679 1734 1827 1903 1958 1960 1999 2110 2224
[121] 2276

[[125]]
  [1]   10   41   27   21   19   18   39   33   25   29   31   20   34   38   37
 [16]   34   39   42   54   48   47   55   48   49   43   41   49   60   61   54
 [31]   63   65   80   72   57   59   48   53   53   56   50   62   71   76   71
 [46]   85   90  102   93  127  131  132  132  143  136  127  153  150  156  153
 [61]  136  133  137  160  138  147  149  169  168  164  166  192  188  197  176
 [76]  178  201  210  253  258  232  229  246  272  288  325  350  340  351  384
 [91]  401  432  411  468  449  496  513  493  516  555  551  598  646  687  692
[106]  687  782  800  868  905  876  896  945  968  984  970 1083 1064 1164 1208
[121] 1276

[[126]]
  [1]   10   26   33   27   22   18   19   23   24   39   36   31   30   50   33
 [16]   30   49   53   52   44   47   51   47   55   59   51   69   66   73   85
 [31]   88   89   97  101  109  104  114  131  111  139  169  175  173  186  179
 [46]  151  206  194  221  215  230  201  202  222  228  251  246  241  236  244
 [61]  272  274  302  289  261  277  314  345  346  337  365  344  394  395  410
 [76]  435  459  454  459  525  549  550  604  582  621  642  688  672  643  668
 [91]  703  754  748  783  794  923  874  875  905  989 1089 1063 1109 1146 1193
[106] 1294 1390 1500 1526 1585 1624 1728 1852 2029 2003 2098 2174 2261 2434 2569
[121] 2708

[[127]]
  [1]   10   24   33   24   17   14   21   32   33   46   38   35   32   27   31
 [16]   46   56   61   57   49   66   53   57   54   71   86   70   74   78   68
 [31]   97  104  101  107   96  108  110  128  103  127  112  122  119  131  141
 [46]  128  108  127  136  170  203  216  181  177  179  206  288  266  262  256
 [61]  246  305  285  296  319  332  318  295  311  362  369  380  420  413  420
 [76]  418  452  475  518  581  565  561  571  598  655  581  669  669  682  709
 [91]  747  823  838  885  912  972 1000  987 1067 1116 1211 1167 1224 1309 1409
[106] 1429 1523 1648 1619 1607 1720 1814 1949 2110 2185 2264 2382 2506 2583 2618
[121] 2706

[[128]]
  [1]   10   26   34   31   19   14   26   18   19   22   31   35   51   39   33
 [16]   27   32   47   47   44   40   50   65   82   80   75   62   50   65   68
 [31]   72   85   81   89   98   85   78   81   95  127  118   99   94   98  122
 [46]  117  121  130  128  143  149  141  160  129  132  140  152  154  180  181
 [61]  173  191  241  226  229  258  277  247  270  285  307  302  280  282  330
 [76]  371  416  375  366  346  355  410  461  475  483  503  550  534  517  559
 [91]  608  641  687  682  671  743  750  739  829  869  863  915  952 1035 1080
[106] 1062 1098 1142 1250 1231 1268 1326 1475 1569 1698 1643 1714 1785 1913 1957
[121] 1971

[[129]]
  [1]   10   31   31   28   19   18   30   42   33   41   39   38   35   41   52
 [16]   50   33   39   55   58   55   54   51   62   68   72   63   63   54   66
 [31]   72   63   74   84   92   92   83   90   83   95   97  105   92  108  109
 [46]  110  108  147  136  174  145  143  176  202  221  213  194  198  228  234
 [61]  233  225  216  234  228  293  281  303  310  312  374  372  377  374  389
 [76]  409  433  440  472  483  483  471  510  546  564  549  619  615  619  631
 [91]  669  676  730  792  865  961  940  977 1084 1064 1130 1189 1144 1207 1195
[106] 1301 1296 1346 1400 1411 1578 1648 1759 1861 1809 1915 2003 2035 2095 2229
[121] 2266

[[130]]
  [1]  10  28  37  32  25  24  39  32  27  38  35  34  32  37  38  34  31  34
 [19]  29  28  20  20  22  25  33  24  22  21  50  51  55  48  48  64  70  63
 [37]  70  66  59  65  63  75  77  87  63  63  72  83 104 104  91  99  85 123
 [55] 120 102 111 103 113 117 114 146 144 147 153 143 155 204 204 163 183 203
 [73] 193 210 204 219 206 243 261 227 221 247 257 296 299 328 304 300 290 319
 [91] 323 344 346 349 332 336 351 351 361 437 447 469 529 547 551 566 595 631
[109] 654 657 666 688 693 755 766 793 828 844 839 861 881

[[131]]
  [1]  10  30  24  19  19  20  13  17  19  21  17  14  13  17  23  24  18  10
 [19]  15  13   8   7   5   4   2   7   5  10   6   5   5   4   9   4   3   3
 [37]   3   2   2   2   2   6   9   5   4  10  17  16  16  13  21  12  15  14
 [55]  11   8   6  16  22  20  19  16  22  32  26  25  29  43  37  39  42  37
 [73]  62  62  55  48  44  53  61  62  75  85  84  75  71  81  87  86  85 100
 [91]  96 100  93 113  99 113 119 117 124 153 149 140 138 153 126 156 226 200
[109] 199 172 203 226 239 211 210 252 231 232 241 254 275

[[132]]
  [1]   10   21   31   19   16   15   18   29   32   30   40   45   58   40   38
 [16]   48   58   58   63   54   67   70   48   65   76   85   73  101   95   99
 [31]   89  109  108  100  104  111  100   87  108  141  149  152  171  184  179
 [46]  192  185  222  201  164  208  207  235  205  203  232  261  276  246  246
 [61]  247  263  257  275  290  313  372  345  341  340  354  362  374  450  441
 [76]  433  467  474  469  512  517  494  478  516  579  618  637  615  628  649
 [91]  729  787  828  819  833  877  931  986 1016 1078 1093 1124 1171 1209 1325
[106] 1427 1342 1369 1462 1605 1665 1769 1856 1830 1947 2006 2099 2271 2329 2391
[121] 2422

[[133]]
  [1]   10   33   31   19   17   15   12   19   29   20   18   24   25   33   32
 [16]   24   30   47   40   44   53   48   57   62   47   54   70   64   73   74
 [31]   69   64   71   75   73   80   67   64   67   60   47   69   66   53   63
 [46]   69   75   82   85  110   84   86   78   91   88   96   93   98  112  111
 [61]  136  172  160  152  181  201  205  188  173  168  173  199  206  228  266
 [76]  247  234  228  270  256  277  294  322  323  297  269  342  372  383  416
 [91]  387  391  414  476  466  512  509  554  533  560  560  568  597  672  705
[106]  719  703  675  662  764  801  862  857  854  938  974  997 1004 1052 1082
[121] 1124

[[134]]
  [1]   10   29   21   16   12   17   22   23   17   14   28   19   18   19   23
 [16]   31   43   33   27   29   26   39   41   36   29   37   40   44   51   44
 [31]   49   54   60   62   60   75   62   53   52   60   71   67   83   87   90
 [46]  100  100  112   98   89   96  102  101  118  112  130  122  139  130  151
 [61]  146  144  173  166  147  142  164  175  182  206  204  167  170  225  268
 [76]  251  251  256  263  255  221  244  246  266  299  320  338  401  410  360
 [91]  369  420  448  444  428  461  523  547  532  548  551  532  550  572  613
[106]  664  674  692  691  735  816  803  824  871  900  897 1097 1110 1103 1187
[121] 1201

[[135]]
  [1]   10   33   27   16   16   14   16   17   17   14   17   12   16   22   22
 [16]   18   13   16   14   19   31   33   30   31   50   39   28   30   32   26
 [31]   37   39   35   32   31   26   25   27   36   32   29   30   38   46   43
 [46]   36   32   49   44   47   48   65   51   60   68   81   72   66   85  105
 [61]   95  104   97   90   89  105   98  101   99  104  125  119  142  141  137
 [76]  145  139  166  174  202  194  210  232  258  249  262  268  275  274  290
 [91]  311  363  385  380  377  420  498  454  476  463  531  582  587  642  644
[106]  629  666  726  797  828  905  962  928  968 1007 1050 1108 1177 1139 1279
[121] 1293

[[136]]
  [1]  10  32  31  19  23  23  17  25  33  38  27  23  21  27  24  25  23  28
 [19]  35  20  17  26  23  24  30  32  37  32  26  41  40  33  39  56  48  66
 [37]  63  63  63  55  60  63  79  86  71  80  82  94  84  67  93  87 100  84
 [55]  99 102  96  89  85  97  97  99  93 110 104  96  90  98  96  92  86  99
 [73] 111 110 142 137 151 150 158 149 163 157 156 172 203 203 200 216 238 247
 [91] 268 268 273 294 290 315 347 363 377 378 344 359 399 390 431 407 442 469
[109] 469 517 531 530 549 555 609 632 694 680 744 721 769

[[137]]
  [1]   10   26   25   34   28   24   21   32   34   43   36   33   41   51   58
 [16]   64   50   52   55   51   57   60   56   53   51   53   59   71   62   50
 [31]   61   76   85   97   82   79   78   88   93  106   95   86   98   82  103
 [46]  108   93  109  107  114  117  127  148  137  155  138  123  132  149  146
 [61]  153  159  198  228  246  240  238  211  235  256  287  293  355  356  353
 [76]  424  446  472  447  445  499  506  560  597  621  644  697  718  782  803
 [91]  823  902  965 1003 1048 1046 1113 1254 1220 1326 1431 1471 1573 1542 1559
[106] 1745 1816 1859 1961 1961 2089 2087 2233 2327 2467 2567 2562 2713 2808 2825
[121] 3046

[[138]]
  [1]   10   34   40   37   28   24   22   26   43   44   44   37   43   63   57
 [16]   54   46   43   45   45   54   67   50   62   63   59   68   88   70   94
 [31]   71   86  100   94  108  117  127  132  109  112  121  134  137  136  156
 [46]  141  146  168  143  155  136  159  177  163  180  187  191  216  220  254
 [61]  267  279  266  260  312  329  322  312  294  281  348  351  394  444  439
 [76]  439  471  533  547  611  701  683  616  689  723  833  855  978  986  930
 [91]  989  993 1043 1119 1122 1113 1152 1149 1188 1262 1290 1307 1399 1477 1586
[106] 1637 1641 1729 1752 1818 1902 1899 1897 1922 2095 2197 2264 2211 2302 2358
[121] 2507

[[139]]
  [1]   10   23   30   21   18   21   26   28   27   47   32   57   53   45   42
 [16]   61   65   55   48   60   55   56   64   80   79   90  115   97  110  112
 [31]  111  104  101   97  124  129  134  165  167  179  156  148  165  194  225
 [46]  274  252  285  288  317  344  374  405  365  402  428  475  453  448  513
 [61]  520  568  572  616  613  646  658  686  775  795  762  795  811  895  907
 [76]  931  889  931  929  993 1052 1097 1190 1318 1316 1306 1302 1292 1283 1376
 [91] 1515 1544 1667 1763 1751 1910 1884 1914 1960 2079 2219 2348 2439 2508 2458
[106] 2673 2732 2930 2998 3121 3322 3575 3752 3843 4024 4143 4518 4551 4672 4895
[121] 5159

[[140]]
  [1]   10   20   21   25   21   19   20   19   17   28   20   17   24   24   34
 [16]   33   32   27   29   32   45   43   35   38   37   46   40   49   50   85
 [31]   71   56   50   53   66   77   96   61   51   53   57   67   79  100   94
 [46]   92   89  100   91  103  110   98  107  100  113  124  112  129  154  152
 [61]  150  147  165  148  179  186  183  176  187  180  204  236  211  235  238
 [76]  237  249  263  308  321  305  309  354  392  365  393  421  440  466  432
 [91]  438  456  526  575  622  611  623  693  648  723  753  785  758  873  884
[106]  892  923  966  993  965 1064 1128 1187 1266 1274 1347 1367 1414 1492 1605
[121] 1664

[[141]]
  [1]   10   32   31   18   16   14   14   32   22   17   16   10   19   19   34
 [16]   26   23   30   37   44   42   51   57   40   37   54   43   54   43   41
 [31]   47   48   64   54   54   55   72   55   62   73   81   81   76   84   68
 [46]   65   81   84   81   88   96  104  110  120  136  132  150  161  135  155
 [61]  172  171  193  166  195  217  194  211  210  222  231  263  302  272  318
 [76]  313  329  324  385  383  417  428  466  429  470  497  515  511  510  563
 [91]  569  594  588  570  565  640  666  650  613  630  673  725  784  781  812
[106]  884  979  956  927  980  985 1087 1166 1253 1284 1401 1451 1512 1591 1708
[121] 1783

[[142]]
  [1]   10   46   35   24   18   29   31   23   28   27   31   31   41   51   61
 [16]   56   53   66   65   74   62   67   63   56   72   78   66   70   88  109
 [31]   92  103  114  130  118  122  139  155  185  173  166  169  184  197  205
 [46]  221  248  236  265  255  257  299  304  269  308  333  323  339  326  335
 [61]  357  336  364  349  347  369  334  368  363  401  456  444  455  433  408
 [76]  452  511  540  597  601  613  672  668  708  716  774  787  845  821  849
 [91]  918  964 1097 1218 1156 1239 1330 1363 1481 1529 1578 1597 1680 1688 1762
[106] 1831 1852 1951 2000 2023 2070 2181 2182 2276 2322 2354 2465 2626 2670 2845
[121] 2900

[[143]]
  [1]   10   25   20   15   10    9    9    7   11   17   13   12   11   10   13
 [16]   13   16   18   12   16   11   14   24   32   34   31   23   38   48   54
 [31]   52   54   43   36   55   50   67   55   51   48   59   68   69   81   73
 [46]   89  103   98  102  114  110  125  128  138  138  187  181  200  194  212
 [61]  220  238  239  245  256  248  267  302  319  315  314  359  360  378  399
 [76]  401  414  439  499  517  533  534  536  573  578  618  653  673  659  695
 [91]  776  801  774  832  891  977  984 1083 1132 1165 1256 1248 1260 1346 1468
[106] 1531 1616 1634 1695 1817 1851 1948 1924 1967 2051 2192 2269 2368 2469 2500
[121] 2665

[[144]]
  [1]   10   23   29   25   21   23   21   35   37   48   44   44   35   45   49
 [16]   60   65   58   46   59   56   65   75   83   63   60   84   90   94  105
 [31]  116  118  122  101  110  133  127  137  124  129  119  142  153  174  186
 [46]  177  173  184  195  177  234  222  223  249  265  251  253  261  287  322
 [61]  357  375  344  338  333  352  382  430  410  439  477  490  557  510  533
 [76]  539  580  662  662  671  683  697  705  784  761  824  823  838  847  895
 [91]  929  994 1013 1121 1208 1143 1182 1275 1301 1401 1532 1577 1586 1584 1678
[106] 1813 1905 1901 2007 1995 2135 2211 2287 2353 2363 2448 2630 2651 2694 2802
[121] 2962

[[145]]
  [1]   10   21   19   16   16   13   11   16   15   13   11   13   17   15   21
 [16]   25   21   25   26   25   19   18   30   29   34   23   23   37   50   63
 [31]   65   64   73   70   88   88   87  116  120  118  107  119  130  119  114
 [46]  142  155  168  184  172  196  181  187  176  226  257  238  234  257  275
 [61]  250  255  292  348  324  345  356  404  426  427  442  484  523  504  508
 [76]  521  595  532  574  573  679  667  741  734  736  727  779  764  803  905
 [91]  973 1002  993 1021 1065 1155 1115 1259 1226 1358 1404 1426 1587 1567 1499
[106] 1566 1616 1670 1776 1839 1943 2031 2076 2157 2221 2371 2444 2483 2627 2693
[121] 2885

[[146]]
  [1] 10 27 15 13 12 14 15 18 12 11 15 17 25 22 19 16 27 28 30 27 26 31 33 29 33
 [26] 40 32 29 26 41 23 20 16 14  9 10 12 12 15 11 10 13 13 17 12 20 14 27 30 26
 [51] 28 31 20 19 20 14  8  9 14  7  6 17 21 17 21 17 17 15 17 17 13 15 17 16 12
 [76] 12 11  7  7  7  5  2  2  7 11 11 10  6 10 12  7  7  6  6  6  8 12  8 11 10
[101]  4  9  7  7  6  5  2  1  4  3  2  2  2  2  2  2  2  2  4  2  2

[[147]]
  [1]  10  30  22  18  17  13  10  10   8  11  14  16  12  10  13  20  11  14
 [19]   9  10  13  13  10  10   9  12  19  11   8  10   8  20  19  15  14  16
 [37]  13  21  19  18  20  23  25  28  31  20  28  23  37  26  31  27  39  34
 [55]  33  25  30  32  34  33  29  55  61  58  56  63  55  71  65  68  77  61
 [73]  92  71  78  77  86 114 124 117 131 143 126 123 140 142 163 149 184 183
 [91] 207 221 202 185 182 217 235 225 205 223 236 249 280 259 268 255 243 258
[109] 309 323 307 311 334 358 418 427 448 466 468 507 581

[[148]]
  [1]  10  29  32  25  26  21  25  39  38  26  35  27  39  36  36  27  21  28
 [19]  35  38  29  40  50  37  36  41  47  42  41  31  39  44  41  33  23  27
 [37]  32  33  30  31  39  36  30  30  38  27  28  36  41  43  46  66  77  68
 [55]  64  74  73  76  90 107 105  86  95 108 110 120 103  95 100 122 120 139
 [73] 132 114 118 145 152 147 123 137 152 149 175 153 149 184 182 199 213 194
 [91] 198 207 231 256 275 268 249 226 228 246 276 267 283 272 292 305 304 344
[109] 384 363 347 351 372 408 490 449 434 439 469 555 584

[[149]]
  [1]  10  25  29  25  28  22  19  25  24  20  15  24  22  22  30  28  26  31
 [19]  36  38  28  26  29  29  25  41  40  35  33  49  40  52  46  59  64  52
 [37]  41  50  56  71  49  57  52  70  55  62  52  57  63  50  48  35  35  35
 [55]  45  58  57  57  63  53  52  66  66  70  60  81 101  95  91 124 129 125
 [73] 136 115 113 124 155 140 182 152 167 193 217 244 260 314 290 286 280 286
 [91] 300 315 314 340 368 339 373 354 410 426 405 407 461 510 507 488 554 537
[109] 603 596 627 631 701 706 691 717 712 721 751 789 847

[[150]]
  [1]   10   42   31   30   30   21   30   41   33   37   37   34   30   46   37
 [16]   30   40   42   52   51   53   46   51   58   50   59   76   78   81   78
 [31]   70   58   61   51   63   66   57   67   77   74   67   64   66   66   46
 [46]   44   41   38   46   42   36   53   50   40   52   37   47   46   57   75
 [61]   74   82   95  114  105  115  117  122  136  142  139  144  137  150  187
 [76]  201  169  190  206  225  232  249  255  255  253  257  283  321  332  352
 [91]  363  369  364  379  408  414  452  454  475  514  522  538  556  570  625
[106]  661  709  714  709  741  761  803  883  919  958 1000 1055 1080 1159 1194
[121] 1208

> save(reslist, file=paste("output",iter,".rda",sep=""))
> 
> 
> ###############################################################
> 
> 
> # Clear the workspace and turn off graphics.
> #  Load all the functions you need by sourcing the provided demographic.R file
> #  Read in the job number from the cluster. To do this, your code should include a new
> # variable iter and should start with the line:
> # iter <- as.numeric(Sys.getenv(PBS_ARRAY_INDEX))
> #  Control the random number seeds so that each parallel simulation takes place with a
> # different seed. Your function should therefore set the random number seed as iter so that
> # each parallel simulation has a unique random seed.
> #  In each parallel run, select the initial condition to be used. Ensure that 25 of the parallel
> # simulations are allocated to each of the initial conditions.
> #  Create a variable which is the filename to store your results. The end of the filename
> # should be the number iter to ensure that simulation files do not overwrite one another on
> # the cluster.
> #  Initialise a list which will contain the results of your 150 simulations.
> #  Call the stochastic_simulation function to do the appropriate simulation 150 times,
> # appending the output to the results list, and then save the results list.
> 
> #four initial conditions (25 cluster runs per)
> #each cluster run runs simulation 150 times
> #1) large population of 100 adults
> #2) small population of 10 adults
> #3) 100 individuals spread
> #4) small population of 10 individuals
> 
R has finished running

============================================

        Job resource usage summary 

                 Memory (GB)    NCPUs
 Requested  :         1             1
 Used       :         0 (peak)   0.88 (ave)

============================================
