R is about to run

R version 4.4.1 (2024-06-14) -- "Race for Your Life"
Copyright (C) 2024 The R Foundation for Statistical Computing
Platform: x86_64-conda-linux-gnu

R is free software and comes with ABSOLUTELY NO WARRANTY.
You are welcome to redistribute it under certain conditions.
Type 'license()' or 'licence()' for distribution details.

R is a collaborative project with many contributors.
Type 'contributors()' for more information and
'citation()' on how to cite R or R packages in publications.

Type 'demo()' for some demos, 'help()' for on-line help, or
'help.start()' for an HTML browser interface to help.
Type 'q()' to quit R.

> 
> 
> growth_matrix <- matrix(c(0.1, 0.0, 0.0, 0.0,
+ 0.5, 0.4, 0.0, 0.0,
+ 0.0, 0.4, 0.7, 0.0,
+ 0.0, 0.0, 0.25, 0.4),
+ nrow=4, ncol=4, byrow=T)
> 
> reproduction_matrix <- matrix(c(0.0, 0.0, 0.0, 2.6,
+ 0.0, 0.0, 0.0, 0.0,
+ 0.0, 0.0, 0.0, 0.0,
+ 0.0, 0.0, 0.0, 0.0),
+ nrow=4, ncol=4, byrow=T)
> 
> clutch_distribution <- c(0.06,0.08,0.13,0.15,0.16,0.18,0.15,0.06,0.03)
> 
> #=========================================================================================
> rm(list=ls())
> graphics.off()
> source("Demographic.R")
> source("kl2621_HPC_2024_main.R")
[1] 0 0 0 0 3
[1] 3 3 2 2 2
[1] 2 2
 [1] 7 4 3 2 2 2 2 2 2 2 2 2 1 1 1 1 1 1 1 1 1
> 
> 
> ###4 initial conditions
> 
> ############################################################
> 
> 
> 
> #VVVVVVVVVVVV-------------COMMENT ME OUT WHEN RUNNING THE THING
> #iter <- 5
> #VVVVVVVVVVV--------------UNCOMMENT ME OUT
> iter <- as.numeric(Sys.getenv("PBS_ARRAY_INDEX"))
> set.seed(iter)
> 
> 
> if (iter <= 25) {
+ initial_state <- state_initialise_adult(4,100) #100 adults
+ } else if (iter >25 && iter <= 50) {
+ initial_state <- state_initialise_adult(4,10) #10 adults
+ } else if (iter >50 && iter <= 75) {
+ initial_state <- state_initialise_spread(4,100) #100 spread
+ } else {
+ initial_state <- state_initialise_spread(4,10) #10 spread
+ }
> 
> reslist <- list()
> 
> ####100 cluster runs
> ###################################################
> ####150 runs of stochastic_simulation per cluster run
> for (i in 1:150) {
+     #################################
+     ###120 steps of stochastic_simulation per simulation
+     stochasticresult <- stochastic_simulation(initial_state,growth_matrix,reproduction_matrix,clutch_distribution,120)
+     reslist[[i]] <- stochasticresult
+     #################################
+ }
> ###################################################
> 
> print(reslist)
[[1]]
  [1]   10   21   31   24   19   21   20   23   21   31   36   42   36   28   21
 [16]   28   42   43   35   36   31   37   48   43   40   40   39   46   57   47
 [31]   48   65   56   55   52   68   56   66   67   67   63   71   84   93  100
 [46]   97   98  118  141  133  140  134  116  159  174  162  160  174  183  192
 [61]  189  187  184  195  203  230  247  257  252  216  246  240  251  240  254
 [76]  261  271  270  265  264  301  297  289  291  322  360  400  419  449  460
 [91]  519  560  535  566  576  606  723  723  759  817  828  870  925  941 1001
[106]  985 1006 1121 1172 1146 1232 1200 1267 1311 1338 1370 1414 1389 1518 1581
[121] 1561

[[2]]
  [1]  10  21  23  13  10  19  18  17  19  29  31  24  18  18  20  18  22  29
 [19]  33  25  26  37  41  32  35  30  34  29  36  32  27  42  43  45  42  49
 [37]  36  32  31  25  35  23  26  23  24  25  26  20  20  20  22  33  29  26
 [55]  27  23  29  36  38  34  29  36  32  40  45  44  50  61  65  70  65  60
 [73]  66  60  55  68  57  61  63  55  66  66  62  69  75  72  94  89  83  68
 [91]  79  78  94 111 101 115 112 112 120 127 137 135 123 137 155 168 136 155
[109] 161 167 155 169 167 198 171 215 203 196 189 232 257

[[3]]
  [1]   10   43   31   24   22   24   35   24   30   27   33   25   28   28   27
 [16]   40   50   54   44   33   53   74   74   52   60   58   72   73   79   94
 [31]  113  103  113   88  100   87  103  113  110  130  134  157  164  156  152
 [46]  142  189  207  222  253  262  268  259  281  280  339  326  338  331  370
 [61]  339  389  440  437  434  442  506  521  591  599  602  609  660  687  709
 [76]  738  784  836  850  879  918  951 1000 1010  985  953 1015 1056 1074 1115
 [91] 1189 1306 1318 1342 1386 1430 1561 1666 1676 1835 1888 1989 2060 2047 2151
[106] 2302 2412 2477 2676 2642 2606 2805 2907 3028 3170 3304 3393 3447 3608 3777
[121] 3927

[[4]]
  [1]   10   30   24   18   15   14   12   10   18   15   13   24   24   30   25
 [16]   23   38   43   64   59   55   55   88   71   83   75   66   80   94   93
 [31]  110  110  110  121  125  126  114  106  104  138  127  138  137  141  154
 [46]  155  136  184  187  195  208  218  212  210  230  227  230  232  275  312
 [61]  328  319  343  341  357  430  446  429  486  486  534  546  567  564  610
 [76]  654  699  686  667  725  771  817  800  841  858  952  951  996 1109 1101
 [91] 1128 1143 1230 1267 1298 1378 1443 1467 1515 1522 1611 1744 1867 1901 1952
[106] 1995 2055 2212 2322 2400 2595 2638 2795 2948 3099 3260 3406 3552 3582 3689
[121] 3759

[[5]]
  [1]   10   12    5    8    5    5    7    4    3    3    2    2    2    5    9
 [16]    9   16   15   18   11   19   17   17   21   31   24   21   17   23   27
 [31]   20   21   24   14   12   17   14   21   13   15   22   24   19   15   21
 [46]   37   20   20   22   18   22   20   37   39   28   27   33   50   40   55
 [61]   42   47   48   48   43   53   55   74   80   77   77   85   81   95  105
 [76]   98   99  128  139  126  113  115  158  187  188  191  196  231  238  232
 [91]  286  298  300  314  341  366  366  352  405  425  436  429  446  473  520
[106]  574  561  563  649  657  650  672  692  751  824  827  818  882  908  961
[121] 1034

[[6]]
  [1]  10  24  28  22  20  16  16  29  30  38  31  30  35  32  24  18  20  32
 [19]  29  23  37  41  41  45  38  41  37  46  39  32  31  29  26  33  41  34
 [37]  38  35  43  54  39  42  46  57  57  59  55  61  64  73  86  96  83  89
 [55]  86  82  78  83  82  85 109 105 111 103  98 119 125 140 139 116 124 131
 [73] 150 171 142 156 157 165 179 150 164 177 203 212 232 237 241 253 256 271
 [91] 296 277 265 292 298 293 281 304 291 295 312 331 332 349 349 331 316 337
[109] 343 366 354 387 368 417 483 478 438 444 453 468 492

[[7]]
  [1]   10   46   23   21   12   12   10    9   13   14   25   29   22   24   25
 [16]   19   34   31   31   26   42   41   37   27   24   33   32   45   52   52
 [31]   37   41   33   34   40   43   39   35   28   27   29   50   45   67   70
 [46]   66   70   55   59   60   65   66   82   78   70   93  105  115   91  100
 [61]   92   84  108  128  110  104  139  126  148  138  157  152  150  150  202
 [76]  216  210  204  220  233  242  208  242  226  253  258  314  319  347  382
 [91]  391  388  439  473  510  495  540  551  568  571  588  696  743  753  750
[106]  755  848  891  897  965  978 1071 1143 1236 1287 1277 1320 1311 1456 1537
[121] 1565

[[8]]
  [1]   10   31   36   25   17   15   20   23   25   31   27   31   29   28   31
 [16]   45   47   50   54   51   62   70   77   73   81   89   87  102  117  113
 [31]  111  118  119  131  141  179  169  152  161  192  199  206  216  263  228
 [46]  221  217  251  270  321  279  327  323  308  284  315  319  345  317  313
 [61]  410  405  480  483  462  459  487  505  547  621  658  649  728  745  753
 [76]  780  809  758  754  829  918  925  934  929  962 1049 1010 1046 1020 1069
 [91] 1140 1225 1295 1302 1396 1424 1479 1515 1511 1571 1726 1759 1862 1930 2030
[106] 2099 2105 2165 2276 2499 2563 2589 2698 2920 3030 3141 3119 3349 3492 3785
[121] 3827

[[9]]
  [1]   10   42   68   55   41   39   47   54   52   54   47   48   45   47   51
 [16]   52   47   50   43   44   50   57   65   49   47   44   55   79   75   84
 [31]   89   77   70   79   95  112  129  122  118  125  133  159  182  192  174
 [46]  163  165  181  199  188  212  207  196  186  190  228  242  245  239  234
 [61]  256  269  283  305  307  299  320  327  311  338  347  354  380  429  457
 [76]  453  510  501  521  556  574  557  583  688  647  710  692  728  727  747
 [91]  749  803  814  859  889  907  939  971  976 1010 1062 1106 1124 1171 1219
[106] 1248 1300 1353 1417 1447 1483 1533 1556 1680 1690 1738 1840 1894 2018 2148
[121] 2145

[[10]]
  [1]   10   52   45   46   37   31   35   45   35   48   47   48   53   52   55
 [16]   58   70   55   62   54   52   66   72   81   62   53   65   55   64   70
 [31]   68   73   64   73   70   72   94   84  102   84  104   85   95  108   93
 [46]  108  117  111  123  133  148  126  145  169  155  182  190  225  222  198
 [61]  200  224  248  258  265  253  260  297  345  315  368  363  402  363  392
 [76]  372  424  462  507  497  470  528  559  566  616  661  649  693  702  745
 [91]  758  794  768  834  850  888  917  976 1024 1046 1152 1223 1246 1381 1369
[106] 1472 1472 1586 1608 1720 1780 1805 1947 2130 2131 2167 2232 2371 2484 2540
[121] 2612

[[11]]
  [1]   10   28   16   17   13   13   13   25   19   12   14   14   12   16   15
 [16]   18   23   21   24   24   32   23   34   40   40   27   31   29   46   39
 [31]   35   39   36   38   51   46   47   46   49   60   69   74   68   75   67
 [46]   78   75   83   84   75   89   88   80   72   81   83   95  100  118  148
 [61]  126  109  108  117  174  167  203  183  205  180  198  230  230  227  223
 [76]  244  271  247  250  244  272  308  330  336  344  316  329  378  404  417
 [91]  421  456  499  512  492  542  571  584  626  661  699  748  756  791  884
[106]  935  954  960  998 1008 1119 1169 1095 1106 1192 1302 1337 1313 1311 1347
[121] 1508

[[12]]
  [1] 10 25 18 12  8 12  7  6  6 13 18 11 18 12  9  8  8  7  7  6  6  3  3  2  2
 [26]  1  1  1  1  0  0  0  0  0  0  0  0  0  0  0  0  0  0  0  0  0  0  0  0  0
 [51]  0  0  0  0  0  0  0  0  0  0  0  0  0  0  0  0  0  0  0  0  0  0  0  0  0
 [76]  0  0  0  0  0  0  0  0  0  0  0  0  0  0  0  0  0  0  0  0  0  0  0  0  0
[101]  0  0  0  0  0  0  0  0  0  0  0  0  0  0  0  0  0  0  0  0  0

[[13]]
  [1]  10  42  26  13  10   9  13  10  16  12   9  13  18  21  25  17  21  18
 [19]  13   9   9   9  13  12   7   6  11  14   7   7  11  14  11  15  13  11
 [37]  10  14  25  28  31  28  26  29  37  44  44  41  36  37  55  48  45  47
 [55]  52  55  71  90  88  80  85  74  76  87  87  81  84  69  82  91  85  67
 [73]  83  83 114 112 108  97 108 130 158 150 147 139 140 149 143 164 195 167
 [91] 165 172 181 181 181 205 197 183 164 164 171 203 190 182 196 161 171 203
[109] 197 206 213 221 203 232 230 259 258 257 270 267 275

[[14]]
  [1]   10   31   37   39   30   30   39   31   31   37   37   39   50   44   60
 [16]   62   71   70   65   77   81   85   84   89   79   90  108   97  103  110
 [31]  102  118  127  129  139  144  127  146  156  131  139  194  183  176  169
 [46]  182  199  207  201  227  245  263  317  317  349  356  379  418  442  427
 [61]  476  496  539  545  545  550  606  638  689  687  763  708  783  814  802
 [76]  868  925  971  991 1088 1087 1099 1156 1207 1280 1308 1318 1441 1547 1605
 [91] 1674 1696 1710 1819 1810 1957 1987 2050 2187 2198 2227 2326 2468 2597 2693
[106] 2843 3052 3147 3274 3361 3463 3686 3800 3904 3988 4292 4471 4649 4807 4985
[121] 5185

[[15]]
  [1]   10   38   35   21   15   12   23   44   31   23   19   18   17   43   42
 [16]   31   22   22   28   31   56   46   42   39   48   48   50   41   37   45
 [31]   38   38   27   27   34   30   46   47   43   56   53   57   60   51   59
 [46]   67   71   75   75   73   87  106   91  102   90   85  114  120  109   96
 [61]  115  124  121  140  118  132  147  157  169  153  144  162  199  201  198
 [76]  183  186  187  206  220  204  197  191  201  212  194  252  252  262  256
 [91]  272  276  276  294  301  331  320  348  369  423  426  456  443  499  509
[106]  530  536  555  587  601  630  669  681  703  730  769  890  874  907  972
[121] 1062

[[16]]
  [1]   10   41   41   33   36   31   24   40   61   47   45   48   39   39   45
 [16]   33   40   40   41   33   48   53   57   62   75   64   59   67   68   71
 [31]   73   76   93  104  102   88   81   86   81   86   95  111  112  109  131
 [46]  131  136  129  112  128  144  151  154  137  144  168  167  175  176  166
 [61]  157  190  186  210  211  206  222  255  243  258  252  255  308  286  284
 [76]  256  295  280  307  301  339  360  389  383  418  383  435  444  449  492
 [91]  500  475  519  565  589  557  614  609  617  620  636  622  648  611  688
[106]  660  655  673  699  699  720  749  797  821  842  929  968  990 1029 1098
[121] 1168

[[17]]
  [1]   10   31   43   44   35   41   38   40   50   55   48   46   57   53   66
 [16]   61   56   60   54   52   56   70   56   71   67   67   64   83   71   67
 [31]   56   78   76   83   79  102   98  131  111  109  110  115  116  110  130
 [46]  111  138  129  138  160  165  157  135  145  151  197  181  178  183  171
 [61]  179  170  180  197  216  212  231  219  249  269  319  323  312  355  366
 [76]  369  383  378  399  471  487  531  538  594  597  658  692  692  741  767
 [91]  785  831  890  928  985 1036 1031 1101 1119 1206 1263 1332 1388 1389 1455
[106] 1607 1627 1659 1718 1752 1861 1843 1950 2067 2139 2313 2385 2304 2288 2466
[121] 2725

[[18]]
  [1]   10   26   22   13   15   18   13   13   19   18   23   37   48   50   43
 [16]   26   29   36   23   29   31   24   26   25   34   37   31   24   31   28
 [31]   24   33   36   39   33   47   70   55   55   42   61   58   57   61   80
 [46]   78   73   72   63   62   66   68   79   86   88   93   93   97  102  103
 [61]   92   91  127  128  145  124  138  151  165  179  160  175  147  160  189
 [76]  189  185  188  199  205  233  268  266  278  285  284  272  318  299  348
 [91]  323  333  352  388  453  476  478  456  434  440  479  530  549  592  621
[106]  591  637  637  697  771  795  746  806  895  921  940  962  982 1056 1028
[121] 1011

[[19]]
  [1]   10   35   20   22   24   31   33   24   36   38   39   28   34   25   38
 [16]   36   30   40   51   57   54   61   67   61   66   63  101   90   78   81
 [31]   82   84   75  113   97  110   91   96  119  123  119   93  122  132  130
 [46]  144  167  182  187  202  234  213  224  233  252  252  275  313  281  283
 [61]  309  299  283  314  317  338  368  358  418  475  453  449  456  507  551
 [76]  558  602  595  631  664  654  698  714  728  739  774  812  902  981  972
 [91] 1053 1090 1110 1205 1184 1264 1279 1347 1439 1527 1561 1642 1670 1689 1727
[106] 1710 1757 1927 1992 2122 2114 2194 2237 2279 2307 2560 2623 2725 2825 2959
[121] 2955

[[20]]
  [1]   10   28   22   14   12   18   13   17   14   13   26   54   39   37   35
 [16]   38   66   63   62   62   75   71   75   64   64   51   69   64   71   81
 [31]   95  100  102  130  119  127  137  157  143  183  178  159  143  149  156
 [46]  219  229  198  205  191  218  211  245  256  254  264  272  244  223  241
 [61]  247  292  281  295  317  331  330  338  368  392  418  416  399  378  411
 [76]  493  478  506  487  452  492  484  514  515  528  519  601  646  660  653
 [91]  616  712  735  769  758  786  905  967  977  966  950 1033 1033 1034 1122
[106] 1211 1323 1283 1356 1357 1495 1487 1501 1550 1595 1719 1857 1868 2017 2059
[121] 2128

[[21]]
  [1]   10   17   16   18   16   14   25   18   18   14   18   21   22   12   18
 [16]   28   26   21   22   33   30   37   34   37   36   36   37   31   28   36
 [31]   45   50   52   40   48   39   45   70   71   78   75   67   68   77   88
 [46]   95   99  127  137  124  136  161  155  157  153  183  169  195  191  182
 [61]  204  212  233  236  266  294  284  279  265  277  297  329  299  331  325
 [76]  385  421  431  431  465  515  537  539  558  512  556  602  595  592  690
 [91]  745  774  806  791  758  840  820  896  942 1030 1053 1047 1095 1208 1267
[106] 1338 1375 1358 1484 1480 1614 1613 1679 1751 1911 2004 2113 2165 2179 2285
[121] 2383

[[22]]
  [1]   10   32   26   31   27   21   22   44   51   38   32   28   32   30   38
 [16]   40   35   41   29   34   33   28   48   57   50   57   63   73   74   81
 [31]   91   82   77   83   94   82  119  121  111  125  150  146  135  177  193
 [46]  194  195  200  224  262  248  281  296  288  281  276  286  299  318  325
 [61]  343  378  366  342  349  369  401  387  396  436  431  471  496  549  488
 [76]  536  597  616  680  658  639  755  743  859  879  862  856  926  982  956
 [91] 1011 1061 1104 1149 1217 1260 1302 1396 1395 1544 1530 1637 1579 1606 1703
[106] 1859 1857 1863 1998 2040 2094 2099 2235 2415 2404 2522 2696 2731 2840 3025
[121] 3160

[[23]]
  [1] 10 26 20 25 14 12 13 24 19 21 13 12  7  6 14 12 19 20 26 18 16 15 13 26 23
 [26] 16 13 13 26 17 18 15 24 23 15 26 22 15 22 28 24 26 22 18 21 33 25 31 26 39
 [51] 34 49 37 28 26 24 21 35 36 28 34 32 36 24 20 40 45 33 23 21 25 31 25 16 20
 [76] 15 26 20 17 14 13 27 35 24 25 19 16 16 18 21 30 29 20 16 13 11 15 23 25 21
[101] 21 23 25 19 32 44 34 44 35 43 35 56 71 52 58 63 64 77 91 90 88

[[24]]
  [1]   10   26   23   30   25   28   28   27   23   44   47   46   31   22   25
 [16]   21   22   30   27   38   32   38   52   46   56   55   58   70   70   77
 [31]   84   79   77   59   71   75   80   75   67   66   65   76   60   98   94
 [46]   94   97   94   69   93   91  114  123  119  115  139  141  157  135  136
 [61]  165  196  202  224  210  221  227  212  252  232  258  252  231  255  272
 [76]  259  267  263  282  336  343  373  376  366  452  444  449  472  525  532
 [91]  519  499  544  552  614  655  651  619  630  729  785  784  741  838  888
[106]  847  928  952  989 1002 1071 1174 1115 1209 1179 1217 1391 1411 1420 1457
[121] 1526

[[25]]
  [1]  10  49  34  31  26  26  21  46  47  34  33  38  32  32  29  43  38  37
 [19]  44  38  29  51  51  49  48  57  50  52  68  47  37  49  58  60  68  75
 [37]  71  77 102 111 110 114  85  88  93 116 125 127 131 150 158 152 159 152
 [55] 155 178 165 150 147 163 168 176 178 172 190 189 193 187 184 208 194 212
 [73] 205 196 217 191 183 206 239 236 246 236 237 257 274 290 288 333 289 289
 [91] 313 298 343 350 328 348 351 327 340 395 387 392 449 463 486 483 482 503
[109] 519 570 634 645 661 634 677 626 718 738 760 806 848

[[26]]
  [1]   10   31   27   29   27   22   28   38   33   33   27   22   37   31   37
 [16]   39   45   41   32   38   35   39   32   52   51   60   71   64   60   65
 [31]   54   66   75   72   65   71   86   88   91   88   98  113  124  116  108
 [46]  105   97  127  151  145  136  122  148  152  162  187  189  204  239  213
 [61]  216  270  276  286  307  300  300  306  372  395  405  397  407  433  474
 [76]  434  452  472  503  481  494  484  480  543  518  566  552  584  552  552
 [91]  563  569  643  666  689  791  737  742  748  755  871  875  917  976 1026
[106] 1043 1107 1069 1135 1195 1198 1271 1372 1433 1502 1481 1544 1629 1819 1878
[121] 1883

[[27]]
  [1]   10   32   34   21   22   23   22   24   22   31   37   49   38   40   37
 [16]   32   44   58   45   54   47   56   70   82   83   86   89   86  117  101
 [31]  116   95  116  102   90   93  109  111  106  124  134  133  140  136  135
 [46]  142  141  132  164  172  146  143  138  153  157  167  168  164  193  187
 [61]  173  182  215  247  206  198  231  245  257  283  305  295  307  341  358
 [76]  350  352  356  407  464  500  586  603  614  644  670  649  641  694  732
 [91]  758  747  731  739  844  839  775  864  862  837  895  973  976  931  980
[106] 1067 1063 1090 1057 1118 1167 1173 1244 1213 1251 1289 1358 1487 1586 1565
[121] 1551

[[28]]
  [1]   10   25   20   15   13   22   24   27   40   49   37   35   36   41   41
 [16]   42   43   47   59   63   77   76   77   67   67   71   74   85   89   82
 [31]   81   80   80   89   85   81   70   74   80   74   86   99   90   86  121
 [46]   91  121  123  114  112  138  147  136  173  175  163  170  187  194  204
 [61]  230  218  230  235  245  253  281  286  297  332  339  396  371  378  382
 [76]  375  389  459  419  436  446  400  443  470  448  479  521  536  537  568
 [91]  698  673  707  739  765  812  866  915  862  955  988 1109 1130 1146 1170
[106] 1252 1285 1319 1339 1363 1456 1433 1523 1560 1670 1653 1721 1868 1974 2008
[121] 2148

[[29]]
  [1]   10   24   26   23   25   20   27   24   23   18   15   15   13   25   34
 [16]   27   30   23   29   52   62   71   61   67   75   87   99   96   90   90
 [31]   95  103  127  133  157  166  160  166  152  144  169  165  154  135  146
 [46]  124  132  131  167  165  171  185  187  190  179  192  212  234  240  218
 [61]  225  254  268  319  306  299  320  372  377  388  390  364  409  398  422
 [76]  467  476  457  497  512  502  542  634  597  598  683  647  757  767  797
 [91]  874  900  890  840  884  996 1049 1140 1170 1215 1280 1395 1414 1431 1408
[106] 1441 1542 1692 1760 1794 1823 1899 2022 2130 2182 2308 2355 2429 2564 2694
[121] 2794

[[30]]
  [1]  10  24  14  11   7   7   5   2   2   7   5   4   2   5   3   3   3   3
 [19]  11  11   7   9  18  10  16  18  11   8   6  15  17  11  13  22  20  22
 [37]  27  20  24  23  18  25  31  25  36  35  34  32  48  84  55  57  68  59
 [55]  57  61  73  71  88  77  78  85  83  80  73 100  99  98  99 101 113 125
 [73] 128 135 130 153 148 152 171 179 214 183 209 203 209 239 235 227 218 263
 [91] 245 257 304 333 347 318 331 382 438 402 443 469 444 525 487 490 456 487
[109] 504 547 569 580 567 582 649 662 792 708 770 783 848

[[31]]
  [1]   10   40   41   36   30   25   20   39   24   20   38   33   43   54   65
 [16]   63   64   58   49   46   56   57   59   50   51   50   58   45   65   77
 [31]   80   75   83   99  115  113  124  104  106  119  142  161  160  170  178
 [46]  168  172  171  207  206  199  209  217  230  224  212  210  256  243  231
 [61]  254  269  298  272  274  275  279  306  340  374  352  363  363  375  361
 [76]  408  438  461  458  487  515  528  535  528  554  578  588  656  671  718
 [91]  762  794  807  871  870  924  981 1043 1033 1060 1094 1160 1216 1215 1355
[106] 1446 1574 1595 1626 1687 1767 1807 1865 1982 1993 2140 2373 2448 2346 2519
[121] 2568

[[32]]
  [1]   10   35   33   20   16   31   37   24   22   30   33   31   47   53   54
 [16]   63   58   55   54   52   76   57   54   50   57   56   57   46   65   67
 [31]   81   70   68   73   91  119   99   83   95  104  117  104  112  116  115
 [46]  114  126  174  164  185  205  222  206  195  230  217  230  218  206  226
 [61]  223  293  269  271  281  289  345  355  374  354  364  356  370  379  419
 [76]  426  437  480  531  538  521  550  560  556  674  714  771  763  758  798
 [91]  802  838  866  868  941  953  976 1048 1089 1076 1132 1225 1254 1268 1258
[106] 1416 1479 1522 1526 1521 1569 1670 1787 1938 1947 1981 2084 2196 2367 2440
[121] 2483

[[33]]
  [1]   10   28   20   16   14   18   16   30   27   19   18   17   23   29   36
 [16]   28   24   17   16   19   21   21   15   28   28   31   35   37   29   38
 [31]   55   64   54   60   65   86   72   52   60   55   57   66   78   80   99
 [46]  107  128  109  120  120  130  113  100  129  132  156  165  170  151  143
 [61]  159  180  207  192  203  202  194  198  192  178  221  259  255  262  235
 [76]  265  247  257  268  304  274  263  268  297  319  309  371  333  362  381
 [91]  394  394  397  378  393  431  455  453  457  439  457  457  462  473  527
[106]  563  613  592  604  634  655  665  745  801  851  893  921  939  948  986
[121] 1100

[[34]]
  [1] 10 20 24 20 12 10 10 14 16 18 14 18 23 18 14 17 11 11 11 13 11  9 18 18 25
 [26] 25 15 10  8  9 15  8  7 10  8  7  4  2  1  0  0  0  0  0  0  0  0  0  0  0
 [51]  0  0  0  0  0  0  0  0  0  0  0  0  0  0  0  0  0  0  0  0  0  0  0  0  0
 [76]  0  0  0  0  0  0  0  0  0  0  0  0  0  0  0  0  0  0  0  0  0  0  0  0  0
[101]  0  0  0  0  0  0  0  0  0  0  0  0  0  0  0  0  0  0  0  0  0

[[35]]
  [1]  10  21  24  16  17  13  10   7  16  10  13  10  14  12  10  14   8   8
 [19]   8  13  16  16  14  16  10  13   8   7  15  23  19  14  13  11   8   9
 [37]  15  11  11  15  14  21  31  23  22  19  31  44  35  39  31  41  42  31
 [55]  36  37  53  54  44  40  40  45  41  48  62  66  60  57  67  62  77  68
 [73]  65  70  79  85  93 109  90  72  90  96  79 101 125 118 108 112 121 116
 [91] 149 147 134 180 178 200 207 229 239 231 221 218 223 251 218 217 250 252
[109] 271 251 256 259 292 342 361 371 410 410 457 466 483

[[36]]
  [1]  10  29  18  17  12   8  17   9  11  19  14  10  14  13  19  21  23  18
 [19]  17  16  26  21  19  29  37  31  40  40  31  30  25  22  30  28  30  18
 [37]  21  20  29  32  42  46  31  24  19  22  15  13  14  25  44  27  24  27
 [55]  32  35  42  27  33  33  37  45  46  57  54  49  37  54  54  63  58  57
 [73]  74  69  76  63  74 106 115  98  97  89  81  87  95  85  68  90  94  91
 [91] 119 105 100  80  84 110 135 117 103 102  99 116 111 103 118 128 125 122
[109] 137 134 151 158 168 184 169 172 196 195 193 233 243

[[37]]
  [1] 10 21 23 14  9  9  7 11 12  8  4  4  7  8  4  3  2  2 10  7  5  5  6  7  3
 [26]  2  2  6  4  3  3  3  8 18 20 19 15 12 14 18 14 11  9  8  9 17 10 10 15 12
 [51]  9  9  7  5  4  7 20 17 15 14 14 13 13 13  9  2  2  2  1  1  1  1  3  3  3
 [76]  3  3  6  4  4  4 11  6 13 10 14 21 14 16 10 15 23 17 14 22 14 27 43 44 46
[101] 48 46 51 50 52 47 46 46 60 43 52 61 54 50 57 49 60 77 61 59 72

[[38]]
  [1]   10   32   38   32   30   28   38   26   31   30   38   38   36   62   34
 [16]   47   36   42   41   41   38   30   41   55   58   68   56   65   74   97
 [31]   97   98  123  120  128  116  100  104  123  134  114  112  128  145  164
 [46]  196  171  154  141  175  192  183  195  183  182  178  169  164  170  187
 [61]  203  216  202  206  209  224  224  206  219  237  233  274  294  314  317
 [76]  319  327  321  369  389  394  426  438  448  471  430  508  568  555  597
 [91]  624  675  723  727  719  714  761  798  812  840  941 1001 1055  993 1078
[106] 1090 1191 1243 1297 1359 1286 1388 1392 1511 1599 1680 1711 1756 1785 1907
[121] 1915

[[39]]
  [1]   10   37   26   23   17   35   35   28   20   28   29   37   23   35   35
 [16]   31   33   29   38   56   56   62   60   55   54   45   46   52   57   57
 [31]   49   50   46   42   31   37   66   56   66   62   78   72   76   90   79
 [46]  100  107  109  111  127  110  129  135  141  154  185  212  186  197  191
 [61]  189  224  213  196  215  222  238  256  290  328  321  343  352  318  390
 [76]  376  367  397  415  432  478  470  499  491  522  553  571  563  620  692
 [91]  717  703  674  737  755  775  829  884  929  948 1027  987 1024 1020 1042
[106] 1097 1103 1142 1155 1257 1216 1229 1276 1328 1365 1426 1488 1587 1623 1740
[121] 1782

[[40]]
  [1]   10   30   22   14   14   30   22   21   20   27   23   30   35   49   61
 [16]   59   57   65   48   57   63   81   76   86   93  116  120  133  142  121
 [31]  121  133  138  151  154  157  172  164  150  156  148  184  166  163  181
 [46]  205  220  216  203  191  221  221  268  241  243  260  261  290  258  271
 [61]  288  301  343  342  346  314  378  395  387  377  375  347  422  463  463
 [76]  441  466  472  462  585  594  630  625  612  676  678  767  834  895  904
 [91]  913  919  969 1024 1047 1145 1118 1175 1163 1324 1364 1402 1473 1478 1471
[106] 1590 1670 1750 1830 1888 2006 2064 2089 2180 2355 2419 2423 2683 2818 2978
[121] 3103

[[41]]
  [1]  10  32  30  27  20  18  14  20  25  20  13  15  20  21  25  20  33  41
 [19]  51  42  48  63  59  57  59  62  63  69  62  48  55  66  51  40  43  50
 [37]  43  43  57  61  53  46  40  63  72  64  69  73  72  63  82  74  77  70
 [55]  72  70  66  63  73  91 104  94 101  81  94 104 121  99  98 128 130 123
 [73] 130 108 108 103 113 119 135 155 158 140 140 162 184 193 208 200 183 187
 [91] 202 198 186 184 214 202 227 205 198 258 283 307 288 337 361 403 381 389
[109] 404 404 421 429 475 498 511 493 530 501 520 544 584

[[42]]
  [1]   10   40   34   32   25   21   21   25   28   30   33   37   31   26   22
 [16]   22   30   50   63   58   54   48   53   60   81  101   91   78   89  110
 [31]   99   93   98  110  126  124  137  142  164  170  166  162  164  169  189
 [46]  188  184  177  205  194  203  235  220  237  218  196  203  205  238  255
 [61]  306  322  307  284  273  306  294  372  350  378  345  424  452  470  525
 [76]  556  566  586  660  710  721  720  783  758  813  870  939  863  894  916
 [91]  985 1010 1029 1007 1046 1137 1251 1269 1321 1460 1463 1489 1537 1590 1617
[106] 1763 1824 2019 2081 2100 2187 2300 2332 2412 2534 2641 2675 2764 2788 2823
[121] 2978

[[43]]
  [1]  10  35  25  24  20  23  16  18  28  21  23  19  24  29  28  33  30  45
 [19]  42  34  35  40  39  43  37  34  43  30  35  44  35  39  29  47  42  46
 [37]  50  36  39  31  41  39  28  31  31  35  22  24  18  25  28  33  24  27
 [55]  21  35  25  28  20  21  32  20  17  13  21  24  24  18  14  19  19  24
 [73]  34  31  35  33  31  52  61  49  41  46  51  70  90  77  60  71  61  71
 [91] 100 130 107  86  75  87  97  90 102 107 113 120 110 105 106 100 108 109
[109] 108 149 128 138 147 148 159 149 134 126 133 159 166

[[44]]
  [1]  10  35  18  11  10   6   6   6   8  10   8  11  13  11   9   8  12  19
 [19]  13  11  10  16   9  12   9   8   8   7   6  10  11   6   5   5   8   6
 [37]   6   8   9   5   5   4   3   8  13  13   9  11   9  12  12   8   7   9
 [55]  14  10  14  11  22  22  16  11  10   9  14  19  23  36  33  29  31  47
 [73]  39  42  40  44  61  70  72  65  59  51  39  36  51  41  45  51  68  72
 [91]  64  59  55  60  69  61  59  69  63  72  85  78  70  69  75  89  97  82
[109]  91 118 112 107 107 107 121 115 121 151 149 152 126

[[45]]
  [1]   10   29   21   19   18   17   15   15   16   33   27   18   16   22   15
 [16]   13   36   21   28   25   34   22   28   22   23   24   24   33   29   27
 [31]   30   34   28   33   34   40   45   47   45   46   55   75   58   58   60
 [46]   71   69   76   65  108  104   86   96  100   99  117  136  160  152  149
 [61]  158  179  174  180  199  199  206  233  244  228  267  284  286  258  321
 [76]  339  362  367  381  421  431  497  486  472  485  477  480  501  568  587
 [91]  665  640  702  718  756  743  747  756  778  765  792  837  911 1032 1068
[106] 1019 1032 1061 1109 1143 1243 1385 1423 1466 1494 1548 1642 1657 1699 1745
[121] 1721

[[46]]
  [1]  10  25  24  21  11  17  10  13   9   9   8   9   5   9  12   9  12  11
 [19]  11   9   7  11  10   8   7   7   7  13  25  18  15  15  23  24  21  31
 [37]  23  30  35  38  41  38  42  36  34  38  35  46  51  59  48  46  62  74
 [55]  88  77  74  77  73  97 104 109 114 104 103 100 105 109 107 116 111 135
 [73] 128 135 138 123 142 141 146 145 134 143 161 153 129 141 143 161 163 154
 [91] 185 189 184 198 208 197 196 219 208 278 296 238 230 246 248 258 299 331
[109] 346 317 338 305 341 392 331 365 367 398 428 443 492

[[47]]
  [1]  10  33  26  31  18  13  12  11  36  28  25  19  20  30  18  21  12  13
 [19]  11  11  11  18  20  14  11  18  26  20  27  32  31  37  35  28  31  32
 [37]  38  36  27  34  23  29  36  32  37  26  26  28  37  41  43  32  35  33
 [55]  40  52  46  39  52  52  64  57  45  64  65  60  60  48  54  72  73  82
 [73]  81  84  97 124  99 108 109 139 137 135 150 139 131 175 178 188 213 225
 [91] 225 236 253 236 268 249 316 304 313 340 368 390 378 353 376 421 468 445
[109] 470 512 515 551 554 582 607 585 598 589 680 725 734

[[48]]
  [1]   10   55   36   29   25   42   43   56   66   50   44   42   42   53   47
 [16]   59   57   51   44   45   68   83   70   73   84   78   99   96   86   84
 [31]  106  107  128  144  132  133  129  167  169  152  177  199  212  199  223
 [46]  247  245  266  278  310  291  311  335  319  345  371  350  376  367  395
 [61]  392  390  423  446  477  499  498  548  615  631  657  621  636  676  707
 [76]  716  756  829  819  854  921 1036  997 1022 1076 1116 1142 1140 1224 1298
 [91] 1317 1332 1391 1384 1529 1563 1652 1752 1656 1873 1858 1920 1905 2041 2069
[106] 2209 2229 2419 2404 2497 2566 2653 2816 2957 3123 3229 3326 3390 3450 3544
[121] 3677

[[49]]
  [1]   10   28   27   36   29   31   34   39   34   31   45   70   68   65   83
 [16]   76   74   88   91   91   76   76  106  123  136  153  148  134  144  169
 [31]  179  176  174  188  178  187  194  217  232  226  204  221  229  232  207
 [46]  212  244  253  274  285  320  312  316  352  367  351  389  397  418  432
 [61]  472  501  518  561  581  599  602  619  664  711  700  743  728  745  834
 [76]  878  866  918  979 1052 1079 1085 1122 1141 1245 1239 1252 1243 1288 1455
 [91] 1431 1466 1612 1639 1697 1740 1823 1842 1919 2060 2111 2212 2256 2426 2479
[106] 2473 2657 2701 2749 2870 2958 3215 3160 3267 3431 3517 3779 3844 4070 4231
[121] 4284

[[50]]
  [1]   10   39   42   35   31   28   28   33   30   46   53   45   44   37   43
 [16]   42   46   52   49   62   53   47   61   72   53   66   72   65   67   65
 [31]   59   51   60   61   70   66   63   68   68   84   88   86   81   78   93
 [46]   85   91   88  105  101  121  107  126  126  133  141  134  136  145  132
 [61]  152  157  164  152  147  170  171  181  190  210  212  225  243  224  213
 [76]  230  254  275  286  272  275  305  317  348  354  406  419  424  423  415
 [91]  458  542  582  550  556  586  620  607  617  661  665  765  800  845  864
[106]  839  953 1001  959 1082 1102 1159 1146 1186 1287 1333 1368 1462 1510 1564
[121] 1600

[[51]]
  [1]   10   22   13   17   13   25   25   30   28   25   29   43   48   38   33
 [16]   38   51   51   58   49   45   40   47   43   39   39   40   46   55   55
 [31]   58   50   47   65   66   63   57   60   60   60   71   53   50   50   62
 [46]   62   55   53   66   76   61   74   69   51   72   82   75   89   95   77
 [61]  103  137  137  149  129  149  138  153  143  142  155  136  165  164  180
 [76]  187  166  202  197  230  239  267  283  297  279  312  319  327  333  333
 [91]  365  394  370  406  418  378  450  476  494  534  606  597  604  590  585
[106]  633  681  814  764  789  847  842  846  831  882  916  972 1009 1016 1133
[121] 1172

[[52]]
  [1]  10  37  41  34  29  25  31  38  36  26  22  22  27  33  34  20  17  16
 [19]  24  23  34  20  23  33  23  28  20  16  24  29  23  24  21  22  35  31
 [37]  32  45  51  47  40  39  42  40  57  57  60  64  48  59  54  50  53  50
 [55]  46  49  42  48  48  53  48  47  59  71  88  71  63  52  51  57  59  46
 [73]  45  54  50  50  56  62  66  59  46  73  81  83  83  70  68  86 103  99
 [91] 115 147 125 120 139 139 155 142 151 145 145 186 204 161 195 185 167 174
[109] 202 200 193 215 256 282 300 295 317 314 313 308 319

[[53]]
  [1]   10   36   36   34   26   20   20   13   10   17   11   11   10    8    7
 [16]    6    5    6    5    5    5   10   21   17   18   18   20   24   30   21
 [31]   34   42   44   48   47   34   55   59   58   67   71   75   76   75   77
 [46]   86   74   79  110  112  111  150  148  138  128  174  176  179  171  181
 [61]  198  242  242  236  214  260  265  293  308  315  363  363  357  367  412
 [76]  444  448  476  488  461  485  542  580  602  594  639  644  676  723  785
 [91]  733  706  702  814  837  842  896  881  889  912  941 1053 1083 1101 1140
[106] 1165 1216 1301 1366 1408 1403 1524 1671 1673 1687 1785 1851 2035 1988 2100
[121] 2156

[[54]]
  [1]   10   47   43   32   28   31   37   50   43   48   50   50   56   49   52
 [16]   65   67   66   53   60   64   74   66   56   48   51   53   57   57   55
 [31]   55   56   65   63   62   60   80   70   85   84   89   78  105  104  131
 [46]  112  137  155  147  120  125  135  169  195  194  188  198  193  191  175
 [61]  188  181  193  203  220  227  259  278  269  274  276  322  306  358  376
 [76]  363  378  388  406  406  468  431  491  513  546  585  627  632  633  646
 [91]  641  708  716  733  798  788  773  785  851  890  971  934  914  973 1040
[106] 1092 1182 1190 1250 1299 1381 1495 1487 1564 1667 1652 1743 1840 1925 2049
[121] 2142

[[55]]
  [1] 10  7  5 10  7  5  8  6  5  5  5 10  5  5  7  5  3  7  5  4  6  5  5  5  7
 [26]  3  3  3  2  2  1  3  1  1  0  0  0  0  0  0  0  0  0  0  0  0  0  0  0  0
 [51]  0  0  0  0  0  0  0  0  0  0  0  0  0  0  0  0  0  0  0  0  0  0  0  0  0
 [76]  0  0  0  0  0  0  0  0  0  0  0  0  0  0  0  0  0  0  0  0  0  0  0  0  0
[101]  0  0  0  0  0  0  0  0  0  0  0  0  0  0  0  0  0  0  0  0  0

[[56]]
  [1]  10  27  22  14  13  12  13  10  17  18  27  22  24  22  31  30  39  39
 [19]  46  40  36  45  40  59  51  59  79  84  82  76  71  62  68  86  76  82
 [37]  72  94 117 112  92 101 121 101  99 104  97 108  97  99 116 108 108  94
 [55] 123 121 123 114 101  98 106 135 119 125 115 108 113 124 136 138 138 137
 [73] 148 182 160 162 155 151 197 172 203 182 194 168 156 164 184 177 176 188
 [91] 190 203 214 221 212 219 209 250 267 265 269 292 311 312 339 342 369 352
[109] 359 375 427 439 474 437 422 420 462 488 518 541 547

[[57]]
  [1]   10   33   21   20   16   20   18   20   17   12   17   13   16   15   26
 [16]   23   17   22   22   16   32   22   20   16   30   26   30   32   42   38
 [31]   39   58   49   54   48   49   58   65   61   91   98   95  104  106   91
 [46]  108   95  104   98  111  113  115  131  120  106  111  112  127  149  156
 [61]  162  150  150  143  141  153  171  180  185  176  195  207  215  207  231
 [76]  263  249  265  269  257  298  333  322  355  375  399  424  462  451  458
 [91]  486  529  500  505  492  533  607  651  639  656  748  745  796  794  854
[106]  874  888  906  971  991 1036 1060 1094 1061 1092 1119 1161 1129 1179 1331
[121] 1306

[[58]]
  [1]  10  22  17  24  14  11  12  16  13   8   7   8   7   5  11  19  18  15
 [19]  11  14  16  15  16  13   8   9  11  21  13  11  10   7  12  10  25  17
 [37]  30  23  21  18  15  18  21  44  40  30  33  28  38  37  35  32  26  44
 [55]  51  45  47  47  49  49  62  44  59  64  55  65  67  84  97  91 109  94
 [73]  97  89  96  91  87 109 154 117 118 137 138 135 130 125 129 130 165 170
 [91] 174 183 184 170 177 205 188 182 210 197 228 189 197 203 216 235 223 228
[109] 235 221 231 257 273 256 247 273 305 315 327 330 385

[[59]]
  [1]   10   23   21   20   22   32   19   21   20   21   44   45   38   46   45
 [16]   57   53   41   66   70   72   71   68   59   69   61   75   74  101   99
 [31]   79   84   97  104  110  124  108  103  137  145  126  134  145  148  179
 [46]  186  152  153  155  190  186  167  196  187  189  188  184  205  214  209
 [61]  205  249  244  277  233  245  263  272  260  324  327  304  318  283  313
 [76]  346  375  378  370  381  423  494  511  542  506  460  561  582  580  671
 [91]  666  657  689  746  735  765  831  848  896  948 1015 1082 1065 1116 1158
[106] 1197 1210 1293 1335 1389 1503 1552 1549 1649 1730 1830 1895 2011 2018 2067
[121] 2210

[[60]]
  [1]   10   30   30   20   23   27   28   51   40   51   57   44   43   47   56
 [16]   53   56   61   55   55   60   73   79   94   69   75   86   91   97  107
 [31]  118  114   95  109  143  148  146  146  129  139  173  196  187  209  206
 [46]  236  267  285  278  297  349  369  383  362  360  392  387  434  455  454
 [61]  501  547  516  529  537  595  648  674  706  757  745  728  744  782  880
 [76]  909  912  932  924 1005 1079 1132 1101 1005 1074 1193 1217 1331 1312 1402
 [91] 1496 1515 1462 1500 1659 1700 1708 1724 1909 2029 1974 1970 2079 2239 2370
[106] 2434 2555 2626 2710 2833 2932 2985 3189 3353 3324 3364 3461 3660 3916 3961
[121] 4095

[[61]]
  [1]   10   39   46   40   30   26   54   66   53   54   55   63   91   83   80
 [16]   92   86   94   88  111  117  124  139  116  116  110  154  180  180  166
 [31]  174  167  162  168  166  159  148  159  154  143  181  190  182  161  162
 [46]  211  238  245  291  283  270  282  296  337  358  400  408  394  427  397
 [61]  414  438  455  445  505  535  543  565  619  701  724  714  775  785  837
 [76]  890  937  872  898  965  972 1063 1097 1188 1227 1316 1380 1395 1453 1578
 [91] 1578 1644 1676 1756 1901 1864 1815 1829 1898 2096 2161 2253 2274 2433 2462
[106] 2539 2604 2715 2991 3077 3180 3325 3454 3638 3892 4065 4129 4331 4507 4712
[121] 4887

[[62]]
  [1]   10   43   32   27   21   24   16   26   28   25   23   21   22   31   37
 [16]   34   21   27   34   32   35   27   31   37   35   30   29   30   45   48
 [31]   35   40   41   34   35   37   38   49   45   57   67   61   62   89   82
 [46]   68   73   79  105  103  140  111  121  126  128  130  119  125  138  119
 [61]  127  150  151  135  162  178  159  159  175  192  170  179  190  175  191
 [76]  182  198  263  255  249  265  259  281  275  334  321  354  368  390  389
 [91]  407  410  436  449  466  462  489  536  559  537  579  617  592  651  680
[106]  701  741  798  792  866  957  972 1005 1062 1142 1218 1198 1258 1272 1325
[121] 1447

[[63]]
  [1] 10 13 18 17 17 19 20 20 29 25 16 24 26 38 31 26 22 17 17 13 11 14 11  9 11
 [26] 13 10  7 11  5  4  3  5 10  4  3  3  3  7  3  2  2  2  1  1  1  4  3  2  2
 [51]  2  2  2  2  2  2  1  1  1  1  1  1  1  4  2  1  1  1  1  1  1  0  0  0  0
 [76]  0  0  0  0  0  0  0  0  0  0  0  0  0  0  0  0  0  0  0  0  0  0  0  0  0
[101]  0  0  0  0  0  0  0  0  0  0  0  0  0  0  0  0  0  0  0  0  0

[[64]]
  [1]  10  20  25  21  15  12  11  21  27  19  16  16  13  13  11   9  13   9
 [19]  11   8  17  15  15  16   8  11  14  13  12  17  24  18  20  25  36  31
 [37]  23  23  26  29  30  26  24  27  22  35  38  35  47  36  45  43  51  39
 [55]  52  57  52  52  61  52  70  56  63  75  73  69  62  50  58  57  53  60
 [73]  68  71  57  55  54  68  59  63  56  60  70  76  75  85  96  96 101  90
 [91]  87  98 101 112 108 125 131 115 139 126 143 134 163 132 157 169 152 157
[109] 136 173 184 220 211 241 222 211 190 222 265 249 259

[[65]]
  [1]   10   25   23   20   22   22   27   31   31   44   35   31   21   24   18
 [16]   15   19   27   27   27   28   33   44   37   33   36   36   46   63   76
 [31]   68   78   76   76  104  120  101  106  128  130  112  123  143  149  130
 [46]  144  164  156  156  203  219  226  215  216  218  252  284  312  286  295
 [61]  311  335  344  323  348  397  396  389  402  400  451  468  499  562  548
 [76]  598  601  593  584  614  638  740  672  682  696  833  858  891  909  876
 [91]  871  930  911  971  940 1080 1032 1109 1164 1208 1237 1297 1254 1231 1355
[106] 1483 1562 1691 1723 1669 1724 1794 1848 1972 2166 2094 2133 2128 2242 2228
[121] 2388

[[66]]
  [1] 10 25 14  9  9  7  7  3  3  3 14  9  7  6  4  4  4 16 12  8  6  5  5  4 10
 [26]  7  4  9 11  9  9 12 12  8  7  6  5  5  9  5  5  3  3  7  3  3  3 10 10 11
 [51]  8  8  8  6  9  9 13  9  7  8  6  6  6  6 10  7  5  5  7  6 12  5  5  4  9
 [76]  8  5  4  3  1  1  1  1  1  1  0  0  0  0  0  0  0  0  0  0  0  0  0  0  0
[101]  0  0  0  0  0  0  0  0  0  0  0  0  0  0  0  0  0  0  0  0  0

[[67]]
  [1] 10 39 37 29 25 25 32 25 28 33 38 26 21 20 19 21 23 25 25 21 16 22 12  8  6
 [26]  9 12 10  7 10  7  9 13 16 11  8  9 15 11  7  6  6  9 10  6  6  5  5 16 11
 [51] 16 22 20 12  9 17 13 10  8 10 10 15 10  7  6 10 11 10  7  6  4  4 10 16 14
 [76] 18 14 14 12 24 17 22 26 21 18 18 15 12 15 10 23 20 15 12 10  6  6 16 15 11
[101] 13 11  7 13 16 13 14 15 13  9  8 17 21 19 21 15 11 26 33 41 39

[[68]]
  [1]   10   26   20   18   19   16   24   26   21   27   30   26   30   39   48
 [16]   56   52   53   63   67   53   82   76   64   67   83   85   83  107   85
 [31]   96   93   82   95   90  104   97   98  114  105  113  143  145  158  169
 [46]  162  176  196  211  230  215  219  237  260  266  270  279  300  314  342
 [61]  314  359  393  401  395  411  453  447  474  500  545  588  547  577  578
 [76]  701  737  748  774  797  838  898  868  923  994 1053 1085 1109 1217 1220
 [91] 1263 1260 1328 1309 1474 1431 1491 1526 1692 1710 1832 1965 2017 2196 2331
[106] 2332 2361 2400 2566 2690 2855 3010 3194 3283 3331 3356 3477 3785 3940 3914
[121] 4037

[[69]]
  [1]   10   37   39   30   23   22   36   47   33   30   58   53   57   58   63
 [16]   55   55   73   68   77   83   76   78   56   68   81   79   79   71   69
 [31]   69  106   98   92  135  136  118  141  145  170  147  189  180  182  198
 [46]  220  210  200  200  222  228  258  255  214  190  244  225  216  266  241
 [61]  234  260  262  284  279  294  319  320  340  352  377  399  403  420  424
 [76]  478  507  584  623  623  661  709  759  734  777  831  868  892  851  915
 [91]  897  998  984 1013 1080 1154 1184 1154 1209 1328 1359 1463 1528 1460 1612
[106] 1620 1740 1755 1810 1926 2103 2122 2289 2417 2465 2523 2697 2688 2893 2860
[121] 2971

[[70]]
  [1]  10  36  14   9   9   8   6   9   8   7  14   6   6   8  15  11  16  20
 [19]  16  21  16  22  18  30  29  23  27  30  24  28  28  20  17  16  19  27
 [37]  19  20  31  35  26  27  32  27  34  36  28  31  27  36  36  46  57  56
 [55]  62  61  68  55  61  66  66  54  46  52  56  69  88  78  63  69  69  66
 [73]  69  93 100  97  97  86  97 109 115 117 121 115 135 148 159 165 155 180
 [91] 168 208 240 230 231 222 242 239 266 260 292 298 316 318 342 342 334 342
[109] 353 397 422 441 470 495 496 545 560 538 564 600 613

[[71]]
  [1]   10   33   42   36   30   37   37   45   47   56   55   68   58   61   63
 [16]   50   47   72   86   85   74   80   87  113   93   80   73   92   81  113
 [31]  102  103   96  106  117  136  121  138  146  162  164  168  176  198  188
 [46]  181  223  237  260  266  237  229  252  298  327  343  325  314  375  378
 [61]  400  412  469  453  483  488  495  537  492  573  654  601  628  688  703
 [76]  727  777  780  787  807  782  822  916  988 1005 1012 1060 1000 1137 1172
 [91] 1262 1336 1313 1318 1382 1410 1400 1533 1592 1631 1720 1859 2032 2049 2126
[106] 2179 2209 2384 2383 2503 2602 2744 2808 2965 3089 3221 3379 3475 3713 3858
[121] 4152

[[72]]
  [1]  10  26  30  16  13  12  23  25  29  21  16  23  28  23  24  27  27  32
 [19]  28  23  28  34  27  24  27  28  36  25  26  16  25  32  32  26  23  39
 [37]  43  34  32  51  57  45  46  53  48  63  43  33  44  43  54  60  72  56
 [55]  58  46  43  47  40  53  55  44  42  55  46  37  37  48  64  63  51  52
 [73]  46  53  55  62  55  72  84  74  74  82  96  75  75  79  74  85  91 106
 [91] 104  96 106 125 123 133 140 170 145 143 151 150 160 180 148 151 156 163
[109] 181 196 198 196 178 201 204 233 245 260 244 251 287

[[73]]
  [1]  10  15   8   8   7  20  12  10  17  11  11   9  13  17  12  10   9  17
 [19]  11  20  18  19  21  23  23  16  20  25  23  34  31  29  29  25  29  39
 [37]  57  42  38  32  44  43  58  42  59  50  48  37  44  46  40  50  61  55
 [55]  65  62  82  73  65  65  57  58  54  62  58  61  82  79  65  74  69  65
 [73]  80  78  67  79  74  91  74  66  61  80  72  80  71  99  97  99 112 113
 [91] 105 118 114 129 169 160 172 161 150 144 133 152 157 151 144 151 187 206
[109] 195 199 221 238 251 269 268 328 337 365 389 363 386

[[74]]
  [1]   10   37   35   26   20   16   20   25   30   28   34   21   17   21   20
 [16]   14   13   10   16   13   25   26   28   20   25   28   27   26   24   30
 [31]   45   49   39   38   43   46   56   61   54   64   83   81   76   79   76
 [46]   97   77   84   86  129  118  125  108  110  125  174  144  170  193  211
 [61]  210  216  212  196  225  241  234  226  233  230  247  260  272  279  300
 [76]  319  353  369  366  383  403  471  467  530  521  552  540  625  688  733
 [91]  768  735  776  858  844  963  899  941  997 1029 1129 1094 1180 1320 1357
[106] 1357 1391 1441 1454 1556 1644 1841 1839 1811 1918 1960 2055 2182 2265 2418
[121] 2478

[[75]]
  [1]   10   21   23   39   28   23   18   18   17   17   16   19   15   19   15
 [16]   29   34   28   34   40   47   40   37   48   38   41   71   58   44   48
 [31]   45   58   67   75   81   86   84  102  104  120  120  131  106  104  129
 [46]  131  141  140  148  161  171  197  228  213  202  202  229  232  277  283
 [61]  297  285  299  312  343  372  343  408  409  426  432  460  463  502  473
 [76]  541  562  600  691  686  651  684  748  811  781  783  832  885  951  961
 [91] 1020 1040 1115 1099 1146 1191 1229 1298 1389 1444 1445 1470 1550 1750 1815
[106] 1880 1846 2082 2065 2255 2242 2334 2513 2531 2548 2718 2883 2966 3005 3071
[121] 3093

[[76]]
  [1] 10 18 32 34 18 16 18 16 14 31 34 44 37 48 41 30 37 45 39 28 28 20 32 23 34
 [26] 30 28 26 33 29 25 21 16 15 15 24 24 19 18 31 27 22 24 33 30 28 33 27 20 24
 [51] 24 20 21 11  7 12 12  6  5  3  3  5  4  4  4  4  4  4  8 15  9  9  6  5  5
 [76]  9  7  4  4  2  2  2  5  2  1  6  3  2  2  2  2  2  1  6  3  3  3  3  3 11
[101]  8 11  9 12  9  6 12 19 20 18 18 15 11 16 17 22 23 17 15 16 16

[[77]]
  [1]  10  32  38  32  24  33  29  27  31  32  39  32  35  31  27  25  25  24
 [19]  25  29  26  23  29  30  36  36  30  37  42  38  33  24  21  32  24  22
 [37]  25  34  31  33  30  25  27  35  39  37  31  28  22  22  19  36  30  34
 [55]  31  24  47  47  53  40  40  50  44  58  46  53  49  39  43  39  47  45
 [73]  42  53  60  85  68  77  81  83  78  69  80  75  76  76  98 100 115 120
 [91] 143 144 173 177 182 161 194 213 220 237 225 213 227 263 291 276 306 326
[109] 329 350 346 378 388 370 390 411 416 401 419 422 494

[[78]]
  [1]   10   32   25   33   22   18   21   35   37   46   42   61   51   61   82
 [16]   84   79   88   85   89   86   98  108  104  108  104  107  139  151  162
 [31]  168  175  169  150  145  177  179  191  177  189  197  225  249  240  227
 [46]  273  257  269  283  314  343  341  337  370  351  362  373  343  341  371
 [61]  359  373  416  396  438  416  473  469  501  503  497  530  548  594  611
 [76]  640  667  702  717  816  808  832  861  882  865  948 1004 1021 1018 1075
 [91] 1156 1184 1210 1305 1403 1400 1468 1500 1567 1617 1695 1776 1771 1827 1953
[106] 2090 2136 2250 2355 2480 2577 2574 2615 2701 2885 2990 3117 3208 3420 3556
[121] 3840

[[79]]
  [1]  10  20  21  19  15  12  12  19  32  22  18  22  30  38  35  34  28  27
 [19]  18  21  25  25  22  22  33  19  31  24  27  35  26  27  22  28  29  30
 [37]  39  47  32  38  46  55  54  40  39  46  45  54  54  46  47  47  43  38
 [55]  31  41  47  47  47  40  37  34  31  30  31  35  30  30  39  36  47  52
 [73]  58  58  55  58  68  68  71  88  76  91  73  78  72 109  91  85  88 105
 [91] 102 127 126 114 119 124 145 155 152 160 141 129 138 152 137 175 198 202
[109] 219 211 245 217 249 248 245 268 267 289 302 325 360

[[80]]
  [1]   10   24   16   15   14   20   15   19   24   20   17   18   19   35   36
 [16]   29   28   31   34   40   29   42   42   44   44   42   64   49   60   96
 [31]   89   77   83   67   94  114  119  112  133  134  111  127  135  173  155
 [46]  143  150  150  130  130  170  177  162  152  139  194  168  158  184  174
 [61]  197  204  203  215  212  217  250  282  284  281  289  317  301  315  323
 [76]  320  306  333  346  397  421  385  420  471  471  474  511  471  443  497
 [91]  554  513  593  625  698  710  727  656  709  781  816  840  872  915  907
[106]  976  990 1033 1115 1146 1155 1114 1250 1258 1377 1395 1409 1476 1508 1549
[121] 1680

[[81]]
  [1]   10   29   23   18    8    7    7    6    9   18   10    9    7    5    3
 [16]    8    6    4    3    8    8    8    7    6    6    6   12   17   15   29
 [31]   19   27   43   39   39   48   47   46   40   64   66   68   56   69   76
 [46]   75   70   83  103  113  117  102  127  136  118  117  110  126  135  130
 [61]  156  173  158  142  176  201  193  217  224  249  246  236  262  301  319
 [76]  287  292  311  368  416  384  355  327  358  391  428  419  413  441  471
 [91]  504  540  519  531  513  508  532  594  594  625  653  778  751  806  795
[106]  806  878  944  988  981  985  966 1010 1041 1092 1148 1221 1314 1305 1380
[121] 1521

[[82]]
  [1]   10   24   29   35   30   33   35   30   39   34   35   46   44   49   35
 [16]   39   40   49   69   84   72   88   85   80   88   94   88   74   93   78
 [31]   76   80   87  112  124  120  129  121  138  137  132  132  112  124  126
 [46]  139  135  137  129  134  128  146  155  150  152  133  178  151  170  163
 [61]  172  198  184  197  232  240  284  279  272  277  308  310  327  332  301
 [76]  316  363  386  358  386  410  430  402  429  416  457  462  492  467  462
 [91]  463  521  484  545  544  546  644  678  689  727  771  812  922  951  997
[106] 1050 1055 1093 1162 1239 1270 1230 1378 1415 1462 1428 1502 1606 1729 1733
[121] 1802

[[83]]
  [1]   10   22   30   27   21   22   20   42   45   33   28   38   38   35   29
 [16]   35   35   57   43   48   45   44   76   81   71   64   72   66   84   79
 [31]   83   78   71   62   75   79   65   62   54   56   81   78   65   61   64
 [46]   68   68   74   72   86   96  120  113  108  100  126  116  106  105  120
 [61]  111  133  117  128  163  154  148  160  174  183  204  234  225  233  246
 [76]  263  272  287  302  299  294  338  368  375  381  348  363  370  425  417
 [91]  412  430  443  462  502  526  498  490  545  527  591  627  622  655  712
[106]  798  827  826  836  886  980  936  933 1071 1087 1155 1217 1274 1253 1310
[121] 1369

[[84]]
  [1]  10  30  14  12  11  10   7   5   4  10   8  12  10   6   9   7  12   8
 [19]   7   7  19  20   9  13  11   7  11  10   9   8   8  14  12  10  13  18
 [37]  20  14  13  13  25  35  33  27  22  14  15  12  15  14  22  14   8   8
 [55]   8  16  17   9  13  15  11  12  26  25  21  16  12  19  23  36  31  34
 [73]  36  33  35  49  49  41  46  42  39  51  73  66  75  81  68  61  68  87
 [91]  89 106 107  92  99 113 115 152 138 143 149 175 167 176 173 216 222 199
[109] 217 232 243 276 249 264 302 304 341 364 347 387 426

[[85]]
  [1]  10  28  38  27  21  24  18  15  20  15  13  11  23  26  24  16  21  15
 [19]  17  20  27  23  31  29  22  24  20  29  22  23  21  26  30  37  33  31
 [37]  36  60  71  62  64  65  58  65  60  85 108 102 108 101 126 128 133 117
 [55] 106 103 117 138 143 140 123 127 161 155 136 137 162 158 177 184 187 178
 [73] 173 185 194 212 251 263 269 264 268 253 244 265 314 324 282 281 308 354
 [91] 350 330 354 331 355 362 438 460 471 503 492 487 490 465 543 568 606 600
[109] 593 566 568 625 662 643 695 704 768 760 816 792 826

[[86]]
  [1]   10   35   28   27   23   25   27   21   25   23   31   36   33   27   31
 [16]   38   44   35   32   36   40   36   37   50   48   54   45   36   40   31
 [31]   51   50   41   33   24   25   36   46   60   49   37   30   35   41   40
 [46]   35   60   55   57   52   45   70   81   90   91   93  102  103  118  125
 [61]  165  166  172  175  196  228  233  251  274  254  310  288  307  328  370
 [76]  362  380  426  424  461  420  480  464  451  500  556  554  538  523  568
 [91]  591  665  730  750  766  799  889  916  943  970 1030 1054 1154 1249 1226
[106] 1259 1343 1382 1468 1553 1558 1551 1588 1693 1860 1960 2071 2048 2171 2183
[121] 2306

[[87]]
  [1]   10   21   30   19   16   17   20   28   26   33   35   30   32   35   30
 [16]   44   35   63   62   69   81   91   84   86   98  102  111   92  105   96
 [31]  119  104  100   99   93   86  106  107  113   96   96  110  115  119  124
 [46]  122  148  151  178  163  132  158  158  168  168  167  206  212  227  224
 [61]  239  238  283  298  307  327  321  351  346  369  397  396  452  452  498
 [76]  450  529  545  587  637  626  665  714  785  796  798  827  845  902  966
 [91]  969  989 1039 1049 1108 1188 1244 1286 1344 1415 1590 1596 1591 1712 1725
[106] 1892 1949 2060 2147 2189 2304 2273 2439 2389 2575 2622 2787 2939 2981 3144
[121] 3277

[[88]]
  [1]   10   23   25   17   16   15   25   26   21   21   25   40   28   27   21
 [16]   17   30   38   32   29   38   28   35   44   47   44   45   61   47   47
 [31]   40   45   37   43   48   47   51   44   51   61   65   66   75   66   83
 [46]  114  121   99  100  124  125  139  126  120  140  144  156  189  173  167
 [61]  186  182  202  203  197  221  209  209  199  240  273  263  278  249  257
 [76]  261  234  215  236  286  281  274  308  327  327  335  345  379  371  399
 [91]  438  431  453  453  467  436  457  504  523  522  490  495  566  593  666
[106]  664  661  721  723  691  802  802  868  954  966 1088 1097 1152 1246 1287
[121] 1356

[[89]]
  [1]  10  29  25  20  19  17  13  14  23  31  26  21  16  23  19  20  24  30
 [19]  29  21  18  16  16  11  11  14  26  19  17  14  15  26  17  16  11  11
 [37]   6   9  13  15  20  16  15  21  18  16  17  22  15  13  11  10   7  13
 [55]  15  26  23  19  17  16  14  27  20  27  24  23  18  22  17  20  22  21
 [73]  16  20  23  26  27  24  22  24  19  26  17  15  32  26  34  32  29  42
 [91]  38  33  37  42  35  35  37  42  48  55  54  58  55  58  60  59  68  83
[109]  73  74 103 114 121 117 114 114 112 115 110  94 102

[[90]]
  [1]   10   23   25   16   12   11    9   14    9   24   19   18   23   23   27
 [16]   21   19   19   28   30   39   44   39   35   37   40   42   45   43   44
 [31]   55   64   70   64   80   85   87   73   80   76  108  151  110  119   95
 [46]  122  116  125  126  146  146  152  154  145  132  142  163  149  151  163
 [61]  186  159  171  193  174  175  197  185  179  190  190  197  182  181  182
 [76]  202  226  199  200  202  245  246  229  260  256  281  269  317  295  299
 [91]  359  427  412  420  420  416  429  463  520  546  569  599  680  626  702
[106]  682  731  735  803  795  768  800  821  838  894  914  900 1002 1036 1103
[121] 1171

[[91]]
  [1]   10   13   22   16   22   15   18   29   26   30   28   24   25   45   41
 [16]   29   44   46   43   41   49   49   41   59   66   67   66   49   73   91
 [31]   82   77   80   78   89   76   75   85   77   79   89   81   84   80   96
 [46]   89   86   96  108  124  121   99  112  132  142  133  131  151  167  180
 [61]  175  186  181  175  177  190  170  200  194  203  218  184  191  221  202
 [76]  252  229  245  225  260  274  282  291  293  326  326  347  382  372  421
 [91]  451  441  467  477  519  575  544  556  588  651  633  689  710  739  755
[106]  787  830  922  897  937  941  957 1022 1063 1123 1145 1222 1284 1385 1473
[121] 1469

[[92]]
  [1]  10  26   9   7   7  12   9   9  11   8  14  11  10   9  15  13  12  11
 [19]  18  22  26  18  20  24  18  13  11  30  29  23  21  32  35  29  25  33
 [37]  29  39  34  26  22  26  36  30  24  27  38  41  40  48  52  58  65  57
 [55]  63  77  80  89  65  89  85 102  87  99 114 148 135 104 125 117 123 125
 [73] 129 150 155 159 184 188 217 217 204 191 190 205 192 189 159 183 209 204
 [91] 234 209 212 224 234 220 225 250 302 261 245 270 264 280 318 329 347 342
[109] 404 435 402 394 379 414 439 455 438 455 515 501 540

[[93]]
  [1]   10   28   23   18   15   12   16   25   17   20   21   23   22   27   20
 [16]   27   31   26   30   29   27   34   40   47   59   51   50   45   52   45
 [31]   42   66   64   75  100   96   96   85   86   94   99  113   83   83  133
 [46]  103  112  127  158  147  165  164  145  199  200  199  243  233  230  279
 [61]  259  290  302  306  329  373  415  414  449  448  526  547  536  531  564
 [76]  553  621  693  718  746  845  861  828  863  856  938  944  991  958  999
 [91] 1022 1052 1115 1141 1148 1230 1308 1390 1400 1472 1492 1526 1708 1769 1752
[106] 1773 1817 1867 1839 2036 2152 2150 2218 2298 2388 2526 2653 2772 2962 3018
[121] 3123

[[94]]
  [1]  10  27  29  22  17  24  25  25  36  27  29  24  26  43  43  49  36  40
 [19]  46  44  40  44  39  42  48  35  36  28  43  53  56  43  44  42  34  46
 [37]  52  54  43  31  40  27  50  31  26  30  51  52  42  37  50  42  48  38
 [55]  32  35  32  36  42  49  65  59  55  56  61  42  50  69  74  64  51  46
 [73]  46  54  51  64  76  65  63  63  73  90 113 101 124 103 122 113 111 111
 [91] 119 117 145 124 121 163 178 150 161 169 151 154 174 185 197 190 243 248
[109] 246 271 310 335 331 303 325 346 384 376 387 391 430

[[95]]
  [1]  10  38  19  23  19  21  30  20  36  37  41  37  45  41  44  53  46  51
 [19]  33  27  28  40  47  46  35  34  36  36  27  37  27  26  30  31  26  31
 [37]  30  23  22  24  28  42  38  30  26  21  18  31  31  23  23  45  48  44
 [55]  48  44  52  58  60  67  63  46  52  53  55  72  84  75  71  72  99  72
 [73]  60  68  49  58  63  56  58  64  78  81  75  78  66  83  74  71  65  71
 [91]  61  72  81  75  88 101 114 119 112 104 115 141 148 156 173 163 174 165
[109] 172 183 190 194 190 249 261 236 247 283 307 300 314

[[96]]
  [1]   10   36   34   18   11   11   15   21   16   15   13   16   19   36   26
 [16]   23   27   33   24   33   26   33   30   27   24   36   55   49   54   39
 [31]   33   43   62   63   63   53   72   71   68   74   94   86   99   94  103
 [46]  112  113  125  109  126  158  172  167  154  168  185  202  193  195  183
 [61]  208  219  219  235  243  252  240  233  268  319  370  354  319  348  385
 [76]  438  446  417  471  467  500  536  532  579  607  659  645  703  709  734
 [91]  779  768  774  851  870  864  977  985 1048 1090 1039 1057 1114 1183 1318
[106] 1300 1296 1375 1378 1443 1620 1638 1651 1765 1841 1885 1836 1968 2016 2154
[121] 2198

[[97]]
  [1]   10   23   21   17   15   18   18   23   17   18   16   11   24   18   17
 [16]   16   23   16   17   18   15   23   19   40   23   36   35   51   49   42
 [31]   50   54   46   45   56   46   52   75   70   61   73  101  107   96   97
 [46]   89   74  105  115  118  116  119  144  153  183  194  193  206  179  180
 [61]  185  254  229  250  245  261  281  290  323  355  380  347  371  387  382
 [76]  438  470  436  464  474  473  487  481  510  531  543  563  559  593  609
 [91]  642  671  730  804  805  859  835  882  918 1014 1059 1042 1071 1241 1279
[106] 1333 1312 1470 1488 1579 1637 1673 1700 1823 1902 1951 2100 2250 2402 2516
[121] 2460

[[98]]
  [1]   10   29   38   28   28   25   36   40   44   38   42   36   40   56   66
 [16]   49   50   43   63   56   66   86   91  105  109   98   82   94  115  117
 [31]  131  111  127  126  142  157  174  141  155  187  164  182  186  200  220
 [46]  211  204  240  269  280  269  274  250  268  293  301  357  347  344  400
 [61]  396  397  408  433  443  448  446  420  432  491  478  450  496  554  574
 [76]  576  599  589  622  639  669  727  771  769  793  820  867  924  894  919
 [91] 1028 1009  984  973 1047 1075 1128 1167 1190 1301 1341 1387 1455 1508 1560
[106] 1595 1662 1691 1818 1843 1875 1903 2090 2268 2353 2343 2498 2538 2633 2712
[121] 2800

[[99]]
  [1] 10 18 32 25 17 17 17 23 16 19 13 10 10 12 11  7  6  6  6  8  6 11 15 12 11
 [26] 21 18 15 12  6  5  5  3  3  2  2  2  2  2  4  3  5  3  1  1  1  8  5  3  3
 [51]  2  2 14 11  6  5  3  9  5  5  5  3  9  3  3  3  3  5  3  2  2  2  2  9  6
 [76]  4  2  2  4  4  2  2  1  1  1  1  1  1  1  1  1  1  1  1  6  2  2  2  2  6
[101]  9  6  6  5  4  9 13  9 12 15  9 12 12 23 24 14 16 29 27 22 22

[[100]]
  [1]   10   22   19   12   10    9    9   20   13   16   15   30   33   30   39
 [16]   52   45   44   41   41   41   47   53   66   58   45   48   43   39   36
 [31]   37   32   48   72   63   48   59   66   85   76   87  124  111  114  114
 [46]  123  141  151  162  191  173  175  167  196  205  201  192  185  206  210
 [61]  248  228  221  239  262  278  295  277  289  303  277  303  271  309  289
 [76]  314  354  403  372  410  422  440  451  493  469  474  500  515  521  510
 [91]  552  592  599  654  645  698  699  723  754  846  840  909  958  920 1078
[106] 1093 1194 1235 1206 1223 1276 1308 1353 1379 1450 1549 1575 1729 1818 1769
[121] 1807

[[101]]
  [1]   10   40   38   28   25   28   27   41   40   33   33   42   39   38   49
 [16]   49   43   45   50   46   47   43   56   72   82   99   83   78   76   86
 [31]   75  100   97   97  112  131  111  117  115  129  138  142  127  133  160
 [46]  154  163  170  178  212  197  193  201  220  240  241  242  234  276  281
 [61]  294  299  360  368  362  374  339  363  371  397  401  465  458  430  436
 [76]  540  578  599  594  598  608  654  724  741  785  813  901  932  981  973
 [91] 1008 1066 1131 1134 1200 1200 1258 1357 1405 1412 1471 1483 1590 1559 1597
[106] 1669 1706 1884 1944 1974 2078 2272 2329 2460 2566 2680 2820 2961 3051 3010
[121] 3143

[[102]]
  [1]  10  32  29  18  15  15  19  31  36  28  28  28  24  26  35  35  32  44
 [19]  26  20  20  17  20  39  33  43  33  28  32  38  52  32  25  20  23  26
 [37]  20  24  19  27  26  19  25  28  32  36  40  53  47  60  73  72  61  52
 [55]  51  58  83 116 129 114  87  87  83 119 128 117 116 127 141 136 129 137
 [73] 143 154 146 135 140 164 154 176 169 171 149 147 165 163 166 162 169 201
 [91] 201 221 204 202 195 177 217 237 238 230 239 231 224 229 216 248 252 276
[109] 254 299 312 297 332 356 356 340 379 415 391 390 451

[[103]]
  [1]  10  36  27  23  29  22  22  21  23  22  25  42  39  43  38  33  29  30
 [19]  23  21  28  22  40  31  31  27  33  36  37  39  40  39  37  28  31  56
 [37]  55  57  45  51  45  54  57  60  59  49  48  45  42  36  45  57  51  43
 [55]  35  55  79  77  67  77  64  68  63  87 116 100  96  79  89  92 100 125
 [73] 132 131 134 141 140 127 149 157 187 163 157 163 179 179 192 199 182 187
 [91] 217 217 220 224 237 289 274 290 305 316 310 305 302 340 365 381 345 395
[109] 373 391 401 365 424 415 452 422 433 428 479 508 487

[[104]]
  [1]   10   30   19   15   25   19   16   26   22   26   18   26   29   24   31
 [16]   32   29   26   28   31   22   17   15   13   28   28   30   25   18   26
 [31]   42   41   42   39   44   45   55   49   65   68   58   64   72   90   94
 [46]   88   94   80  111  119  128  122  131  141  162  177  173  165  184  187
 [61]  213  192  207  205  184  228  224  242  225  235  219  224  247  243  231
 [76]  212  208  252  273  302  287  252  258  305  295  346  344  349  345  346
 [91]  361  398  394  408  384  396  412  459  479  524  545  584  612  609  643
[106]  668  691  705  757  857  906  925  958  974 1043 1087 1094 1136 1225 1295
[121] 1360

[[105]]
  [1]   10   21   20   14    9    8   11    9    7    6   10    7   11   11    8
 [16]   15   14   28   20   25   17   14   20   23   22   23   22   25   29   32
 [31]   27   33   26   45   56   63   40   24   36   48   63   45   45   59   53
 [46]   63   74   78   82   83   77   69   74   91  125  110  106  125  144  143
 [61]  118  138  143  153  159  152  128  132  129  151  173  170  177  205  194
 [76]  192  221  216  226  207  229  246  259  248  244  259  238  262  258  288
 [91]  313  309  324  390  433  393  462  438  486  507  525  541  567  562  565
[106]  590  556  640  631  674  692  711  764  788  810  811  774  931  995 1049
[121] 1067

[[106]]
  [1]   10   32   28   30   22   24   26   35   37   38   43   40   51   53   61
 [16]   63   48   44   45   41   50   51   43   45   49   57   53   52   47   54
 [31]   68   55   70   62   59   60   55   53   56   55   85   83  102  108  128
 [46]  103   97  101  107  105  148  134  134  168  157  179  181  207  195  202
 [61]  224  232  215  233  216  215  243  246  248  248  300  270  309  319  299
 [76]  320  357  437  457  455  456  493  516  484  525  536  555  585  630  611
 [91]  608  629  677  721  688  758  781  818  881  854  880  945  966 1014 1046
[106] 1040 1090 1109 1213 1281 1350 1395 1433 1444 1465 1509 1623 1644 1706 1760
[121] 1872

[[107]]
  [1]   10   22   33   22   16   21   27   40   34   35   29   48   45   34   40
 [16]   27   20   35   42   34   33   51   43   54   55   60   61   74   82   67
 [31]   66   59   86   91   97  116  129  116  113  124  153  160  178  172  153
 [46]  153  117  138  140  164  172  153  199  195  214  200  213  253  263  314
 [61]  296  280  287  350  337  369  318  348  349  357  420  452  444  452  478
 [76]  561  584  605  627  632  682  738  729  744  798  752  768  826  818  822
 [91]  888  973 1012 1044 1080 1088 1225 1195 1222 1321 1307 1305 1380 1538 1557
[106] 1636 1634 1739 1776 1819 1870 1959 2073 2171 2186 2274 2386 2415 2562 2726
[121] 2759

[[108]]
  [1]  10  41  31  25  17  17  24  27  23  22  19  27  21  21  25  32  23  19
 [19]  21  15  18  34  32  36  28  39  28  32  40  28  27  22  33  36  26  32
 [37]  21  22  30  37  37  35  35  56  58  52  53  68  78  80  73  78  94 102
 [55] 106 102 100 112 128 166 168 170 176 180 145 154 183 185 220 228 240 234
 [73] 223 234 227 255 257 251 242 263 311 320 304 352 366 349 382 416 419 391
 [91] 402 414 436 442 496 491 539 515 542 514 531 540 571 554 583 601 626 650
[109] 637 679 750 760 739 709 743 791 844 860 886 855 903

[[109]]
  [1]   10   35   29   26   19   17   29   32   29   23   26   24   39   47   57
 [16]   47   43   40   38   44   62   67   65   70   74   76   87   79   78   77
 [31]   62   73   72   69   74   63   82   82   99  119  119  124  121  113  156
 [46]  157  144  148  155  152  155  164  186  200  221  261  225  215  242  274
 [61]  291  280  318  363  411  355  391  393  431  470  490  491  526  537  571
 [76]  672  641  673  720  707  733  749  788  836  810  820  845  930  998 1099
 [91] 1071 1072 1179 1229 1264 1279 1359 1390 1356 1358 1355 1485 1692 1737 1830
[106] 1830 1910 1920 1996 2120 2227 2280 2420 2446 2525 2624 2808 2928 3044 3116
[121] 3177

[[110]]
  [1] 10  3  2  2  2  2  2  2  8  6  5  5  5  5  9  7  6  5  6  3  6  4  3  2  2
 [26] 11  5  4  4  3  9  6  5  4  4  4  6  6 10 13  9  8  8  5  4  9  8  4  3  3
 [51]  3 10  7 10 11 11  9  7  7  9  9 19 17 13  7  6  6  7  4  3  6  2  2  2  1
 [76]  1  1  0  0  0  0  0  0  0  0  0  0  0  0  0  0  0  0  0  0  0  0  0  0  0
[101]  0  0  0  0  0  0  0  0  0  0  0  0  0  0  0  0  0  0  0  0  0

[[111]]
  [1]   10   26   29   15   14   18   21   30   41   37   28   22   35   31   39
 [16]   33   54   51   41   41   52   45   55   79   78   72   82   80   93   94
 [31]   99   98   89  102  106  121  125  108   94   80  100  114  108   92  102
 [46]  137  137  128  140  140  164  169  175  181  191  168  180  251  272  261
 [61]  232  226  233  255  286  271  281  294  305  302  272  300  335  330  319
 [76]  337  346  375  331  347  342  376  379  364  372  368  378  417  465  487
 [91]  493  562  527  587  537  615  699  724  720  709  761  774  807  834  825
[106]  853  902  901  952  981 1096 1129 1098 1163 1207 1345 1274 1250 1259 1328
[121] 1412

[[112]]
  [1]   10   39   29   27   20   27   26   29   27   36   51   60   55   56   60
 [16]   60   52   68   54   47   56   69   62   66   74   69   78   86   69   83
 [31]   71   82   82   77   65   87   85   82   79   66   78   69   76   96   74
 [46]   71   80  104   93   90   89   90   93   88   88   90   84   89  134  151
 [61]  125  124  137  196  205  234  221  237  252  245  252  270  292  399  313
 [76]  336  318  356  406  402  372  416  423  423  407  403  413  434  455  512
 [91]  500  564  577  547  584  600  601  558  630  693  727  720  707  752  770
[106]  798  854  854  908  928  929 1040 1083 1129 1146 1185 1307 1298 1354 1432
[121] 1547

[[113]]
  [1]  10  20  25  22  14  13  19  17  38  40  33  28  36  34  43  37  29  38
 [19]  45  47  45  58  67  54  48  42  61  67  47  34  32  46  49  38  55  47
 [37]  72  62  59  59  61  64  49  59  56  60  59  71  72  74  75  65  62  57
 [55]  58  61  49  67  64  68  66  84  69  66  91  85  78  81  78  92  96 101
 [73]  93 102 105 104  93  94 102 111 157 160 162 164 182 212 197 189 246 241
 [91] 246 277 256 295 284 309 345 342 335 365 367 390 390 383 370 434 470 468
[109] 453 425 447 479 539 546 587 607 600 610 638 670 666

[[114]]
  [1]   10   34   34   21   18   15   41   43   34   25   27   36   44   42   31
 [16]   31   34   25   32   45   46   42   40   38   33   37   41   53   66   75
 [31]   53   60   50   66   59   47   64   73  110  130  107  105  115  118  100
 [46]  105  121  137  144  141  129  113  110  136  185  183  208  191  192  204
 [61]  224  219  213  219  217  255  286  288  311  342  351  361  380  381  377
 [76]  389  441  449  480  504  490  476  553  560  623  624  653  737  731  755
 [91]  770  876  895  871  896  965  932  949  983 1117 1109 1156 1225 1207 1272
[106] 1330 1479 1445 1513 1589 1567 1619 1767 1861 1848 2003 2005 2132 2167 2322
[121] 2341

[[115]]
  [1]  10  18  14  17  11  12  18  16  11  10   8   9   7  13  11  14  11  16
 [19]  11  12  15  19  35  27  19  18  27  36  43  50  42  34  36  45  44  51
 [37]  53  51  39  41  46  32  46  57  63  54  40  53  58  55  42  46  52  52
 [55]  57  53  57  77  74  71  58  68  61  63  67 104 105  95  78  90  87 112
 [73] 106  96 100 119 126 131 109 129 136 171 171 165 163 178 169 180 172 207
 [91] 213 225 230 217 215 274 256 282 303 324 355 336 334 378 374 405 424 399
[109] 445 506 517 508 534 582 582 595 646 679 677 738 724

[[116]]
  [1]   10   15   12    8    6    5    3    3    2    1    7   10   10    8    7
 [16]   17   13   10   18   11   18   21   12   12   15   17   30   29   19   22
 [31]   15   13   23   23   33   37   31   34   42   47   43   58   56   43   44
 [46]   49   76   77   72   69   63   72   85   92   95   91   70   82  100   84
 [61]   90   78   83   85   95  100  106  109  145  145  142  149  155  207  222
 [76]  224  217  249  251  258  258  250  272  239  257  297  315  312  342  391
 [91]  403  388  434  444  516  499  501  548  556  605  631  615  654  758  787
[106]  770  774  817  802  870  918  909  987  993 1024 1119 1225 1176 1221 1240
[121] 1244

[[117]]
  [1]  10  37  19  19  12  19  25  19  16  16  23  22  31  33  26  32  38  33
 [19]  28  37  30  34  42  46  36  24  24  31  35  29  30  34  39  27  24  21
 [37]  23  23  36  27  25  24  18  30  21  17  17  17  11  15  12  18  12  23
 [55]  30  25  20  25  22  19  24  40  43  50  50  51  37  45  34  34  22  47
 [73]  53  47  37  38  34  35  51  42  44  51  40  53  48  64  67  75  65  62
 [91]  67  65  79  82 121 104 126 124 127 130 141 147 119 118 112 141 133 131
[109] 127 135 129 138 147 143 149 151 151 175 161 188 195

[[118]]
  [1]   10   32   40   27   21   20   15   17   17   15   13   23   22   17   13
 [16]   13   18   35   43   38   30   38   64   58   65   66   71   80   84   94
 [31]  109  116  104  115  117  126  153  140  154  150  142  139  132  141  108
 [46]  161  177  148  155  144  150  152  169  160  149  172  157  190  220  225
 [61]  222  224  256  264  248  288  314  313  291  315  321  331  369  378  391
 [76]  410  414  422  450  455  518  511  492  526  604  617  628  675  702  702
 [91]  728  710  770  796  796  790  872  890  961  991 1001 1152 1158 1182 1219
[106] 1251 1252 1319 1453 1506 1533 1538 1533 1668 1741 1873 1967 2064 2116 2134
[121] 2284

[[119]]
  [1]  10  17  13   8   8  11   6   8  11  12   7  13  16  14  10   9  13  11
 [19]   7   6  21  14  16   9   8   7  10   9   8   7   8  12  15  21  21  10
 [37]  10   8  15  15  13  11  11  10  19  14  11  17  24  26  27  30  23  33
 [55]  19  22  25  35  25  26  23  27  24  32  37  59  69  53  50  59  70  72
 [73]  67  59  59  67  59  54  49  57  59  79  87  78  63  54  80  81  90  79
 [91]  80  76  71  88  91  86 104  85  86 102 121 100 103  96  96 104 100  93
[109] 105 102 103  85  89 111  98 118 131 137 128 135 140

[[120]]
  [1]   10   31   22   26   19   20   26   26   21   18   22   26   25   29   18
 [16]   16   13   11   19   11   18   36   36   36   27   43   64   50   44   38
 [31]   42   53   63   61   60   62   70   85   87   93   78   97   92  106   91
 [46]  130  145  129  127  131  158  154  137  161  154  143  137  146  161  169
 [61]  213  242  242  300  272  291  286  288  293  328  330  333  368  371  379
 [76]  376  467  522  484  472  529  577  583  569  606  559  637  682  670  677
 [91]  732  720  822  843  830  885  947  908  985 1044 1048 1168 1184 1227 1280
[106] 1378 1424 1476 1488 1503 1623 1684 1804 1861 1916 2013 2032 2121 2247 2390
[121] 2513

[[121]]
  [1]  10  27  18  15  12   9  14  11  15  19  12   7   7  17  22  18  21  23
 [19]  25  36  25  23  33  22  21  15  34  23  29  29  25  21  34  38  59  60
 [37]  54  46  46  60  60  50  62  53  66  65  58  68  84  82  87  72  93  81
 [55]  70  75  96  88 114 105 111 105 120 125 104 110 127 161 160 166 152 157
 [73] 197 179 190 164 171 174 195 194 218 214 248 236 231 274 273 276 292 333
 [91] 359 365 375 366 369 374 424 416 406 422 441 473 495 524 479 494 527 587
[109] 592 595 619 621 642 636 669 699 756 810 807 844 932

[[122]]
  [1] 10 30 19 16 14 12 17 19 15 12 17 10  9  7  7  4  9  3  2  2  1  1  3  2  2
 [26]  1  1  1  1  1  1  7  5  2  1  1  1  1  1  1  1  0  0  0  0  0  0  0  0  0
 [51]  0  0  0  0  0  0  0  0  0  0  0  0  0  0  0  0  0  0  0  0  0  0  0  0  0
 [76]  0  0  0  0  0  0  0  0  0  0  0  0  0  0  0  0  0  0  0  0  0  0  0  0  0
[101]  0  0  0  0  0  0  0  0  0  0  0  0  0  0  0  0  0  0  0  0  0

[[123]]
  [1]   10   20   24   16   14   14   15   30   26   19   25   25   31   22   27
 [16]   26   34   24   35   33   31   29   32   34   40   50   35   40   28   30
 [31]   36   36   41   43   36   32   43   31   44   35   42   48   43   59   45
 [46]   47   52   60   47   54   51   40   43   51   63   65   70   81   81   75
 [61]   66   91   94  103  136  135  116  115  145  140  152  148  136  159  180
 [76]  212  245  240  201  229  228  245  255  253  280  299  261  245  300  320
 [91]  339  345  389  359  377  392  408  460  486  532  523  505  586  672  651
[106]  661  710  747  718  778  816  831  931  920  988  988 1041 1107 1171 1238
[121] 1242

[[124]]
  [1]   10   22   22   27   25   21   24   37   34   35   31   25   30   43   39
 [16]   31   30   22   27   21   28   22   30   30   31   45   50   45   40   53
 [31]   55   53   58   55   55   53   59   58   59   52   57   66   65   61   54
 [46]   68   66   66   63   75   60   64   74   82   92   87   92   90  110   94
 [61]  100   93  133  135  123  124  120  125  155  180  166  176  172  179  206
 [76]  251  238  248  247  275  274  296  304  291  300  372  349  331  332  363
 [91]  376  387  425  406  446  447  445  436  470  485  458  443  493  525  566
[106]  590  655  642  691  704  724  741  750  799  793  855  875  908  912  945
[121] 1055

[[125]]
  [1]   10   26   43   47   38   34   35   47   57   60   48   51   46   40   43
 [16]   47   42   46   70   83   86   79   91  107   98  107  132  144  133  113
 [31]  139  126  118  152  167  155  166  194  192  214  257  242  254  255  274
 [46]  261  261  323  335  343  353  417  412  456  409  409  461  502  501  511
 [61]  502  489  512  562  538  555  553  561  555  611  649  667  692  711  749
 [76]  788  859  852  807  842  833  925 1013 1094 1055 1064 1065 1132 1212 1262
 [91] 1254 1334 1372 1424 1497 1598 1577 1614 1615 1805 1924 1994 1945 2044 2048
[106] 2190 2366 2480 2579 2637 2649 2816 2938 3083 3101 3131 3319 3388 3518 3593
[121] 3780

[[126]]
  [1]   10   28   28   30   20   20   18   24   21   24   26   43   45   47   47
 [16]   49   49   45   33   62   68   59   63   69   69   91   70   63   60   81
 [31]   94   89   88   99  100  104  123  127  139  169  184  182  196  185  213
 [46]  212  213  204  209  242  248  275  304  285  293  293  287  295  299  296
 [61]  346  347  364  375  377  394  407  487  495  509  507  568  602  607  657
 [76]  705  736  705  704  717  762  804  938  940  950 1015 1047 1077 1071 1124
 [91] 1157 1201 1305 1328 1366 1450 1532 1670 1645 1764 1867 1853 1899 1918 2030
[106] 2118 2130 2243 2306 2289 2445 2563 2671 2779 2808 2827 3037 3098 3258 3256
[121] 3350

[[127]]
  [1]  10  43  30  26  20  21  26  33  28  34  29  24  23  30  28  27  24  27
 [19]  19  20  28  23  27  17  23  22  16  22  29  37  37  33  31  52  49  60
 [37]  46  53  54  41  36  43  54  52  35  42  42  42  46  44  55  55  45  42
 [55]  46  38  42  34  31  41  52  54  42  37  40  49  51  68  50  64  58  59
 [73]  74  80  86  90  85  78  69  70  77  79  72  73  91 110 102 112  89  81
 [91] 107 134 128 117 123 112 112 126 143 151 136 144 171 182 203 231 214 243
[109] 297 308 295 292 330 304 322 313 395 358 371 371 365

[[128]]
  [1]   10   45   33   22   19   18   42   31   35   38   37   54   47   55   49
 [16]   56   65   58   58   57   58   58   71   81   82   73   74   85   99   85
 [31]   79   88  105  126  110   99  125  117  135  133  147  158  171  202  211
 [46]  197  187  200  205  221  218  194  208  214  206  237  220  221  235  253
 [61]  276  322  320  308  350  372  357  370  346  401  390  397  438  491  469
 [76]  468  433  445  413  500  472  478  550  511  517  540  581  616  657  746
 [91]  715  736  761  822  830  836  859  910  943  995  988 1039 1189 1193 1294
[106] 1323 1321 1439 1588 1672 1653 1733 1759 1876 1932 1937 2028 2152 2232 2399
[121] 2453

[[129]]
  [1]  10  29  26  17  17  16  13  17  24  22  16  11  15  16  23  12  14  15
 [19]   8   8  13  24  20  20  16  13  14  12  10  22  18  19  18  23  19  14
 [37]  21  16  17  14  14  18  16  23  16  17  18  19  29  19  22  20  25  21
 [55]  26  29  29  33  24  23  17  52  45  43  43  35  36  50  42  52  52  56
 [73]  49  49  41  37  53  47  54  69  73  72  76  84  79  79 101 103 106 129
 [91] 118 119 133 143 133 142 142 143 153 164 185 183 191 182 207 198 212 229
[109] 257 275 243 279 268 270 280 323 321 328 301 317 346

[[130]]
  [1]  10  36  26  28  22  24  21  16  10  14  19  23  16  17  13  17  19  18
 [19]  18  18  20  18  18  25  33  35  37  26  36  31  39  41  32  29  24  30
 [37]  20  33  32  22  16  13  19  23  27  34  24  20  27  31  37  27  30  31
 [55]  34  33  38  45  39  32  26  31  39  33  34  42  51  46  57  66  69  74
 [73]  60  61  54  65  74  74  69  63  84  84  74  70  87  72  91  91  79  82
 [91] 101 128 125 122 153 150 145 158 145 165 209 208 194 203 224 254 271 279
[109] 283 327 339 344 393 410 454 453 443 409 427 452 439

[[131]]
  [1]   10   30   28   22   18   16   14   24   23   20   29   34   29   26   33
 [16]   30   43   28   44   44   45   40   46   63   84   77   71   76   62   71
 [31]   88   94   96   98   83   86   75   92  102  109  107   91   93   87  115
 [46]  105   89  108  104   94   85  109  101  125  117  136  136  128  141  155
 [61]  199  169  148  157  180  195  202  182  182  166  172  216  237  240  244
 [76]  246  243  264  275  273  231  277  285  291  297  276  347  374  406  446
 [91]  443  426  466  510  529  570  564  588  615  630  666  736  717  755  813
[106]  824  873  831  829  880  890  976  994  943 1018  983 1018 1151 1208 1255
[121] 1251

[[132]]
  [1]  10  33  37  31  25  20  16  27  35  38  26  24  19  32  25  26  20  27
 [19]  25  16  21  16  19  36  30  18  19  23  27  31  30  28  35  25  27  46
 [37]  35  35  29  29  29  30  34  44  38  41  43  34  30  24  21  35  33  29
 [55]  17  23  16  19  23  32  17  29  32  22  22  31  33  35  46  46  40  37
 [73]  36  45  45  51  49  61  61  78  70  67  63  83 128 123 125 111 112 120
 [91] 120 117 119 115 110 124 114 122 146 122 138 137 137 137 151 169 175 152
[109] 160 185 177 179 204 185 207 233 257 237 216 241 234

[[133]]
  [1]   10   36   34   34   26   24   23   44   41   43   36   41   48   52   59
 [16]   58   55   62   69   70   74   82   78   83   97   87  103   97  125  118
 [31]  141  130  146  158  183  156  161  188  190  193  208  203  213  214  214
 [46]  229  282  279  232  236  227  279  275  263  297  301  301  308  325  358
 [61]  384  414  430  449  456  460  540  505  581  587  562  576  578  627  669
 [76]  660  701  730  760  761  811  882  929  944  998  989 1021 1063 1096 1105
 [91] 1139 1218 1221 1318 1304 1346 1432 1469 1464 1578 1566 1639 1785 1869 1971
[106] 2054 2096 2226 2233 2334 2357 2507 2581 2686 2802 3011 3248 3259 3246 3420
[121] 3674

[[134]]
  [1]   10   26   23   27   18   25   36   28   34   34   44   43   47   38   50
 [16]   39   51   47   49   68   82   83   99   76   97  117  100   99   89   97
 [31]   91  119  102  115  109  137  120  100  109  134  136  118  157  187  166
 [46]  154  182  229  223  221  262  232  241  250  264  250  247  259  240  308
 [61]  291  319  319  369  377  348  390  434  465  484  464  534  513  512  515
 [76]  574  645  610  606  592  650  685  733  738  778  818  843  914  924  955
 [91]  961  981 1046 1068 1124 1102 1212 1299 1334 1391 1456 1525 1552 1528 1550
[106] 1626 1775 1868 1991 2064 2115 2145 2228 2375 2357 2453 2498 2626 2751 2936
[121] 3088

[[135]]
  [1]   10   38   26   25   16   14   20   35   24   20   25   20   42   32   31
 [16]   27   24   40   42   49   46   48   41   50   48   44   55   39   39   48
 [31]   36   43   44   53   43   34   39   42   53   45   51   50   59   71   71
 [46]   76   63   63   72   83   86   90   87   88   86  108  120  106  117  127
 [61]  127  180  184  202  199  179  215  253  240  241  248  265  299  387  361
 [76]  350  333  317  311  307  334  346  331  366  363  388  355  396  415  449
 [91]  430  458  466  489  497  479  515  549  554  619  676  643  660  710  741
[106]  758  805  828  895  903  946  932  914  976  943 1001 1088 1177 1138 1215
[121] 1251

[[136]]
  [1]  10  43  24  23  18  22  27  30  29  37  29  26  28  37  33  27  22  22
 [19]  33  19  16  33  36  29  20  17  28  23  26  19  24  34  24  28  26  23
 [37]  42  32  28  29  31  26  26  33  45  55  46  51  48  51  55  43  49  63
 [55]  53  56  51  47  53  60  45  47  49  52  45  54  71  65  78  76  78  96
 [73] 112 105  88 107 109 128 128 114 122 134 144 122 127 154 185 192 195 217
 [91] 232 260 283 290 317 319 347 413 414 377 416 439 455 482 505 514 479 496
[109] 511 555 568 595 643 611 654 681 744 752 769 788 866

[[137]]
  [1]   10   34   33   24   20   25   22   35   37   38   37   46   39   43   37
 [16]   29   39   45   44   35   33   28   39   34   44   50   38   40   39   59
 [31]   77   66   80   62   75   78   71   76   98  105  101  124  100  111  123
 [46]  148  130  123  137  118  122  149  160  151  155  159  163  169  182  193
 [61]  227  214  199  205  206  226  240  247  275  298  285  311  335  361  377
 [76]  410  404  403  408  430  446  498  564  543  580  628  582  591  593  708
 [91]  704  719  700  758  786  829  886  919  886  949 1035 1072 1106 1099 1142
[106] 1147 1236 1241 1353 1400 1521 1598 1685 1645 1812 1785 1812 1820 1897 2079
[121] 2041

[[138]]
  [1]   10   19   24   23   15   20   24   33   38   34   24   35   37   44   42
 [16]   54   52   56   49   48   49   61   56   65   78   64   66   61   71   72
 [31]   89   88  123  109   88  106  130  153  149  155  136  167  182  188  171
 [46]  139  159  135  184  204  215  211  195  191  210  229  220  231  234  237
 [61]  233  252  271  286  299  266  301  296  318  353  335  321  385  383  416
 [76]  388  437  473  479  442  485  491  522  536  564  606  595  613  652  673
 [91]  710  755  766  838  790  823  868  891  866 1003 1020  996 1072 1067 1074
[106] 1127 1210 1277 1377 1452 1498 1440 1478 1598 1733 1882 1901 1947 1996 2088
[121] 2235

[[139]]
  [1]   10   33   35   26   33   39   34   26   32   26   21   25   30   28   25
 [16]   23   31   28   35   43   31   33   24   30   49   39   41   49   58   43
 [31]   45   52   46   58   50   57   51   40   48   49   62   65   74   79   72
 [46]   83   95   93  101  101   95   96  104  123  131  116  133  146  150  169
 [61]  197  192  173  156  142  184  224  205  214  214  233  253  293  304  319
 [76]  328  356  390  446  432  415  418  468  480  543  594  591  599  622  624
 [91]  678  711  735  758  751  728  761  785  834  864  907 1013  947  914  959
[106] 1052 1028 1004 1030 1056 1184 1243 1229 1331 1335 1435 1459 1477 1473 1578
[121] 1639

[[140]]
  [1]   10   28   17   12   18   25   23   21   22   33   37   39   30   32   25
 [16]   34   36   24   21   22   36   54   42   39   49   46   49   49   45   77
 [31]   63   73   71   62   62   82   96   92   82  103  118  113  140  137  130
 [46]  127  137  123  127  127  130  178  174  157  170  159  160  178  179  207
 [61]  181  190  202  206  211  216  239  247  253  245  238  253  262  309  290
 [76]  321  357  358  339  380  390  404  400  419  453  423  493  518  524  579
 [91]  549  592  658  667  675  726  727  758  794  864  897  958 1014 1071 1083
[106] 1177 1186 1223 1322 1300 1325 1346 1401 1491 1528 1613 1680 1787 1820 1868
[121] 1974

[[141]]
  [1]   10   33   29   16   13   11   17   15   17   13    9   14   10   14   10
 [16]   10   18   21   11   15   10   13   19   16   21   22   30   45   36   36
 [31]   48   37   37   40   38   29   32   42   35   42   33   46   50   49   47
 [46]   64   68   68   74   88   88   95  117  110  117  138  141  139  149  169
 [61]  178  158  155  186  219  219  216  194  206  206  237  238  243  240  236
 [76]  274  326  306  273  319  310  296  334  321  342  367  372  388  442  478
 [91]  513  488  515  499  523  467  564  594  614  636  656  672  732  787  770
[106]  795  780  887  968 1000 1014 1030 1040 1144 1139 1186 1212 1235 1295 1389
[121] 1405

[[142]]
  [1]   10   26   28   32   26   28   45   52   55   54   64   78   91   76   76
 [16]  102  124  105  112  103  108  113  108  105  114  125  133  121  133  126
 [31]  115  121  106  132  120  115  106  116  135  152  141  156  174  185  174
 [46]  184  200  182  174  193  198  209  216  224  243  260  263  281  273  290
 [61]  267  326  289  301  310  328  364  359  354  424  470  471  475  506  511
 [76]  516  574  615  634  622  647  654  710  716  682  663  720  766  820  896
 [91]  881  904  929  925  976 1077 1137 1080 1134 1180 1241 1270 1235 1423 1512
[106] 1575 1586 1618 1685 1769 1803 1885 2005 2098 2198 2189 2293 2358 2486 2736
[121] 2823

[[143]]
  [1]  10  33  28  19  22  17  15  19  29  28  21  17  21  17  22  16  20  21
 [19]  27  22  13  11  15  17  10  15  14  13  11  16  13  17  16  21  13  23
 [37]  15  11  17  16  18  19  25  29  21  21  17  28  22  20  17  20  22  26
 [55]  40  29  24  22  18  18  25  32  46  53  39  49  53  77  85  85 117 129
 [73] 108 101 127 177 159 196 207 213 214 223 225 233 227 257 261 277 349 324
 [91] 328 317 386 401 363 382 399 421 403 408 425 435 490 542 549 558 556 544
[109] 510 559 591 580 613 605 671 670 706 706 739 806 807

[[144]]
  [1]   10   37   29   27   22   30   34   53   38   49   48   53   58   45   48
 [16]   50   55   48   56   66   72   61   62   41   55   48   43   41   48   48
 [31]   57   45   48   52   47   55   75   70   52   64   61   65   62   73   76
 [46]   72   73   90   82  100  107  108   98  101  105  113  116  128  129  141
 [61]  149  152  154  170  175  153  146  186  199  207  180  177  173  192  226
 [76]  201  215  244  235  242  244  258  271  292  319  357  331  371  384  395
 [91]  376  379  435  458  458  420  464  509  570  617  663  689  681  712  772
[106]  792  834  861  857  890  896  983 1058 1105 1125 1127 1164 1177 1231 1297
[121] 1368

[[145]]
  [1]   10   43   30   25   24   31   28   30   33   37   52   49   51   52   47
 [16]   70   57   51   50   45   51   88   92  103   99   83  103  123  127  117
 [31]  140  147  155  152  145  151  157  203  189  214  201  195  203  210  220
 [46]  248  254  231  245  247  270  265  249  259  286  264  276  309  337  329
 [61]  367  395  405  384  360  415  423  467  424  471  519  576  610  596  615
 [76]  649  676  790  791  777  780  767  842  880  922  948  966 1033 1068 1085
 [91] 1141 1181 1296 1249 1357 1347 1395 1461 1536 1569 1575 1674 1732 1781 1792
[106] 1869 2058 2154 2288 2300 2380 2435 2649 2817 2936 2978 3017 3208 3395 3480
[121] 3634

[[146]]
  [1]   10   43   22   22   20   17   17   17   27   29   42   39   33   36   34
 [16]   28   28   52   48   38   37   36   38   45   52   43   53   50   49   45
 [31]   54   62   53   50   51   52   62   63   81   72   66   67   88   87   69
 [46]   83   95  101   91   90  105   94   95  114  122  109  107  108  111  142
 [61]  165  164  153  158  147  149  171  168  175  201  242  233  240  239  203
 [76]  208  227  241  210  196  246  224  244  292  316  286  295  330  348  349
 [91]  371  365  376  403  450  476  497  533  542  594  661  654  614  683  732
[106]  727  758  780  855  895  948  948  954  996 1158 1253 1287 1299 1281 1352
[121] 1404

[[147]]
  [1]  10  33  27  18  15  19  19  19  21  32  30  20  23  23  25  36  33  37
 [19]  46  59  46  53  44  34  47  46  48  66  55  69  70  66  59  69  82  80
 [37]  89  66  60  62  81  84  79  75  64  56  72  70  77  76  75  84  79  80
 [55]  80  89  98 100  94  88 102 115 131 163 155 142 135 156 146 160 162 175
 [73] 189 219 201 178 187 218 229 221 244 226 223 229 230 253 237 235 214 235
 [91] 272 293 344 336 350 289 310 396 378 445 472 500 518 469 473 494 461 506
[109] 560 569 521 549 619 664 739 693 662 766 787 767 838

[[148]]
  [1]  10  31  26  18  21  18  22  15  26  23  15  19  16  19  16  13  13  10
 [19]  10  10  28  18  12   7   5   5  11   7   6   5   4   4   9  13  13  10
 [37]   7   7   7   7  11  14  11  19  17  16  17  14  12  24  22  20  28  22
 [55]  26  22  25  25  22  29  28  30  37  38  48  50  53  50  69  84  89  80
 [73]  82  67  84  95  85  95 109 123 124 126 139 164 163 156 157 138 146 175
 [91] 204 186 209 239 241 228 238 249 230 262 269 273 256 309 330 320 330 327
[109] 344 327 345 391 435 434 403 412 431 434 432 450 487

[[149]]
  [1]   10   22   22   14   10   10   10   17   13   10    7    7   24   23   28
 [16]   32   35   29   28   29   34   37   43   35   43   63   75   65   62   69
 [31]   74   75   67   60   65   68   74   79   80  105   88   77   79   76   77
 [46]  113  136  138  139  144  127  121  130  166  159  180  176  180  192  204
 [61]  234  240  261  243  273  308  329  279  337  315  335  350  360  398  374
 [76]  401  450  475  509  491  502  508  523  581  615  617  703  677  706  678
 [91]  715  712  736  795  827  912  826  839  948 1002 1059 1143 1158 1229 1299
[106] 1332 1375 1452 1528 1600 1528 1596 1638 1797 1776 1873 1983 2157 2280 2218
[121] 2288

[[150]]
  [1]  10  29  28  16  12  11  10  15  14  17  12  15  15  16  20  13  12  19
 [19]  28  23  15  14  17  25  23  25  25  23  27  21  17  34  39  35  36  28
 [37]  24  26  32  48  45  35  40  35  38  41  43  45  37  47  42  51  42  48
 [55]  49  65  62  54  47  60  53  58  61  76  73  78  75  61  64  80  78  80
 [73]  77  57  60  67  75  70  71  63  91 104 109 135 147 158 136 174 175 158
 [91] 150 189 202 188 177 185 198 206 192 204 197 184 213 210 242 228 196 189
[109] 242 252 286 290 287 324 387 370 364 352 364 366 379

> save(reslist, file=paste("output",iter,".rda",sep=""))
> 
> 
> ###############################################################
> 
> 
> # Clear the workspace and turn off graphics.
> #  Load all the functions you need by sourcing the provided demographic.R file
> #  Read in the job number from the cluster. To do this, your code should include a new
> # variable iter and should start with the line:
> # iter <- as.numeric(Sys.getenv(PBS_ARRAY_INDEX))
> #  Control the random number seeds so that each parallel simulation takes place with a
> # different seed. Your function should therefore set the random number seed as iter so that
> # each parallel simulation has a unique random seed.
> #  In each parallel run, select the initial condition to be used. Ensure that 25 of the parallel
> # simulations are allocated to each of the initial conditions.
> #  Create a variable which is the filename to store your results. The end of the filename
> # should be the number iter to ensure that simulation files do not overwrite one another on
> # the cluster.
> #  Initialise a list which will contain the results of your 150 simulations.
> #  Call the stochastic_simulation function to do the appropriate simulation 150 times,
> # appending the output to the results list, and then save the results list.
> 
> #four initial conditions (25 cluster runs per)
> #each cluster run runs simulation 150 times
> #1) large population of 100 adults
> #2) small population of 10 adults
> #3) 100 individuals spread
> #4) small population of 10 individuals
> 
R has finished running

============================================

        Job resource usage summary 

                 Memory (GB)    NCPUs
 Requested  :         1             1
 Used       :         0 (peak)   0.88 (ave)

============================================
