R is about to run

R version 4.4.1 (2024-06-14) -- "Race for Your Life"
Copyright (C) 2024 The R Foundation for Statistical Computing
Platform: x86_64-conda-linux-gnu

R is free software and comes with ABSOLUTELY NO WARRANTY.
You are welcome to redistribute it under certain conditions.
Type 'license()' or 'licence()' for distribution details.

R is a collaborative project with many contributors.
Type 'contributors()' for more information and
'citation()' on how to cite R or R packages in publications.

Type 'demo()' for some demos, 'help()' for on-line help, or
'help.start()' for an HTML browser interface to help.
Type 'q()' to quit R.

> 
> 
> growth_matrix <- matrix(c(0.1, 0.0, 0.0, 0.0,
+ 0.5, 0.4, 0.0, 0.0,
+ 0.0, 0.4, 0.7, 0.0,
+ 0.0, 0.0, 0.25, 0.4),
+ nrow=4, ncol=4, byrow=T)
> 
> reproduction_matrix <- matrix(c(0.0, 0.0, 0.0, 2.6,
+ 0.0, 0.0, 0.0, 0.0,
+ 0.0, 0.0, 0.0, 0.0,
+ 0.0, 0.0, 0.0, 0.0),
+ nrow=4, ncol=4, byrow=T)
> 
> clutch_distribution <- c(0.06,0.08,0.13,0.15,0.16,0.18,0.15,0.06,0.03)
> 
> #=========================================================================================
> rm(list=ls())
> graphics.off()
> source("Demographic.R")
> source("kl2621_HPC_2024_main.R")
[1] 0 0 0 0 3
[1] 3 3 2 2 2
[1] 1 1
 [1] 7 5 4 3 3 2 2 1 1 1 1 1 1 1 1 1 1 1 1 1 1
> 
> 
> ###4 initial conditions
> 
> ############################################################
> 
> 
> 
> #VVVVVVVVVVVV-------------COMMENT ME OUT WHEN RUNNING THE THING
> #iter <- 5
> #VVVVVVVVVVV--------------UNCOMMENT ME OUT
> iter <- as.numeric(Sys.getenv("PBS_ARRAY_INDEX"))
> set.seed(iter)
> 
> 
> if (iter <= 25) {
+ initial_state <- state_initialise_adult(4,100) #100 adults
+ } else if (iter >25 && iter <= 50) {
+ initial_state <- state_initialise_adult(4,10) #10 adults
+ } else if (iter >50 && iter <= 75) {
+ initial_state <- state_initialise_spread(4,100) #100 spread
+ } else {
+ initial_state <- state_initialise_spread(4,10) #10 spread
+ }
> 
> reslist <- list()
> 
> ####100 cluster runs
> ###################################################
> ####150 runs of stochastic_simulation per cluster run
> for (i in 1:150) {
+     #################################
+     ###120 steps of stochastic_simulation per simulation
+     stochasticresult <- stochastic_simulation(initial_state,growth_matrix,reproduction_matrix,clutch_distribution,120)
+     reslist[[i]] <- stochasticresult
+     #################################
+ }
> ###################################################
> 
> print(reslist)
[[1]]
  [1]   10   17   26   34   30   28   28   38   64   71   58   51   68   65   84
 [16]   90   84   84   87   88   89  100   95  129  115  129  134  150  177  169
 [31]  142  144  150  158  155  172  161  157  171  165  175  184  232  226  208
 [46]  197  216  223  238  257  251  260  302  287  308  310  317  330  346  315
 [61]  362  419  406  404  436  503  521  468  472  484  525  549  548  579  586
 [76]  566  630  659  678  725  734  758  836  831  885  933 1031 1015  989  995
 [91] 1056 1166 1227 1247 1247 1297 1348 1440 1581 1659 1686 1670 1680 1810 1967
[106] 2070 2142 2162 2240 2500 2564 2634 2719 2823 2973 3062 3120 3225 3370 3527
[121] 3667

[[2]]
  [1]  10  38  36  25  25  23  23  22  19  23  19  14  15  13  15  22  15  13
 [19]  14  14  23  21  20  15  14  11  21  16  20  14  22  27  32  19  31  27
 [37]  29  39  37  53  42  43  33  29  24  39  27  28  23  27  25  25  26  21
 [55]  30  31  36  39  34  48  43  35  44  41  51  42  55  71  87  74  72  76
 [73] 101  81  92  93  94 104  95  85 103  98 105 109 112 111 118 116 113 138
 [91] 136 133 168 165 182 190 178 172 194 217 223 200 231 238 259 261 240 269
[109] 274 309 326 353 357 381 389 382 375 412 434 445 424

[[3]]
  [1]   10   42   28   20   17   19   20   35   42   45   37   39   38   41   56
 [16]   55   53   44   49   64   70   78   84   95  106  105  104  119  133  136
 [31]  156  164  144  156  170  142  169  200  211  226  229  213  240  252  280
 [46]  286  309  289  263  273  284  302  361  324  348  344  384  405  399  414
 [61]  411  428  440  451  511  477  511  511  545  566  540  651  688  667  642
 [76]  725  778  769  875  913  923  947  968 1061 1113 1191 1146 1161 1227 1330
 [91] 1357 1362 1440 1410 1406 1460 1633 1737 1751 1741 1862 2000 2209 2162 2298
[106] 2279 2446 2587 2632 2676 2816 2861 3008 3045 3190 3238 3478 3651 3697 3793
[121] 3937

[[4]]
  [1]  10  19  22  25  21  15  16  21  20  12  19  15  13   8  19  12   9   9
 [19]   9   8  14  13  13  17  13  11  16  14  19  24  25  30  33  30  30  37
 [37]  32  38  33  39  32  35  43  47  32  30  41  52  51  66  74  75  86  64
 [55]  80  96  92  95  78  82  91 101 124 115  87  79 102 116 107 108 139 148
 [73] 129 131 130 132 146 144 144 172 184 195 196 185 196 230 229 257 240 273
 [91] 300 308 341 358 353 337 329 342 323 346 405 419 483 491 476 533 512 546
[109] 551 558 577 621 618 625 629 655 741 798 878 902 864

[[5]]
  [1]   10   44   50   36   30   24   20   20   34   48   52   31   42   41   43
 [16]   57   46   54   57   55   57   61   72   66   59   62   67   72   83   79
 [31]   73   69   75   71   82   78   59   54   58   59   49   52   67   69   70
 [46]   63   61   72  101   95   93  111   90   84  104  115  121  121  119  128
 [61]  143  145  181  208  195  197  194  208  234  218  226  247  259  264  272
 [76]  291  346  362  403  413  410  448  462  483  477  493  514  532  594  612
 [91]  611  689  741  786  774  767  804  830  911  971 1026 1090 1199 1168 1221
[106] 1241 1287 1333 1382 1378 1496 1592 1706 1762 1804 1854 1903 2049 2080 2155
[121] 2185

[[6]]
  [1]  10  27  38  26  19  19  20  33  30  29  37  31  23  24  19  22  27  30
 [19]  24  30  21  20  25  30  35  21  17  13  14  20  14  19  13  13   9   6
 [37]  12  12   8  11   9   8  11  18  14  11   9  15  17  17  21  30  24  24
 [55]  24  26  18  20  23  20  23  19  23  22  25  22  29  22  25  26  19  20
 [73]  24  22  23  19  19  21  27  28  30  28  31  25  28  30  27  23  20  14
 [91]  18  13  17  24  40  29  23  30  31  39  49  50  42  62  53  45  38  52
[109]  65  67  75  92  91  88 101 112  98  93 124 125 133

[[7]]
  [1]   10   26   33   34   27   19   30   32   30   28   30   27   31   24   37
 [16]   38   42   42   46   42   47   62   63   66   53   69   74   73   69   84
 [31]   95   89   86   85   72  110  140  125  127   94  103  119  148  139  111
 [46]  107  127  126  157  161  152  157  161  175  173  174  211  212  229  235
 [61]  223  229  203  208  256  296  320  331  362  370  364  422  442  406  438
 [76]  444  450  427  439  481  463  520  565  576  656  662  689  710  744  773
 [91]  810  903  945  963  948 1004 1013 1124 1181 1259 1306 1362 1335 1495 1587
[106] 1608 1740 1741 1777 1800 1880 2007 2075 2089 2203 2328 2446 2564 2663 2792
[121] 2938

[[8]]
  [1]   10   22   18   12    6   10    7   10   14   12   17   15   20   13   19
 [16]   14   11    9    8   12   25   18   19   14   19   23   28   43   43   45
 [31]   54   61   77   62   72   65   79  104  123  116  105  109  108  124  108
 [46]  111  116  138  126  138  153  150  160  160  156  158  167  216  244  229
 [61]  264  305  323  321  308  320  317  343  350  369  425  437  475  533  501
 [76]  552  550  585  555  556  589  595  642  645  711  719  722  781  863  958
 [91]  988  983  987 1078 1096 1130 1152 1196 1259 1324 1409 1406 1519 1572 1598
[106] 1729 1821 1836 1951 2026 2120 2140 2199 2423 2580 2628 2679 2881 2988 3256
[121] 3467

[[9]]
  [1]   10   33   37   34   23   26   37   31   34   37   53   56   64   74   74
 [16]   66  107  102  115  102   85   97   96  101  115  111  117  110  117  112
 [31]  105  128  140  124  126  120  126  143  142  135  157  167  186  197  199
 [46]  226  285  274  281  264  310  341  357  369  344  339  373  430  397  419
 [61]  444  432  447  470  521  530  544  528  615  585  606  659  701  702  727
 [76]  804  827  826  799  793  839  923 1000 1011 1048 1062 1167 1205 1266 1277
 [91] 1315 1375 1406 1430 1479 1578 1643 1700 1758 1796 1954 2028 2085 2131 2171
[106] 2265 2389 2606 2626 2759 2803 2890 3099 3148 3211 3228 3472 3618 3675 3896
[121] 4001

[[10]]
  [1]  10  41  44  35  32  29  32  40  40  26  29  41  32  39  32  26  26  18
 [19]  21  41  33  36  28  26  28  30  45  41  34  39  26  34  39  41  37  38
 [37]  45  49  48  37  40  60  63  64  51  58  54  66  72  63  72  63  56  59
 [55]  67  87  72  82  81  78  95  95 121 111 109 129 118 129 119 131 112 145
 [73] 187 162 170 170 177 183 182 195 205 229 229 258 256 232 207 226 257 272
 [91] 293 268 296 285 313 348 343 348 376 442 423 459 428 446 506 489 521 485
[109] 535 500 528 565 551 570 605 641 683 719 702 767 788

[[11]]
  [1]   10   40   55   42   37   42   42   62   80   83   75   66   72   69   58
 [16]   41   40   49   63   55   43   38   43   52   45   55   65   84   76   98
 [31]   99   85   93   88   71  100  145  141  178  189  198  211  203  211  249
 [46]  218  217  214  262  309  270  298  306  292  330  367  408  397  412  493
 [61]  486  461  476  466  459  537  562  570  560  581  620  639  666  676  638
 [76]  639  650  625  651  673  690  708  758  780  745  762  834  909  992  972
 [91]  934 1104 1163 1168 1295 1277 1362 1444 1501 1618 1658 1645 1795 1906 2010
[106] 2131 2161 2254 2304 2384 2586 2642 2783 2875 2910 2998 3110 3019 3270 3404
[121] 3518

[[12]]
  [1]  10  42  33  26  17  14  20  15  28  26  17  20  17  10  12  15  17  13
 [19]   9  12  15  15  21  34  36  31  30  25  40  41  46  43  38  47  49  42
 [37]  42  39  48  40  31  39  35  38  45  43  54  52  55  48  63  50  52  40
 [55]  54  52  56  53  45  39  43  59  60  48  57  53  50  56  70  86  79  84
 [73]  86  77  76  71  76  65  80 110 119 106 103 108 142 140 146 142 194 202
 [91] 209 200 248 261 247 210 206 226 253 282 295 276 283 291 316 374 421 392
[109] 418 381 460 500 516 504 558 585 637 714 730 702 740

[[13]]
  [1]   10   28   30   27   23   20   27   26   35   31   31   33   38   44   60
 [16]   51   53   52   65   63   76   81   86   84   94   96  101   92  114  159
 [31]  158  139  157  163  162  157  160  164  171  181  170  182  179  206  229
 [46]  222  217  234  255  245  271  289  310  308  335  331  369  397  398  424
 [61]  450  437  471  435  510  521  514  490  533  514  500  624  663  644  692
 [76]  746  837  845  929 1036 1035 1126 1138 1186 1233 1348 1343 1375 1381 1432
 [91] 1493 1533 1606 1650 1712 1777 1908 1885 2010 2184 2362 2360 2442 2570 2695
[106] 2860 2976 3017 3165 3304 3420 3629 3730 3790 4009 4185 4222 4364 4505 4765
[121] 4841

[[14]]
  [1]   10   38   39   31   25   25   26   23   21   28   28   30   40   32   24
 [16]   21   27   18   16   21   26   19   24   30   44   53   49   56   39   54
 [31]   48   50   64   69   84   73   76   56   65   52   62   74   84   78   78
 [46]   77   84   75   93   95   96   96  108  104  117  112  120  127  115   98
 [61]   91   83  114  128  127  119  131  121  140  159  170  159  147  190  199
 [76]  197  244  232  225  238  256  280  286  322  327  347  379  415  448  456
 [91]  494  511  519  526  544  620  626  634  701  693  710  785  761  797  797
[106]  859  947  975 1008 1052 1031 1095 1108 1194 1230 1303 1400 1436 1607 1623
[121] 1644

[[15]]
  [1]  10  30  22  23  25  23  20  27  29  22  21  24  47  36  39  34  24  26
 [19]  30  27  30  45  39  48  49  36  41  32  31  43  41  50  56  45  44  41
 [37]  41  34  42  40  37  36  39  56  50  54  40  40  49  56  54  56  50  60
 [55]  59  69  49  66  79  78  68  63  68  84 110 113 121 140 140 129 141 161
 [73] 169 173 162 152 179 160 187 203 226 222 244 248 252 279 292 285 286 327
 [91] 309 310 307 314 375 366 374 422 398 462 433 464 479 488 505 461 523 549
[109] 571 553 595 624 670 644 660 656 653 708 750 776 842

[[16]]
  [1]   10   27   19   18   17   13   20   25   29   38   36   61   66   54   58
 [16]   66   83   75   97   80   94   93  124  139  116  109  112  117  146  154
 [31]  162  149  144  161  142  185  171  218  225  228  225  276  271  275  286
 [46]  285  287  310  330  320  360  341  340  321  381  368  360  363  368  422
 [61]  447  399  447  473  515  506  474  597  556  583  647  618  620  690  715
 [76]  776  797  767  756  740  809  834  892  860  919  954  942  967  992 1086
 [91] 1101 1165 1148 1213 1244 1249 1331 1309 1319 1369 1618 1604 1616 1676 1729
[106] 1834 1923 1956 1985 2139 2218 2283 2406 2441 2501 2520 2748 2971 2978 2988
[121] 3014

[[17]]
  [1]  10  29  32  23  17  16  16  11  30  23  22  24  15  14  22  33  22  20
 [19]  25  26  18  22  19  10   9  14  14   9   8  14  24  17  15  12  20  18
 [37]  20  21  14  13  13  12  17  14  28  29  37  28  35  32  36  27  28  35
 [55]  33  23  35  40  30  31  29  30  26  35  34  35  36  32  38  35  42  49
 [73]  43  36  33  27  37  50  42  60  44  58  37  35  42  36  42  36  48  43
 [91]  66  80  74  65  62  75  83 103  90 101  95  89 116 108 123 106 108 149
[109] 151 161 170 155 178 164 160 170 216 233 220 254 238

[[18]]
  [1]   10   45   29   29   21   27   22   37   20   24   25   20   25   19   25
 [16]   21   21   20   21   27   15   15   30   27   37   30   34   33   38   33
 [31]   37   38   33   42   44   26   36   29   37   36   30   29   37   39   35
 [46]   36   49   68   62   49   56   52   67   78   89  100  100  101  116  127
 [61]  159  147  134  130  171  176  162  199  208  183  176  178  172  223  231
 [76]  197  175  213  223  219  231  267  277  281  288  320  344  345  369  367
 [91]  405  410  463  497  508  535  560  524  549  538  584  611  601  615  650
[106]  673  717  740  767  773  789  859  900  891  910  916 1037 1123 1126 1081
[121] 1163

[[19]]
  [1]   10   17   26   22   21   16   28   31   19   16   34   31   22   25   38
 [16]   42   36   40   27   28   27   42   35   55   49   45   51   58   58   63
 [31]   64   63   61   55   81   67   66   59   64   79   93   86   78   86  105
 [46]  112  117  114  115  129  134  124  142  154  161  158  165  157  184  182
 [61]  200  229  208  209  228  219  249  247  238  237  238  239  256  295  285
 [76]  291  323  316  323  346  349  390  412  404  409  424  424  440  511  588
 [91]  584  584  579  607  666  730  778  767  830  855  881  924  967 1051 1064
[106] 1036 1105 1162 1260 1291 1273 1273 1420 1530 1560 1678 1787 1757 1896 1954
[121] 2071

[[20]]
  [1] 10 39 33 24 21 24 25 30 23 19 22 20 28 22 14 20 21 18 15 14 13 12 24 13 11
 [26] 10 13  8 19 17 13  9  6  5  3 12 10  5  3  3  2  2  3  2  1  1  1  0  0  0
 [51]  0  0  0  0  0  0  0  0  0  0  0  0  0  0  0  0  0  0  0  0  0  0  0  0  0
 [76]  0  0  0  0  0  0  0  0  0  0  0  0  0  0  0  0  0  0  0  0  0  0  0  0  0
[101]  0  0  0  0  0  0  0  0  0  0  0  0  0  0  0  0  0  0  0  0  0

[[21]]
  [1]   10   24   25   16   13   10   10   12   13   18   18   16   17   24   21
 [16]   30   23   19   23   35   27   26   30   34   34   43   38   30   37   50
 [31]   63   71   64   84   61   85   91   98   98  109  105  117  113  100  110
 [46]  112  129  128  148  144  144  131  136  147  143  165  189  198  187  213
 [61]  229  242  255  260  274  266  299  344  336  325  359  344  374  389  409
 [76]  410  417  387  488  466  471  528  531  549  608  627  615  678  722  734
 [91]  758  802  849  878  894  966  985  958 1017 1098 1144 1154 1154 1260 1250
[106] 1313 1390 1483 1612 1662 1703 1845 1929 2057 2067 2184 2217 2280 2299 2283
[121] 2435

[[22]]
  [1]  10  14  10  12   7   7   6   9   8  16  10  12   8  12  15  13  16  20
 [19]  19  22  28  24  28  22  28  23  33  40  36  40  42  35  29  40  51  41
 [37]  34  32  36  59  40  35  39  41  40  35  30  35  24  37  49  37  38  40
 [55]  31  50  51  44  53  69  53  73  82  87 107 108 107  95 113 118 132 142
 [73] 148 121 138 142 148 160 168 168 191 209 179 166 177 177 184 191 217 212
 [91] 242 231 242 261 252 261 235 245 251 292 332 349 346 365 364 384 459 493
[109] 449 463 457 539 575 555 542 610 649 684 705 735 764

[[23]]
  [1] 10 28 29 20 13 18 27 20 24 28 21 23 27 22 18 16 17 13 14 16 23 17  9 11  7
 [26]  6  6  4  3  1  1  2  2  2  1  8 13 10  7  7  6  5 18 13 17 11 12 20 16 17
 [51] 13 23 33 22 17 14 22 16 19 14 10  8  7 12  7  5  3  2  6  5  1  1  0  0  0
 [76]  0  0  0  0  0  0  0  0  0  0  0  0  0  0  0  0  0  0  0  0  0  0  0  0  0
[101]  0  0  0  0  0  0  0  0  0  0  0  0  0  0  0  0  0  0  0  0  0

[[24]]
  [1]   10   21   33   20   15   13   17   19   20   21   20   32   22   25   36
 [16]   33   35   46   42   34   38   47   53   56   42   33   38   39   36   41
 [31]   32   34   29   25   30   29   42   40   49   46   41   60   57   72   75
 [46]   83   80   90   92  113  102   92  105   99  120  116  131  140  138  135
 [61]  130  146  149  158  186  183  188  201  217  218  206  221  239  247  273
 [76]  284  287  292  310  328  338  342  383  374  392  391  427  452  467  415
 [91]  417  426  466  485  492  544  590  577  621  575  588  659  696  729  742
[106]  757  812  862  871  908  897  882  954 1020 1113 1050 1094 1146 1217 1166
[121] 1195

[[25]]
  [1]   10   41   55   43   26   29   34   48   32   31   33   38   63   52   44
 [16]   72   66   72   60   63   78   79   89   96  102  124  122  108  108  118
 [31]  114   96   99   93  103  104  112  114  129  139  145  147  188  182  195
 [46]  218  208  206  197  216  244  247  233  255  274  252  258  284  301  322
 [61]  358  371  364  376  412  419  407  448  496  480  521  566  610  669  664
 [76]  710  719  706  795  823  876  881  976 1018 1092 1129 1120 1129 1180 1285
 [91] 1424 1465 1531 1575 1712 1823 1853 1944 2074 2164 2198 2256 2407 2559 2571
[106] 2747 2836 2889 3108 3121 3316 3404 3386 3446 3655 3920 4069 4161 4378 4662
[121] 4837

[[26]]
  [1]   10   40   34   25   21   23   26   30   29   26   26   27   42   37   38
 [16]   46   29   30   35   39   48   48   50   49   61   60   68   68   78   80
 [31]   75   72   99   91  103  107  130  134  148  168  201  190  210  218  211
 [46]  204  203  198  226  253  248  221  243  272  323  342  340  312  344  349
 [61]  338  357  357  365  390  421  389  381  409  433  472  456  459  531  564
 [76]  658  626  666  669  689  744  770  839  862  900  893  966 1019 1054 1109
 [91] 1150 1224 1234 1260 1306 1291 1405 1562 1616 1672 1761 1783 1818 1861 1853
[106] 1897 2040 2061 2084 2245 2339 2382 2450 2405 2585 2633 2791 2850 3051 3330
[121] 3440

[[27]]
  [1]  10  37  47  36  32  25  28  47  36  53  39  36  42  35  32  33  43  39
 [19]  29  30  36  34  27  30  25  21  21  25  31  39  50  36  34  30  42  40
 [37]  42  48  47  40  37  53  42  53  53  47  39  41  39  29  26  46  58  59
 [55]  49  42  40  46  43  44  46  59  50  47  58  62  60  65  82  90  96  92
 [73]  96 104 118 135 137 145 148 181 173 190 189 207 216 196 209 189 189 242
 [91] 235 212 225 252 288 282 273 289 326 327 341 342 367 373 372 422 447 479
[109] 451 430 433 522 562 604 602 624 632 649 705 774 747

[[28]]
  [1] 10 40 34 22 19 19 14 14 14 16 15 14 11 12 12 13 21 12 22 15 19 21 14  9  8
 [26]  6  5  5  8  8  7  5 14 15 16 17 26 24 25 36 25 26 28 23 26 25 25 21 30 27
 [51] 27 22 27 34 40 25 22 12 10  8 15 21 17 17 17 13 16 17 13 15 12  9 10 15  8
 [76]  5  4  3  3  9 17 13 11  8 11 17 16 30 25 26 32 35 31 39 39 50 54 44 49 40
[101] 40 35 34 31 31 35 35 44 51 54 49 62 60 55 47 44 51 72 57 59 59

[[29]]
  [1]  10  23  21  13  17  14  12  11  12   9  14  16  18  15  11  18   9   8
 [19]  14  12  15   8   8   9   8  12   7   4   6   3  11   8  15  15  13  10
 [37]   8   8  19  13  13  12   7  10  13  16  12  14  11  10  28  15  15  17
 [55]  25  16  22  27  25  23  27  25  24  23  28  37  31  43  29  44  33  34
 [73]  42  36  34  43  40  42  55  50  44  41  56  62  68  76  60  57  46  49
 [91]  72  67  82  71  70  72  54  55  46  69  66  73  53  44  56  57  70  90
[109]  84  72  83  91  86  93  89 100  93 106 117 136 124

[[30]]
  [1]   10   34   31   20   22   30   31   27   30   25   22   36   37   38   34
 [16]   45   27   27   32   47   37   42   39   37   58   50   56   43   56   42
 [31]   41   33   38   44   41   35   26   29   31   35   36   43   46   40   35
 [46]   38   43   46   48   52   38   46   70   75   60   57   87   89   94  100
 [61]  100  116  105  125  110  113  127  132  120  135  153  158  152  157  150
 [76]  156  171  186  181  200  217  212  189  226  243  273  288  300  325  331
 [91]  354  360  405  410  377  440  456  463  467  506  545  476  540  591  620
[106]  669  697  670  722  757  813  896  895  887  971 1016 1081 1137 1210 1265
[121] 1248

[[31]]
  [1]   10   26   24   34   25   34   38   36   38   59   47   44   46   34   48
 [16]   48   48   60   45   38   39   45   42   46   45   47   57   54   43   61
 [31]   57   69   83   97  100  116  102  111  128  142  149  153  189  180  171
 [46]  188  173  217  226  287  276  277  261  277  298  279  324  326  315  293
 [61]  334  351  363  399  393  427  413  450  419  436  441  437  421  480  541
 [76]  545  552  566  570  657  693  703  698  777  851  868  873  912  919  939
 [91]  950 1025 1060 1158 1133 1145 1155 1274 1340 1324 1371 1450 1576 1684 1707
[106] 1784 1842 1817 1830 1923 2078 2208 2336 2453 2460 2571 2749 2866 2982 3131
[121] 3240

[[32]]
  [1]   10   10   12   21   21   20   21   15   13   15   20   19   22   21   23
 [16]   20   27   26   34   29   20   21   31   32   51   45   33   40   34   58
 [31]   47   39   59   52   55   50   65   77   79   86   92   75   83   95   91
 [46]  102  123  119  122  134  126  140  124  130  146  127  157  178  155  156
 [61]  174  169  178  194  199  206  200  220  188  227  240  267  268  276  267
 [76]  264  298  348  354  364  366  373  423  408  398  467  498  479  510  468
 [91]  472  528  576  595  621  639  691  762  830  799  863  912  961  964  979
[106]  995  998 1069 1164 1214 1262 1238 1317 1362 1426 1436 1482 1569 1583 1610
[121] 1643

[[33]]
  [1]   10   40   32   27   19   21   33   40   41   29   44   46   42   40   60
 [16]   52   47   49   47   52   72   83   89   85   79   80   84  103   91   95
 [31]  103   99  110  104   87   88  104  110  109  117  104  130  117  130  142
 [46]  137  128  147  151  135  134  154  162  170  173  162  168  178  186  200
 [61]  205  216  192  212  261  295  320  314  312  366  413  455  476  500  502
 [76]  584  568  595  631  621  587  637  689  747  792  806  822  807  919  985
 [91]  950  930 1005 1111 1212 1223 1217 1307 1424 1497 1542 1529 1673 1721 1768
[106] 1825 1817 1915 1978 2100 2116 2227 2293 2371 2426 2592 2685 2815 2961 3061
[121] 3156

[[34]]
  [1]   10   45   29   18   15   13   12   24   20   27   29   24   25   35   35
 [16]   37   43   39   35   45   41   49   41   34   34   39   59   67   48   54
 [31]   60   58   59   65   63   58   79   83   87   80   82  102  114  105  136
 [46]  155  147  140  158  133  155  156  147  163  163  145  115  198  205  204
 [61]  189  198  194  208  196  235  277  284  295  273  260  265  313  334  366
 [76]  345  373  346  359  375  366  412  429  433  462  476  486  514  514  539
 [91]  557  571  587  567  597  589  666  684  740  836  884  830  894  929  958
[106] 1028  992 1010  964  985 1062 1113 1221 1234 1322 1335 1442 1459 1495 1655
[121] 1642

[[35]]
  [1]   10   26   14   17   10   10   11   14    9   16   13   16   19   16   14
 [16]   18   19   23   12   14   10   17   14   23   35   25   26   28   33   25
 [31]   34   42   48   56   66   64   64   51   40   53   54   55   55   64   56
 [46]   65   59   49   60   57   89   71   60   59   50   67   70   82  108   85
 [61]   92  100  101   93  108  116  111  108  119  128  135  142  154  151  176
 [76]  172  179  214  241  225  257  259  266  287  282  289  295  326  307  303
 [91]  302  363  347  357  396  359  392  398  425  446  487  452  436  468  526
[106]  577  591  581  633  654  672  711  729  785  819  887  853  896  960  922
[121] 1032

[[36]]
  [1]   10   32   30   27   33   27   33   38   37   43   37   35   50   42   47
 [16]   46   50   57   62   75   72   80   72   75   88   84   72   73   85   90
 [31]   97  109  112  122  105   91  122  132  127  117  115  150  180  164  159
 [46]  183  177  202  212  182  206  199  227  253  234  227  237  265  242  269
 [61]  284  284  300  312  351  368  360  348  379  391  421  415  444  432  466
 [76]  491  533  526  585  602  584  638  647  714  703  725  756  835  866  900
 [91]  874  973 1058 1051 1062 1103 1153 1221 1264 1304 1272 1344 1440 1552 1591
[106] 1708 1695 1757 1910 1937 2022 2131 2231 2399 2431 2571 2713 2707 2802 2894
[121] 3078

[[37]]
  [1]   10   34   51   44   41   31   33   37   46   45   37   37   44   52   37
 [16]   29   33   29   34   47   37   29   43   42   42   56   40   53   36   37
 [31]   31   51   60   70   60   64   63   73   70   73   83   69   86   82   75
 [46]   87  119  101  111  104  111  129  126  110  130  136  147  150  181  182
 [61]  218  208  215  236  255  238  290  297  346  340  369  347  412  465  444
 [76]  452  447  491  536  547  549  575  573  566  608  627  657  667  684  690
 [91]  711  728  737  772  799  836  866  873  845  942  934 1008 1003 1012 1101
[106] 1154 1229 1230 1229 1341 1464 1521 1616 1576 1642 1606 1618 1761 1806 1866
[121] 1926

[[38]]
  [1]  10  29  21  16  15  14  22  14  16  23  38  33  27  33  32  29  43  33
 [19]  48  42  36  34  24  28  28  26  24  33  31  24  24  24  34  28  31  36
 [37]  34  27  39  37  25  25  23  25  22  21  19  27  19  25  33  31  42  44
 [55]  45  53  35  45  43  54  45  59  59  46  51  64  71  88  70  86  98  88
 [73]  72  87 104 110 107 108  95  77  97 105  96 133 120 108 117 119 128 137
 [91] 124 140 131 163 173 160 185 184 199 226 223 200 222 213 240 239 236 276
[109] 266 305 311 310 296 334 372 353 386 394 391 399 387

[[39]]
  [1]   10   16   17    9    9    8   19   18   16   13   15   25   24   25   22
 [16]   30   32   36   30   34   36   45   43   40   47   55   68   61   58   74
 [31]   71   72   80   67   75   69   94   92   95  108  146  117  131  127  150
 [46]  145  182  168  137  164  133  148  171  182  195  189  189  198  166  202
 [61]  169  173  191  200  186  174  210  208  229  215  259  246  267  302  282
 [76]  280  283  310  313  364  351  320  341  392  385  457  444  403  424  444
 [91]  437  484  525  481  535  580  628  742  686  714  710  737  803  816  841
[106]  886  913  896  927  995 1001 1072 1065 1119 1220 1265 1278 1377 1450 1547
[121] 1577

[[40]]
  [1]   10   33   39   26   19   14   15   23   28   37   28   18   19   14   17
 [16]   20   19   24   22   24   33   25   30   31   26   25   19   23   32   33
 [31]   24   21   40   39   48   45   55   64   61   81   80   64   65   61   55
 [46]   61   89   85   83   75   80   78   88  101   96  121  114  112  148  136
 [61]  136  138  167  183  195  224  274  277  263  263  275  340  362  400  392
 [76]  357  395  391  430  460  444  430  454  571  579  606  618  611  636  654
 [91]  646  721  744  731  791  826  903  863  863  949  998 1022 1045 1079 1120
[106] 1173 1240 1334 1316 1383 1385 1527 1575 1657 1775 1851 1966 1908 2011 2013
[121] 2186

[[41]]
  [1]   10   40   50   41   32   40   51   64   58   56   76   84   81   63   63
 [16]   83   67   72   77   79   84   79   73   79   67   71   68   87   81  102
 [31]   93  103  119  103  122  147  131   95  110  130  138  151  126  120  150
 [46]  161  155  160  164  180  213  197  230  224  240  206  188  215  250  259
 [61]  280  288  324  344  368  358  364  388  469  452  451  442  514  569  573
 [76]  591  594  591  659  753  736  792  766  817  818  865  881  974 1003 1007
 [91] 1012 1042 1137 1212 1196 1256 1299 1242 1272 1388 1347 1427 1544 1560 1604
[106] 1691 1742 1776 1865 1921 2061 2119 2139 2203 2195 2265 2430 2491 2534 2623
[121] 2907

[[42]]
  [1]   10   17   31   23   19   16   11   18   22   20   20   25   21   30   26
 [16]   24   37   33   40   47   50   50   61   63   83   86   93   82   65   60
 [31]   63   73   90   89  104  107   99   88  127  144  148  147  140  161  135
 [46]  159  162  175  184  185  184  231  226  233  266  290  253  315  325  389
 [61]  405  383  396  446  477  467  472  477  503  483  550  586  578  579  611
 [76]  658  666  679  679  763  749  770  799  860  823  856  927  958  996 1040
 [91] 1076 1136 1161 1161 1141 1182 1266 1352 1379 1393 1410 1525 1546 1572 1664
[106] 1741 1804 1858 1923 1982 2085 2129 2245 2421 2476 2548 2707 2758 2806 3004
[121] 3198

[[43]]
  [1]  10  36  37  26  23  30  30  30  37  30  35  37  42  42  39  41  43  42
 [19]  40  27  29  34  31  39  31  24  34  27  17  18  22  18  19  24  20  17
 [37]  18  19  27  32  40  30  41  62  67  57  48  48  55  79  83  78  81  75
 [55]  82  88  97  82  72  90  94  90 105 122 116  91 112 133 121 124 128 147
 [73] 161 195 183 210 190 199 198 193 247 249 280 220 222 239 250 276 279 255
 [91] 314 359 310 312 319 317 328 376 371 398 394 394 450 453 449 409 469 456
[109] 534 533 546 594 650 716 690 700 772 820 872 872 834

[[44]]
  [1]   10   45   28   23   22   20   31   36   46   31   37   31   38   39   48
 [16]   50   48   59   66   55   49   51   50   53   67   74   66   66   52   87
 [31]   70   66   55   50   75   74   80   73   78   88   72   76  100  100  108
 [46]  115  132  138  139  125  197  187  201  192  192  203  197  195  244  236
 [61]  244  268  267  297  341  349  377  375  366  401  388  407  462  444  467
 [76]  492  520  562  599  650  641  683  691  772  827  878  890  895  907  905
 [91]  929  959  992 1036 1057 1101 1173 1251 1399 1445 1484 1583 1620 1691 1808
[106] 1833 1838 1960 2119 2118 2213 2282 2332 2446 2552 2623 2653 2706 2786 2919
[121] 3058

[[45]]
  [1]   10   13   22   17   12    9    8   11    7    5   12   20   15   13   12
 [16]   17   29   24   24   24   17   13    8   15   16   12   17   13   19   19
 [31]   25   25   20   18   16   29   44   39   37   39   36   46   54   57   49
 [46]   62   67   65   65   64   74   85  111  130  144  137  124  104  110  121
 [61]  119  114  115  139  132  137  160  165  162  173  189  184  195  202  241
 [76]  228  230  239  252  233  260  267  282  285  293  304  315  332  342  386
 [91]  386  367  397  450  495  476  465  468  493  549  578  556  557  636  631
[106]  683  698  735  757  803  794  814  959  955 1075 1145 1102 1164 1174 1248
[121] 1250

[[46]]
  [1]   10   37   36   34   27   22   37   41   37   42   35   31   38   27   32
 [16]   25   32   55   53   59   58   55   50   50   77   77   71   74   70   93
 [31]  112  139  138  136  158  153  159  128  161  182  174  175  151  145  175
 [46]  218  205  195  220  221  227  230  204  229  223  209  241  245  270  256
 [61]  260  274  276  300  292  295  316  342  384  352  343  372  394  430  442
 [76]  471  478  521  548  576  590  602  630  661  656  700  718  774  831  818
 [91]  861  960  951  956  986 1009 1063 1136 1217 1287 1361 1485 1517 1505 1511
[106] 1547 1628 1665 1749 1808 1816 1838 1968 2006 2078 2146 2166 2342 2449 2477
[121] 2573

[[47]]
  [1]   10   30   27   26   21   17   27   34   25   19   18   26   26   34   42
 [16]   43   42   44   44   56   49   45   50   55   56   61   53   39   60   71
 [31]   57   52   50   53   45   43   62   65   73   66   80   86   93  109  114
 [46]  113  100  132  122  129  159  177  142  172  168  169  176  160  238  269
 [61]  248  239  266  256  270  252  270  299  316  328  325  333  315  329  351
 [76]  398  446  446  490  518  504  474  495  533  592  533  507  509  534  583
 [91]  568  556  582  633  675  733  735  763  788  808  890  893  905  990 1027
[106] 1050 1087 1095 1118 1145 1187 1215 1239 1237 1247 1368 1438 1514 1595 1624
[121] 1706

[[48]]
  [1]   10   35   38   24   17   16   25   39   37   39   38   39   35   54   43
 [16]   58   53   64   72   68   83   86   96   91  106  118  121  138  155  151
 [31]  152  152  151  143  158  173  148  141  177  165  216  205  205  226  246
 [46]  276  274  250  258  282  292  316  341  383  376  396  396  426  434  433
 [61]  427  391  443  469  432  459  477  515  532  587  602  656  664  723  675
 [76]  710  783  835  890  859  914  967 1003  953 1111 1163 1252 1228 1273 1323
 [91] 1399 1414 1505 1529 1590 1738 1903 1861 1872 1875 1978 2088 2144 2292 2432
[106] 2428 2537 2665 2859 2864 3099 3156 3305 3509 3581 3868 3883 4119 4207 4502
[121] 4702

[[49]]
  [1] 10 30 26 21 19 14 12 10 15 22 21 12 19 10 10  9 16 17 18 11 11  8 11 13 16
 [26] 11  9  8 16 19 14 12 10  9 12 13 11 13 10 14 12 12 10 18 30 26 27 21 26 18
 [51] 16 16 17 13 13 20 23 17 10  6  5  7  3  2  1  1  1  6  0  0  0  0  0  0  0
 [76]  0  0  0  0  0  0  0  0  0  0  0  0  0  0  0  0  0  0  0  0  0  0  0  0  0
[101]  0  0  0  0  0  0  0  0  0  0  0  0  0  0  0  0  0  0  0  0  0

[[50]]
  [1]   10   30   36   26   21   17   19   19   17   24   26   30   28   27   32
 [16]   22   28   29   32   38   35   42   36   33   34   48   48   41   44   51
 [31]   48   43   64   60   51   54   50   65   58   66   53   65   73   67   60
 [46]   68   66   59   53   56   78   84   75   69   76   81  107  134  126  121
 [61]  122  141  148  170  176  178  181  192  194  198  229  252  289  293  311
 [76]  313  304  301  356  370  389  357  387  365  385  416  398  398  426  442
 [91]  403  414  423  447  465  509  520  515  498  484  498  546  589  569  571
[106]  602  688  705  782  819  834  874  918  951  957  983 1070 1130 1237 1332
[121] 1481

[[51]]
  [1]   10   38   30   20   18   15   15   17   36   39   23   24   22   22   16
 [16]   26   19   26   27   37   40   37   38   33   51   54   54   49   56   63
 [31]   80   96   93   81   79   82   65   87  139  119  123  111  125  139  139
 [46]  131  145  136  125  130  123  136  141  148  164  185  196  163  161  175
 [61]  161  178  179  217  214  206  210  230  236  288  307  289  304  384  406
 [76]  391  407  443  457  434  423  478  537  538  522  559  580  613  654  667
 [91]  675  703  707  750  806  823  905  916  976 1014 1064 1029 1095 1151 1152
[106] 1201 1249 1280 1282 1330 1387 1507 1463 1677 1718 1821 1864 1920 1956 2124
[121] 2246

[[52]]
  [1]   10   32   39   30   31   33   41   43   30   47   53   49   44   64   75
 [16]   70   70   76   85   93   80  105  107   79   76   61   73   86   84  100
 [31]  101   87   85   72   68   61   70   79   67   83   76   87   79   75   92
 [46]  110  115  128  144  122  140  153  146  172  168  164  182  178  205  201
 [61]  206  202  207  213  202  227  240  250  220  215  231  236  286  284  277
 [76]  299  319  335  344  387  395  387  387  470  449  450  457  542  564  583
 [91]  612  651  664  663  691  729  800  786  796  804  850  849  929  958 1039
[106] 1052 1028 1110 1109 1167 1236 1299 1328 1340 1344 1401 1484 1496 1545 1601
[121] 1668

[[53]]
  [1]   10   26   27   19   13   12   15   20   17   16   22   22   16   11   23
 [16]   24   27   29   27   37   42   42   47   57   57   52   40   51   53   52
 [31]   53   40   63   65   51   55   57   74   73   79  103   99  112  107  129
 [46]  119  107  113  119  124  120  125  130  153  139  137  151  157  166  174
 [61]  193  196  192  220  223  238  259  274  259  271  307  340  332  319  331
 [76]  341  343  362  369  393  369  399  423  412  462  453  476  475  540  555
 [91]  581  609  612  584  595  666  728  694  731  719  696  788  813  804  802
[106]  812  830  878  888  902  920  930 1001 1001 1088 1092 1087 1161 1196 1178
[121] 1295

[[54]]
  [1]  10  44  30  29  32  32  39  44  40  30  38  49  52  49  53  74  68  60
 [19]  57  66  82  83  72  66  71  81  77  76  79  81  72  86  79  69  57  45
 [37]  56  75  82  72  59  57  61  62  50  52  44  67  55  59  80  60  84  95
 [55] 117  92  97  91 109 115 118 122  97 112 105 113 129 110 126 162 166 156
 [73] 168 178 214 220 214 232 234 236 234 242 246 282 290 279 290 314 308 347
 [91] 381 384 369 370 439 449 428 444 439 438 471 477 521 515 547 578 647 669
[109] 646 687 643 706 706 712 760 773 821 909 932 913 918

[[55]]
  [1]   10   38   33   37   25   27   29   29   38   54   72   54   48   50   66
 [16]   71   73   87   68   66   73   62   63   90   87   85   89  113  125  125
 [31]  131  140  149  138  136  145  140  168  173  155  141  150  165  169  166
 [46]  158  165  214  262  235  216  238  257  290  289  312  323  314  336  308
 [61]  353  359  423  420  415  434  470  454  465  454  482  489  528  551  549
 [76]  598  621  674  661  676  758  799  836  860  874  944 1006 1118 1121 1106
 [91] 1199 1284 1431 1433 1453 1514 1570 1655 1794 1858 1912 2005 2107 2249 2372
[106] 2579 2634 2686 2884 3032 3055 3140 3373 3612 3903 4028 4139 4290 4395 4666
[121] 4861

[[56]]
  [1]  10  24  33  37  32  36  36  44  36  36  36  41  37  34  37  37  24  28
 [19]  40  38  31  25  31  28  45  43  35  25  16  27  20  19  15  12  11  17
 [37]  27  31  31  22  24  21  27  31  31  49  58  48  40  45  51  50  46  65
 [55]  42  44  47  58  57  58  58  62  72  76  63  74  64  71  83  80  86  93
 [73]  85  92  95 112 100  99 101 103 125 132 138 143 133 161 139 170 182 193
 [91] 179 173 177 213 232 227 220 243 249 262 247 252 265 297 309 303 318 343
[109] 366 392 351 343 323 332 344 355 375 385 392 438 391

[[57]]
  [1]  10  28  18  16  15  22  13  18  19  13  12   7   6  13  14  12   9   9
 [19]  15  30  31  27  23  20  31  42  33  31  37  34  29  34  32  39  30  31
 [37]  26  26  24  26  26  19  26  41  30  44  36  46  43  32  35  42  36  46
 [55]  40  44  38  38  47  39  51  48  48  46  53  53  44  52  46  49  56  72
 [73]  67  55  70  65  88  91  67  74  67  72  67  72  58  49  77  74  68  70
 [91]  70  92 107  87  77  83  90 102 107 105 111 131 143 137 127 152 135 142
[109] 190 197 215 268 202 191 203 237 282 266 275 270 281

[[58]]
  [1]   10   18   11   16   18   14   20   28   19   16   26   32   27   19   20
 [16]   27   27   18   17   22   23   31   24   24   15   22   17   18   15   26
 [31]   31   25   25   26   29   41   26   29   30   29   30   38   44   34   38
 [46]   44   56   54   60   68   69   73   76  101   87   92  108  140  121  121
 [61]  122  121  136  165  202  204  192  220  230  246  248  269  292  327  315
 [76]  316  328  382  406  451  419  451  470  494  557  559  566  551  569  668
 [91]  676  671  731  750  785  812  842  836  854  891  901  923  958  989 1006
[106] 1084 1124 1143 1236 1359 1404 1502 1586 1581 1585 1671 1854 1848 1922 1978
[121] 2071

[[59]]
  [1]   10   37   38   32   29   32   34   30   42   38   49   46   47   58   83
 [16]   78   76   84   92   75   80   71   72   76   86  119  105   96  124  133
 [31]  136  156  177  167  179  182  166  185  200  211  220  217  230  252  254
 [46]  277  289  290  282  318  312  328  342  354  335  359  408  404  438  459
 [61]  426  413  459  529  507  552  601  608  573  626  696  679  663  656  688
 [76]  723  777  801  796  868  873  838  859  881  962 1011 1031 1078 1052 1147
 [91] 1177 1187 1274 1291 1358 1365 1510 1637 1699 1744 1869 1919 1907 1999 2020
[106] 2058 2203 2320 2433 2488 2637 2726 2775 2894 3010 3080 3236 3385 3554 3656
[121] 3767

[[60]]
  [1]   10   41   34   22   25   20   24   29   32   34   30   29   32   31   36
 [16]   38   36   45   45   60   68   68   63   71   53   77   77   74   78   91
 [31]  103   98   86   89  105  105  107  128  109  125  134  110  118  128  108
 [46]  128  129  119  111  103  120  122  143  132  148  148  138  137  139  152
 [61]  156  155  142  162  153  164  167  160  165  188  206  215  252  247  246
 [76]  245  288  299  325  311  329  375  407  395  411  442  539  553  526  538
 [91]  552  612  616  661  711  703  781  741  834  775  803  882  895  960  988
[106] 1063 1157 1213 1259 1244 1276 1393 1429 1480 1517 1527 1527 1668 1630 1713
[121] 1668

[[61]]
  [1]   10   32   26   22   19   34   34   23   17   19   30   22   28   25   30
 [16]   29   28   25   25   25   32   32   22   36   39   44   37   48   47   47
 [31]   56   45   43   41   44   54   66   72   69   77   79   75   67   82   78
 [46]   73   69   70   83   77   80   75   78   70   60   80   73   98   88   92
 [61]  101   98  118  109  100  117  120  129  144  147  191  194  186  165  180
 [76]  191  204  235  224  204  191  215  219  222  290  246  265  260  261  285
 [91]  345  364  384  402  369  430  449  471  543  599  586  598  605  672  704
[106]  765  766  761  819  877  874  893  988 1031 1074 1109 1150 1226 1207 1312
[121] 1352

[[62]]
  [1]   10   25   31   33   28   23   22   34   25   32   54   46   41   31   39
 [16]   33   47   59   56   55   45   47   60   49   61   46   58   60   59   57
 [31]   73   79   67   84   88   64   80   94   91   94   95   97   87  105  124
 [46]  131  118  118  142  157  150  147  139  128  160  167  179  197  170  175
 [61]  194  194  182  177  199  205  213  216  235  234  230  219  236  264  233
 [76]  256  213  253  270  295  316  364  350  323  333  334  387  450  503  508
 [91]  526  538  536  553  567  588  608  678  675  703  693  711  730  770  799
[106]  784  834  878  926  961 1028 1090 1130 1223 1181 1228 1272 1265 1309 1411
[121] 1439

[[63]]
  [1]  10  40  20  27  22  17  22  24  21  23  29  27  19  28  28  22  25  19
 [19]  24  30  32  25  19  17  24  30  33  32  23  32  40  36  34  46  43  32
 [37]  37  25  35  59  48  41  38  40  60  64  61  67  68  81  66  64  74  83
 [55]  96  88  70  86  72  76  90 106  97  99  94  80  66 104 115 111 120 108
 [73] 141 134 143 157 162 185 172 177 188 212 181 206 232 229 230 248 265 306
 [91] 304 307 321 329 326 342 350 394 390 379 352 395 392 360 346 341 367 418
[109] 379 401 400 453 487 479 537 564 530 588 576 682 710

[[64]]
  [1]   10   36   36   28   19   18   24   18   31   25   25   17   17   26   24
 [16]   20   21   24   19   28   39   34   38   43   46   45   56   61   58   56
 [31]   68   71   66   66   67   52   70   50   49   48   53   45   62   66   68
 [46]   63   68   75   87   76   79   81   90   84  119  131  124  143  134  157
 [61]  148  161  153  152  169  180  194  222  233  248  250  289  262  294  305
 [76]  330  312  357  352  372  399  367  416  421  441  502  496  539  551  531
 [91]  572  602  623  623  683  692  716  721  715  748  816  849  852  827  891
[106]  890 1014 1026 1000  991 1029 1170 1158 1272 1301 1319 1294 1360 1338 1358
[121] 1391

[[65]]
  [1]   10   39   25   19   17   19   25   30   31   34   54   47   42   41   57
 [16]   62   54   59   71   92   80   76   66   76  105  103  105  121  143  145
 [31]  159  160  145  150  146  149  169  190  213  175  170  215  206  204  187
 [46]  200  179  179  171  201  212  209  211  243  241  242  222  246  258  253
 [61]  264  267  325  314  344  359  398  391  376  411  432  426  394  443  465
 [76]  491  523  518  502  575  634  656  642  664  685  765  784  828  848  895
 [91]  946  983 1006 1026 1121 1191 1291 1332 1357 1436 1384 1388 1430 1483 1487
[106] 1632 1742 1831 1831 1881 1967 2126 2244 2291 2332 2389 2565 2497 2634 2678
[121] 2904

[[66]]
  [1]  10  31  24  24  21  17  14  20  24  10   8   7  11   9  21  18  12   8
 [19]   7   6  10  12  12  12  15  12  17  13  12  12   9  15  13   9   7   6
 [37]   6   6  14  14  10  15   9   9   7  10   7   5   5   4  14  18  17  17
 [55]  16  18  17  34  32  32  33  34  33  41  39  42  48  54  54  44  41  55
 [73]  59  51  47  45  55  81  78  88  88  91  81  82  96  80  80  82  90 100
 [91]  96 103  95 100  90  90 106 109 117 111 106 117 130 121 131 134 148 142
[109] 137 146 155 176 172 178 182 197 189 197 205 230 216

[[67]]
  [1]   10   46   34   25   22   16   18   31   43   32   33   28   37   36   35
 [16]   32   45   47   56   55   49   60   55   60   48   48   44   42   39   58
 [31]   69   55   55   67   90   91  102   83   84   85  105   96  102  123  126
 [46]  147  160  147  154  157  160  161  174  192  199  219  197  226  231  253
 [61]  248  261  250  225  263  301  309  294  318  323  328  323  363  362  337
 [76]  358  404  416  460  502  513  588  628  614  626  684  746  779  785  844
 [91]  809  831  876  964 1000 1056 1095 1150 1144 1220 1274 1260 1285 1459 1498
[106] 1496 1543 1630 1786 1779 1885 1879 1975 2085 2156 2316 2379 2567 2614 2745
[121] 2748

[[68]]
  [1]   10   34   42   36   31   30   27   30   31   42   40   43   63   58   66
 [16]   48   40   50   47   50   61   68   70   64   63   61   86  100  105   98
 [31]   99   91   96   95  117  136  113  132  128  113  135  141  142  139  159
 [46]  161  137  155  171  152  173  153  129  136  169  162  160  181  190  187
 [61]  189  179  200  223  224  240  274  279  257  315  285  344  320  308  286
 [76]  364  366  386  404  384  403  455  504  512  494  513  569  512  525  506
 [91]  568  575  608  630  729  760  778  825  784  815  853  931 1047 1052 1113
[106] 1096 1117 1151 1294 1425 1515 1482 1539 1583 1606 1695 1697 1755 1843 1940
[121] 2039

[[69]]
  [1]   10   32   22   16   18   13   20   24   21   21   32   33   43   33   27
 [16]   33   32   25   33   46   49   52   57   59   66   54   46   56   54   67
 [31]   78   84   85   87  111  136  144  136  148  136  186  191  176  166  182
 [46]  166  206  207  206  198  253  250  255  268  266  313  332  361  364  383
 [61]  387  387  401  434  422  424  406  414  489  509  570  587  587  637  668
 [76]  716  723  699  745  821  817  894  878  961  981 1030 1099 1122 1153 1260
 [91] 1281 1301 1414 1424 1488 1677 1718 1757 1754 1874 1898 1956 2065 2104 2135
[106] 2261 2386 2502 2561 2778 2870 3200 3172 3241 3286 3512 3606 3843 4155 4183
[121] 4333

[[70]]
  [1]   10   32   22   16   14   18   22   17   38   46   43   40   45   38   40
 [16]   49   46   37   38   44   36   35   52   54   42   39   48   56   53   49
 [31]   66   69   89  101   95   92  112  139  139  147  129  157  153  174  178
 [46]  195  211  194  212  211  180  184  228  199  211  214  216  235  223  248
 [61]  276  243  257  273  297  296  317  376  386  391  427  457  476  476  534
 [76]  552  573  614  586  609  641  688  708  718  745  815  847  841  818  879
 [91]  966 1004 1065 1106 1158 1100 1117 1185 1260 1197 1314 1375 1455 1489 1541
[106] 1593 1610 1609 1790 1851 1923 1992 2052 2163 2272 2376 2507 2514 2644 2729
[121] 2989

[[71]]
  [1]  10  13  19  21  20  13  15  15  11   9   7  14  15  13  12   9  12   8
 [19]  10   9  14  11   9  13  13  20  22  15  12  13   9  12  22  18  18  25
 [37]  22  22  13   9  12   9   7  13  10   8   8  12  13   8   7   6  11  12
 [55]  21  16  13  11  17  20  25  18  21  18  17  20  26  24  18  24  16  29
 [73]  45  40  44  34  30  39  42  62  55  58  73  67  75  62  73  77  91  85
 [91]  88  76  79  83 112 121  98 112 119 101 104 112 106 111 115 130 111 125
[109] 121 132 132 140 150 177 192 189 179 152 164 159 204

[[72]]
  [1]   10   43   38   28   29   26   45   51   49   48   50   58   59   53   74
 [16]   69   68   92   70   58   62   71   58   71   68   67   74   91   88   89
 [31]  101  105   87   98  140  128  115  123  131  132  124  123  147  130  133
 [46]  127  142  153  157  187  173  200  199  204  195  213  203  198  181  229
 [61]  257  261  233  261  259  276  298  331  348  347  403  445  470  485  471
 [76]  481  520  554  536  600  594  643  610  646  605  623  640  721  753  808
 [91]  803  863  852  891  898  914 1017 1050 1075 1081 1109 1178 1187 1245 1309
[106] 1313 1359 1460 1508 1590 1665 1670 1709 1801 1877 1897 1973 2067 2175 2259
[121] 2497

[[73]]
  [1]   10   38   44   36   35   34   38   50   38   37   37   36   46   31   31
 [16]   29   23   28   27   24   23   34   36   28   33   39   48   59   44   41
 [31]   46   46   51   55   56   56   61   56   92   77   76   84   73   87   81
 [46]   96   77   80   87   92   69   97   89  102   99  103   84  105  115  131
 [61]  128  150  170  157  173  201  219  222  272  255  265  287  281  291  334
 [76]  350  357  375  406  390  416  421  461  456  506  521  563  603  584  638
 [91]  701  752  752  903  892  890  851  899  986 1058 1045 1058 1105 1131 1221
[106] 1189 1241 1250 1292 1354 1456 1559 1594 1631 1687 1746 1851 1826 1878 1889
[121] 2031

[[74]]
  [1]   10   22   40   43   31   26   35   28   48   47   36   42   34   30   32
 [16]   42   51   67   52   50   56   64   67   74   67   72   81   95  116  113
 [31]  123  114  112  108  145  134  118  150  150  151  152  180  193  152  137
 [46]  162  204  234  219  238  246  237  279  289  252  284  313  348  348  334
 [61]  363  392  474  438  429  440  434  527  556  636  626  640  606  653  698
 [76]  734  696  746  737  864  884  879 1004 1020  923 1011 1169 1196 1196 1238
 [91] 1257 1471 1550 1597 1641 1690 1834 1894 1958 1973 2091 2233 2368 2423 2507
[106] 2498 2561 2702 2877 3013 3048 3087 3240 3371 3480 3660 3765 4055 4257 4383
[121] 4636

[[75]]
  [1]   10   41   38   36   30   37   40   39   34   39   29   22   31   37   32
 [16]   34   43   42   43   43   39   41   37   58   59   48   39   33   35   33
 [31]   46   42   48   48   51   48   61   65   61   56   66   79   97   92   86
 [46]  133  147  127  133  128  124  115  167  144  140  135  157  156  169  155
 [61]  168  194  167  164  188  214  233  226  229  233  256  249  280  283  256
 [76]  295  303  304  321  358  360  394  408  417  392  432  447  454  472  482
 [91]  537  571  558  565  609  617  615  642  651  658  709  779  842  840  854
[106]  854  843  862  895  881  915  960 1069 1126 1128 1134 1222 1285 1279 1379
[121] 1471

[[76]]
  [1]   10   20   29   24   19   23   26   25   15   15   17   11   16   14   16
 [16]   11    9   13   21   15   14   11   10   17   13   17   16   12   17   14
 [31]    9   20   28   20   18   20   25   21   16   15   18   17   25   24   18
 [46]   23   26   28   28   32   43   49   53   44   47   49   57   64   72   62
 [61]   70   80   89  121  149  172  159  157  156  196  197  202  239  229  230
 [76]  217  218  261  233  263  266  289  299  281  331  315  322  332  351  355
 [91]  409  424  452  492  477  501  500  478  468  535  523  549  567  593  629
[106]  645  686  708  716  777  857  816  914 1004  975  992 1041 1051 1177 1292
[121] 1361

[[77]]
  [1]  10  27  21  21  16  12  15  12   7   7   7   5  17  22  14  13  11   9
 [19]   8   9   8  19  16  24  16  21  20  18  15  12  10  13  10  10  16  25
 [37]  19  12  14  15  13  31  29  22  25  21  24  18  27  38  41  42  44  42
 [55]  33  30  32  57  45  48  43  43  46  62  59  53  61  69  62  52  57  86
 [73]  86  86  85  96  87  86  94 102 122 118 109 104  96  93 127 137 114 111
 [91] 113 145 119 131 113 119 134 112 107 107 152 144 132 113 119 152 136 157
[109] 134 140 174 170 161 146 165 150 163 195 223 230 208

[[78]]
  [1]   10   25   21   14   10    9    7   13   11   15   11   12   21   16   14
 [16]   23   29   36   30   31   35   36   27   41   42   47   66   64   59   89
 [31]   84   83   68   70   95   97   85   92   93  101   87   90  116  142  131
 [46]  131  140  160  153  158  206  215  218  220  255  232  241  243  275  278
 [61]  293  320  349  362  374  387  379  379  415  447  455  435  468  492  521
 [76]  506  554  607  627  626  674  683  738  763  820  831  800  888  964  936
 [91] 1001  970 1034 1050 1106 1223 1290 1325 1327 1460 1516 1627 1581 1512 1705
[106] 1739 1742 1927 1958 2047 2197 2374 2351 2381 2405 2474 2533 2710 2790 2813
[121] 2925

[[79]]
  [1]   10   26   40   27   22   29   36   31   39   41   37   27   34   42   47
 [16]   46   64   68   66   88   90   90  107  111  137  125  140  127  129  142
 [31]  138  130  149  151  160  176  196  215  211  194  204  194  216  247  244
 [46]  251  282  292  323  353  337  340  327  348  362  386  423  430  480  503
 [61]  474  466  533  496  540  534  574  623  654  634  646  668  717  784  822
 [76]  797  788  816  854  851  880  902  955 1037 1097 1108 1127 1165 1241 1225
 [91] 1205 1292 1303 1431 1344 1413 1466 1594 1692 1830 1832 1831 1888 2011 2008
[106] 2140 2175 2124 2275 2387 2490 2595 2710 2798 2804 3048 3220 3446 3580 3746
[121] 3911

[[80]]
  [1]  10  20  16  10   9  15  17  16  11  11  15  12   9   9  15  21  26  26
 [19]  19  21  32  31  59  47  45  41  37  50  45  39  52  31  42  57  73  66
 [37]  65  52  63  66  63  51  52  49  77  59  45  39  32  35  34  53  49  58
 [55]  58  49  67  60  69  49  46  36  47  61  71  71  61  62  63  73  73  75
 [73]  58  79 102  81  96  88 116 140 121 144 143 154 143 122 136 139 176 215
 [91] 201 212 218 239 253 256 273 239 244 221 274 324 346 318 321 338 346 390
[109] 360 428 393 420 457 469 509 517 488 544 577 526 576

[[81]]
  [1]   10   52   41   32   25   32   37   28   30   19   32   36   26   34   32
 [16]   41   28   54   54   42   54   53   67   71   75   65   86   84   86   88
 [31]  106  103  111  114  127  179  175  161  204  224  216  225  272  258  279
 [46]  247  280  288  320  327  362  325  366  346  319  305  326  342  350  329
 [61]  347  355  421  418  432  429  426  468  475  492  503  535  546  567  548
 [76]  601  583  577  595  603  634  677  725  746  760  775  802  869  909  932
 [91]  960  977  977 1031 1110 1159 1215 1284 1250 1297 1360 1421 1450 1554 1571
[106] 1644 1749 1795 1843 1909 1896 1976 1978 2140 2214 2318 2460 2511 2618 2733
[121] 2763

[[82]]
  [1]   10   34   25   16   14   23   14   20   26   20   34   31   31   28   27
 [16]   30   28   30   38   30   32   40   46   54   72   68   73   64   72   71
 [31]   71  105  107   81   85   86   89   89  111   96   93   95   99  104   94
 [46]  109  120   94  100  103  124  122  109  112  142  160  152  142  151  137
 [61]  149  179  159  185  187  195  195  195  204  239  235  236  234  194  213
 [76]  224  272  290  270  259  300  322  336  359  334  347  358  395  381  437
 [91]  441  455  446  450  507  552  532  576  581  651  642  704  734  770  823
[106]  883  865  890  969  961  985 1069 1132 1116 1261 1287 1300 1258 1319 1404
[121] 1306

[[83]]
  [1]   10    5   10    8    6    5    5    6   13    8   11    9    7   10    9
 [16]   10   16   10   14   17   12   10    8    7    6   18   25   24   22   14
 [31]   29   30   33   34   32   29   29   32   32   34   26   25   17   28   30
 [46]   52   51   49   52   55   44   77   72   70   79   88   73   94   96  126
 [61]  142  158  129  123  123  131  164  121  133  152  147  146  148  151  193
 [76]  196  199  203  203  210  203  223  228  218  227  244  293  300  294  330
 [91]  327  323  313  373  384  414  435  520  509  534  577  544  604  645  644
[106]  723  818  774  819  892  884  919  974  984 1088 1071 1209 1183 1119 1198
[121] 1290

[[84]]
  [1]   10   34   18   22   15   12   10   16   18   28   19   16   27   22   34
 [16]   34   46   45   39   45   55   35   49   61   50   43   50   65   60   50
 [31]   51   49   53   65   64   75   58   50   63   56   63   72  101   83   85
 [46]   91   78   98  105   92  126  121  106  102  111  107  105  115  124  117
 [61]  132  137  153  145  131  155  157  198  190  191  194  218  237  224  237
 [76]  244  265  283  296  354  319  350  322  300  313  309  366  356  384  424
 [91]  426  402  407  427  480  519  523  518  499  499  538  558  573  654  617
[106]  655  685  663  719  765  804  781  829  892  977  961  966 1004  998 1073
[121] 1165

[[85]]
  [1]   10   38   33   31   29   29   31   35   30   31   31   29   38   38   39
 [16]   49   50   40   51   50   39   43   33   36   37   37   36   44   45   49
 [31]   52   64   63   83   65   88   77  105   91  102  124  126  131  121  111
 [46]  114  136  167  154  170  188  190  206  208  219  248  260  270  287  283
 [61]  297  276  260  308  327  328  339  322  313  315  359  395  389  391  371
 [76]  399  415  431  483  459  447  477  487  561  565  614  621  662  750  765
 [91]  832  779  793  864  937  938  950  931  929  937 1032 1109 1152 1143 1174
[106] 1228 1196 1270 1340 1425 1507 1493 1570 1591 1716 1802 1926 1899 1958 2114
[121] 2196

[[86]]
  [1]   10   17   13   17   13   10   30   18   22   23   18   28   27   31   33
 [16]   53   55   62   52   38   36   39   50   54   45   48   36   52   54   70
 [31]   63   65   72   88   78   79   91   87   94  101  107  107  106  124  126
 [46]  146  143  134  150  162  193  203  187  207  208  220  242  247  268  267
 [61]  275  286  288  303  307  321  330  364  374  383  373  451  457  433  472
 [76]  478  543  567  583  585  641  615  664  726  789  776  783  852  856  954
 [91]  963 1043 1003 1057 1062 1130 1262 1324 1340 1333 1412 1542 1617 1644 1702
[106] 1751 1747 1878 2029 2141 2080 2225 2282 2396 2530 2692 2807 2906 3028 3096
[121] 3098

[[87]]
  [1] 10 26 19 13 12 15 11 24 15 13 11 17 12 19 11 10 15 22 22 15 12 15 30 24 23
 [26] 19 14 10 14 11  8  7  7 14 12 13 22 22 15 14 13  9 10  7  6  6  4 11 10 13
 [51] 12  9 13  9  9 13 13 11 12  6  6 11  7  4  3  3  7  4  5  2  1  1  1  1  0
 [76]  0  0  0  0  0  0  0  0  0  0  0  0  0  0  0  0  0  0  0  0  0  0  0  0  0
[101]  0  0  0  0  0  0  0  0  0  0  0  0  0  0  0  0  0  0  0  0  0

[[88]]
  [1]  10  27  19   9   7   9  12   8   5   8   7  13   9  10  13  11  10  16
 [19]  10  21  19  14  14  13  10   9  25  30  43  28  31  18  16  15  18  23
 [37]  16  25  17  15  19  34  30  35  29  30  29  29  33  25  36  38  37  33
 [55]  48  60  48  50  38  55  55  63  43  44  45  81  77  74  57  72  69  72
 [73]  93  92  97  92  92  93  95  96 101 112 109 113 126 144 115 137 152 151
 [91] 133 178 225 186 170 178 199 236 204 203 172 198 199 205 205 203 214 252
[109] 227 260 306 277 290 288 270 301 317 292 306 306 341

[[89]]
  [1] 10 20 16 12 10  8 11 14 27 20 12  9 12  7  3  0  0  0  0  0  0  0  0  0  0
 [26]  0  0  0  0  0  0  0  0  0  0  0  0  0  0  0  0  0  0  0  0  0  0  0  0  0
 [51]  0  0  0  0  0  0  0  0  0  0  0  0  0  0  0  0  0  0  0  0  0  0  0  0  0
 [76]  0  0  0  0  0  0  0  0  0  0  0  0  0  0  0  0  0  0  0  0  0  0  0  0  0
[101]  0  0  0  0  0  0  0  0  0  0  0  0  0  0  0  0  0  0  0  0  0

[[90]]
  [1] 10 20 17 17 20 20 15 23 15 16 21 32 28 23 34 31 26 23 15 19 20 16 13 11 20
 [26] 17 14 18 14 16 22 19 14 16 11 11 15  9 14  8  7 11 11  8 17 16 10 17 14 13
 [51] 12 14 14 13 17 12 11  9  6 12  9  7  9  8  6  9  6  8  7  5  5  9 12 24 16
 [76] 14 17 17 18 14 16 11  7 11 12 14 16 14 23 17 19 16 13 19 16 21 27 24 18 27
[101] 27 30 21 22 35 35 31 44 41 55 49 46 47 61 61 64 77 55 58 69 74

[[91]]
  [1]  10  26  23  22  23  16  19  22  19  13  14  20  16  17  20  20  36  37
 [19]  41  44  35  43  47  41  46  43  33  44  40  42  38  36  37  48  54  63
 [37]  55  44  45  50  59  64  54  61  49  79  56  46  50  50  76  85  73  64
 [55]  82 101  79  84  91  92  98 102 106 117 114 105 113  92  90  93 143 131
 [73] 131 118 126 134 136 142 153 138 139 143 166 150 165 179 159 168 165 193
 [91] 205 189 209 210 205 198 229 222 240 212 216 241 276 314 304 311 358 381
[109] 381 386 407 418 401 360 392 398 431 481 469 496 530

[[92]]
  [1]   10   39   46   32   23   23   24   25   25   19   21   25   32   26   35
 [16]   44   44   43   37   40   35   44   50   51   39   45   41   53   43   35
 [31]   30   41   43   61   59   67   59   75   71   72   71   81   82   94   80
 [46]   97  107  115  130  147  160  192  183  196  193  208  255  241  278  289
 [61]  261  283  300  316  299  315  311  296  305  363  401  397  391  385  419
 [76]  397  414  408  418  465  480  507  557  563  546  598  611  648  635  682
 [91]  712  770  735  747  771  802  821  906  949  972  992  990 1013 1010 1037
[106] 1037 1051 1113 1125 1160 1246 1235 1325 1419 1490 1597 1620 1764 1866 1958
[121] 1918

[[93]]
  [1]   10   13   20   18   12   11    7    7   17    7    5    6   10    7   10
 [16]    7    5   13   10   14   26   24   15   13   22   50   54   51   57   49
 [31]   43   55   66   71   58   48   63   69   59   66   73   76   88   74   85
 [46]   86   82   72   90   82  106   92   91   87   87   98   88   97   95   96
 [61]  114  131  135  118  163  147  169  187  181  213  223  242  269  274  284
 [76]  242  254  290  316  323  354  370  401  398  368  404  463  517  579  558
 [91]  587  643  698  668  687  709  766  763  771  859  985 1056 1054 1010 1053
[106] 1158 1116 1135 1246 1316 1379 1298 1495 1612 1536 1555 1568 1584 1758 1799
[121] 1898

[[94]]
  [1]   10   22   24   15   13   13   18   28   27   31   25   44   30   28   28
 [16]   40   31   26   26   62   51   45   35   43   38   45   35   35   42   38
 [31]   41   41   29   32   31   32   41   34   61   61   58   61   66   78   90
 [46]   79  108  107  101   96  116  126  140  164  144  123  138  147  155  153
 [61]  187  184  184  220  221  232  255  269  302  260  269  278  275  322  346
 [76]  361  398  375  378  395  394  414  403  393  402  419  452  487  475  512
 [91]  498  491  536  505  590  600  659  664  666  715  730  845  869  903  933
[106]  997 1054 1066 1093 1083 1179 1295 1358 1417 1414 1496 1578 1636 1729 1802
[121] 1863

[[95]]
  [1]   10   17   41   33   29   25   35   39   44   54   55   61   55   70   72
 [16]   68   70   89   89  104   91   99   96   98   99  108  106  113  144  140
 [31]  153  123  131  149  152  169  161  168  161  182  209  217  215  242  229
 [46]  236  237  241  269  305  287  307  298  328  322  314  333  353  422  418
 [61]  403  429  440  458  467  470  514  525  542  540  569  555  578  606  679
 [76]  727  735  750  748  832  860  897  970 1037 1090 1058 1085 1093 1265 1199
 [91] 1261 1344 1355 1400 1418 1550 1576 1603 1750 1876 1933 2006 2179 2219 2332
[106] 2517 2577 2582 2778 2827 2968 3028 3262 3300 3514 3729 3873 3942 4117 4376
[121] 4427

[[96]]
  [1]   10   31   30   15   14   19   20   23   22   23   32   48   36   34   35
 [16]   53   51   37   39   57   57   51   50   61   64   62   67   66   83   93
 [31]   83   81   82   85   87   85   88   88   78   87   94  136  135  128  100
 [46]  120  112  130  155  161  173  177  205  179  195  229  226  228  230  235
 [61]  249  237  279  293  264  277  295  340  376  415  396  377  444  456  444
 [76]  467  466  474  540  560  568  567  561  554  572  625  691  665  689  702
 [91]  770  850  858  901  891  922  966  990 1070 1142 1202 1297 1362 1405 1481
[106] 1491 1673 1716 1755 1807 1870 2023 2084 2152 2157 2200 2411 2480 2514 2569
[121] 2641

[[97]]
  [1]   10   31   37   33   25   24   25   29   41   50   48   46   53   44   50
 [16]   50   54   41   38   41   58   50   51   45   46   43   36   40   40   32
 [31]   37   40   34   40   51   43   37   49   52   40   45   43   50   74   46
 [46]   45   54   55   75   64   74   85   84   86   66   84   81  102   86   78
 [61]   75   94  118  124  143  139  128  126  144  154  153  151  142  160  138
 [76]  149  162  178  166  184  213  229  216  216  193  187  208  237  274  308
 [91]  304  326  349  348  323  366  389  435  495  536  491  497  532  573  581
[106]  589  618  597  640  635  711  731  775  845  864  859  913  962 1072 1020
[121]  987

[[98]]
  [1]   10   22   29   17   14   13   23   24   33   43   42   35   55   60   68
 [16]   57   69   70   83   66   65   86   89   83   76   81  103   97  115   88
 [31]   96  102  112  104  137  129  132  137  144  141  145  164  179  177  217
 [46]  229  215  203  193  209  215  200  193  195  235  248  221  201  227  280
 [61]  269  300  289  294  334  325  370  374  377  402  392  361  384  399  485
 [76]  489  474  488  500  512  520  536  563  532  589  617  665  664  698  722
 [91]  805  838  890  892  897  978 1048 1095 1138 1157 1198 1206 1253 1340 1344
[106] 1422 1430 1501 1526 1629 1722 1656 1776 1852 2002 2099 2088 2209 2303 2338
[121] 2459

[[99]]
  [1]   10   40   46   31   27   23   22   41   50   48   53   41   47   46   50
 [16]   53   67   71   74   59   65   71   91   91   94   92   89  116  130  147
 [31]  134  131  128  148  152  145  142  169  183  209  211  199  200  232  249
 [46]  228  275  297  267  307  320  381  353  357  401  387  391  419  472  527
 [61]  503  514  559  570  646  657  630  674  712  731  697  720  778  823  801
 [76]  829  834  880  908  940  967  992 1057 1041 1140 1161 1181 1332 1406 1376
 [91] 1422 1439 1630 1715 1759 1869 1883 1898 2016 2095 2190 2230 2269 2334 2505
[106] 2464 2519 2742 2841 2896 3082 3212 3320 3482 3583 3620 3970 4023 4204 4326
[121] 4425

[[100]]
  [1]   10   35   33   33   27   21   22   31   39   46   36   41   41   46   42
 [16]   37   35   35   57   61   61   79   66   58   57   80   74   71   65   83
 [31]   63   70   79   79   70   82  101   89  104  111  125   98   96  103   97
 [46]  125  146  123  129  120  133  150  163  160  160  160  179  179  203  201
 [61]  173  194  188  214  225  240  261  260  256  255  312  311  308  356  381
 [76]  396  424  409  414  434  455  450  457  522  524  568  584  655  623  651
 [91]  650  743  725  759  787  874  848  878  858  883  984 1010 1008 1097 1152
[106] 1169 1231 1180 1264 1351 1477 1512 1585 1602 1700 1756 1734 1801 1891 2004
[121] 2095

[[101]]
  [1]   10   33   42   42   41   37   39   44   36   44   40   37   45   51   50
 [16]   48   60   59   61   52   64   57   58   64   64   59   81  100   95   80
 [31]   75   74   73  101   98   86   78  111  139  120  107  121  127  129  136
 [46]  144  142  119  135  168  177  193  187  171  162  171  170  185  187  202
 [61]  210  230  227  209  247  281  295  316  339  358  332  371  363  377  375
 [76]  403  408  415  426  404  440  534  553  531  522  528  576  593  623  639
 [91]  693  715  747  720  754  784  817  872  841  902  945  973  962 1039 1105
[106] 1098 1094 1207 1167 1228 1294 1411 1413 1438 1491 1598 1645 1764 1780 1760
[121] 1942

[[102]]
  [1]   10   42   39   33   25   39   57   49   40   38   35   49   49   54   44
 [16]   47   36   40   56   64   67   86   81   71   69   67   74   55   84   87
 [31]   72   61   77   98   83   89   95  104   96  121  145  149  155  146  161
 [46]  189  232  212  185  202  224  252  243  240  255  296  308  318  283  329
 [61]  322  342  395  347  344  373  409  422  503  540  568  532  553  586  610
 [76]  597  589  671  729  708  771  777  828  899  886  943 1006 1083 1100 1124
 [91] 1151 1190 1243 1243 1424 1471 1492 1550 1555 1722 1763 1853 1827 1934 2071
[106] 2175 2300 2341 2374 2380 2637 2654 2714 2786 2888 3084 3227 3370 3496 3543
[121] 3760

[[103]]
  [1]   10   35   22   17   23   21   24   40   53   46   42   49   49   77   80
 [16]   66   74   71   59   87   96   88  105  107  106  104  124  156  128  136
 [31]  131  127  141  177  171  172  159  155  186  196  181  149  205  218  217
 [46]  219  190  219  255  267  271  260  280  326  349  337  362  354  339  345
 [61]  334  349  347  371  471  436  438  441  473  558  530  528  524  547  626
 [76]  664  684  691  718  741  759  824  926  928  924  921  982 1080 1097 1158
 [91] 1172 1255 1323 1330 1427 1392 1369 1349 1478 1582 1671 1804 1748 1767 1912
[106] 2132 2172 2247 2279 2366 2478 2598 2821 2872 3074 3120 3186 3322 3412 3578
[121] 3749

[[104]]
  [1]  10  31  19  16  13  21  16  19  18  26  20  18  28  24  37  28  20  28
 [19]  18  27  33  33  36  27  24  28  50  40  33  31  36  43  35  29  36  36
 [37]  22  19  16  26  18  23  19  29  32  35  24  29  35  56  57  58  49  42
 [55]  49  56  63  55  59  53  50  55  64  58  54  63  95  84  80  72  80 104
 [73]  85  87 100 104 128 130  95 103 119 139 135 132 163 156 161 160 174 162
 [91] 189 192 169 175 172 170 197 202 202 210 238 261 244 261 252 250 254 269
[109] 284 302 288 283 300 302 316 347 341 376 387 446 431

[[105]]
  [1]  10  20  10   8   6  10  11  15  18  13  12  10  10   8   7  17  12  16
 [19]  10   9   8  15  17  17  17  21  24  15  10   8  11  15  25  20  23  22
 [37]  17  17  24  23  23  20  18  23  31  40  36  37  54  53  42  42  40  57
 [55]  64  83  67  61  66  73  67  60  79  80  91  81  84  98 110  88  95  93
 [73] 112 111 120 136 117 135 124 133 134 102 109 136 130 136 143 151 184 171
 [91] 185 200 184 210 189 220 224 220 202 186 197 216 250 257 297 281 285 300
[109] 318 317 333 353 346 413 425 413 456 430 490 498 520

[[106]]
  [1]   10   31   33   28   30   21   32   34   41   41   49   42   40   53   53
 [16]   68   67   62   65   72   71   84   85   91   83   83  105  104   96   97
 [31]  102  104  109  136  124  121  120  143  152  142  163  174  175  165  192
 [46]  185  182  169  234  225  239  269  274  291  289  304  307  327  345  385
 [61]  442  425  413  437  470  500  503  549  582  558  596  634  707  724  818
 [76]  852  880  837  869  973  942 1056 1085 1030 1082 1177 1342 1399 1391 1413
 [91] 1417 1439 1568 1642 1723 1707 1756 1844 1982 1941 2028 2135 2211 2339 2501
[106] 2647 2786 2980 3026 3143 3161 3323 3509 3552 3688 3742 3846 4056 4362 4589
[121] 4736

[[107]]
  [1]  10  27  27  21  16  12  14  11  16  22  14  20  17  20  22  12   9  14
 [19]   6   5   4   7   7  11  14  10   9  10  11   9  12  15  12  11  23  28
 [37]  22  20  18  21  16  22  16  14   9  10  13   9   7   7  19  20  28  20
 [55]  26  32  34  33  25  41  45  43  31  36  35  55  46  53  45  45  38  47
 [73]  48  58  53  52  46  46  60  83  68  58  73  95 101  94  81  75  99 112
 [91] 113  96 111 105 143 154 180 187 166 210 212 263 264 250 239 223 253 286
[109] 282 272 279 315 339 312 308 334 357 369 354 364 413

[[108]]
  [1]   10   24   21   23   16   15   18   33   35   26   20   30   27   29   29
 [16]   26   29   21   24   30   28   28   33   24   33   32   35   42   40   32
 [31]   36   58   63   57   55   51   48   70   62   59   71   70   77  101   99
 [46]  104  106  139  137  134  133  163  159  183  171  192  207  200  203  197
 [61]  179  193  188  225  216  252  244  255  287  303  328  383  363  395  413
 [76]  459  462  473  449  447  492  541  563  522  540  562  559  568  561  621
 [91]  750  703  683  656  739  756  766  791  752  857  861  883  943  899  933
[106]  997  958 1008 1042 1086 1111 1163 1192 1268 1297 1365 1451 1520 1674 1728
[121] 1811

[[109]]
  [1]   10   41   31   27   23   19   22   19   26   35   29   27   33   49   41
 [16]   33   41   41   34   37   46   59   64   59   62   58   72   82   79   82
 [31]   92   97  100  108  108   98  115  111  121  121  130  149  145  158  147
 [46]  163  185  189  187  234  242  223  281  262  254  234  275  257  300  303
 [61]  326  319  330  342  374  376  396  399  407  445  458  444  425  526  539
 [76]  575  620  616  653  666  695  771  799  827  875  894  962 1030  998 1042
 [91]  992 1108 1212 1297 1297 1220 1293 1263 1393 1409 1456 1462 1508 1619 1715
[106] 1805 1896 2045 1940 1995 2087 2214 2282 2362 2462 2612 2660 2824 2915 3011
[121] 3196

[[110]]
  [1]   10   43   30   31   26   25   25   20   26   29   30   31   31   28   24
 [16]   19   15   14   13   13   13   18   26   25   16   15   19   15   15   27
 [31]   22   24   23   21   16   14   37   41   36   31   33   39   38   29   22
 [46]   25   28   39   42   43   46   47   54   73   65   54   58   69   82   65
 [61]   60   69   69   77   85  121  106   92   97  123  127  126  114  114  125
 [76]  160  131  125  139  149  167  191  172  172  181  218  221  254  239  239
 [91]  257  279  296  362  336  358  354  352  405  399  379  402  479  498  510
[106]  513  537  530  549  644  679  715  742  726  710  735  812  920  904  942
[121] 1003

[[111]]
  [1]   10   21   28   29   24   18   15   12   19   19   17   12   22   18   26
 [16]   20   24   36   30   21   23   17   32   33   33   39   36   25   33   35
 [31]   33   50   49   68   58   75   66   50   58   58   75   79   81   75   96
 [46]  106  101  110  122  140  138  164  143  133  144  136  139  179  196  205
 [61]  228  249  273  267  266  261  236  235  251  256  284  292  299  306  339
 [76]  358  339  346  353  389  414  391  408  448  457  478  516  546  583  540
 [91]  560  602  689  633  634  662  677  674  726  757  793  810  860  898  988
[106]  974 1095 1138 1132 1168 1264 1348 1411 1542 1581 1589 1617 1718 1818 1792
[121] 1797

[[112]]
  [1]   10   44   40   32   23   24   31   25   26   42   40   39   44   35   51
 [16]   37   44   40   41   39   53   65   66   66   51   49   55   49   38   67
 [31]   61   68   56   59   63   71   71   92   85   93  106  122  116  134  122
 [46]  111   97  123  146  152  150  150  158  166  178  181  218  212  209  229
 [61]  231  262  272  292  281  288  259  305  311  301  336  382  409  404  366
 [76]  400  470  478  463  475  490  511  543  569  610  638  649  642  669  724
 [91]  819  830  859  837  893  998 1072 1124 1121 1106 1161 1195 1276 1315 1369
[106] 1437 1505 1562 1641 1665 1796 1826 1941 2103 2104 2202 2267 2346 2416 2619
[121] 2781

[[113]]
  [1]   10   44   34   26   25   21   21   17   18   21   19   22   26   23   19
 [16]   20   36   34   28   28   42   47   39   36   33   31   40   41   40   39
 [31]   47   51   52   47   54   67   75   70   66   78   95  128  130  125  123
 [46]  117  135  132  129  136  130  143  147  147  156  154  160  178  194  206
 [61]  198  227  237  246  285  303  314  345  338  355  346  394  405  403  411
 [76]  467  500  516  545  573  600  567  577  618  629  671  678  714  757  786
 [91]  832  824  892  942  954 1030 1123 1143 1080 1120 1267 1294 1310 1389 1366
[106] 1387 1433 1516 1617 1741 1818 1870 1861 2071 2163 2279 2217 2350 2481 2535
[121] 2654

[[114]]
  [1]   10   33   38   26   20   23   56   51   53   39   40   39   70   68   54
 [16]   55   63   72   82   61   57   62   73   93  105   85   76   84  105  114
 [31]  102   95  117  101  118  144  118  110  116  126  135  134  130  137  148
 [46]  180  169  177  173  174  191  190  184  224  238  212  215  244  278  286
 [61]  297  301  287  332  352  363  338  357  396  415  431  424  511  475  505
 [76]  588  629  615  640  611  677  725  699  720  812  869  901  897  908 1022
 [91] 1116 1123 1161 1181 1203 1326 1289 1354 1377 1456 1544 1655 1662 1724 1798
[106] 1847 1956 2009 2094 2212 2340 2339 2512 2622 2740 2801 2982 3156 3198 3182
[121] 3289

[[115]]
  [1]   10   32   21   28   18   16   16   21   25   22   27   37   34   29   27
 [16]   33   47   43   41   54   44   54   57   82   55   45   52   64   64   54
 [31]   58   66   61   52   94   86   92   83   85   94   82   90   90  105  128
 [46]  138  135  126  140  152  165  176  188  201  204  204  247  269  254  263
 [61]  280  260  261  281  274  284  304  367  368  421  417  395  409  414  435
 [76]  473  499  489  529  491  497  543  638  644  584  606  647  656  688  762
 [91]  733  823  850  868  897  860  910  987  998 1085 1081 1135 1124 1144 1156
[106] 1200 1222 1245 1296 1343 1376 1419 1510 1467 1438 1574 1721 1718 1879 1968
[121] 2066

[[116]]
  [1]  10  15  30  22  17  16  26  19  13  19  13  19  18  33  23  23  26  16
 [19]  15  17  30  37  35  42  34  47  52  50  57  48  41  43  43  45  59  52
 [37]  66  66  63  66  91  94  91  70  86  87  94 109  85  92  92 101 117 126
 [55] 118 121 118 118 120 105 111 114  98  97 111 103  98 113 100 110  90  90
 [73]  92 115 129 133 118 107 116 130 138 143 160 147 155 152 173 166 176 181
 [91] 194 209 216 220 228 218 177 192 234 224 204 224 208 218 209 247 265 273
[109] 271 317 282 304 303 287 322 358 390 379 383 429 467

[[117]]
  [1]   10   36   32   27   28   25   32   26   41   54   58   55   53   60   67
 [16]   74   63   80   96  112  101   88   99  116  106  106  106  114  117  129
 [31]  136  141  127  122  145  170  212  229  227  213  215  227  256  247  276
 [46]  290  302  269  297  335  329  343  350  394  382  396  449  475  498  529
 [61]  482  463  497  576  584  638  580  596  657  686  744  745  759  794  811
 [76]  858  839  880 1027  987 1072 1078 1137 1180 1199 1159 1279 1328 1336 1397
 [91] 1467 1520 1558 1548 1720 1775 1864 1947 1990 2099 2152 2175 2314 2480 2531
[106] 2542 2579 2675 2679 2893 2999 3094 3116 3136 3482 3416 3556 3770 3923 4089
[121] 4242

[[118]]
  [1]   10   41   57   43   31   29   37   34   44   48   62   72   82   60   57
 [16]   69   77   87   95   88  105  107   75   71   78  100  104  113   92   91
 [31]  112  121   92   98  104  118  121  101  102   93  114  113  107  115  122
 [46]  128  134  132  135  175  162  164  169  184  197  191  225  232  222  215
 [61]  229  249  319  317  298  299  313  337  384  434  414  414  463  504  525
 [76]  527  534  542  569  622  615  631  666  640  661  740  740  762  763  789
 [91]  844  787  851  903 1038 1070 1069 1098 1137 1194 1317 1305 1320 1367 1534
[106] 1612 1637 1741 1885 2019 1940 2044 2140 2276 2304 2287 2402 2534 2542 2679
[121] 2841

[[119]]
  [1]  10  25  20  19  18  27  23  17  24  42  33  36  38  34  39  39  39  52
 [19]  44  44  42  43  45  42  64  65  62  58  66  60  55  43  47  52  48  57
 [37]  48  40  51  60  49  44  43  51  71  61  48  45  61  58  59  52  48  56
 [55]  75  76  63  50  56  76  71  64  76  87  86  65  64  84  95  78  81  64
 [73]  68  69  77 103  95 104  82  66  86  84 114 127 108  98 116 124 110 133
 [91] 125 123 126 141 140 161 153 142 155 138 171 206 234 228 208 198 206 238
[109] 308 338 280 288 346 347 351 351 403 407 446 417 421

[[120]]
  [1]   10   25   27   36   35   27   30   31   35   27   34   43   44   48   35
 [16]   46   44   44   36   35   58   61   54   62   64   47   56   63   77   68
 [31]   68   75   81   97  106  118  110  135  115  135  137  167  157  178  182
 [46]  183  209  235  207  184  211  218  236  235  246  257  291  324  327  365
 [61]  410  430  434  431  441  497  528  527  493  511  578  605  651  664  684
 [76]  715  830  828  870  852  842  887  872  945  945 1003  954 1003 1074 1066
 [91] 1170 1222 1253 1351 1338 1426 1505 1636 1672 1820 1831 1857 1978 2066 2178
[106] 2192 2164 2314 2436 2583 2615 2723 2796 3071 3198 3217 3220 3449 3751 3841
[121] 4127

[[121]]
  [1]   10   46   28   29   24   30   31   29   44   26   29   23   28   54   64
 [16]   54   58   58   57   51   59   64   76   56   56   57   70   85   78   59
 [31]   79   71   96   93   83   90   86   80   92  111  126  123  126  174  152
 [46]  157  145  169  171  176  182  172  179  194  176  201  212  226  226  229
 [61]  213  250  244  274  280  286  303  317  309  319  383  364  342  378  401
 [76]  417  415  436  426  456  462  495  504  515  555  614  649  661  696  662
 [91]  746  802  840  817  875  949  967 1041 1122 1111 1123 1121 1215 1388 1414
[106] 1433 1448 1588 1666 1663 1646 1680 1693 1841 1924 1946 2058 2105 2144 2240
[121] 2253

[[122]]
  [1]   10   21   14   18   12    6    6   13    9   13    7   11    6    4    3
 [16]    3    5   10   11    8    5   12    9    8    7   11   10   14   27   20
 [31]   22   25   19   22   20   29   45   51   43   53   43   40   62   63   71
 [46]   69   70   85   87  101  103  147  151  149  131  168  199  218  254  249
 [61]  240  251  302  315  282  303  308  284  301  342  371  420  397  430  452
 [76]  478  470  440  426  467  524  555  528  514  502  563  599  601  610  597
 [91]  618  699  719  744  808  851  867  949  936 1011 1051 1098 1128 1185 1232
[106] 1383 1452 1541 1576 1519 1643 1766 1729 1914 1971 2076 2128 2243 2296 2237
[121] 2331

[[123]]
  [1]   10   36   31   22   18   21   23   17   20   17   20   28   37   29   26
 [16]   43   37   44   45   50   35   32   47   54   39   49   46   41   46   40
 [31]   40   48   36   61   58   53   46   50   57   55   52   52   55   53   72
 [46]   59   64   64   78  100   98   94   94  114  104  116  109   99  137  170
 [61]  138  130  123  132  136  123  126  119  157  174  218  235  201  204  206
 [76]  245  236  228  229  246  280  320  336  300  364  369  399  441  431  427
 [91]  416  470  491  530  464  508  488  520  550  596  639  613  614  608  688
[106]  677  692  733  806  744  800  834  912  870  939  924  916  982 1049 1156
[121] 1221

[[124]]
  [1]  10  24  25  14  12  11   9  13  11  16  11  14  21  21  18  16  16  24
 [19]  20  22  16  20  29  43  42  38  28  22  16  18  17  16  13  11   6   5
 [37]   7  10  10  11  11   9   6  11   8   9   8  12   7   7  10   8  10  21
 [55]  29  25  25  24  47  46  40  50  57  58  75  84  95  97  98  86  97 100
 [73] 110 116 125 123 108 109 117 132 129 111 120 122 103 109 141 124 127 126
 [91] 179 209 177 179 189 188 194 226 229 256 242 250 263 306 307 277 271 302
[109] 360 401 440 437 436 480 476 477 514 503 505 520 540

[[125]]
  [1]  10  34  21  12  14  11   9   8  12  12   8  10  19  24  23  16  13  17
 [19]  21  20  22  18  17  15  19  25  20  17  14  11  14  11  11  40  34  29
 [37]  33  33  30  28  23  21  15  17  25  24  29  25  24  35  33  38  28  40
 [55]  30  42  55  63  49  50  52  54  49  68  45  49  60  59  50  56  55  64
 [73]  74  76  83  69  73  72  95  97  89  93 113 116 144 103 123 133 130 160
 [91] 136 135 149 138 148 167 187 186 187 215 225 231 236 233 226 249 269 274
[109] 255 304 296 324 327 309 321 301 360 337 348 348 415

[[126]]
  [1]   10   16   20   17   15   17   43   31   29   30   27   35   22   35   52
 [16]   33   28   29   34   33   24   26   42   58   50   57   55   51   56   56
 [31]   54   58   81   77   76  106  116  107   95   96  121  140  150  134  137
 [46]  127  143  161  163  164  185  194  172  184  199  201  184  224  237  230
 [61]  210  212  203  215  230  286  298  297  281  280  325  374  409  411  440
 [76]  444  488  483  514  530  576  644  658  610  667  651  659  714  724  794
 [91]  813  841  876  879  951  994  979  989 1030 1093 1154 1205 1324 1377 1361
[106] 1446 1542 1565 1534 1599 1709 1760 1829 1835 2000 2081 2131 2340 2431 2560
[121] 2583

[[127]]
  [1]   10   46   35   27   24   19   24   36   42   42   35   53   46   38   46
 [16]   70   60   53   58   53   47   63   73   75   76   99  103   78   74   83
 [31]  111  128  111  108  117  123  139  130  161  151  174  174  144  161  170
 [46]  167  192  181  176  161  169  176  199  221  277  321  277  268  254  284
 [61]  332  340  327  364  359  350  398  380  435  414  488  464  481  507  528
 [76]  543  617  678  644  713  759  771  787  863  913 1011 1038 1072 1154 1183
 [91] 1174 1264 1320 1371 1418 1426 1472 1574 1634 1719 1703 1780 1785 1962 2031
[106] 2237 2214 2331 2362 2550 2609 2692 2885 2968 3086 3240 3542 3678 3744 3897
[121] 4118

[[128]]
  [1]   10   38   46   33   27   24   33   52   47   51   50   52   51   55   65
 [16]   70   69   87   97  109   90   94   83  102  120  116  131  129  130  126
 [31]  122  131  129  132  138  158  156  171  165  183  220  215  187  201  202
 [46]  206  226  227  241  262  272  298  315  350  339  371  379  409  430  483
 [61]  482  480  507  485  499  548  615  665  635  648  695  783  798  812  817
 [76]  808  873  920  951  914 1091 1078 1050 1122 1160 1173 1206 1350 1350 1394
 [91] 1363 1459 1529 1642 1701 1759 1837 1923 2041 2123 2179 2173 2239 2343 2367
[106] 2425 2601 2703 2813 2977 3105 3225 3329 3504 3610 3626 3670 3960 4183 4474
[121] 4557

[[129]]
  [1]   10   31   43   32   24   22   26   25   34   41   31   27   36   45   44
 [16]   36   49   46   48   52   62   76   74   78   95   89   82   99   89  102
 [31]  110   95   96  134  124  130  104  117  128  166  137  132  162  155  172
 [46]  147  158  179  174  158  190  199  202  234  213  251  248  259  264  262
 [61]  301  331  393  389  391  364  392  467  470  498  570  526  508  484  518
 [76]  592  610  611  650  674  722  749  785  799  838  843  857  883  881  994
 [91] 1008 1062 1159 1146 1206 1214 1330 1471 1451 1420 1495 1576 1596 1703 1785
[106] 1916 1900 1983 2080 2053 2116 2255 2418 2452 2528 2667 2690 2809 2975 3009
[121] 3112

[[130]]
  [1]  10  38  47  46  31  32  29  29  35  38  37  32  30  39  36  49  47  51
 [19]  53  48  68  96  82  95  68  62  55  46  66  57  70  67  58  67  77  64
 [37]  73  94  89  74  68  62  82 104 108  91  78  75  82  99 108  94  81 110
 [55] 111 114 129 130 137 148 152 147 140 130 118 112 139 140 135 140 144 155
 [73] 135 138 152 164 175 182 211 190 200 227 224 230 225 233 240 235 222 236
 [91] 244 262 278 264 289 309 317 334 337 347 364 351 348 402 370 385 397 434
[109] 413 440 460 473 473 540 561 573 568 586 653 636 640

[[131]]
  [1] 10 25 19 16 10 17 16 20 14 10  8  8  8  5  3  2  2  7  6  3  3  2  2  2  2
 [26]  0  0  0  0  0  0  0  0  0  0  0  0  0  0  0  0  0  0  0  0  0  0  0  0  0
 [51]  0  0  0  0  0  0  0  0  0  0  0  0  0  0  0  0  0  0  0  0  0  0  0  0  0
 [76]  0  0  0  0  0  0  0  0  0  0  0  0  0  0  0  0  0  0  0  0  0  0  0  0  0
[101]  0  0  0  0  0  0  0  0  0  0  0  0  0  0  0  0  0  0  0  0  0

[[132]]
  [1]   10   42   29   25   18   14   28   27   28   21   22   26   19   31   22
 [16]   24   21   22   52   57   59   44   50   60   66   74   82   81   61   66
 [31]   82   94  114  121  108  113  129  150  156  147  151  126  152  181  174
 [46]  189  182  192  233  246  230  229  255  238  264  293  322  333  301  320
 [61]  341  373  414  413  430  449  474  503  512  559  576  565  644  646  652
 [76]  622  685  718  758  762  803  874  927  946  935 1014 1064 1101 1118 1158
 [91] 1182 1245 1279 1350 1429 1429 1468 1526 1607 1674 1779 1763 1897 2018 2043
[106] 2038 2136 2155 2166 2420 2539 2615 2637 2832 2984 3061 3198 3244 3449 3671
[121] 3658

[[133]]
  [1]  10  20  30  22  24  26  22  13  16  16  24  20  25  19  34  24  22  26
 [19]  16  25  34  28  24  28  37  24  25  41  32  37  32  40  42  46  48  54
 [37]  63  58  62  70  85  77  94 103 110 120 101 107 123 121 133 141 113 111
 [55] 104 117 101 100 114 123 140 136 117 115 115 148 165 147 127 130 150 162
 [73] 157 145 151 136 150 165 143 148 151 152 192 203 193 212 214 215 233 254
 [91] 274 245 265 277 292 309 324 360 364 382 368 374 393 434 457 481 496 510
[109] 558 574 621 582 601 634 642 659 671 676 714 777 772

[[134]]
  [1]   10   29   29   20   15   24   32   29   28   24   43   39   45   51   60
 [16]   60   68   60   72   74   63   61   69   61   76   81   77   95   79   86
 [31]   99  100   96  124  117  123  136  144  151  154  189  173  197  222  232
 [46]  230  258  279  252  260  263  296  304  306  285  306  281  304  319  307
 [61]  363  325  339  325  387  378  421  397  397  432  461  464  526  547  525
 [76]  535  505  531  560  551  506  597  580  671  640  657  721  770  799  816
 [91]  840  823  965  967  952 1075 1102 1118 1137 1148 1152 1249 1300 1381 1408
[106] 1548 1597 1565 1596 1643 1760 1881 1912 2004 2063 2062 2210 2267 2331 2572
[121] 2576

[[135]]
  [1]  10  23  27  26  18  18  14  12  15  10   8   8  11   9  11  18  13  11
 [19]  11  15  17  19  18  28  21  26  29  24  20  14  17  14  10  24  30  23
 [37]  21  18  18  21  22  24  28  38  27  33  37  30  37  33  33  34  24  18
 [55]  33  28  38  45  41  55  37  30  35  33  36  50  54  49  54  67  71  73
 [73]  72  68  87  87  90  83  74  81  99 104  95 112  94 105 105 137 145 153
 [91] 148 134 162 186 172 191 198 197 209 226 254 288 249 255 249 252 310 332
[109] 336 379 404 379 405 414 419 415 387 405 426 470 429

[[136]]
  [1]   10   37   27   24   18   14   18   18   11    8   11   10    9   15   22
 [16]   28   23   23   16   15   28   23   24   22   29   22   16   21   14   11
 [31]   10   17   14   19   16   24   37   45   39   40   33   39   47   55   76
 [46]   67   51   63   62   74   72   88   95   92   71   72   82   95  110   88
 [61]   80  117  118  107  140  125  163  167  184  178  164  163  203  217  231
 [76]  209  205  167  199  213  230  238  238  249  291  297  330  352  343  350
 [91]  328  354  375  410  443  481  513  521  509  566  599  600  621  635  667
[106]  684  723  710  761  785  803  847  974 1007 1048 1015 1087 1141 1194 1259
[121] 1255

[[137]]
  [1]  10  39  25  14  11  13  10  10  21  21  17  17  14   9  13  16   9   6
 [19]   5   6  11  10   8   7   7  17  22  21  21  20  19  19  14  18  14  17
 [37]  14  12  10   8  17  18  16  23  25  30  29  29  23  22  25  37  34  47
 [55]  51  55  54  57  68  67  69  52  50  64  67  68  53  53  58  56  48  52
 [73]  67  68  72  95  75  84  79  70  77  76  77  97  84  75  81  91 100  97
 [91]  96 156 130 115 121 105 115 126 148 128 139 146 158 163 185 174 176 204
[109] 232 223 214 227 252 268 290 304 310 289 327 360 394

[[138]]
  [1]   10   28   18   12   12   17   16   19   13   11   10   22   15    9   11
 [16]   13    7   20   27   23   16   19   18   21   26   22   28   49   45   41
 [31]   38   51   51   45   46   83   73   75   74   90   79   82   93   83  103
 [46]   96   87   96  112  115  113   99  119  136  168  162  151  171  147  161
 [61]  156  161  162  166  188  186  181  198  196  236  266  280  279  273  292
 [76]  287  323  321  331  330  360  353  344  387  392  416  406  428  393  419
 [91]  430  503  540  523  584  601  671  684  621  698  685  738  727  761  780
[106]  772  834  904  938  925  924 1091 1164 1161 1157 1186 1251 1343 1361 1488
[121] 1477

[[139]]
  [1]   10   30   35   35   34   23   20   16   26   27   35   44   41   49   62
 [16]   52   44   52   51   43   59   73   67   60   68   65   84   64   59   63
 [31]   63   97   79   76  100   99  122  101  106  106  107  102  116  108  122
 [46]   96  108  153  149  157  132  150  175  186  195  173  187  183  204  227
 [61]  235  223  220  240  262  239  243  266  276  293  300  310  380  384  397
 [76]  382  371  418  411  423  438  521  543  527  545  534  512  552  575  637
 [91]  593  628  682  698  756  765  744  737  758  853  854  886  859  948  986
[106] 1003 1085 1111 1167 1230 1326 1325 1417 1538 1532 1533 1544 1672 1852 1923
[121] 1883

[[140]]
  [1]   10   24   18   13   12   14   16   16   12    9    9    8   19   22   18
 [16]   27   38   35   30   33   32   35   46   43   35   43   51   45   43   64
 [31]   60   52   76  112  108   91   78   99   86   76   87  109  148  130  131
 [46]  136  147  147  145  159  163  162  170  166  202  216  200  222  209  230
 [61]  230  234  298  302  301  270  315  335  301  321  328  342  346  350  350
 [76]  363  397  412  403  403  437  415  402  448  470  483  472  578  551  576
 [91]  583  616  651  682  697  723  719  823  898  949  934  925  959 1050 1095
[106] 1031 1114 1152 1202 1296 1349 1320 1335 1427 1481 1542 1608 1733 1806 1809
[121] 1908

[[141]]
  [1]  10  19  18  12  14  13  20  19  22  24  29  39  35  33  23  24  19  22
 [19]  25  21  26  19  20  28  24  20  25  35  30  41  36  31  37  38  36  37
 [37]  38  38  51  58  50  49  57  67  57  49  44  59  63  72  88  75  90  92
 [55]  82  94  89  97 125 112  91 115 116 128 136 122 137 148 159 172 161 164
 [73] 178 216 238 257 268 247 216 237 256 250 245 232 230 238 238 247 273 278
 [91] 288 330 342 352 356 344 380 414 430 448 519 497 495 490 528 522 562 525
[109] 589 574 606 654 681 708 721 756 813 852 867 901 938

[[142]]
  [1] 10  8  7 10  7 11 11 10  9  5 10 13  8  6  4  4  2  7  2  1  1  1  1  1  0
 [26]  0  0  0  0  0  0  0  0  0  0  0  0  0  0  0  0  0  0  0  0  0  0  0  0  0
 [51]  0  0  0  0  0  0  0  0  0  0  0  0  0  0  0  0  0  0  0  0  0  0  0  0  0
 [76]  0  0  0  0  0  0  0  0  0  0  0  0  0  0  0  0  0  0  0  0  0  0  0  0  0
[101]  0  0  0  0  0  0  0  0  0  0  0  0  0  0  0  0  0  0  0  0  0

[[143]]
  [1]   10   40   39   30   27   31   33   39   31   34   32   32   26   24   21
 [16]   23   47   45   46   38   30   36   40   43   58   49   55   50   62   51
 [31]   57   61   63   73   77   63   71   66   59   76  100  107   85   68   66
 [46]   78   81   69   73   72   94   97   83   95  109  102  110  123  117  126
 [61]  136  119  147  164  176  140  152  162  200  195  184  229  221  228  234
 [76]  255  261  262  251  268  282  292  315  326  351  380  393  397  448  423
 [91]  435  468  445  498  532  512  526  577  565  652  687  708  710  723  718
[106]  743  798  855  886  965  948  996  981 1056 1108 1188 1304 1280 1328 1393
[121] 1402

[[144]]
  [1] 10 18 22 21 12 12 11 22 15 15 14 17 16 13  9  9  9  9 13  8  7  9 12 11 11
 [26] 11  7  8  9 12 10 10 10 13 12 11 10  8 10 13  7  4  4  4  3 14  9  6  4  7
 [51]  4  3  3  1  1  1  1  1  1  0  0  0  0  0  0  0  0  0  0  0  0  0  0  0  0
 [76]  0  0  0  0  0  0  0  0  0  0  0  0  0  0  0  0  0  0  0  0  0  0  0  0  0
[101]  0  0  0  0  0  0  0  0  0  0  0  0  0  0  0  0  0  0  0  0  0

[[145]]
  [1]  10  30  33  23  18  14  12  17  12  14  11  16  14  10  19  12  10  12
 [19]  13  11  16  18  14  25  15  17  19  18  22  24  19  22  24  34  25  22
 [37]  16  12   8  12  18  13   7   7   6   9   8   9   7  18  15  15  13  16
 [55]  17  29  34  29  25  23  29  43  26  29  35  43  35  28  35  39  32  41
 [73]  55  60  77  63  65  53  70  73  67  80  74  88  77  78  98 114 113  87
 [91] 103 110 118 109 109 104 142 155 145 183 196 207 233 245 237 230 239 273
[109] 291 319 318 358 373 382 402 395 393 445 467 452 456

[[146]]
  [1]   10   25   32   30   30   25   30   46   48   60   63   77   76   88   73
 [16]   83   77   84   81   88   84   90   94   78   65   92   96   96  101  107
 [31]  133  132  120  110  138  148  127  133  121  119  135  152  170  160  169
 [46]  203  201  259  261  263  277  312  293  300  344  368  374  359  369  371
 [61]  363  390  433  446  391  397  396  419  449  476  461  472  533  543  511
 [76]  497  525  554  570  610  650  615  621  700  754  792  795  858  854  915
 [91]  946  931  968 1080 1155 1170 1120 1228 1300 1415 1498 1502 1560 1644 1700
[106] 1732 1832 1949 1942 2020 2135 2263 2330 2482 2569 2670 2739 2860 2831 3062
[121] 3292

[[147]]
  [1]   10   47   43   32   28   32   49   62   57   62   59   73   76   78   67
 [16]   95  110  109  109  127  134  127  129  123  106  127  151  155  161  181
 [31]  180  181  186  208  202  235  217  228  253  255  249  265  266  274  306
 [46]  273  290  312  285  269  340  362  360  353  355  401  411  416  431  475
 [61]  524  568  552  568  569  645  662  679  728  782  806  872  868  865  942
 [76] 1001 1085 1119 1165 1211 1353 1371 1435 1569 1527 1636 1674 1755 1877 1890
 [91] 1960 2133 2184 2204 2306 2492 2634 2685 2722 2812 2979 3146 3207 3340 3456
[106] 3685 3858 4181 4204 4367 4549 4688 5051 5304 5525 5645 5784 6074 6355 6535
[121] 6876

[[148]]
  [1]   10   38   31   33   25   19   30   23   23   23   20   26   40   50   40
 [16]   33   32   46   72   56   67   63   74   79   83   66   70   81   68   76
 [31]   86  100   95   86   90   90   99  108  133  111  125  130  124  138  164
 [46]  151  166  161  197  204  196  206  216  218  214  260  280  277  242  256
 [61]  295  340  311  336  349  337  385  396  384  412  418  439  519  562  573
 [76]  613  602  646  689  788  772  745  802  865  861  865  983 1049 1065 1112
 [91] 1211 1250 1250 1305 1385 1410 1594 1578 1663 1752 1766 1740 1720 1777 1922
[106] 2053 2151 2287 2355 2364 2446 2616 2752 2966 3102 3224 3358 3437 3535 3854
[121] 3992

[[149]]
  [1]   10   20   23   24   19   21   32   36   33   38   31   29   34   38   44
 [16]   63   48   48   59   69   69   74   74   73   87   74   78   80   76   94
 [31]  107   93  115  100  102  105   94  135  136  133  147  124  130  145  174
 [46]  184  198  193  192  222  217  233  226  252  256  284  307  318  304  341
 [61]  348  370  442  455  490  481  467  532  501  561  581  598  619  602  658
 [76]  716  750  700  733  811  869  870  922  954  973 1015 1093 1079 1140 1174
 [91] 1246 1331 1307 1449 1509 1555 1628 1681 1674 1781 1878 1867 1858 1917 2142
[106] 2165 2259 2401 2558 2639 2647 2755 2900 2995 3035 3171 3214 3289 3440 3716
[121] 3670

[[150]]
  [1]   10   55   47   36   31   48   68   61   51   73   75   99  106  120  121
 [16]  132  118   91  106  145  160  154  139  155  165  175  183  171  186  196
 [31]  202  186  233  242  224  239  270  244  236  248  292  301  304  324  322
 [46]  336  341  406  388  369  406  419  424  418  489  496  549  562  579  574
 [61]  572  639  707  709  766  829  903  941  930  973  993 1083 1087 1163 1175
 [76] 1203 1249 1277 1337 1384 1404 1483 1496 1539 1598 1698 1780 1836 1906 1930
 [91] 2122 2175 2305 2358 2437 2500 2575 2727 2831 2994 3030 3068 3139 3335 3436
[106] 3580 3699 3829 4018 4193 4437 4486 4632 4686 4898 5131 5356 5768 5867 6001
[121] 6196

> save(reslist, file=paste("output",iter,".rda",sep=""))
> 
> 
> ###############################################################
> 
> 
> # Clear the workspace and turn off graphics.
> #  Load all the functions you need by sourcing the provided demographic.R file
> #  Read in the job number from the cluster. To do this, your code should include a new
> # variable iter and should start with the line:
> # iter <- as.numeric(Sys.getenv(PBS_ARRAY_INDEX))
> #  Control the random number seeds so that each parallel simulation takes place with a
> # different seed. Your function should therefore set the random number seed as iter so that
> # each parallel simulation has a unique random seed.
> #  In each parallel run, select the initial condition to be used. Ensure that 25 of the parallel
> # simulations are allocated to each of the initial conditions.
> #  Create a variable which is the filename to store your results. The end of the filename
> # should be the number iter to ensure that simulation files do not overwrite one another on
> # the cluster.
> #  Initialise a list which will contain the results of your 150 simulations.
> #  Call the stochastic_simulation function to do the appropriate simulation 150 times,
> # appending the output to the results list, and then save the results list.
> 
> #four initial conditions (25 cluster runs per)
> #each cluster run runs simulation 150 times
> #1) large population of 100 adults
> #2) small population of 10 adults
> #3) 100 individuals spread
> #4) small population of 10 individuals
> 
R has finished running

============================================

        Job resource usage summary 

                 Memory (GB)    NCPUs
 Requested  :         1             1
 Used       :         0 (peak)   0.88 (ave)

============================================
