R is about to run

R version 4.4.1 (2024-06-14) -- "Race for Your Life"
Copyright (C) 2024 The R Foundation for Statistical Computing
Platform: x86_64-conda-linux-gnu

R is free software and comes with ABSOLUTELY NO WARRANTY.
You are welcome to redistribute it under certain conditions.
Type 'license()' or 'licence()' for distribution details.

R is a collaborative project with many contributors.
Type 'contributors()' for more information and
'citation()' on how to cite R or R packages in publications.

Type 'demo()' for some demos, 'help()' for on-line help, or
'help.start()' for an HTML browser interface to help.
Type 'q()' to quit R.

> 
> 
> growth_matrix <- matrix(c(0.1, 0.0, 0.0, 0.0,
+ 0.5, 0.4, 0.0, 0.0,
+ 0.0, 0.4, 0.7, 0.0,
+ 0.0, 0.0, 0.25, 0.4),
+ nrow=4, ncol=4, byrow=T)
> 
> reproduction_matrix <- matrix(c(0.0, 0.0, 0.0, 2.6,
+ 0.0, 0.0, 0.0, 0.0,
+ 0.0, 0.0, 0.0, 0.0,
+ 0.0, 0.0, 0.0, 0.0),
+ nrow=4, ncol=4, byrow=T)
> 
> clutch_distribution <- c(0.06,0.08,0.13,0.15,0.16,0.18,0.15,0.06,0.03)
> 
> #=========================================================================================
> rm(list=ls())
> graphics.off()
> source("Demographic.R")
> source("kl2621_HPC_2024_main.R")
[1] 0 0 0 0 3
[1] 3 3 2 2 2
[1] 2 2
 [1] 7 4 2 2 2 2 2 2 2 2 1 1 1 1 1 1 1 1 1 1 1
> 
> 
> ###4 initial conditions
> 
> ############################################################
> 
> 
> 
> #VVVVVVVVVVVV-------------COMMENT ME OUT WHEN RUNNING THE THING
> #iter <- 5
> #VVVVVVVVVVV--------------UNCOMMENT ME OUT
> iter <- as.numeric(Sys.getenv("PBS_ARRAY_INDEX"))
> set.seed(iter)
> 
> 
> if (iter <= 25) {
+ initial_state <- state_initialise_adult(4,100) #100 adults
+ } else if (iter >25 && iter <= 50) {
+ initial_state <- state_initialise_adult(4,10) #10 adults
+ } else if (iter >50 && iter <= 75) {
+ initial_state <- state_initialise_spread(4,100) #100 spread
+ } else {
+ initial_state <- state_initialise_spread(4,10) #10 spread
+ }
> 
> reslist <- list()
> 
> ####100 cluster runs
> ###################################################
> ####150 runs of stochastic_simulation per cluster run
> for (i in 1:150) {
+     #################################
+     ###120 steps of stochastic_simulation per simulation
+     stochasticresult <- stochastic_simulation(initial_state,growth_matrix,reproduction_matrix,clutch_distribution,120)
+     reslist[[i]] <- stochasticresult
+     #################################
+ }
> ###################################################
> 
> print(reslist)
[[1]]
  [1]  10  29  24  15  12  10   9   7  11  17  15  12   8  12  10  17  12  11
 [19]  10   8  14  16   9   6   6  15   9   6   5   5  15  11  10  15  21  12
 [37]  16  11  12  15  13  16  27  23  18  23  22  24  20  25  27  34  36  33
 [55]  28  23  20  18  22  15  16  25  20  25  21  28  43  44  37  48  40  40
 [73]  47  32  46  58  53  41  47  43  60  67  71  68  66  50  62  66  71  67
 [91]  79  84  82  75  64  68  96 107 108  89  88  69  72  63  75  79  70  77
[109]  63  88  97  94  92  99 102 117 114 126 124 133 120

[[2]]
  [1]   10   44   44   31   28   31   38   36   50   65   61   67   76   60   58
 [16]   57   74   71   81   77   77   71   71   76   81   87   76   81   98  106
 [31]  105  143  141  155  165  162  165  173  182  183  181  194  197  243  234
 [46]  218  223  257  270  298  264  300  304  320  307  343  347  344  347  393
 [61]  414  400  419  426  469  462  501  528  594  548  606  607  618  674  694
 [76]  689  698  735  802  792  854  870  899  937  979 1011 1107 1099 1135 1212
 [91] 1221 1248 1326 1358 1426 1496 1539 1604 1680 1742 1784 1829 1952 2153 2198
[106] 2205 2427 2543 2605 2697 2843 2886 2956 3175 3210 3407 3560 3796 3991 4102
[121] 4165

[[3]]
  [1]  10  27  14  16  10   9  20  13  11  13  13  22  18  24  16  21  15  13
 [19]  17  19  27  25  16  13  26  25  28  27  33  38  29  31  24  20  19  42
 [37]  45  36  25  29  54  51  61  51  38  31  27  37  36  44  46  47  43  40
 [55]  74  60  67  51  53  80  61  67  63  48  65  69  69  64  66  55  76  66
 [73]  68  68  77  92  90  97  96  99  88 111 105 106 120 111 148 111 131 130
 [91] 125 133 139 161 139 141 142 154 147 160 135 180 150 144 146 160 159 165
[109] 153 144 185 205 237 246 235 225 238 279 274 282 284

[[4]]
  [1]   10   32   25   16   14   13   16   25   27   24   20   14   11   14   12
 [16]   17   20   15   20   15   12   17   29   31   22   20   16   22   25   41
 [31]   33   26   37   37   32   33   34   29   36   37   32   52   44   52   66
 [46]   57   48   47   48   68   83   71   61   69   74   90   97  115  126  125
 [61]  150  152  134  129  153  153  166  177  210  199  183  187  222  242  233
 [76]  246  256  253  248  266  244  281  321  320  332  374  373  370  383  427
 [91]  453  520  519  620  611  591  602  659  690  741  744  815  870  839  835
[106]  901  906 1001 1054 1030 1068 1146 1155 1213 1329 1370 1340 1362 1492 1591
[121] 1575

[[5]]
  [1]   10   25   18   16   12   10   17   16   10   19   19   15   16   15   12
 [16]   10   16   26   29   32   20   26   30   41   40   41   39   30   41   54
 [31]   59   58   53   78   80   62   70   69   86  103  107   87  104  103  110
 [46]  139  107  112  109  105  119  124  111  110  133  119  124  138  125  164
 [61]  147  164  147  172  178  203  240  273  270  268  279  252  260  284  346
 [76]  340  353  364  352  387  411  430  413  469  536  579  520  557  564  669
 [91]  605  612  641  627  632  745  795  826  790  810  811  833  986 1068 1028
[106] 1025 1119 1150 1161 1209 1255 1332 1352 1499 1482 1476 1530 1597 1713 1867
[121] 1954

[[6]]
  [1]  10  22  18  20  13  23  14   9   7  11   8   6   7   5   4  13  10   7
 [19]   6  18  12   8   7  10   7   7  15  16  13  12  19  20  22  20  34  25
 [37]  19  26  17  21  20  25  39  36  32  31  29  37  51  56  38  30  28  29
 [55]  27  29  24  21  26  38  48  47  46  33  38  51  44  40  52  53  66  60
 [73]  75  81  73  66  66  55  61  78  84  79  67  91  86  86  88  87 100 126
 [91] 123 121 102 100 108 118 125 115 127 122 152 151 174 171 174 162 163 210
[109] 221 214 227 222 263 279 295 305 307 285 293 281 275

[[7]]
  [1]   10   20   17   11    9    8    7    9    9   15    8   14   23   19   16
 [16]   24   18   14   23   24   27   41   30   31   49   49   45   43   40   44
 [31]   52   42   50   40   47   43   53   34   58   51   65   49   44   38   35
 [46]   41   53   64   50   53   49   47   44   73   77   66   63   74   97  105
 [61]   88   93  106   90  103   95  111  146  140  151  137  132  138  181  221
 [76]  195  203  237  206  262  261  278  316  299  306  325  366  388  462  465
 [91]  454  456  424  406  416  489  542  570  640  630  616  656  728  759  805
[106]  783  798  770  856  960  945  974 1041 1079 1058 1132 1148 1181 1260 1270
[121] 1307

[[8]]
  [1]  10  27  41  32  19  15  22  30  29  33  20  18  29  34  30  20  18  29
 [19]  23  25  26  26  16  19  12  21  27  20  24  21  22  20  20  24  22  15
 [37]  13  22  14  20  24  17  15  21  22  15  20  18  24  14  18  15  14  18
 [55]  33  38  25  21  18  25  22  21  17  29  19  17  18  21  21  30  34  38
 [73]  26  25  25  19  23  18  33  24  16  15  21  20  37  37  41  49  48  51
 [91]  56  62  65  67  56  62  61  63  65  82  71  66  71  80  96  95  95  93
[109] 100  96  96 105 101 104  97 105 117 119 102  99 122

[[9]]
  [1]   10   27   20   19   16   27   19   17   17   27   26   27   29   22   22
 [16]   25   19   40   43   36   31   25   25   34   39   43   36   38   35   41
 [31]   51   56   60   62   62   60   77   93   90   93   92   72   90   85   90
 [46]   95  115  125  111  100   89  101  110  143  127  112  122  118  107  135
 [61]  145  144  159  146  165  149  175  186  205  245  217  231  208  209  234
 [76]  246  226  223  273  282  320  318  310  294  328  315  380  379  398  417
 [91]  445  483  497  491  498  549  532  586  596  615  597  586  599  655  660
[106]  752  784  820  879  908  936  925 1018 1087 1130 1218 1209 1303 1390 1467
[121] 1488

[[10]]
  [1]   10   33   32   34   27   27   35   36   39   30   45   45   48   42   70
 [16]   66   67   68   73   76   76  109  125  121  113   88  106  107  111  111
 [31]  108  130  122  131  133  129  146  173  184  185  171  157  180  207  240
 [46]  227  222  246  233  246  245  324  351  379  337  361  402  408  446  461
 [61]  470  426  456  487  480  500  492  520  552  619  611  611  630  678  672
 [76]  750  789  819  796  865  966 1059 1056 1084 1181 1174 1283 1369 1514 1429
 [91] 1485 1495 1591 1612 1706 1685 1776 1821 1879 1900 2111 2215 2269 2385 2529
[106] 2734 2794 3001 3013 3184 3298 3314 3541 3677 3833 3991 4135 4156 4466 4680
[121] 4826

[[11]]
  [1]   10   39   26   13   11   10    9   16   11   21   26   21   26   19   15
 [16]   17   26   28   28   31   44   43   45   38   37   33   37   47   45   65
 [31]   51   54   50   48   49   60   77   70   76   73   75   78   80   78   94
 [46]   91   74   91   83   82   63   83   68   89  106  121  139  135  116  123
 [61]  145  187  173  137  126  129  142  156  188  199  210  236  258  263  241
 [76]  282  286  297  287  353  398  368  353  354  377  407  365  370  381  434
 [91]  430  462  490  507  503  494  558  613  629  698  743  710  701  750  759
[106]  814  922  934  976  995 1065 1053 1107 1154 1217 1331 1320 1409 1417 1542
[121] 1581

[[12]]
  [1]   10   38   46   35   40   43   35   39   62   51   50   42   46   45   52
 [16]   50   55   63   48   61   67   49   54   54   65   80   82   77   83   97
 [31]   88   99   92  105  115  104  101  123  124  113  108  120  116  143  137
 [46]  148  131  170  201  196  193  194  194  219  223  246  278  273  278  274
 [61]  290  280  284  334  360  397  386  359  382  392  422  375  420  469  518
 [76]  521  521  564  564  630  640  653  697  698  710  736  756  777  813  871
 [91]  906  973 1007 1062 1124 1104 1190 1196 1313 1363 1361 1418 1457 1508 1502
[106] 1616 1717 1717 1734 1792 1935 2017 2013 1954 1991 2207 2316 2406 2488 2600
[121] 2642

[[13]]
  [1]   10   32   29   36   43   37   38   38   30   28   28   39   63   52   75
 [16]   70   52   54   57   65   66   77   62   54   60   94  100   88   92  108
 [31]  129  144  147  145  149  154  150  185  193  208  185  191  209  232  214
 [46]  219  232  227  255  270  254  254  323  341  309  334  313  315  328  358
 [61]  379  394  426  413  458  447  527  514  532  541  615  584  588  610  617
 [76]  630  633  629  665  722  751  780  805  861  976  987  973 1021 1057 1129
 [91] 1138 1236 1231 1231 1312 1399 1423 1587 1627 1644 1733 1788 1866 1889 2096
[106] 2138 2324 2402 2423 2492 2601 2759 2767 2864 2978 3113 3146 3362 3467 3644
[121] 3795

[[14]]
  [1]   10   37   36   28   27   19   22   25   17   22   41   34   38   46   38
 [16]   38   31   37   35   56   58   71   71   56   51   66   71   75   69   76
 [31]   94   86  113  114  131  137  153  166  152  171  196  218  211  202  199
 [46]  204  239  233  221  221  235  254  272  258  314  312  349  350  336  359
 [61]  396  373  373  407  377  376  401  444  471  476  477  493  494  525  559
 [76]  518  570  624  630  625  668  716  747  766  807  847  861  915  924  988
 [91] 1137 1127 1143 1267 1305 1304 1375 1417 1457 1455 1592 1652 1685 1674 1688
[106] 1773 1800 1857 1921 1992 2004 2122 2255 2256 2356 2571 2654 2736 2822 3016
[121] 3271

[[15]]
  [1]   10   32   27   25   20   16   20   25   34   32   27   22   22   19   25
 [16]   35   29   29   33   46   48   50   61   79   80   79   71   92   92  116
 [31]  122  116  140  149  154  175  164  167  159  173  165  171  199  210  185
 [46]  191  251  234  258  263  293  329  329  308  326  375  356  373  359  375
 [61]  361  390  386  437  414  428  412  426  442  497  487  550  577  536  542
 [76]  530  542  579  575  640  630  659  757  781  817  817  874  947  938  986
 [91] 1055 1053 1138 1211 1262 1269 1275 1371 1517 1488 1496 1547 1627 1681 1800
[106] 1842 1905 1986 2125 2236 2326 2463 2528 2674 2668 2930 2984 3093 3301 3319
[121] 3440

[[16]]
  [1]   10   39   35   21   18   22   20   44   37   42   34   45   54   49   51
 [16]   61   66   63   55   49   47   54   76   73   71   99   84   76   79   76
 [31]   84  118  122  117  119  138  168  162  152  160  175  204  188  187  189
 [46]  221  228  228  272  277  291  263  273  299  339  328  344  357  365  399
 [61]  417  461  472  448  474  499  576  547  595  650  644  644  607  608  679
 [76]  729  773  770  765  726  835  811  895  967  970 1004 1034 1078 1086 1079
 [91] 1144 1201 1231 1293 1393 1459 1487 1594 1695 1615 1668 1757 1854 1993 2014
[106] 2128 2227 2256 2391 2547 2625 2735 2755 2802 2860 3066 3146 3170 3309 3431
[121] 3609

[[17]]
  [1]  10  21  22  20  18  18  14  16  16  10   9   7  11  10   9   6   5   5
 [19]  10  11  15  10  11  10   8  10  18  15  17  13  15  23  26  25  18  20
 [37]  21  20  28  28  26  28  21  27  30  32  28  41  56  54  62  60  48  56
 [55]  53  74  82  79  79  74  76  63  50  54  74  94 108  99  95  98 127 161
 [73] 135 137 129 119 129 142 135 141 166 158 174 157 182 170 214 241 265 272
 [91] 270 300 293 327 343 358 372 378 388 391 444 459 454 479 493 524 545 557
[109] 598 581 606 606 613 640 679 620 655 698 731 787 792

[[18]]
  [1]   10   29   23   19   16   24   15   15   26   21   31   28   19   17   16
 [16]   24   15   17   16   25   21   25   21   17   26   32   25   20   20   32
 [31]   38   43   41   34   32   26   44   48   55   48   57   59   62   50   60
 [46]   59   69   83   76   66   56   69   61   85   95   83   87   95  113  118
 [61]  123  118  111  131  137  135  127  144  135  144  129  150  178  186  161
 [76]  171  162  165  178  160  177  186  232  241  224  254  257  286  290  327
 [91]  343  367  376  388  396  406  447  479  501  505  500  472  503  505  558
[106]  607  651  665  665  739  760  778  818  862  867  853  884  889  991 1073
[121] 1130

[[19]]
  [1]   10   35   36   40   27   22   19   21   27   30   40   35   47   45   50
 [16]   56   65   72   77   68   80   89   92   85   84   85   98  114  128  124
 [31]  109  101  128  133  148  142  141  153  154  167  160  171  184  203  176
 [46]  219  239  241  259  251  250  264  279  285  306  334  323  298  316  340
 [61]  398  369  409  443  488  466  455  460  445  486  525  525  534  578  602
 [76]  626  612  662  720  711  692  745  826  820  820  821  885  951 1024 1036
 [91] 1031 1022 1075 1132 1209 1237 1233 1312 1374 1513 1483 1578 1583 1634 1672
[106] 1828 1883 1840 1880 1927 2060 2088 2134 2135 2234 2355 2605 2674 2700 2823
[121] 2954

[[20]]
  [1]   10   24   33   29   29   22   24   28   32   32   32   38   48   32   37
 [16]   32   50   49   53   52   57   49   63   69   77   71   67   71   76   73
 [31]   71   88  110  120  126  121  143  159  158  145  156  173  189  161  154
 [46]  192  190  213  173  172  193  179  184  177  167  170  174  174  200  196
 [61]  188  191  201  200  250  230  221  252  222  271  298  320  349  386  378
 [76]  396  389  403  483  453  476  503  496  534  542  546  535  551  578  607
 [91]  631  678  670  690  727  666  698  718  760  824  858  955  942  933 1007
[106] 1012 1008 1060 1129 1185 1166 1139 1182 1360 1442 1450 1514 1548 1560 1644
[121] 1721

[[21]]
  [1]   10   41   47   36   28   33   41   54   58   41   34   52   62   48   62
 [16]   50   55   73   73   78   90  101   84   90  106   86   88   82   93  106
 [31]  109  109  105  148  109  105   94  107  114  151  160  134  141  133  142
 [46]  135  123  152  175  177  175  175  157  190  190  191  224  246  260  248
 [61]  245  276  310  359  358  339  360  381  389  410  431  394  450  506  515
 [76]  526  526  533  541  540  600  631  659  676  650  733  736  809  889  877
 [91]  912  949  931  971 1024 1116 1059 1139 1209 1220 1228 1224 1384 1492 1502
[106] 1489 1590 1714 1911 1871 1883 1923 2006 2020 2178 2188 2236 2318 2439 2560
[121] 2568

[[22]]
  [1]   10   18   11   18   15   13    7    7    5   11    9   17   16   16   18
 [16]   21   16   14   19   16   25   15   24   14   20   20   31   34   37   33
 [31]   45   39   47   57   48   54   43   48   42   41   47   63   61   59   48
 [46]   53   56   50   56   91   97  112  111  103  105  128  143  124  112  140
 [61]  172  174  174  160  174  195  193  182  196  202  187  180  190  203  218
 [76]  228  247  272  304  275  285  296  245  307  291  357  349  355  319  343
 [91]  373  384  374  426  492  499  516  553  549  562  591  615  614  612  626
[106]  677  715  726  778  817  886  908  964 1013 1109 1116 1112 1095 1149 1226
[121] 1334

[[23]]
  [1]   10   31   15   10   10   11   20   16   20   17   12   11   25   19   15
 [16]   11   23   35   33   36   31   26   26   17   20   25   21   23   25   34
 [31]   26   19   22   32   29   31   35   47   57   56   55   66   66   80   94
 [46]  108  109  100  136  122  146  135  159  170  149  162  177  174  190  188
 [61]  187  178  196  213  174  186  187  188  213  261  254  271  275  282  290
 [76]  324  328  341  361  344  332  359  389  400  417  423  470  504  490  486
 [91]  541  565  570  583  594  588  643  694  676  692  760  807  819  809  844
[106]  885  889  882  947 1026 1103 1103 1111 1191 1202 1182 1199 1302 1354 1475
[121] 1534

[[24]]
  [1]   10   31   40   36   28   32   31   36   35   44   35   39   31   38   38
 [16]   34   35   29   31   21   24   32   37   34   31   28   36   44   59   58
 [31]   53   67   76   75   90   81   90   82   99  102  137  135  136  143  121
 [46]  124  124  150  135  150  135  167  183  179  168  200  187  193  216  231
 [61]  241  203  240  271  282  314  349  344  299  296  342  306  288  309  323
 [76]  363  393  409  369  415  419  423  486  488  542  494  500  533  581  596
 [91]  628  584  647  675  657  665  653  763  802  803  802  849  988  978  982
[106] 1032 1077 1111 1125 1120 1142 1214 1278 1384 1478 1551 1508 1583 1659 1750
[121] 1829

[[25]]
  [1]   10   46   41   44   37   31   42   42   44   49   71   64   70   54   82
 [16]   84   86   81  100   93   94   99  100  109  116  126  120  108  128  126
 [31]  133  124  143  148  135  130  143  134  131  138  167  183  178  182  197
 [46]  197  245  234  221  238  238  238  213  260  265  296  281  311  291  334
 [61]  342  372  397  430  457  488  506  513  606  617  676  672  692  736  711
 [76]  805  811  856  931  931  896  948  952  982  934  959 1018 1083 1121 1186
 [91] 1118 1141 1234 1395 1437 1506 1522 1635 1738 1711 1837 1955 1973 2029 2171
[106] 2190 2301 2392 2523 2658 2757 2842 2860 3074 3203 3361 3512 3679 3818 3859
[121] 4131

[[26]]
  [1]   10   23   19   22   18   21   16   25   29   26   18   13   13   23   37
 [16]   36   26   37   41   36   36   53   59   55   43   52   41   43   54   52
 [31]   68   56   44   40   42   44   40   37   58   69   63   67   69   62   88
 [46]   92   80   61   83  104   90   89  102  104  120  109  131  145  142  139
 [61]  147  129  147  152  170  199  231  242  237  241  259  296  296  306  301
 [76]  299  342  338  328  358  402  433  434  442  410  429  435  496  555  610
 [91]  570  572  573  666  680  696  726  682  734  764  816  834  843  905  904
[106]  952  981  977  954 1062 1083 1066 1136 1253 1334 1348 1326 1415 1436 1523
[121] 1601

[[27]]
  [1]   10   38   27   23   21   25   33   33   29   24   18   18   28   25   27
 [16]   37   38   37   36   28   27   19   17   26   19   25   25   28   24   28
 [31]   30   29   42   41   56   60   66   60   56   85   88   90   82   87   70
 [46]   58   59   60   62   66   66   74   73   81  101   88   91   81  102  113
 [61]  115  106  112  116  119  129  150  166  166  167  178  216  203  210  228
 [76]  256  239  280  264  279  261  294  300  329  321  366  410  413  445  441
 [91]  483  443  508  515  549  593  597  625  683  733  754  725  761  792  838
[106]  900  928  940  981 1056 1077 1099 1235 1231 1294 1345 1336 1316 1504 1482
[121] 1480

[[28]]
  [1]  10  19  22  17  11  15  13  13  14  15  14  11  11  10   9   5  10  12
 [19]   8  13  14  10   6   6   5   5   4   3   8   9   6   5   3  10   4   9
 [37]   7  12   9   8  15  12  10  14  17  17  22  27  23  24  18  16  27  34
 [55]  30  26  27  21  25  19  22  40  38  43  37  40  50  40  37  34  45  48
 [73]  38  36  43  51  39  37  46  56  65  52  54  58  58  52  60  62  71  76
 [91]  67  84  84  87  80  95  81  64  63  79  76  83  84  83  88 120 129 116
[109] 116 136 141 156 171 144 218 216 192 233 210 208 211

[[29]]
  [1]   10   21   23   23   16   11   21   23   21   13   10   20   15   26   22
 [16]   20   25   38   26   31   25   43   46   46   51   60   64   72   66   75
 [31]   82   96  113   92   71   72   88   94   92  100  113   97  101  114  106
 [46]  107  115   99  105  104  112  103  117  120  136  112  124  133  131  144
 [61]  159  166  172  155  170  208  228  236  215  215  247  275  298  281  316
 [76]  367  347  387  414  398  392  466  447  506  530  538  517  573  597  619
 [91]  644  599  601  679  685  769  761  771  810  825  886  881  947 1011  988
[106]  978  989 1086 1125 1218 1295 1390 1454 1451 1594 1601 1703 1762 1855 1979
[121] 2105

[[30]]
  [1]   10   22   24   21   20   20   27   26   25   26   18   21   27   36   67
 [16]   45   43   42   70   59   49   70   67   72   69   83   72   66   69   75
 [31]   75   74   73   68   76   71  106  137  109  100  100  104  120  135  130
 [46]  139  132  112  109  137  133  145  155  151  160  176  175  156  152  147
 [61]  167  190  192  200  205  268  279  262  240  269  287  284  272  297  324
 [76]  316  300  337  410  427  432  440  505  543  576  626  631  640  659  787
 [91]  821  856  883  905  990 1029 1093 1147 1220 1210 1352 1404 1463 1483 1485
[106] 1562 1684 1651 1663 1697 1782 1923 1970 2077 2130 2185 2307 2426 2538 2701
[121] 2856

[[31]]
  [1]  10  31  25  23  19  16  15  11   6  11   7   9   9   6  18  16   7  11
 [19]   8   7  12  15  19  14  10  15  13  14  14  12  10   7  12   9  15  14
 [37]  13  11  10  13  21  17  16  12  11  16  22  26  21  21  16  29  25  24
 [55]  19  30  29  19  20  15  13  13  15  26  31  36  36  39  41  53  43  41
 [73]  56  64  62  66  64  56  64  69  68  64  74  88  80  79  80  66  76  76
 [91]  90 111 100  85  72  82  91  88  83  89  84  87  87  84  95 106 100 131
[109] 128 131 127 152 169 159 150 149 173 178 205 184 197

[[32]]
  [1]   10   32   40   34   25   35   46   38   45   51   44   41   33   36   43
 [16]   43   38   42   56   69   69   63   61   72   82   81   91   85   97   94
 [31]   91   90  123  153  157  161  151  142  179  196  195  210  202  235  223
 [46]  239  269  277  315  322  325  340  374  361  385  373  400  455  450  458
 [61]  448  501  537  584  631  650  662  631  659  715  702  838  869  909  846
 [76]  808  860  937  945  943  930  969 1041 1074 1131 1172 1128 1246 1265 1340
 [91] 1370 1448 1628 1631 1717 1682 1791 1951 2043 2094 2070 2220 2369 2503 2485
[106] 2597 2728 2911 3046 3097 3222 3409 3500 3623 3645 3859 4028 4059 4132 4274
[121] 4517

[[33]]
  [1]   10   22   36   28   24   22   20   31   32   27   23   37   60   48   55
 [16]   57   65   65   56   69   79   67   82   87  103   97   99   91   88  114
 [31]  138  129  123  132  121  123  149  141  155  164  162  196  228  201  182
 [46]  191  189  177  175  199  209  211  211  208  239  289  295  283  280  299
 [61]  374  358  363  334  400  402  433  462  470  445  479  503  554  543  514
 [76]  599  671  685  707  707  747  731  767  799  862  871  896  985 1022  968
 [91] 1059 1073 1155 1170 1177 1156 1177 1289 1311 1379 1424 1517 1561 1632 1667
[106] 1675 1785 1923 1980 2121 2148 2185 2325 2376 2446 2485 2578 2661 2726 2809
[121] 2864

[[34]]
  [1]   10   22   19   25   24   18   15   22   36   47   49   35   38   28   27
 [16]   28   40   45   51   55   69   71   61   77   89   87   77  101  152  145
 [31]  166  149  143  142  157  158  165  157  176  184  184  194  190  213  243
 [46]  205  223  253  256  256  315  322  350  314  355  384  449  459  465  496
 [61]  531  515  533  605  645  645  657  688  708  748  815  885  918  914 1014
 [76] 1062 1093 1157 1232 1291 1345 1432 1444 1459 1528 1613 1697 1731 1773 1938
 [91] 1964 2004 2084 2248 2384 2575 2629 2795 2776 2939 3004 3186 3356 3369 3443
[106] 3700 3760 4021 4359 4308 4401 4509 4706 5110 5170 5412 5494 5716 5992 6389
[121] 6633

[[35]]
  [1]   10   40   25   44   29   25   31   55   65   56   58   61   64   55   61
 [16]   61   60   56   60   54   41   57   63   56   72   65   81   93  100  105
 [31]   91   88  107  115   94  108  121  124  155  142  123  130  129  146  154
 [46]  154  162  179  160  166  184  211  198  224  241  279  288  281  293  281
 [61]  329  371  347  340  344  391  452  439  454  455  477  510  562  524  567
 [76]  541  622  678  664  675  690  699  810  823  810  856  890  936 1041 1044
 [91] 1029 1052 1138 1152 1185 1209 1271 1304 1384 1445 1533 1564 1605 1594 1670
[106] 1767 1794 1908 1953 2079 2155 2422 2469 2556 2523 2528 2737 2894 3018 3135
[121] 3291

[[36]]
  [1]   10   32   25   19   17   14   17   41   27   32   24   25   25   27   27
 [16]   27   30   32   52   40   51   46   47   42   45   65   72   84   77   60
 [31]   71   72   67   64   66   89   98   80   85  107   86   94  106  105  109
 [46]  149  157  156  144  149  150  182  200  211  205  199  185  226  223  232
 [61]  187  203  222  275  276  262  303  309  338  324  335  337  356  359  346
 [76]  359  406  420  445  462  482  556  582  561  568  611  650  655  768  764
 [91]  862  850  892  933  949  980 1072 1104 1075 1126 1238 1368 1432 1424 1487
[106] 1560 1690 1828 1878 1809 1850 1877 2117 2259 2145 2334 2369 2475 2598 2715
[121] 2835

[[37]]
  [1]   10   35   32   25   21   26   42   49   52   41   49   40   41   47   59
 [16]   70   53   54   73   80   66   62   89   88  104  110  102  119  109  115
 [31]  106  109  121  136  139  130  135  157  152  149  137  160  185  184  204
 [46]  194  199  215  222  210  234  233  235  256  256  271  271  277  341  354
 [61]  369  335  355  345  367  380  386  345  382  413  424  429  392  414  457
 [76]  500  570  554  577  559  613  703  754  754  754  817  832  884  919  971
 [91]  908  947  952 1023 1072 1194 1283 1272 1427 1522 1592 1603 1577 1662 1692
[106] 1842 1985 2031 2088 2195 2250 2456 2523 2674 2646 2930 2957 3002 3091 3216
[121] 3420

[[38]]
  [1]   10   40   30   26   18   20   21   24   25   23   32   42   48   47   53
 [16]   58   58   56   47   42   48   50   45   52   66   66   77   74   73   72
 [31]   73  107   90   79   86   88   79   64   64   78   77   82  109  103   92
 [46]   85   80   88   83   84   91   95   78   98   99   97  113  105  115   94
 [61]  125  153  153  178  173  141  156  151  157  164  162  205  216  221  235
 [76]  224  261  245  228  234  284  253  262  265  288  271  287  309  341  338
 [91]  391  417  376  385  403  392  423  486  509  479  575  604  645  647  648
[106]  657  698  690  719  777  793  799  767  830  889  961  966 1079 1067 1124
[121] 1095

[[39]]
  [1]  10  11  13  16  11   8   8  19  22  15  17  19  20  22  14  10  20  17
 [19]  15  15  14  24  15  10  13  11  13   7   5   4   3  14  14  11   8   6
 [37]   9   7  10   6   4   4   3   2   2   8   4   4   4   6   8  13  14  13
 [55]  11   7  16  14  17  20  21  23  22  38  37  44  45  44  40  47  58  61
 [73]  62  59  77  85 106  93  94  82 105 125 129 131 127 114 124 124 149 156
 [91] 177 162 156 144 161 180 182 197 176 192 182 163 181 209 191 197 181 178
[109] 181 216 232 231 239 239 250 248 256 274 277 298 336

[[40]]
  [1]   10   27    9   12   13   11   10    7   11   19   20   18   17   13   12
 [16]   15   26   36   25   29   29   29   46   57   58   55   53   55   54   48
 [31]   45   52   82   75   68   67   83  116  107  114  108  128  133  133  120
 [46]   98  114  114  124  120  141  178  178  183  159  165  170  171  195  189
 [61]  214  236  248  232  268  274  273  308  308  315  315  318  345  347  328
 [76]  352  382  423  432  385  405  457  473  524  523  560  526  582  576  550
 [91]  550  583  621  634  693  626  731  765  815  923  988 1015 1065 1071 1115
[106] 1142 1191 1197 1230 1257 1347 1392 1411 1478 1499 1646 1704 1739 1845 1868
[121] 1930

[[41]]
  [1]  10  33  29  16  18  16  21  17  12  21  22  27  21  25  26  30  25  27
 [19]  22  31  37  38  34  31  33  31  49  30  31  29  27  28  32  37  32  35
 [37]  40  42  46  54  44  37  35  40  51  50  33  29  37  50  50  51  48  46
 [55]  53  46  49  47  49  48  40  74  80  74  60  69  68  55  62  62  73  58
 [73]  53  73  63  65  65  57  67  63  63  71  54  85  94 105  94  87  99 125
 [91] 138 130 130 130 124 146 151 177 175 162 201 196 191 221 237 252 225 208
[109] 234 247 274 259 260 261 257 288 281 286 283 342 411

[[42]]
  [1]   10   34   35   33   27   25   20   30   58   52   45   40   41   36   44
 [16]   67   59   64   88   87  104   95   87  101  124  118  106   90  109  129
 [31]  135  153  148  158  154  154  157  159  190  223  205  233  223  275  289
 [46]  293  319  349  389  422  444  472  482  521  539  557  590  577  552  595
 [61]  641  613  629  678  647  692  765  788  809  860  889  888  939 1027 1100
 [76] 1069 1053 1086 1091 1240 1233 1259 1325 1402 1488 1551 1596 1655 1757 1843
 [91] 1894 2000 2069 2066 2305 2338 2438 2514 2729 2903 2958 3025 3128 3228 3394
[106] 3601 3657 3624 3748 3916 4174 4299 4492 4628 4819 4928 5214 5466 5529 5714
[121] 5891

[[43]]
  [1]   10   32   25   23   17   19   21   23   16   14   19   16   28   27   28
 [16]   28   34   44   46   54   63   57   64   69   77   69   89   74   65   69
 [31]   88   97   95   99  105  118  129  111  125  127  131  138  149  113  143
 [46]  190  173  176  195  163  152  146  147  193  189  216  227  208  188  228
 [61]  231  260  269  270  297  301  287  323  356  340  343  361  397  462  426
 [76]  459  465  476  501  530  515  559  613  629  602  686  714  735  778  785
 [91]  849  871  966  952  981 1024 1079 1130 1216 1271 1259 1321 1425 1437 1426
[106] 1477 1574 1594 1684 1718 1843 1848 1906 2048 2178 2217 2330 2399 2462 2555
[121] 2731

[[44]]
  [1]   10   34   38   37   24   34   41   37   36   37   37   36   47   37   39
 [16]   31   24   21   32   34   39   31   38   55   70   70   60   63   69   80
 [31]   88   90   92   75   82   82   77   86  101   86   94   94  109  116  116
 [46]  120  148  143  181  162  172  173  195  181  192  186  212  243  251  259
 [61]  271  314  339  288  288  286  284  320  329  362  378  364  384  367  334
 [76]  406  441  432  458  446  441  481  551  583  573  656  642  614  646  644
 [91]  638  703  750  735  761  808  873  926  974 1082 1022 1073 1098 1059 1137
[106] 1098 1147 1157 1269 1354 1406 1541 1501 1503 1571 1633 1727 1907 2004 1960
[121] 2027

[[45]]
  [1]   10   25   24   15   14   11   22   20   19   14   13   26   24   28   20
 [16]   24   29   21   21   18   17   27   32   29   26   25   37   50   42   56
 [31]   55   50   48   70   63   65   60   80   76   75   80   84   83   80   74
 [46]   68   77   82   69   79   93  105  110  116  121  140  139  136  143  148
 [61]  143  176  175  177  197  188  210  226  225  218  235  230  241  263  305
 [76]  272  288  318  345  346  354  408  412  427  405  397  439  466  548  563
 [91]  570  518  554  584  644  660  748  712  756  805  866  889  936  952  983
[106]  969 1051 1169 1214 1240 1331 1297 1411 1451 1502 1613 1691 1800 1819 1882
[121] 2000

[[46]]
  [1]   10   26   39   22   23   26   35   38   42   39   46   52   56   55   72
 [16]   59   56   58   74   83   85   78   72   84   90  107  115  165  133  145
 [31]  157  166  167  175  214  246  236  253  269  360  335  355  338  345  361
 [46]  455  423  442  431  440  440  519  513  567  610  627  626  659  723  752
 [61]  757  801  790  821  792  920  945  926  918  994 1023 1077 1149 1195 1227
 [76] 1278 1276 1320 1288 1458 1458 1531 1536 1684 1771 1768 2025 2133 2192 2323
 [91] 2307 2440 2511 2605 2761 2905 2890 3021 3061 3214 3342 3363 3506 3567 3692
[106] 3758 3849 3990 4217 4319 4613 4633 4790 5129 5346 5448 5691 6008 6214 6409
[121] 6636

[[47]]
  [1]   10   18   23   16   14   15   14   12   10    9    8   18   11   12   10
 [16]   19   24   24   28   32   34   31   39   48   38   35   44   57   60   55
 [31]   50   62   55   54   74   79   68   60   71   82   68   72   71   88  100
 [46]   85   79   75   88   98  101   87   92  105   98   90  108   99  116  116
 [61]  122  127  129  141  145  182  199  203  190  178  197  208  207  238  211
 [76]  230  243  300  329  349  348  369  365  386  402  406  427  444  416  469
 [91]  539  529  517  567  590  637  656  713  683  657  664  717  772  809  825
[106]  796  883  990  935  972 1021 1065 1020 1172 1237 1257 1344 1430 1475 1588
[121] 1513

[[48]]
  [1] 10 21 19 19 12 11 12 16 18 15 12 18 11 14 14 10  6  7  5  4  4  3  2  8  4
 [26]  4  4  3  2  1  1  1  1  1  1  1  0  0  0  0  0  0  0  0  0  0  0  0  0  0
 [51]  0  0  0  0  0  0  0  0  0  0  0  0  0  0  0  0  0  0  0  0  0  0  0  0  0
 [76]  0  0  0  0  0  0  0  0  0  0  0  0  0  0  0  0  0  0  0  0  0  0  0  0  0
[101]  0  0  0  0  0  0  0  0  0  0  0  0  0  0  0  0  0  0  0  0  0

[[49]]
  [1]  10  27  26  15  16  16  27  27  25  24  30  32  39  35  28  46  33  37
 [19]  37  25  22  26  19  15  12  11   9   6  12  10  19  16  18  14  15  10
 [37]   9  21  12  12  15  13  17  18  23  16  15  12  14  27  17  19  23  16
 [55]  23  19  28  16  16  19  22  20  19  26  29  30  28  24  22  31  40  29
 [73]  32  35  49  44  42  38  66  79  77  70  76  75  88  83  80  76  93  81
 [91]  98 113 105 100 104  91 104  97 111 101 109 115 117 121 128 110 133 136
[109] 148 127 126 137 179 201 201 213 200 199 224 235 239

[[50]]
  [1]   10   31   30   22   21   19   19   25   43   46   42   29   39   34   37
 [16]   27   22   42   34   49   43   37   29   36   45   40   53   44   54   63
 [31]   58   58   83   71   71   87   85   91   93  102   90  100  112  120  102
 [46]  118  117  123  128  123  105  118  116  121  152  145  154  146  133  147
 [61]  138  156  152  147  168  165  196  214  222  244  220  193  211  235  287
 [76]  293  301  302  275  282  307  306  337  328  342  350  350  408  421  451
 [91]  431  419  459  553  620  591  631  583  604  656  663  682  649  683  686
[106]  731  746  731  790  869  853  958  946 1043 1122 1193 1094 1192 1174 1336
[121] 1331

[[51]]
  [1]   10   40   27   19   22   25   25   25   30   40   53   36   43   29   41
 [16]   61   62   53   58   66   72   56   70   77   78   59   55   59   69   79
 [31]   73   72   74   77   74   75   97   88   81   95  120  109  112  125  145
 [46]  128  141  143  177  167  158  184  196  230  243  229  241  276  319  313
 [61]  314  299  323  341  368  412  410  414  431  449  501  515  517  503  559
 [76]  554  594  595  601  594  678  677  687  738  755  837  884  914  895  920
 [91]  974 1062 1180 1138 1163 1147 1296 1376 1401 1333 1454 1493 1590 1712 1723
[106] 1812 1856 1929 2072 2085 2156 2097 2273 2268 2454 2499 2707 2832 2883 2931
[121] 2973

[[52]]
  [1]  10  35  18  25  21  21  15  12  12  21  20  24  23  25  25  28  24  23
 [19]  30  19  28  29  25  25  19  20  15  14  26  22  24  17  36  29  27  28
 [37]  20  34  30  32  29  37  43  44  46  40  34  35  56  64  59  54  58  65
 [55]  69  73  67 102  96  78  93  93  84  96 135 122 129 141 143 141 148 146
 [73] 144 180 162 168 169 194 206 195 186 187 177 222 227 224 235 237 236 309
 [91] 288 300 292 271 325 344 357 370 329 332 345 358 381 435 473 455 488 535
[109] 555 530 601 665 705 690 701 715 760 778 833 807 851

[[53]]
  [1]  10  40  31  28  27  37  31  38  45  38  27  30  45  46  38  32  45  38
 [19]  45  28  25  23  28  29  27  25  21  23  38  32  27  29  29  34  36  30
 [37]  31  49  52  41  42  44  28  22  25  39  31  24  25  37  37  51  54  50
 [55]  37  33  31  29  38  44  57  55  74  54  55  49  44  40  60  54  56  65
 [73]  77  70  68  72  95  90 109 120 122  98 121 111 118 122 124 106 110 103
 [91] 116 126 129 128 137 148 148 152 158 163 203 191 202 194 199 221 246 272
[109] 299 308 325 345 377 367 340 335 348 427 477 472 473

[[54]]
  [1]   10   24   39   30   25   22   20   30   35   39   26   35   29   32   32
 [16]   26   17   26   27   39   36   30   25   28   39   41   46   51   53   51
 [31]   51   50   47   45   45   74   60   71   62   48   47   61   88   86   82
 [46]   92   73   79   84   93  108  105   94   99  144  174  173  149  133  133
 [61]  147  142  153  158  211  184  197  178  191  194  197  195  209  230  244
 [76]  261  259  287  283  320  360  367  387  407  429  458  485  488  512  548
 [91]  578  641  713  712  702  689  708  684  717  801  812  873  890  916  871
[106]  979 1059 1118 1146 1196 1194 1173 1174 1239 1325 1483 1593 1667 1624 1633
[121] 1716

[[55]]
  [1]  10  27  35  23  19  22  19  20  30  26  29  36  24  17  28  22  30  36
 [19]  27  25  32  29  31  37  44  50  42  34  27  47  47  52  69  56  48  48
 [37]  57  61  56  48  48  44  72  85  67  65  57  63  82  87  90  89  99  95
 [55] 108  96 112 118 125 136 155 155 148 142 151 177 197 176 173 195 180 186
 [73] 195 215 251 273 265 266 268 284 281 309 285 260 256 272 283 305 335 357
 [91] 369 374 379 384 350 359 380 392 388 407 450 498 475 530 523 479 501 497
[109] 559 574 602 656 609 636 660 684 775 750 793 824 835

[[56]]
  [1]   10   28   23   13   12    8    8   14   15   17   27   22   23   16   17
 [16]   17   12   10   10    9    8   10    7   13   21   24   29   19   16   21
 [31]   21   17   31   22   28   28   33   35   32   46   49   44   42   56   44
 [46]   42   51   61   71   70   71   72   68   63   67   75   97   98  115  112
 [61]  100  131  148  137  149  175  152  180  176  191  198  198  186  216  207
 [76]  214  228  204  194  225  254  250  273  303  294  329  396  439  424  425
 [91]  456  433  489  522  530  544  557  559  633  680  678  719  739  806  843
[106]  889  962  976  983  974 1076 1179 1218 1334 1383 1411 1488 1488 1577 1636
[121] 1699

[[57]]
  [1]   10   46   41   42   37   41   54   43   34   38   47   51   47   33   37
 [16]   32   23   27   32   46   41   40   38   41   36   53   47   45   43   75
 [31]   94   93   84   92  101  100  108  124  128  107  122  134  126  141  166
 [46]  168  160  146  196  201  176  189  219  245  251  265  277  313  282  334
 [61]  386  360  368  391  419  432  442  419  469  468  526  494  472  491  572
 [76]  608  589  616  620  729  773  819  803  767  871  921  932  932  969 1018
 [91] 1071 1113 1151 1197 1200 1322 1447 1458 1583 1553 1570 1610 1708 1783 1884
[106] 1934 2037 2158 2186 2331 2356 2386 2393 2443 2710 2784 2879 2943 3127 3176
[121] 3236

[[58]]
  [1]   10   35   31   30   25   18   39   47   46   45   50   54   50   49   59
 [16]   77   78   73   97   78   73   67  109  105  125  117  105  118  127  152
 [31]  185  161  158  174  193  217  224  223  244  228  232  226  245  242  248
 [46]  243  294  329  334  337  355  338  366  416  444  498  464  449  520  504
 [61]  504  565  610  627  677  674  769  772  745  837  821  834  827  875  915
 [76]  954 1048 1046 1047 1165 1303 1260 1323 1320 1285 1317 1381 1471 1508 1496
 [91] 1550 1590 1642 1764 1787 1901 1917 1967 2065 2254 2254 2247 2392 2466 2690
[106] 2790 2841 2855 3025 3081 3245 3382 3486 3616 3808 3918 4025 4074 4370 4531
[121] 4691

[[59]]
  [1]   10   46   32   28   24   25   32   21   32   38   35   31   41   45   48
 [16]   55   44   38   39   58   64   70   63   73   63   61   50   46   56   43
 [31]   51   60   78   65   74   69   63   70   91   87   98   97  107  125  134
 [46]  144  146  136  151  192  182  188  195  205  217  226  235  263  264  294
 [61]  268  305  329  325  352  361  366  369  405  376  386  464  457  444  491
 [76]  472  507  528  538  552  545  579  562  602  571  612  649  633  681  678
 [91]  667  714  764  771  804  831  913  940  876  851  868  909 1006 1048 1028
[106] 1087 1177 1162 1199 1240 1266 1261 1267 1354 1473 1521 1433 1486 1517 1646
[121] 1705

[[60]]
  [1]  10  25  27  23  17  12  17  12  12  17  15  10   9  13  23  13  18  19
 [19]  25  23  26  19  16  17  20  17  15  13  12  20  38  36  30  31  27  31
 [37]  49  55  55  54  65  90  70  76  74  67  71  74  71  72  67  82  82  72
 [55]  73  88  82 100  92 103 123 120 110 129 139 132 124 131 121 142 143 139
 [73] 130 140 149 148 166 172 170 200 198 237 236 238 228 234 281 313 280 288
 [91] 292 320 321 382 381 390 453 444 440 419 424 434 453 478 473 493 573 608
[109] 580 592 609 637 641 701 700 721 740 790 805 842 850

[[61]]
  [1]   10   22   27   25   16   20   17   28   28   25   19   16   23   23   19
 [16]   12   16   15   17   28   24   25   26   19   21   20   24   47   57   60
 [31]   44   37   38   38   33   50   41   34   42   46   48   53   60   66   59
 [46]   72   90   85   90   99  118   91   98  102   92  117  130  138  139  122
 [61]  139  164  169  200  207  203  177  178  187  188  210  211  217  229  238
 [76]  246  280  288  297  315  328  357  352  376  410  408  414  477  471  462
 [91]  487  519  548  617  632  650  641  639  701  738  764  705  707  748  851
[106]  947  912  933  950 1025 1100 1186 1179 1237 1178 1228 1321 1324 1388 1350
[121] 1418

[[62]]
  [1]  10  34  37  29  24  24  28  30  43  41  42  44  41  32  28  31  32  28
 [19]  53  38  30  36  35  41  36  37  45  51  62  53  54  56  45  41  44  51
 [37]  61  54  58  68  58  56  58  54  64  65  57  46  47  63  65  77  62  84
 [55]  79  83  75  94 111 124 113 116 112 117 119 126 127 150 172 162 136 150
 [73] 163 171 180 189 188 194 201 191 206 232 235 261 279 239 235 224 261 263
 [91] 253 301 309 302 346 313 302 327 370 404 375 351 392 395 390 420 442 499
[109] 523 526 508 519 511 542 552 586 625 615 630 676 728

[[63]]
  [1]   10   37   22   16   13   25   29   28   24   24   24   35   50   42   35
 [16]   35   43   47   51   50   57   61   59   71   68   67   56   68   76   83
 [31]   89   91  104   87   85   95   93   93  110  122  127  112  119  119  125
 [46]  117  131  123  145  151  155  180  193  189  162  170  227  205  212  206
 [61]  213  231  261  246  259  235  242  284  286  338  348  381  417  446  440
 [76]  474  473  562  583  532  538  556  619  637  699  719  718  766  744  833
 [91]  868  897  923  936  989  978 1150 1136 1125 1155 1225 1303 1396 1412 1510
[106] 1530 1551 1649 1633 1668 1687 1740 1879 1929 2067 2201 2175 2282 2414 2457
[121] 2661

[[64]]
  [1]   10   29   38   49   41   37   30   38   39   34   33   28   41   29   43
 [16]   47   58   57   65   58   56   80   80   95  105  114  109  127  141  136
 [31]  145  162  168  169  189  179  177  169  202  206  213  227  251  229  247
 [46]  259  291  333  299  291  301  341  347  389  408  431  466  465  492  563
 [61]  555  503  548  612  699  747  773  803  771  855  943  975  869  945  990
 [76] 1027 1072 1199 1261 1390 1364 1420 1565 1554 1748 1812 1881 1984 2018 2135
 [91] 2210 2331 2385 2594 2697 2838 2949 3066 3082 3336 3535 3544 3683 3961 4007
[106] 4101 4408 4444 4508 4889 5064 5116 5206 5333 5648 5931 6115 6400 6511 6820
[121] 7057

[[65]]
  [1] 10 16 17 20 24 18 16 13 11 14 36 34 22 15 13 12 12  8  9 10 13  9  7  5  4
 [26]  4  4 10  9  6  4  3  3  2  1  1  0  0  0  0  0  0  0  0  0  0  0  0  0  0
 [51]  0  0  0  0  0  0  0  0  0  0  0  0  0  0  0  0  0  0  0  0  0  0  0  0  0
 [76]  0  0  0  0  0  0  0  0  0  0  0  0  0  0  0  0  0  0  0  0  0  0  0  0  0
[101]  0  0  0  0  0  0  0  0  0  0  0  0  0  0  0  0  0  0  0  0  0

[[66]]
  [1]  10   9  14  15  13  10   9   9  16  15  14  11  13   9   9   8  15   7
 [19]   4   4   4   4   3   3   5   4   3   2   2   2   2   2   4   3   3   3
 [37]   2   7   4   4   3   3   2   2   7   3   2   2   7   7   7   6  10  13
 [55]   9   6   6  15  11   7   7  10  16  18  12  18  17  26  25  26  21  26
 [73]  28  20  17  11  15  26  27  30  42  44  37  37  34  36  30  42  47  43
 [91]  55  61  71  56  55  53  54  58  74  71  54  67  83  91  95  76  87  88
[109] 114 110 115 108 112 133 112 122 116 101 116 124 137

[[67]]
  [1] 10 18 16 11  6  6  9  6  4  8 13  7  7  8  5  4  4  6  8  6  4  3  3  7  3
 [26]  1  0  0  0  0  0  0  0  0  0  0  0  0  0  0  0  0  0  0  0  0  0  0  0  0
 [51]  0  0  0  0  0  0  0  0  0  0  0  0  0  0  0  0  0  0  0  0  0  0  0  0  0
 [76]  0  0  0  0  0  0  0  0  0  0  0  0  0  0  0  0  0  0  0  0  0  0  0  0  0
[101]  0  0  0  0  0  0  0  0  0  0  0  0  0  0  0  0  0  0  0  0  0

[[68]]
  [1]   10   44   33   33   29   36   42   38   50   44   51   48   45   34   55
 [16]   69   78   80   77   69   58   58   62   71   80   77   79   77   92   88
 [31]   73   82   89   98  102  100  103  104  109  122  153  137  161  166  154
 [46]  183  190  225  187  184  202  202  210  246  279  266  273  279  257  297
 [61]  321  272  256  309  297  314  353  309  356  368  415  472  481  498  484
 [76]  536  547  548  543  587  652  647  697  735  786  799  786  866  909  972
 [91] 1024 1012 1110 1140 1182 1266 1257 1312 1428 1426 1529 1598 1629 1660 1750
[106] 1841 1904 1890 1951 2025 2137 2297 2315 2340 2376 2581 2788 2853 2933 3034
[121] 3105

[[69]]
  [1]  10  27  25  18  16  17  22  24  23  21  24  26  28  34  25  19  14  15
 [19]  16  11   8  19  15  22  21  18  25  24  29  24  17  15  17  16  21  26
 [37]  23  21  17  38  37  35  39  39  24  35  38  34  33  34  29  36  42  58
 [55]  58  59  47  71  84  80  76  66  69  86  84  89  85  83  68  90  85  84
 [73]  80  75 101  79  88  80  95  95  87  64  93  93  87  80  69  97  92  97
 [91] 110  87  73  77  77 131 119  99  90  87 110 131 119 138 143 150 154 148
[109] 158 163 215 204 199 177 185 204 222 230 236 208 212

[[70]]
  [1] 10 33 41 25 20 16 18 22 24 35 30 27 27 22 25 24 23 20 12 15 15 15 24 18 22
 [26] 29 27 21 19 27 23 26 25 41 39 36 38 38 36 40 36 25 21 17 18 16 16 15 17 23
 [51] 13 15 17 19 12  9 17 11 12 15 10  9  8  7  9 18 12 16 20 15 11  9 11  7  6
 [76]  5  5  3  3  2  8  8  7  7  7  7 11 12 13 13  8 12  9  9 10  9 15 19 15 10
[101]  9  8 10 28 27 22 19 19 19 19 19 13 12 11 13  8  6  6  9  9  8

[[71]]
  [1]   10   36   38   26   26   19   14   23   33   33   33   34   34   39   40
 [16]   40   38   35   48   47   50   45   59   70   59   51   59   67   71   92
 [31]  106  110  133  109  115  109  106  102  105  104  121  129  154  133  142
 [46]  141  148  150  149  172  180  213  213  239  247  243  295  311  327  344
 [61]  348  347  349  444  445  422  467  472  474  504  511  558  542  570  610
 [76]  604  675  746  731  756  803  807  846  905  861  990 1037 1053 1047 1132
 [91] 1115 1170 1255 1269 1278 1405 1438 1600 1632 1638 1680 1810 1883 1868 1892
[106] 1971 2070 2216 2266 2199 2436 2600 2640 2698 2731 2915 3083 3227 3195 3350
[121] 3424

[[72]]
  [1]  10  26  13  20  13  12  11  17  16   9   9   8  11  11  11  14  12  14
 [19]  13  12  27  33  28  24  21  26  30  25  30  26  26  24  29  29  44  40
 [37]  29  33  45  32  32  37  43  46  45  45  46  45  51  47  46  47  46  36
 [55]  33  39  48  57  52  53  62  55  57  57  72  64  69  80  89  88  80  82
 [73]  97  84  89 119 116 113 112 109 124 148 144 155 188 177 190 189 190 194
 [91] 205 230 268 233 258 287 260 354 357 349 328 364 387 428 433 424 432 445
[109] 466 474 496 520 550 607 616 687 630 674 697 760 793

[[73]]
  [1]  10  28  18  16  12  16  11  10  19  13  22  12  12  10   9   8  14  10
 [19]  16  17  15  18  20  25  26  20  14  10  10   7   6  12   7   7  15  12
 [37]  10   8   7  16  13  18  10   8   8  24  24  23  17  22  29  21  25  30
 [55]  28  24  25  44  34  31  40  39  46  41  45  38  49  60  51  57  51  58
 [73]  62  54  59  58  65  66  74  72  90  71  74  88  97 103 101  90  98 103
 [91] 133 109  89  98 119 121 104  94 114 134 148 163 166 196 211 203 201 222
[109] 214 206 242 247 256 248 243 286 290 316 276 303 355

[[74]]
  [1]  10  27  27  15   8  22  20  13  12  21  21  20  18  15  22  16  13  16
 [19]  19  24  19  14  14  10  11  23  30  31  29  27  22  15  13  18  22  17
 [37]  24  14  11  15  15  12  11  11  21  11  15  14  20  18  15  13  13  24
 [55]  21  21  24  33  33  36  26  34  46  44  44  31  40  32  42  42  36  33
 [73]  30  42  42  41  53  51  46  47  49  43  44  59  70  70  75  69  72  88
 [91]  83  79  87  85  88 135 110 106 113 127 113 133 139 127 123 135 122 116
[109] 145 130 147 141 119 139 159 160 164 151 149 129 150

[[75]]
  [1]   10   30   20   18   22   17   19   27   32   36   24   24   21   25   32
 [16]   38   24   20   22   19   24   20   17   24   19   23   27   24   27   33
 [31]   34   31   36   41   44   45   49   52   59   73   53   56   59   70   84
 [46]   71   71   71   84   76   91   93   92  114  111  105  127  128  150  160
 [61]  186  194  184  180  191  176  209  211  197  177  174  183  231  239  252
 [76]  258  256  250  296  312  318  304  320  324  354  380  422  407  440  457
 [91]  502  507  476  493  557  597  645  691  715  759  834  840  975 1007 1040
[106] 1059 1140 1169 1251 1381 1325 1332 1534 1629 1658 1691 1790 1859 1954 2070
[121] 2054

[[76]]
  [1]   10   22   36   32   24   19   19   28   24   39   33   36   27   20   28
 [16]   40   55   46   49   58   59   59   63   79   69   71   72   64   66   67
 [31]   63   83  106  116  100  106   88  107  100  119  148  132  128  132  153
 [46]  213  192  195  191  205  208  223  211  250  273  264  315  381  353  350
 [61]  336  326  353  406  432  451  432  479  505  527  541  563  554  607  652
 [76]  681  709  723  783  820  793  909  915  948  997 1003  990 1058 1134 1207
 [91] 1294 1251 1296 1334 1386 1412 1455 1444 1519 1661 1811 1849 1867 1868 1927
[106] 2071 2161 2326 2389 2537 2590 2690 2841 3014 3194 3282 3379 3465 3644 3769
[121] 3895

[[77]]
  [1]   10   25   21   17   13   15   18   14   21   23   20   15   13   28   26
 [16]   19   30   32   40   34   41   55   62   64   48   48   65   50   52   72
 [31]   58   79   69   77   87   85   88   96  105  102  106  122  125  127  129
 [46]  163  180  194  173  190  207  219  209  196  204  230  261  248  256  269
 [61]  278  290  279  288  367  349  388  378  401  364  410  439  471  497  499
 [76]  499  520  549  598  613  618  674  696  719  626  619  575  668  738  756
 [91]  897  911  929  972 1062 1030 1086 1158 1187 1207 1281 1362 1366 1376 1408
[106] 1459 1477 1557 1633 1653 1782 1797 1855 2005 2107 2221 2326 2308 2459 2517
[121] 2622

[[78]]
  [1]  10  50  50  34  24  22  22  19  19  22  21  17  23  15  30  27  24  17
 [19]  13  11  22  24  25  19  17  15  25  16  17  21  21  15  17  17  18  15
 [37]  15  20  30  13  19  28  26  19  16  14  19  32  35  32  28  36  44  32
 [55]  42  50  48  49  59  47  53  52  53  65  69  67  77  65  63  50  45  48
 [73]  51  61  82 104  89  94  88 102  95 105 124 102 147 122 121 119 125 136
 [91] 139 154 144 137 184 201 172 158 153 203 208 177 198 217 248 249 235 228
[109] 273 297 324 324 357 395 366 402 450 488 522 561 528

[[79]]
  [1] 10 29 16 18 16 21 14 12 17 20 13 10  8 12 16  9  5  5  7  6  5  5  7  9  8
 [26]  6  4 10  4  3  2  1  0  0  0  0  0  0  0  0  0  0  0  0  0  0  0  0  0  0
 [51]  0  0  0  0  0  0  0  0  0  0  0  0  0  0  0  0  0  0  0  0  0  0  0  0  0
 [76]  0  0  0  0  0  0  0  0  0  0  0  0  0  0  0  0  0  0  0  0  0  0  0  0  0
[101]  0  0  0  0  0  0  0  0  0  0  0  0  0  0  0  0  0  0  0  0  0

[[80]]
  [1]  10  36  40  38  28  24  20  43  32  31  26  21  28  25  18  19  18  29
 [19]  23  22  27  25  31  27  34  35  35  35  29  25  28  29  35  35  33  31
 [37]  28  48  49  46  38  37  46  38  33  52  60  50  60  63  80  89  86  89
 [55]  91  89  88  96 102  88 108 106 111  87 116 131 109 117 133 163 146 152
 [73] 173 182 181 181 205 222 205 238 240 243 236 215 240 271 267 245 295 334
 [91] 331 329 340 361 336 337 360 366 369 341 345 355 363 363 417 450 449 415
[109] 428 442 444 473 491 530 504 513 567 578 627 600 616

[[81]]
  [1]   10   29   21   20   17   15   14   30   21   23   25   24   25   26   38
 [16]   34   35   34   27   44   44   47   53   45   51   53   44   42   44   58
 [31]   49   72   67   71   47   66   63   70   89   71   58   74  100  118  109
 [46]   93  123  122  149  131  133  121  150  141  131  113  128  138  132  123
 [61]  158  145  145  158  167  171  196  191  209  232  238  233  275  291  282
 [76]  302  324  330  361  363  352  381  379  394  405  413  444  466  437  469
 [91]  500  522  560  662  616  622  706  791  873  865  838  856  878  922  919
[106]  961  992 1047 1073 1159 1148 1196 1223 1300 1413 1397 1500 1613 1650 1618
[121] 1736

[[82]]
  [1]   10   51   37   25   21   17   23   30   31   24   16   19   41   37   46
 [16]   42   33   44   46   55   47   50   41   58   85   90   85   81  101  100
 [31]  106  121  133  155  155  156  144  158  149  160  143  168  198  200  208
 [46]  199  214  239  261  278  263  286  313  330  321  322  323  332  334  371
 [61]  374  425  425  407  428  425  470  451  457  516  542  554  539  583  644
 [76]  648  694  724  788  793  855  931  935  962  999 1038 1017 1126 1121 1216
 [91] 1219 1278 1351 1435 1484 1620 1700 1803 1906 1909 1910 2142 2123 2238 2419
[106] 2566 2685 2803 2904 2949 3127 3184 3338 3486 3563 3734 3876 4009 4189 4482
[121] 4595

[[83]]
  [1]  10  15  10  17  16  15  15  21  31  27  21  16  16  40  35  38  28  21
 [19]  20  24  15  22  31  34  28  24  30  26  30  31  30  30  39  38  31  36
 [37]  48  42  41  50  39  34  51  53  30  30  34  47  32  29  33  26  28  40
 [55]  32  26  29  26  26  33  33  27  28  38  31  34  30  44  32  40  37  48
 [73]  42  33  44  42  46  48  39  58  48  37  45  65  69  78  95  75  77  76
 [91]  70  74  79 105 116 128 114 103 117 106 106 116 128 130 124 136 152 156
[109] 162 151 188 237 246 234 220 226 268 261 282 304 311

[[84]]
  [1]  10  27  27  18  15  13  11   8  15  15  15  18  26  16  21  20  14  21
 [19]  21  26  16  18  22  29  32  38  27  35  38  32  32  38  42  44  42  45
 [37]  38  48  47  64  49  39  39  44  54  52  52  47  49  57  55  60  73  54
 [55]  64  79  67  70  99  90  96  92  98  82 105 111 114 120 129 141 114 121
 [73] 134 151 154 141 142 138 153 172 190 188 211 205 204 185 178 222 233 246
 [91] 267 255 232 256 271 297 334 374 364 383 397 422 393 445 478 494 462 547
[109] 512 551 573 623 675 698 700 733 748 701 854 832 848

[[85]]
  [1]   10   26   22   19   19   17   19   13   17   17   34   34   32   32   31
 [16]   29   34   39   57   65   55   53   66   60   60   54   62   72   70   67
 [31]   76   87   96   87   77  113   94   95   99  101  108   91   98  102  115
 [46]  100  126  114  114  126  156  136  149  162  150  153  148  193  198  184
 [61]  220  241  249  267  261  255  254  268  274  338  300  298  306  339  312
 [76]  330  362  376  397  406  390  392  414  419  476  463  497  507  491  529
 [91]  632  588  639  658  689  684  736  760  801  806  873  894  915  935  970
[106] 1003 1089 1187 1283 1261 1219 1225 1299 1424 1433 1489 1638 1661 1705 1695
[121] 1794

[[86]]
  [1]  10  18  34  24  26  22  20  18  19  30  45  45  42  44  41  42  40  59
 [19]  54  48  44  53  50  70  53  65  58  55  53  47  51  60  68  67  69  76
 [37]  74  74  89  86  82  86  67  67  81  91 103  82  96 115 132 121 125 117
 [55] 134 118 119 149 140 131 145 153 199 188 176 159 162 191 214 228 213 198
 [73] 214 213 213 241 234 225 236 270 265 268 302 301 337 340 330 283 327 367
 [91] 345 356 342 355 337 370 382 367 362 382 397 389 371 403 427 420 413 453
[109] 481 505 516 495 508 541 568 578 583 611 680 719 659

[[87]]
  [1]   10   35   28   26   21   22   24   27   34   31   23   28   37   48   37
 [16]   40   40   39   42   40   50   52   65   45   48   49   55   71   67   71
 [31]   83   74   75   79   89  100  121  121  114  123  123  113  135  138  146
 [46]  167  148  181  184  194  184  205  253  238  246  255  255  269  289  276
 [61]  285  312  333  407  446  452  460  482  546  549  552  586  656  702  720
 [76]  755  795  815  849  891  923  943 1006 1079 1127 1080 1127 1219 1316 1354
 [91] 1416 1466 1481 1568 1654 1712 1785 1754 1902 1950 2051 2056 2122 2289 2436
[106] 2478 2595 2627 2748 2903 2904 2989 3143 3286 3312 3553 3572 3739 4022 3969
[121] 4179

[[88]]
  [1]   10   28   30   28   25   20   31   22   23   25   38   49   46   36   41
 [16]   42   49   63   58   77   58   54   54   53   49   50   50   59   57   60
 [31]   47   43   67   70   62   45   46   42   57   63   66   72   79  104   88
 [46]  104   97  124  155  139  150  166  155  157  177  188  197  194  211  238
 [61]  243  257  263  300  303  309  305  330  362  376  353  349  337  344  308
 [76]  312  356  410  396  369  406  389  396  423  436  467  434  456  466  499
 [91]  541  564  646  641  675  646  662  733  821  784  814  794  839  904  909
[106]  984  958 1075 1115 1081 1110 1131 1186 1210 1236 1380 1349 1417 1484 1607
[121] 1673

[[89]]
  [1]   10   31   33   21   16   18   29   27   27   27   22   32   32   29   37
 [16]   45   56   48   60   52   60   66   76   76   75   80   75  102   97   83
 [31]   76   79   85   78   93   80   79   85  104  106  109  115  109   96  131
 [46]  135  184  185  168  153  180  189  196  211  219  194  201  234  239  268
 [61]  249  277  264  312  353  366  384  349  353  415  463  416  400  459  485
 [76]  444  497  508  541  570  598  622  656  623  655  609  623  637  719  771
 [91]  779  776  842  880  930  934  990 1012 1094 1200 1187 1240 1335 1308 1378
[106] 1458 1562 1595 1741 1753 1770 1875 2048 2249 2408 2376 2472 2606 2721 2753
[121] 2895

[[90]]
  [1]   10   28   22   15   15   12   11    9   11   12   11   29   31   27   28
 [16]   30   31   38   38   55   52   39   33   41   42   40   45   52   74   66
 [31]   63   62   76   68   83   68   76   79   70   69   81  105  109  108  123
 [46]  131  150  167  158  166  150  204  192  176  183  201  240  232  196  207
 [61]  243  279  284  270  305  306  323  296  356  320  343  312  362  414  383
 [76]  414  381  378  443  508  524  508  512  616  619  596  641  623  691  713
 [91]  711  687  721  756  795  829  908  947  945  933  978 1142 1119 1092 1129
[106] 1295 1296 1305 1349 1398 1437 1473 1509 1656 1720 1681 1748 1810 1915 1982
[121] 2092

[[91]]
  [1]   10   17   11   16   13   12   11   27   26   28   20   24   26   34   45
 [16]   49   59   59   48   81   81   72   71   72   76   81   79   69   73   70
 [31]   86   73   76  100   96   91   86   96  108  110  110   80   92  107  123
 [46]  109  119  123  117  150  183  220  201  219  226  222  250  283  269  274
 [61]  305  328  358  347  348  349  362  350  378  430  440  460  416  435  486
 [76]  504  558  547  576  578  652  689  693  744  687  787  851  815  866  791
 [91]  786  926  975 1016  976 1089 1160 1176 1236 1261 1257 1276 1415 1461 1434
[106] 1483 1502 1625 1731 1700 1729 1878 1916 1972 2119 2155 2294 2372 2439 2464
[121] 2604

[[92]]
  [1]   10   47   29   26   17   20   18   28   24   32   25   24   19   17   35
 [16]   40   42   29   48   60   38   36   30   41   30   55   57   42   43   37
 [31]   45   50   44   38   40   50   46   46   53   56   73   61   63   54   50
 [46]   54   60   87   90   92  119  108  106   94   91  138  143  143  149  150
 [61]  177  173  170  187  180  192  212  200  210  228  235  221  221  232  235
 [76]  238  248  317  357  302  315  344  334  371  398  446  455  422  428  480
 [91]  582  544  585  609  608  658  601  659  701  771  786  799  837  873  959
[106] 1040 1055 1144 1148 1130 1181 1218 1320 1363 1348 1354 1426 1508 1595 1634
[121] 1643

[[93]]
  [1]   10   47   47   49   45   43   57   63   67   77   91   83   93   85   64
 [16]   53   86   74   89   71   69   95   99   99  100   92  112  107  125  112
 [31]  121  122  100   97  111   94  100  114  112  113  106  121  132  159  170
 [46]  166  143  155  178  188  193  174  177  192  252  259  264  253  276  298
 [61]  307  325  312  342  342  356  348  404  459  446  444  424  441  515  559
 [76]  558  555  519  518  611  696  697  653  662  727  766  742  788  918  889
 [91]  872  874  931  998 1001 1121 1146 1173 1190 1254 1309 1302 1432 1455 1523
[106] 1626 1757 1820 1859 1992 1942 2002 2117 2221 2276 2316 2473 2555 2842 2924
[121] 2972

[[94]]
  [1]   10   38   36   34   25   27   26   33   38   29   24   22   34   45   71
 [16]   62   46   57   56   68   65   79   79   80   90   94   79   73   79   92
 [31]   87  103   72   81  101  112   99  100  108  128  123  114  123  142  133
 [46]  148  112  132  164  171  181  151  138  138  172  183  165  176  168  156
 [61]  185  186  182  195  207  204  174  183  213  212  224  231  227  231  288
 [76]  306  273  324  323  327  336  366  379  409  436  464  526  497  507  481
 [91]  504  523  552  574  604  673  744  761  748  787  883  927  951  922  967
[106]  990 1108 1134 1206 1191 1151 1267 1280 1314 1374 1462 1534 1522 1541 1667
[121] 1682

[[95]]
  [1]   10   32   16   22   17   17   19   23   33   34   38   25   41   39   48
 [16]   63   69   74   73   87   68   94  102  119   99  114  119  116  122  118
 [31]  103   91  110  119  105  117  105  108  132  121  113  121  120  101  114
 [46]  112  143  149  134  147  139  154  141  153  172  168  205  230  263  257
 [61]  261  255  275  271  262  294  304  274  297  356  399  425  403  369  425
 [76]  447  419  432  479  545  591  578  557  540  588  644  698  672  692  749
 [91]  798  803  829  875  873  935  984 1008  996 1076 1164 1107 1200 1267 1238
[106] 1277 1382 1440 1401 1467 1547 1605 1726 1722 1748 1822 2053 2124 2216 2300
[121] 2380

[[96]]
  [1]   10   22   19   21   14   12    9   12   18   27   26   20   19   29   29
 [16]   29   26   19   25   26   24   23   39   38   33   36   39   30   50   38
 [31]   49   48   38   46   74   59   46   55   67   75   69   62   59   67   71
 [46]   55   51   74   79   81   99   97  106  146  135  122  133  152  160  165
 [61]  173  172  164  163  191  205  225  258  237  237  240  259  259  304  307
 [76]  308  310  298  326  332  311  345  342  349  333  372  379  380  434  519
 [91]  465  503  516  545  533  606  607  623  634  670  620  622  681  704  786
[106]  821  803  849  879  923  955  998  989 1009 1000  995 1021 1019 1121 1160
[121] 1207

[[97]]
  [1]   10   34   26   21   18   19   21   28   22   20   17   14   15   17   18
 [16]   15   22   17   17   13   26   32   34   39   45   52   62   57   57   60
 [31]   66   75   68   97   73   93   84   89   93  104  110  119  119  133  153
 [46]  149  136  170  157  167  161  167  194  205  194  180  178  177  191  187
 [61]  205  213  198  203  221  215  245  204  198  223  202  207  209  232  241
 [76]  231  250  232  258  305  321  332  318  365  420  424  415  398  405  404
 [91]  451  477  491  479  494  524  513  543  551  551  538  546  635  710  715
[106]  680  682  711  748  804  837  920  926  950  958 1018 1044 1075 1108 1138
[121] 1201

[[98]]
  [1]   10   27   28   14   11   18   23   22   30   20   25   26   24   26   32
 [16]   33   41   45   58   61   60   44   39   33   45   58   37   50   40   42
 [31]   41   48   48   63   66   50   48   47   67   80   57   50   54   50   51
 [46]   49   58   62   72   71   78   96   89   80   87   86   99  120  123  135
 [61]  138  132  136  142  136  140  181  202  230  192  209  212  182  184  186
 [76]  241  235  248  254  280  285  288  318  326  273  302  323  313  334  339
 [91]  375  338  378  377  419  430  440  429  456  432  509  505  538  558  544
[106]  567  614  677  726  719  724  769  744  747  818  886  883  902  879  990
[121] 1025

[[99]]
  [1]   10   32   20   14   12   10    9    9   13   25   20   14   12   18   18
 [16]   30   34   34   28   32   43   45   49   42   32   32   25   36   41   47
 [31]   45   46   51   59   58   48   57   71   88   74   76   72   64   76   88
 [46]  100   85   83   74   96   92   81   73   81   89   86   94   90  100  115
 [61]  113  131  122  110  112  132  146  127  148  143  142  172  155  149  175
 [76]  174  177  174  178  216  219  204  210  224  257  277  263  309  298  352
 [91]  377  359  363  363  405  387  407  411  448  493  460  452  446  499  549
[106]  560  595  610  626  632  674  754  790  849  911  904  970 1042 1087 1139
[121] 1184

[[100]]
  [1]   10   25   30   23   19   21   21   28   28   26   35   29   40   39   44
 [16]   35   31   43   46   50   66   58   47   47   61   80   86   83   84   85
 [31]   85   91   97  134  133  139  118  124  134  139  163  147  187  204  187
 [46]  188  225  223  236  234  243  231  253  276  309  351  416  389  375  377
 [61]  405  436  487  480  490  508  505  587  661  680  662  668  670  711  767
 [76]  811  850  790  907 1012  989 1027 1076 1117 1125 1090 1164 1194 1371 1420
 [91] 1399 1473 1493 1545 1635 1689 1783 1892 1908 2034 2050 2046 2188 2243 2465
[106] 2521 2542 2602 2763 2906 2958 3101 3095 3193 3316 3428 3662 3739 3966 4201
[121] 4275

[[101]]
  [1]  10  46  49  37  26  26  40  38  29  33  40  34  44  37  43  46  39  42
 [19]  56  46  37  35  32  46  43  44  45  46  37  41  50  68  74  49  51  50
 [37]  47  46  45  35  34  31  45  45  39  33  33  49  51  55  46  44  49  56
 [55]  53  61  57  57  44  47  60  76  80  72  65  63  95  96  99  97 125 136
 [73] 143 132 152 150 158 148 173 187 176 168 169 196 229 223 249 275 303 276
 [91] 244 258 292 346 335 302 280 279 292 323 321 359 335 351 373 365 363 392
[109] 423 443 463 496 542 551 582 634 654 688 642 676 695

[[102]]
  [1]  10  27  14   9   9  14  13  23  21  22  12  17  10  12  24  20  14  22
 [19]  16  18  21  17  14  17  37  35  29  26  24  25  30  21  20  16  17  23
 [37]  15  17  12  11   6  10   9  11  11   9   8   5  10  15  17  13  11  10
 [55]  17  19  16  11   9   7  10  13  15   9  13  10   9  12  18  18  12  10
 [73]  20  17  18  19  41  32  26  22  36  27  33  31  39  31  34  32  33  35
 [91]  28  37  38  35  40  35  46  45  55  57  52  39  34  66  68  77  77  78
[109]  73  98 111 100  95  87  95  97  92 113 104 120 108

[[103]]
  [1]  10  25  25  18  15  26  19  19  27  22  19  26  30  20  15  25  17  21
 [19]  26  32  33  26  19  26  21  19  18  12  10  21  21  15  14  10  16  16
 [37]  24  31  23  25  26  23  26  29  27  19  13  11  10   9  15  18  20  15
 [55]  15  21  33  36  31  25  23  25  19  26  19  25  23  32  40  36  30  38
 [73]  39  41  38  45  45  72  61  55  51  63  64  65  61  78  80  83  95  79
 [91]  87  96 101 111 113 120 117 113 116 137 150 147 165 155 124 131 158 142
[109] 157 169 173 185 181 183 185 210 191 210 216 227 240

[[104]]
  [1]   10   33   26   25   19   16   23   19   23   41   46   42   30   28   40
 [16]   40   50   47   35   37   45   69   87   61   69   63   77   82   63   77
 [31]   88   86   83  108  102  117  119  134  122  121  112  112  128  144  128
 [46]  128  124  139  148  135  135  134  139  166  176  185  194  217  220  246
 [61]  250  262  290  264  295  343  333  278  288  312  275  328  359  400  404
 [76]  380  382  437  449  446  475  511  577  601  585  632  676  706  703  774
 [91]  814  891  964  951 1021  993 1025 1155 1197 1274 1226 1297 1317 1416 1401
[106] 1458 1540 1488 1587 1691 1741 1757 1869 1974 2051 2114 2075 2249 2366 2555
[121] 2597

[[105]]
  [1]   10   29   39   33   32   35   30   35   37   50   45   51   50   56   76
 [16]   78   63   58   65   83   93  106  102   97  108  103  105  105  111  113
 [31]  104  108  104   93   88   93  104  118  118  129  153  159  145  139  180
 [46]  173  188  174  201  227  229  202  199  222  232  243  241  238  240  226
 [61]  239  284  311  267  247  258  276  279  268  268  317  309  326  343  365
 [76]  392  420  418  446  468  503  504  569  580  595  653  645  682  739  729
 [91]  742  775  812  853  893  916  979  974 1037 1144 1120 1115 1217 1249 1333
[106] 1433 1459 1466 1493 1621 1668 1714 1796 1830 2009 2111 2177 2303 2443 2453
[121] 2635

[[106]]
  [1]   10   45   38   34   32   26   32   46   34   27   28   31   30   31   35
 [16]   45   34   36   32   40   41   41   42   36   39   49   64   59   57   55
 [31]   60   63   77   86   80   99   83   83  111  125  125  126  134  159  135
 [46]  160  161  154  150  156  149  174  179  180  166  164  198  222  222  233
 [61]  224  255  268  279  256  304  303  330  366  401  404  399  433  483  488
 [76]  468  507  521  533  587  571  573  596  604  662  721  742  766  846  882
 [91]  928  949  997 1032 1134 1142 1185 1265 1314 1395 1455 1500 1516 1600 1712
[106] 1767 1874 1877 1963 2094 2186 2257 2223 2318 2319 2460 2591 2746 2910 3016
[121] 3059

[[107]]
  [1]  10  30  21  17  15  20  23  28  22  21  19  13  16  22  28  28  20  15
 [19]  13  14  12  11  10  16  12  10  10  16  19  19  26  16  12  12  10  12
 [37]   8  14  11  13  18  18  13  18  18  16  14  24  18  32  23  19  30  55
 [55]  60  53  56  72  78  75  70  71  85  71  79 101  77  86  75  71  99 122
 [73] 131 118 116 119 131 152 153 165 146 158 174 195 211 217 207 224 245 239
 [91] 273 344 341 323 314 382 386 419 419 405 453 522 519 531 576 555 592 612
[109] 607 610 639 626 694 754 755 775 846 831 852 883 946

[[108]]
  [1]   10   38   38   28   22   28   24   25   21   20   21   28   41   42   42
 [16]   37   44   31   40   36   40   48   45   43   44   43   37   32   30   30
 [31]   46   37   36   37   51   71   68   66   46   54   59   60   68   71   72
 [46]   83   99   80   70   79   92  103  107  119  134  119  121  169  187  157
 [61]  140  153  197  188  160  139  137  173  194  219  227  225  222  206  229
 [76]  224  251  257  266  265  255  256  323  308  357  366  359  392  408  396
 [91]  430  457  448  435  427  441  466  469  429  468  481  489  516  542  596
[106]  624  643  664  689  713  786  802  842  891  919  923  923  993 1082 1084
[121] 1127

[[109]]
  [1] 10 13 11  6  3  3  2  2  2  2  1  0  0  0  0  0  0  0  0  0  0  0  0  0  0
 [26]  0  0  0  0  0  0  0  0  0  0  0  0  0  0  0  0  0  0  0  0  0  0  0  0  0
 [51]  0  0  0  0  0  0  0  0  0  0  0  0  0  0  0  0  0  0  0  0  0  0  0  0  0
 [76]  0  0  0  0  0  0  0  0  0  0  0  0  0  0  0  0  0  0  0  0  0  0  0  0  0
[101]  0  0  0  0  0  0  0  0  0  0  0  0  0  0  0  0  0  0  0  0  0

[[110]]
  [1]   10   23   25   38   37   30   34   49   56   56   58   67   64   65   54
 [16]   56   74   69   75   79   73   51   62   67   97   79   87   85   63   75
 [31]   76   71   97  101   94   95   89   83  114  101  103  111   98  101  101
 [46]  110  111  122  115  132  124  149  158  165  177  195  187  197  205  215
 [61]  178  176  190  172  193  198  223  232  240  247  237  278  304  289  306
 [76]  307  309  307  332  403  375  355  369  391  385  411  454  527  540  580
 [91]  547  559  558  608  660  657  637  690  660  670  657  751  751  722  774
[106]  797  900  925  892  945  997 1050 1132 1159 1119 1206 1235 1249 1395 1421
[121] 1428

[[111]]
  [1]   10   24   31   32   27   23   20   31   34   33   50   40   44   41   34
 [16]   52   49   44   42   49   52   58   72   63   78  107   95   82   90   82
 [31]   92   83   83   85   94   95   90  121  138  146  152  186  204  204  225
 [46]  230  285  276  317  357  356  355  344  353  350  347  370  398  452  474
 [61]  486  523  492  472  512  586  588  665  667  704  727  681  728  746  794
 [76]  824  821  881  899  981  963 1043 1045 1115 1156 1200 1236 1314 1360 1365
 [91] 1459 1540 1552 1615 1787 1833 1914 1978 2047 2191 2133 2303 2359 2625 2729
[106] 2777 2846 2905 3028 3135 3236 3452 3668 3777 4000 4200 4380 4411 4534 4730
[121] 4884

[[112]]
  [1]   10   34   31   27   27   23   17   19   23   28   24   24   37   41   34
 [16]   30   38   32   43   39   42   58   71   58   56   47   50   49   51   51
 [31]   56   52   56   50   60   49   49   44   69   74   81   67   77  109  120
 [46]  120   99  103  109  121  148  158  171  163  170  176  173  241  268  256
 [61]  227  180  212  212  246  237  249  245  263  281  287  311  313  319  317
 [76]  342  359  361  369  387  436  433  476  524  498  521  495  547  542  600
 [91]  650  644  710  717  813  817  782  817  882  911  917  963 1022 1103 1132
[106] 1121 1208 1231 1242 1306 1313 1427 1397 1464 1594 1633 1733 1824 1844 1904
[121] 1995

[[113]]
  [1]   10   33   39   35   23   26   35   36   46   35   45   50   53   52   56
 [16]   71   78   77   93  115   99  103   98  113  127  126  106  122  132  149
 [31]  144  128  143  145  162  140  157  164  187  209  194  213  199  245  258
 [46]  244  279  288  269  273  292  297  363  308  330  314  346  359  352  398
 [61]  360  382  412  430  511  557  560  579  634  626  720  715  784  754  823
 [76]  864  928  917  976 1075 1056 1143 1188 1213 1255 1350 1467 1557 1607 1640
 [91] 1802 1799 1856 1917 1968 2073 2090 2152 2216 2284 2314 2448 2548 2638 2714
[106] 2973 3104 3360 3537 3567 3641 3696 3845 4047 4216 4407 4615 4718 4936 5201
[121] 5321

[[114]]
  [1]   10   47   36   25   22   24   17   31   23   21   28   19   21   29   42
 [16]   39   39   39   45   38   38   40   51   48   53   62   79   78   77   77
 [31]   91  118   99   96  112  133  171  166  185  157  154  175  173  217  203
 [46]  191  206  227  266  310  282  295  328  314  354  356  414  420  439  432
 [61]  436  497  548  556  597  597  623  669  697  724  739  803  793  772  765
 [76]  809  874  877  966  990 1050 1088 1136 1224 1264 1322 1293 1244 1364 1503
 [91] 1537 1616 1655 1738 1746 1875 1939 2064 2234 2277 2373 2484 2550 2709 2961
[106] 3076 3164 3273 3559 3742 3841 4008 4202 4442 4588 4697 4864 4877 5055 5495
[121] 5392

[[115]]
  [1]   10   50   39   31   24   35   44   44   40   49   46   49   49   41   55
 [16]   57   61   61   51   54   78   94   79   96   98  117  135  129  134  120
 [31]  125  145  148  152  146  133  167  146  142  165  157  154  172  178  169
 [46]  155  165  166  197  194  224  214  218  259  237  265  257  283  268  268
 [61]  261  274  264  274  256  268  297  327  323  342  324  348  359  397  393
 [76]  406  413  410  431  435  434  467  485  535  479  522  560  606  585  624
 [91]  684  729  735  701  791  860  838  866  867  924  996 1071 1049 1103 1075
[106] 1105 1193 1302 1342 1382 1392 1474 1601 1686 1690 1820 1802 1894 1979 2055
[121] 2054

[[116]]
  [1]  10  17  18  10   7   7  15  19  19  15  16  19  17  11  11  17  24  17
 [19]  16  17  30  30  21  18  17  14  10  21  27  21  16  18  21  28  17  15
 [37]  19  14  14  34  23  26  20  19  23  25  39  31  37  42  46  60  70  50
 [55]  44  49  39  42  34  37  47  36  40  58  67  53  57  54  53  60  59  61
 [73]  61  70  79  80 114 137 108 100 103 135 130 148 131 122 153 176 181 183
 [91] 200 222 213 213 249 226 235 248 306 295 307 301 302 313 296 338 367 361
[109] 400 392 451 397 441 458 498 506 539 605 616 641 666

[[117]]
  [1]   10   51   46   36   28   31   37   50   52   51   49   51   61   78   80
 [16]   64   62   91   84  103   98   83   90   86  103  113  133  152  147  173
 [31]  183  188  223  213  199  249  218  241  287  269  261  283  292  344  342
 [46]  358  379  378  410  423  440  478  507  498  545  584  562  615  665  687
 [61]  729  788  783  835  888  946  998 1067 1057 1114 1186 1233 1327 1396 1444
 [76] 1468 1477 1452 1445 1475 1655 1779 1806 1827 1888 1914 2083 2156 2191 2249
 [91] 2213 2324 2478 2601 2727 2906 2946 2999 3279 3308 3536 3629 3702 3847 3986
[106] 4196 4254 4477 4464 4712 4954 5194 5377 5486 5784 5868 5978 6360 6395 6609
[121] 7012

[[118]]
  [1]   10   22   21   15   14   18   15   20   15   17   21   18   15   12   11
 [16]    9   13   17   21   21   20   16   12   20   24   27   29   29   22   37
 [31]   26   29   26   32   27   35   42   41   44   43   37   36   35   42   47
 [46]   81   80   77   67   81   83   84   78   91   79   75   97   98  119  124
 [61]  126  126  132  140  164  164  149  168  169  192  221  222  233  248  269
 [76]  274  322  288  326  318  338  339  353  364  407  386  379  404  406  405
 [91]  447  472  499  475  496  515  565  613  629  662  690  641  654  708  721
[106]  700  762  785  847  924  967 1016 1083 1097 1181 1218 1228 1253 1304 1341
[121] 1354

[[119]]
  [1]   10   33   20   19   17   21   22   28   33   29   39   30   43   49   70
 [16]   63   50   47   54   55   84   77   78   78   91   96   92  112  101  132
 [31]  117  133  134  150  147  162  177  198  207  198  189  182  213  211  253
 [46]  233  240  237  287  277  263  265  287  338  331  306  345  350  360  411
 [61]  402  435  432  493  539  540  522  570  596  616  622  642  688  682  669
 [76]  750  769  846  851  894  927  919  990 1010 1023 1049 1122 1178 1201 1219
 [91] 1243 1302 1371 1443 1484 1509 1549 1540 1692 1702 1783 1858 1914 2023 2069
[106] 2207 2286 2428 2461 2647 2723 2832 2951 2985 3092 3259 3476 3618 3731 3826
[121] 3926

[[120]]
  [1]   10   28   35   30   20   20   26   30   26   19   24   33   25   34   50
 [16]   36   36   34   29   30   39   40   36   32   28   37   39   36   28   45
 [31]   40   48   50   43   48   61   59   67   66   68   74   80   87   96  121
 [46]  128  127  103  123  129  117  129  118  113  128  167  212  217  189  210
 [61]  195  202  211  245  273  273  271  291  315  317  327  351  355  342  401
 [76]  412  409  400  413  435  474  463  481  491  503  494  579  580  643  689
 [91]  688  679  698  726  761  790  820  884  896 1067 1102 1092 1125 1153 1306
[106] 1311 1311 1369 1439 1551 1571 1499 1498 1596 1756 1829 1893 2005 2044 2168
[121] 2200

[[121]]
  [1]   10   49   54   40   35   33   46   51   46   42   35   55   46   46   50
 [16]   43   51   38   50   53   65   64   65   66   64   60   75   71   67   69
 [31]   70   70   62   73   77   90  105   99  112  110  124  161  159  157  169
 [46]  161  171  173  191  204  192  201  215  237  236  254  252  242  251  243
 [61]  280  267  272  322  339  313  323  336  374  385  398  412  451  432  441
 [76]  432  462  489  477  510  488  559  610  608  599  625  683  662  683  666
 [91]  689  743  787  865  841  848  953 1050 1116 1068 1097 1152 1248 1307 1314
[106] 1333 1406 1466 1552 1645 1746 1764 1768 1785 1972 2070 2214 2182 2361 2491
[121] 2686

[[122]]
  [1]   10   28   33   21   16   14   26   29   34   34   32   28   32   32   25
 [16]   24   21   22   18   23   15   14   23   18   26   24   20   29   38   32
 [31]   29   32   42   48   39   39   57   69   76   74   66   83   97   88   86
 [46]  103  123  155  163  158  134  156  141  138  136  161  141  146  140  161
 [61]  174  176  179  197  209  219  232  271  268  344  322  327  352  366  358
 [76]  381  355  367  356  387  439  489  471  490  475  500  526  590  630  596
 [91]  644  583  640  680  728  783  843  874  863  849  867  907  936 1006 1023
[106] 1055 1120 1147 1255 1322 1336 1391 1500 1535 1542 1601 1593 1611 1654 1818
[121] 1872

[[123]]
  [1]   10   34   34   24   27   22   16   27   37   32   38   35   25   37   31
 [16]   36   31   58   49   48   52   72   66   78   89   89   94   70   52   69
 [31]   64   69   61   60   75   66   85   78   82   96   92   95  100  122  142
 [46]  126   95  104   98  108  101  103  131  138  144  160  156  171  190  210
 [61]  192  212  238  214  215  237  259  296  287  291  298  269  288  313  272
 [76]  326  329  311  291  322  345  402  466  432  484  451  450  479  479  559
 [91]  531  543  558  656  683  720  749  739  802  784  804  866  909  979 1035
[106] 1058 1126 1171 1191 1296 1340 1308 1322 1403 1475 1474 1446 1542 1633 1685
[121] 1757

[[124]]
  [1]   10   28   35   39   32   27   26   26   34   29   27   30   35   29   36
 [16]   29   43   38   43   41   29   24   32   25   27   22   37   36   30   40
 [31]   27   23   32   36   41   46   39   46   51   46   56   72   75   63   55
 [46]   70   79   86   90   86   96   98   84   90  112  110  131  146  143  128
 [61]  165  176  174  195  197  222  197  168  191  188  195  187  188  191  227
 [76]  245  211  228  267  314  280  303  341  391  394  418  407  424  455  493
 [91]  500  483  504  510  530  546  586  641  721  732  762  772  782  777  767
[106]  787  818  871  915  958  991 1022 1053 1196 1195 1218 1252 1311 1306 1309
[121] 1355

[[125]]
  [1]   10   31   21   16   14   10   10   21   20   18   22   17   21   21   18
 [16]   15   14   28   22   21   29   28   23   34   32   44   46   49   51   53
 [31]   43   42   59   76   73   81   76   88   97   98  132  113  134  124  122
 [46]  161  179  177  145  156  193  184  191  175  176  195  230  220  230  243
 [61]  250  242  272  259  284  307  355  356  350  377  399  483  538  512  547
 [76]  581  663  701  694  735  795  859  864  947  965 1012 1083 1084 1163 1219
 [91] 1179 1229 1258 1315 1379 1492 1646 1736 1725 1745 1812 1954 1970 2040 2127
[106] 2196 2291 2399 2431 2632 2683 2861 2981 3130 3346 3425 3573 3769 3888 4055
[121] 4221

[[126]]
  [1]   10   42   48   36   38   29   46   61   63   51   52   47   55   74   82
 [16]   76   71   74  100  108  107  100  106   97   94  100   93  107  118  118
 [31]  125  116  144  127  145  145  165  170  162  149  162  176  204  193  210
 [46]  211  223  226  252  263  292  272  280  329  328  353  365  410  424  476
 [61]  471  468  474  551  600  679  701  664  720  748  853  884  912  939  989
 [76]  964 1033  995 1133 1115 1135 1191 1236 1296 1339 1388 1440 1398 1502 1517
 [91] 1602 1698 1765 1781 1874 1981 2116 2269 2297 2384 2496 2528 2614 2716 2871
[106] 2897 2953 3106 3293 3386 3389 3585 3641 3779 4080 4085 4182 4369 4504 4710
[121] 4760

[[127]]
  [1]   10   29   23   23   15   20   25   27   27   26   28   26   26   28   25
 [16]   39   39   51   47   52   51   43   47   58   58   49   54   55   50   67
 [31]   81   65   65   63   67   87   81   97   94  124  140  152  167  159  154
 [46]  156  171  173  191  199  212  235  240  233  260  283  306  327  401  376
 [61]  361  378  382  409  424  464  510  505  540  578  599  579  568  570  664
 [76]  676  690  711  741  753  820  837  886  957 1016 1036 1041 1061 1143 1273
 [91] 1307 1340 1380 1404 1459 1535 1544 1607 1651 1693 1822 1854 1937 2025 2086
[106] 2242 2342 2492 2551 2765 2851 2920 3059 3273 3472 3570 3648 3755 3918 4079
[121] 4333

[[128]]
  [1]   10   28   46   37   25   28   32   24   26   37   33   52   54   43   40
 [16]   47   49   58   53   54   61   54   62   71   73   83   82   68   81   68
 [31]   70   73   83   88  103   90   84   98  105  107  115  110   98  101  101
 [46]  109  119  133  119  128  122  124  116  147  149  183  209  208  193  185
 [61]  198  194  256  273  235  233  260  262  287  294  292  278  275  327  380
 [76]  438  437  462  458  501  564  551  544  578  602  658  694  788  778  819
 [91]  847  877  958  968 1017 1057 1107 1149 1255 1334 1346 1444 1432 1454 1540
[106] 1576 1673 1735 1801 1853 1874 1904 2001 2081 2186 2283 2336 2385 2454 2607
[121] 2750

[[129]]
  [1]   10   18   20   21   12    8   22   22   22   22   26   32   39   39   36
 [16]   29   38   37   39   48   54   74   81   87   87  104  104  130  126  144
 [31]  147  140  149  170  146  173  174  175  154  167  173  175  187  210  222
 [46]  204  209  202  188  216  251  256  222  230  237  268  322  318  315  280
 [61]  296  295  350  326  313  341  391  439  447  441  476  486  492  480  484
 [76]  550  570  605  621  618  656  718  713  734  809  752  806  846  882  886
 [91]  921  977 1048 1066 1070 1184 1229 1235 1297 1456 1542 1515 1583 1611 1736
[106] 1824 1830 2005 2139 2140 2182 2278 2363 2431 2503 2598 2580 2725 2761 2903
[121] 2997

[[130]]
  [1]   10   38   41   28   26   36   36   38   53   52   51   43   36   46   49
 [16]   63   59   47   46   42   69   72   67   57   72   83   87   68   57   83
 [31]   94   88   76   90  104  114  121  130  147  131  147  141  131  149  176
 [46]  215  196  196  185  236  221  220  238  221  247  229  254  258  285  278
 [61]  280  298  292  331  391  398  418  408  445  512  500  528  543  578  587
 [76]  651  663  646  714  814  808  815  838  888  940 1038 1063 1092 1078 1147
 [91] 1176 1169 1206 1266 1271 1319 1407 1457 1523 1597 1689 1685 1754 1834 1965
[106] 2020 2158 2235 2340 2330 2420 2479 2639 2726 2792 2953 3104 3191 3340 3455
[121] 3527

[[131]]
  [1]  10  32  28  21  17  20  21  17  30  28  21  20  16  13  12  19  19  19
 [19]  22  21  16  15  17  23  19  22  18  18  16  18  24  15  14  19  25  13
 [37]  20  25  31  25  30  33  29  35  33  35  34  33  35  30  35  34  36  29
 [55]  40  45  54  63  64  54  64  71  64  73  65  66  93  93 104 109 106 104
 [73] 134 136 149 152 147 139 156 183 186 190 195 208 192 181 201 208 206 231
 [91] 217 240 231 236 276 287 301 320 306 343 358 380 387 399 440 441 436 486
[109] 490 496 532 550 517 576 603 573 620 620 632 673 686

[[132]]
  [1]  10  38  24  17  14  13  13  19  27  25  20  24  19  19  13  19   9  11
 [19]  11  11  17  16  21  15  13  11  12  16  16  11  11   8   6  12   9  17
 [37]  13   8  12   9   4   4   4   4   7  11  14  18  20  29  20  24  30  24
 [55]  17  26  29  35  29  24  18  21  30  29  24  29  35  31  26  22  37  37
 [73]  37  29  24  35  36  34  46  44  56  42  47  50  56  61  79  67  81  60
 [91]  52  63  51  77  79  78  63  61  86  99  80  95  95  95 100 117 117 123
[109] 137 138 127 150 160 178 192 232 252 258 278 258 271

[[133]]
  [1]   10   30   28   21   20   22   22   31   26   20   21   28   24   30   41
 [16]   35   33   35   26   44   44   59   62   53   65   59   45   58   65   79
 [31]   84   88   89   85  110  116  137  111  150  128  122  127  128  146  183
 [46]  183  180  199  204  200  214  263  267  288  287  298  318  308  291  345
 [61]  340  343  337  337  372  398  379  395  369  398  436  438  409  398  461
 [76]  549  578  554  565  566  619  596  633  641  664  702  723  743  787  780
 [91]  778  807  844  851  947 1023 1007  988 1051 1079 1183 1160 1224 1198 1298
[106] 1318 1303 1444 1503 1605 1588 1652 1756 1857 1850 2006 1997 2146 2251 2278
[121] 2468

[[134]]
  [1]   10   16   22   17   17   15   23   37   30   26   21   24   40   32   40
 [16]   34   36   28   28   36   36   39   26   22   18   17   26   22   23   19
 [31]   15   24   34   31   36   34   41   40   40   33   36   63   56   49   62
 [46]   66   74   65   62   57   60   61   79   85  126  111  100  110  119  126
 [61]  111  140  162  156  134  117  148  182  220  203  204  226  241  251  246
 [76]  268  316  273  278  269  281  320  366  397  424  397  436  461  492  520
 [91]  539  528  529  603  623  666  694  702  771  827  786  790  818  887  917
[106]  981  987  971 1021 1080 1089 1128 1199 1232 1295 1237 1258 1436 1413 1380
[121] 1439

[[135]]
  [1]   10   21   34   26   20   18   15   30   28   30   41   40   35   38   49
 [16]   35   31   24   26   26   30   38   43   45   56   46   35   53   46   61
 [31]   69   70   66   99  104   93  108  114  131  149  149  142  135  136  141
 [46]  151  150  144  150  161  171  171  170  196  206  223  222  274  302  378
 [61]  355  348  349  340  377  444  439  407  445  433  453  435  496  480  513
 [76]  507  530  545  617  535  580  561  562  589  628  617  613  694  703  715
 [91]  755  803  814  817  933  902  951  928  979 1040 1030 1088 1113 1213 1266
[106] 1285 1332 1433 1438 1456 1502 1551 1518 1665 1778 1941 1980 2062 2159 2176
[121] 2203

[[136]]
  [1]   10   27   23   13   17   16   18   23   23   19   29   31   40   31   33
 [16]   38   33   39   30   32   25   34   33   44   49   50   47   37   45   48
 [31]   48   52   52   40   44   41   46   51   69   74   90   85   75   87  100
 [46]  114  102   99   95   99   93  117  114  146  158  161  159  154  183  175
 [61]  201  201  223  223  192  227  213  209  255  235  228  274  276  308  270
 [76]  319  365  369  327  347  389  424  414  437  441  473  550  555  606  616
 [91]  658  642  641  694  744  712  736  730  755  827  828  844  861  915  935
[106] 1002 1073 1101 1110 1131 1186 1271 1305 1310 1385 1414 1534 1553 1590 1675
[121] 1691

[[137]]
  [1]   10   51   43   34   27   24   27   27   28   20   16   12    9   17   24
 [16]   24   27   19   23   38   28   34   38   35   34   36   30   30   29   34
 [31]   53   52   51   47   53   44   46   55   66   85   70   58   63   64   76
 [46]   98   86   69   64   97   93  131  124  113  105  132  129  144  135  160
 [61]  137  137  140  168  221  211  206  182  197  182  189  214  229  217  252
 [76]  224  241  275  308  318  313  317  352  341  353  381  436  426  466  454
 [91]  495  490  521  563  620  626  621  635  651  711  719  727  789  877  935
[106]  943  904  966 1069 1057 1098 1108 1201 1243 1313 1243 1271 1304 1368 1453
[121] 1544

[[138]]
  [1]   10   37   33   36   25   26   41   45   37   31   32   42   42   35   40
 [16]   49   47   47   45   64   61   62   52   41   40   36   35   50   46   44
 [31]   44   59   56   63   54   59   87   82   79   87   85   85   98  118  126
 [46]  120  118  124  115  130  156  151  149  131  165  170  187  194  202  179
 [61]  197  189  219  237  266  279  310  287  300  294  316  322  349  380  389
 [76]  402  434  465  482  473  524  515  524  577  613  617  730  664  686  702
 [91]  740  790  837  893  978  952 1028 1068 1095 1037 1089 1159 1265 1280 1267
[106] 1294 1430 1457 1439 1518 1538 1627 1719 1768 1776 1885 2028 2111 2213 2242
[121] 2279

[[139]]
  [1]  10  29  19  14  11   9   7   8   6   6   3  12  13  15  15  17  13  20
 [19]  19  24  16  19  21  15  15  16  14  10   7  11  10  13  11   9   6   4
 [37]  10   6   6   8   9   5   8   6   6   5   4   5   5   3   3   2   2   2
 [55]   2   7   3   3   3   8   6   4  11  10  14  17  11   8  13  12  12  10
 [73]   8   7  21  20  20  23  27  42  51  33  32  41  42  54  62  57  56  58
 [91]  61  80  74  67  97 137 120 120 133 133 160 155 160 181 175 155 164 154
[109] 172 168 188 183 197 189 204 227 232 225 221 251 233

[[140]]
  [1]   10   31   19   19   24   25   21   41   38   26   27   36   31   46   41
 [16]   40   34   33   33   39   48   45   54   43   34   33   48   50   63   78
 [31]   58   45   46   63   66   80  105  106   99   94   96  117   99   88  105
 [46]  106   95  104  103  117  125  140  121  129  143  129  145  143  145  151
 [61]  168  187  195  214  191  192  242  255  247  250  266  259  252  271  259
 [76]  305  290  294  324  351  360  327  348  379  400  411  416  474  501  513
 [91]  477  527  529  584  627  636  629  700  729  771  760  748  852  901  934
[106] 1013  944  992 1165 1261 1353 1396 1382 1546 1616 1710 1723 1839 1865 1929
[121] 2007

[[141]]
  [1]   10   41   27   21   16   14   17   31   28   37   36   34   34   34   40
 [16]   28   46   53   66   60   56   50   50   53   63   56   64   52   54   65
 [31]   61   76   76   66   66   93   98  113  121  127  142  144  171  169  171
 [46]  190  180  169  204  202  214  229  250  238  227  214  211  252  258  256
 [61]  290  315  317  305  352  339  371  387  396  370  403  387  418  425  438
 [76]  477  478  499  495  478  502  503  547  610  671  656  667  659  719  810
 [91]  843  840  851  930  972  983 1064 1047 1176 1254 1399 1385 1414 1511 1528
[106] 1573 1587 1622 1696 1842 1734 1744 1893 1967 2050 2205 2326 2310 2467 2568
[121] 2720

[[142]]
  [1]   10   26   29   23   17   21   31   25   44   35   36   32   35   31   29
 [16]   30   27   26   36   29   37   32   48   30   37   30   27   26   36   30
 [31]   27   34   29   32   51   46   54   59   60   56   49   54   55   48   55
 [46]   52   46   40   46   54   57   45   59   70   60   52   63   85   79   87
 [61]   84   74   91   82   86  101   92   95  109  103  110  116  119  108  119
 [76]  129  144  146  166  150  155  157  165  184  191  202  237  256  291  263
 [91]  271  258  287  311  325  347  326  373  390  417  424  462  481  505  527
[106]  539  599  653  708  683  679  763  758  851  881  821  899  946 1091 1048
[121] 1087

[[143]]
  [1]   10   26   18   11    8   10   17   14   16   17   16   14   23   24   31
 [16]   20   30   25   34   39   41   41   34   32   36   22   27   46   50   43
 [31]   57   49   60   66   55   60   88   74   82   82   71   86  111  121  123
 [46]  106   95  109  110  114  124  129  138  120  152  145  186  158  183  160
 [61]  172  184  181  237  264  241  272  277  278  284  278  279  294  311  336
 [76]  346  378  370  371  389  392  445  445  453  476  524  530  543  541  560
 [91]  568  563  580  612  657  672  719  718  702  714  741  747  859  886  858
[106]  925  965 1040 1053 1076 1052 1105 1167 1158 1344 1341 1431 1462 1473 1563
[121] 1643

[[144]]
  [1]  10  51  41  33  34  43  38  31  23  27  27  32  32  41  27  28  33  38
 [19]  44  35  34  36  34  35  44  55  61  65  55  62  49  42  49  62  57  52
 [37]  63  78  65  71  73  91  83  92  99  72  73  99 117 121 113 111 112 105
 [55] 114 149 118 122 128 136 141 135 148 175 194 187 163 167 198 196 179 210
 [73] 207 234 195 229 249 242 248 247 268 241 255 250 229 243 241 292 288 279
 [91] 292 319 306 307 349 329 343 348 404 409 399 419 397 461 479 509 469 505
[109] 549 561 629 677 647 680 695 729 744 791 807 857 901

[[145]]
  [1]   10   31   25   28   33   43   41   44   53   40   32   29   29   38   30
 [16]   38   30   28   36   53   45   34   50   61   65   53   51   55   40   36
 [31]   41   48   59   60   54   43   45   54   66   64   61   82   79   75   86
 [46]   75   77   85   87   95   83  101  110  118  111  120  153  137  142  125
 [61]  136  192  195  201  192  192  171  176  203  237  255  272  287  318  310
 [76]  324  325  352  377  415  427  425  415  423  486  542  573  566  636  603
 [91]  646  641  674  733  802  885  917  949  936  952  996 1018 1036 1039 1134
[106] 1185 1281 1281 1341 1347 1419 1516 1579 1626 1724 1786 1889 2017 1989 2050
[121] 2164

[[146]]
  [1]   10   29   26   18   16   17   20   26   20   14   21   19   28   18   19
 [16]   24   22   20   25   33   38   44   32   28   30   56   57   49   41   41
 [31]   55   38   34   46   47   57   67   79   61   62   59   95  100   83   86
 [46]  104   83   97   84   79   84   90  101  133  139  139  148  141  143  172
 [61]  187  198  205  183  190  223  237  263  265  314  303  283  340  351  411
 [76]  410  425  419  428  478  481  534  524  561  554  574  619  611  701  728
 [91]  701  747  738  736  764  834  898  917  959  963  983 1091 1123 1215 1250
[106] 1280 1293 1329 1412 1488 1566 1680 1734 1820 1843 1889 2056 2153 2264 2276
[121] 2349

[[147]]
  [1]   10   25   24   18   20   22   25   26   27   26   47   44   41   46   48
 [16]   63   69   78   79   92   98  106  121  134  112  106  125  119  150  154
 [31]  187  166  151  150  151  162  196  178  189  199  224  230  237  237  220
 [46]  284  269  313  337  323  310  327  360  357  363  383  371  430  416  428
 [61]  455  489  530  538  590  608  621  703  704  690  684  770  820  914  882
 [76]  953  944  952  982 1085 1056 1092 1120 1216 1230 1252 1403 1383 1359 1436
 [91] 1575 1598 1579 1550 1699 1784 1774 1776 1790 1866 1991 2193 2145 2211 2237
[106] 2393 2449 2627 2745 2751 2881 3076 3155 3316 3411 3546 3741 3894 4078 4177
[121] 4263

[[148]]
  [1]  10  25  26  20  20  15  15  14  18  24  27  32  23  23  36  38  36  38
 [19]  45  49  42  37  40  44  33  39  33  30  28  45  60  46  39  47  40  45
 [37]  47  54  51  56  66  55  72  87  61  62  60  72  82  92 101  83  83  92
 [55] 106 118 102  93  92  87  96 103 100 101  97  87 102 111  96  87 101 124
 [73] 124 117  97 101  98  91 104 144 133 136 155 151 163 154 169 185 202 188
 [91] 207 232 243 258 266 261 268 285 280 310 320 322 278 338 313 304 325 414
[109] 381 421 389 410 427 469 507 494 551 557 545 588 603

[[149]]
  [1]   10   25   21   14   13   13   10   13   12   23   28   32   32   31   22
 [16]   18   26   33   41   40   40   47   48   55   41   41   43   46   54   48
 [31]   50   72   58   77   74   74   62  106   88   91   81   83  116  123  117
 [46]  124  107  125  141  143  149  128  144  116  156  134  131  131  133  149
 [61]  148  139  175  189  170  171  165  171  164  206  229  224  235  251  260
 [76]  279  282  281  268  360  358  336  346  361  369  459  482  452  465  443
 [91]  458  536  555  594  558  665  639  663  755  787  836  798  825  851  909
[106]  978  992 1056 1071 1147 1182 1347 1355 1469 1542 1584 1576 1645 1715 1731
[121] 1858

[[150]]
  [1]   10   38   19   16   17   22   17   24   18   21   18   20   18   22   26
 [16]   27   28   22   31   29   24   27   24   41   49   44   34   34   33   45
 [31]   44   47   33   33   30   23   31   43   40   51   45   61   50   66   74
 [46]   60   82   82   85   71   80   88   92   90   88   78  100   96   88   94
 [61]  102  133  122  128  138  147  142  144  148  133  145  148  158  170  184
 [76]  171  202  209  228  210  231  235  227  267  254  258  274  294  300  311
 [91]  285  349  373  407  409  417  424  460  425  448  486  533  508  558  574
[106]  605  587  654  642  740  759  773  802  843  889  966 1021 1024 1030 1082
[121] 1102

> save(reslist, file=paste("output",iter,".rda",sep=""))
> 
> 
> ###############################################################
> 
> 
> # Clear the workspace and turn off graphics.
> #  Load all the functions you need by sourcing the provided demographic.R file
> #  Read in the job number from the cluster. To do this, your code should include a new
> # variable iter and should start with the line:
> # iter <- as.numeric(Sys.getenv(PBS_ARRAY_INDEX))
> #  Control the random number seeds so that each parallel simulation takes place with a
> # different seed. Your function should therefore set the random number seed as iter so that
> # each parallel simulation has a unique random seed.
> #  In each parallel run, select the initial condition to be used. Ensure that 25 of the parallel
> # simulations are allocated to each of the initial conditions.
> #  Create a variable which is the filename to store your results. The end of the filename
> # should be the number iter to ensure that simulation files do not overwrite one another on
> # the cluster.
> #  Initialise a list which will contain the results of your 150 simulations.
> #  Call the stochastic_simulation function to do the appropriate simulation 150 times,
> # appending the output to the results list, and then save the results list.
> 
> #four initial conditions (25 cluster runs per)
> #each cluster run runs simulation 150 times
> #1) large population of 100 adults
> #2) small population of 10 adults
> #3) 100 individuals spread
> #4) small population of 10 individuals
> 
R has finished running

============================================

        Job resource usage summary 

                 Memory (GB)    NCPUs
 Requested  :         1             1
 Used       :         0 (peak)   0.80 (ave)

============================================
