R is about to run

R version 4.4.1 (2024-06-14) -- "Race for Your Life"
Copyright (C) 2024 The R Foundation for Statistical Computing
Platform: x86_64-conda-linux-gnu

R is free software and comes with ABSOLUTELY NO WARRANTY.
You are welcome to redistribute it under certain conditions.
Type 'license()' or 'licence()' for distribution details.

R is a collaborative project with many contributors.
Type 'contributors()' for more information and
'citation()' on how to cite R or R packages in publications.

Type 'demo()' for some demos, 'help()' for on-line help, or
'help.start()' for an HTML browser interface to help.
Type 'q()' to quit R.

> 
> 
> growth_matrix <- matrix(c(0.1, 0.0, 0.0, 0.0,
+ 0.5, 0.4, 0.0, 0.0,
+ 0.0, 0.4, 0.7, 0.0,
+ 0.0, 0.0, 0.25, 0.4),
+ nrow=4, ncol=4, byrow=T)
> 
> reproduction_matrix <- matrix(c(0.0, 0.0, 0.0, 2.6,
+ 0.0, 0.0, 0.0, 0.0,
+ 0.0, 0.0, 0.0, 0.0,
+ 0.0, 0.0, 0.0, 0.0),
+ nrow=4, ncol=4, byrow=T)
> 
> clutch_distribution <- c(0.06,0.08,0.13,0.15,0.16,0.18,0.15,0.06,0.03)
> 
> #=========================================================================================
> rm(list=ls())
> graphics.off()
> source("Demographic.R")
> source("kl2621_HPC_2024_main.R")
[1] 0 0 0 0 3
[1] 3 3 2 2 2
[1] 1 1
 [1] 7 4 3 3 2 2 1 1 1 1 1 1 1 1 1 1 1 1 1 1 1
> 
> 
> ###4 initial conditions
> 
> ############################################################
> 
> 
> 
> #VVVVVVVVVVVV-------------COMMENT ME OUT WHEN RUNNING THE THING
> #iter <- 5
> #VVVVVVVVVVV--------------UNCOMMENT ME OUT
> iter <- as.numeric(Sys.getenv("PBS_ARRAY_INDEX"))
> set.seed(iter)
> 
> 
> if (iter <= 25) {
+ initial_state <- state_initialise_adult(4,100) #100 adults
+ } else if (iter >25 && iter <= 50) {
+ initial_state <- state_initialise_adult(4,10) #10 adults
+ } else if (iter >50 && iter <= 75) {
+ initial_state <- state_initialise_spread(4,100) #100 spread
+ } else {
+ initial_state <- state_initialise_spread(4,10) #10 spread
+ }
> 
> reslist <- list()
> 
> ####100 cluster runs
> ###################################################
> ####150 runs of stochastic_simulation per cluster run
> for (i in 1:150) {
+     #################################
+     ###120 steps of stochastic_simulation per simulation
+     stochasticresult <- stochastic_simulation(initial_state,growth_matrix,reproduction_matrix,clutch_distribution,120)
+     reslist[[i]] <- stochasticresult
+     #################################
+ }
> ###################################################
> 
> print(reslist)
[[1]]
  [1]  10  25  22  17  12  10  18  31  30  24  22  22  26  26  27  28  27  29
 [19]  21  22  20  30  16  15  14  21  31  34  22  23  24  35  32  39  40  28
 [37]  29  29  33  26  28  22  40  43  36  28  37  47  39  34  42  33  46  51
 [55]  41  44  48  47  44  42  56  42  36  53  41  28  35  32  49  49  68  61
 [73]  50  50  52  59  80  75  73  68  68  73  79  98  98  96  98  96 105 101
 [91] 120 104 112 118 105 102 123 133 139 156 157 157 155 166 156 161 185 174
[109] 177 174 180 208 214 191 233 219 222 237 237 254 238

[[2]]
  [1]   10   24   25   18   18   15   11   11   17   16   30   31   30   20   24
 [16]   19   33   30   32   27   30   32   35   34   38   44   47   45   46   34
 [31]   39   45   37   38   52   42   53   48   46   60   57   46   49   49   58
 [46]   62   76   79   67   79  102  112  111  105  114  129  125  147  130  132
 [61]  123  147  130  146  169  190  166  192  171  200  234  249  222  213  199
 [76]  190  214  222  208  194  195  189  205  236  275  243  264  273  267  315
 [91]  320  342  395  421  419  376  392  454  451  494  514  501  495  536  608
[106]  529  534  600  598  597  680  698  761  752  767  830  825  865  907  963
[121] 1026

[[3]]
  [1]  10  30  33  21  16  17  13  32  23  22  21  18  28  38  43  28  21  27
 [19]  26  27  38  37  42  31  48  45  50  50  64  60  74  81  64  58  53  62
 [37]  76  74  88  74  76  71  90  99 102 115 115 144 126 120 137 139 142 145
 [55] 126 117 141 131 123 129 119 126 132 130 155 148 127 124 118 151 153 158
 [73] 187 197 163 170 185 210 200 219 237 243 233 204 223 208 207 200 218 196
 [91] 229 223 245 283 269 302 304 324 354 360 353 352 312 366 403 396 453 436
[109] 443 434 439 487 485 456 485 456 504 514 556 569 633

[[4]]
  [1]   10   30   22   21   17   13   12   10    9    8   12   10    8   19   18
 [16]   18   12   20   18   16   10   10   15   21   19   19   16   16   20   19
 [31]   13   17   18   25   35   25   23   21   38   38   57   65   55   46   56
 [46]   49   72   78   73   79   77  103  103  108   87   99  111   96  100  115
 [61]  158  136  138  129  132  133  158  133  154  162  152  164  202  193  228
 [76]  213  215  261  264  289  302  346  340  341  374  378  416  416  371  382
 [91]  431  388  403  393  399  426  435  431  449  466  456  523  534  587  639
[106]  652  717  711  688  747  777  825  873  912  865  936  931  963  985 1068
[121] 1160

[[5]]
  [1]  10  26  19  18  11   8  22  18  15  16  13  11  14  16   9   7  15  15
 [19]  11  10   9   9   6   9  15  22  17  15  14  12  16  24  30  22  16  18
 [37]  28  21  13  10  14  12  15  12   6   4   5  10   6  12   7   6   6  11
 [55]  15  11   7   6   7   3   9  10   9   6  10   7   5   3   3   5   4  10
 [73]   8  10   7   7  13  13  21  16  14  11  18  23  37  34  32  33  55  51
 [91]  56  62  70  66  77  78  75  87 117 113 115  99 103 112 123 143 156 135
[109] 154 132 167 160 149 126 144 168 186 173 164 187 215

[[6]]
  [1]   10   35   45   40   36   30   37   50   48   70   61   61   54   55   62
 [16]   60   62   86   81   89  100  112  110  120  104  114  108  108  132  138
 [31]  151  142  153  164  178  193  201  204  223  240  249  256  285  276  309
 [46]  344  322  338  345  389  392  422  456  476  497  524  539  611  617  605
 [61]  592  662  704  706  705  752  831  859  815  884  993 1003 1030 1065 1163
 [76] 1221 1386 1365 1408 1428 1564 1623 1639 1662 1677 1816 1879 2092 2120 2093
 [91] 2168 2180 2330 2405 2678 2788 2725 2883 3008 3043 3064 3260 3500 3604 3707
[106] 3801 3858 4027 4116 4287 4540 4871 4948 5173 5511 5635 5796 6021 6369 6496
[121] 6623

[[7]]
  [1] 10 24 21 20 15  8 13 10  9  8  7 12 16 15  9 15 12  9  9 17 13  9  7  5  5
 [26] 14  6  8  5  3  3  3  3  3  2  5  4  3  2  1  1  1  1  0  0  0  0  0  0  0
 [51]  0  0  0  0  0  0  0  0  0  0  0  0  0  0  0  0  0  0  0  0  0  0  0  0  0
 [76]  0  0  0  0  0  0  0  0  0  0  0  0  0  0  0  0  0  0  0  0  0  0  0  0  0
[101]  0  0  0  0  0  0  0  0  0  0  0  0  0  0  0  0  0  0  0  0  0

[[8]]
  [1]   10   25   31   29   22   17   15   16   15   20   13   18   23   29   24
 [16]   38   40   39   58   51   60   65   60   68   56   65   92   96   73   86
 [31]   88   96   86   88   97   83   80   86   87  100  128  119  117  108  109
 [46]  138  136  169  151  132  153  140  112  146  148  134  148  185  177  160
 [61]  187  189  178  161  178  185  189  186  262  233  211  204  254  254  258
 [76]  289  309  311  323  350  326  366  394  370  425  477  467  491  470  496
 [91]  523  614  592  614  632  671  663  692  704  656  704  703  714  782  826
[106]  861  854  849  901  976 1010 1090 1137 1190 1230 1369 1386 1453 1473 1572
[121] 1620

[[9]]
  [1] 10 28 13 12  9 15 15 15 20 22 36 26 22 17 32 16 11 17 13 18 14 13 18 14 17
 [26] 10  7  5  4  6  2 10  7  5  3  2  2  1  9  4  3  1  1  1  1  0  0  0  0  0
 [51]  0  0  0  0  0  0  0  0  0  0  0  0  0  0  0  0  0  0  0  0  0  0  0  0  0
 [76]  0  0  0  0  0  0  0  0  0  0  0  0  0  0  0  0  0  0  0  0  0  0  0  0  0
[101]  0  0  0  0  0  0  0  0  0  0  0  0  0  0  0  0  0  0  0  0  0

[[10]]
  [1] 10 19 19 28 30 25 25 33 33 44 43 30 20 17 16 20 20 12  9  5  4  4  4  9  5
 [26]  5  5 12 11  8  6  6 11 10 12 10  7  7  8  5 13  7  6  9  6  4  4  4  4  3
 [51]  2  2  9  6  8  6  4  3  3 10  5  5  4  3  6  3  3  2  2  2  0  0  0  0  0
 [76]  0  0  0  0  0  0  0  0  0  0  0  0  0  0  0  0  0  0  0  0  0  0  0  0  0
[101]  0  0  0  0  0  0  0  0  0  0  0  0  0  0  0  0  0  0  0  0  0

[[11]]
  [1]  10  36  28  19  16  21  21  22  32  29  37  30  24  22  27  34  28  28
 [19]  23  26  32  25  24  26  29  30  25  19  23  34  37  33  33  26  36  48
 [37]  41  35  32  29  29  35  45  56  47  39  56  51  49  59  59  40  44  51
 [55]  48  43  37  25  40  37  37  35  36  37  41  48  49  58  62  56  55  53
 [73]  44  36  47  52  63  59  57  64  58  73  74  68  63  50  67  71  73  81
 [91]  78  81  92  86  92 108 115 125 113 110 125 145 152 168 170 164 178 202
[109] 198 204 195 203 238 245 294 329 341 321 362 399 381

[[12]]
  [1]  10  33  24  19  17  19  27  27  13  11  13  11   7   5   6   6   4   4
 [19]   4   3   9  11  13  11   8   8   9   7   8  12  27  20  23  15  17  16
 [37]  12  10   8  15  21  23  13   9   7   6   8  20  27  18  12  15  26  26
 [55]  17  12  17  14  28  26  17  25  25  23  22  42  36  43  41  37  38  53
 [73]  50  51  61  78  65  73  68  82  96  87  82 108 132 136 150 121 107 119
 [91] 117 120 127 147 156 152 169 167 167 176 180 223 243 220 223 216 207 215
[109] 271 248 262 305 289 316 335 344 386 376 403 402 396

[[13]]
  [1]   10   31   41   29   38   34   26   25   43   40   57   67   63   56   46
 [16]   43   52   67   62   73   65   53   71   96   88   83   73   86   85   89
 [31]   94   89   92  105  126  116   98  109  125  147  152  153  144  139  162
 [46]  172  132  125  111  134  171  184  203  183  208  237  231  214  186  198
 [61]  226  249  262  279  263  237  248  277  261  284  310  352  316  325  351
 [76]  366  380  415  418  434  458  479  502  573  567  598  579  607  621  619
 [91]  637  679  765  739  748  694  721  802  759  805  813  857  858  912  900
[106]  933 1031  994 1105 1091 1116 1195 1235 1376 1401 1425 1439 1433 1572 1649
[121] 1771

[[14]]
  [1]   10   40   33   24   17   26   28   35   29   45   41   32   35   43   41
 [16]   63   49   46   44   38   44   59   60   71   72   79   79   79   88   88
 [31]  101  106  106  125  127  121  128  141  139  136  135  131  133  136  149
 [46]  154  169  181  207  187  206  211  240  258  274  247  268  252  303  314
 [61]  316  339  340  352  384  393  425  399  441  465  501  537  595  629  618
 [76]  634  678  709  754  766  756  781  812  847  825  861  858  868  933 1084
 [91] 1096 1153 1181 1202 1307 1428 1372 1365 1440 1450 1552 1622 1663 1779 1901
[106] 1961 1978 2021 2134 2238 2280 2387 2441 2505 2546 2741 2833 2839 2925 2972
[121] 3156

[[15]]
  [1]  10  28  14  10   9  11  14  12  11  17  18  21  16  20  22  23  33  37
 [19]  32  29  26  20  25  33  38  34  31  36  34  40  29  33  35  30  23  24
 [37]  32  31  38  32  34  31  31  32  42  49  47  41  48  61  65  69  57  52
 [55]  58  71  77  60  65  70  98 100 103  99 110 110 129 146 153 138 120 152
 [73] 148 168 181 196 220 200 236 239 257 239 230 230 220 245 252 281 293 332
 [91] 292 340 343 362 358 414 406 423 471 457 472 486 511 539 524 568 616 611
[109] 591 591 611 606 625 734 736 808 816 851 833 912 991

[[16]]
  [1]   10   27   25   26   17   16   18   13   16   17   13   15   13    9    8
 [16]   11   16   20   15   13   14   24   28   31   28   27   42   39   26   44
 [31]   45   53   42   44   65   66   67   54   51   57   77   80   79   87   91
 [46]   91   82   82  109  115  106   87  111  124  118  123  125  137  147  165
 [61]  139  124  160  185  205  210  247  214  213  237  230  246  285  287  275
 [76]  307  325  323  308  309  309  337  392  355  387  368  435  440  415  470
 [91]  441  452  460  492  489  496  545  540  560  589  663  634  666  711  650
[106]  678  753  828  887  854  893  909  899  990 1082 1141 1186 1253 1253 1251
[121] 1410

[[17]]
  [1]   10   39   32   27   27   28   38   43   52   50   43   37   31   43   60
 [16]   74   65   65   54   63   81  102  107  111   98  106  123  100   93   78
 [31]   77   80   89   66   56   68   59   71   75   80   77   80   77   82   86
 [46]  117  101   96   89   85   86  103  116  112  117  138  137  145  134  139
 [61]  149  161  153  138  133  141  162  163  183  192  186  173  190  195  237
 [76]  235  245  234  260  253  286  329  286  300  318  329  337  372  394  404
 [91]  408  440  481  516  495  498  525  506  575  701  648  619  651  720  762
[106]  792  797  860  876  935  964  999 1004 1023 1054 1048 1097 1148 1280 1217
[121] 1259

[[18]]
  [1]   10   40   49   45   37   34   31   41   57   59   47   52   45   60   71
 [16]   66   75   79   82   82   75   76   82  103  109  118  107  108  112  141
 [31]  133  157  138  154  173  157  140  164  156  188  163  158  183  184  176
 [46]  188  175  158  167  189  201  190  189  188  207  180  199  199  197  201
 [61]  225  265  258  247  284  311  308  319  333  349  348  345  360  413  424
 [76]  415  422  472  503  524  501  521  584  643  682  740  793  788  858  954
 [91]  932  996  981 1038 1098 1156 1156 1155 1218 1310 1415 1480 1529 1542 1537
[106] 1685 1859 1866 1930 1953 2085 2209 2321 2424 2444 2519 2705 2682 2778 2975
[121] 3092

[[19]]
  [1]   10   24   29   21   24   19   22   27   44   31   41   42   44   46   34
 [16]   39   51   39   47   52   54   65   52   57   71   69   61   68   87   83
 [31]  101  101   82   98  110  132  120  128  131  103  103  146  158  161  147
 [46]  137  159  163  177  161  158  171  174  208  196  182  197  215  264  288
 [61]  293  267  277  259  277  289  286  310  328  340  345  399  392  414  425
 [76]  466  528  564  623  640  657  695  737  733  766  779  748  756  811  843
 [91]  875  895  933  912  970 1053 1211 1285 1244 1295 1445 1554 1531 1578 1666
[106] 1762 1907 1921 1993 2173 2265 2278 2355 2443 2587 2727 2859 2953 3101 3359
[121] 3478

[[20]]
  [1]  10  29  27  22  16  15  14  11  10  18  24  24  26  27  39  45  47  29
 [19]  25  31  22  28  25  21  19  28  32  28  23  19  29  26  34  44  41  53
 [37]  46  50  32  33  43  30  33  35  46  33  38  32  31  44  38  34  31  24
 [55]  41  30  32  33  25  37  36  33  32  28  32  46  44  46  51  42  63  53
 [73]  64  62  63  56  75  94  76  76  69  83  98 100 113 108 117 118 114 110
 [91] 143 159 168 168 173 221 209 217 208 214 236 245 256 244 252 267 273 261
[109] 312 293 301 314 328 343 341 394 388 375 392 464 531

[[21]]
  [1]   10   50   42   28   23   18   18   29   47   34   31   25   22   24   32
 [16]   26   26   21   25   30   24   17   30   28   32   32   26   27   50   50
 [31]   45   51   50   51   39   41   44   53   60   56   65   77   72   76   68
 [46]   88   76   72   87   84   80  104  103  118  115  113  139  136  132  132
 [61]  138  139  130  139  149  137  153  147  137  147  140  172  196  201  164
 [76]  153  187  186  241  253  246  238  230  274  284  359  347  346  381  384
 [91]  376  391  435  453  460  494  486  514  530  542  522  521  579  604  669
[106]  649  705  723  735  815  855  880  954  987 1019 1011 1039 1062 1213 1235
[121] 1207

[[22]]
  [1]   10   27   30   27   22   18   27   20   16   16   25   31   25   41   40
 [16]   42   36   38   63   51   50   55   72   71   59   68   68   89   85   94
 [31]   83   94   97  100   99   97   84  128  116   98  121  124  120  118  125
 [46]  115  116  117  127  156  190  187  183  162  174  181  182  179  203  183
 [61]  193  202  194  215  238  225  257  266  247  272  280  269  305  306  309
 [76]  308  298  321  330  354  403  418  463  479  509  523  547  570  528  629
 [91]  671  674  707  754  793  773  805  817  838  916  937  927  928  964  986
[106]  985 1023 1115 1095 1196 1235 1261 1306 1319 1419 1488 1583 1671 1693 1758
[121] 1850

[[23]]
  [1]   10   25   28   23   18   16   19   23   29   32   35   36   35   41   46
 [16]   44   50   50   62   50   61   65   67   58   53   79   96  107  113  121
 [31]  121  124  102  101  115  126  132  116  116  130  146  151  151  160  134
 [46]  159  143  146  151  165  172  170  181  188  207  217  231  272  255  265
 [61]  261  262  343  334  377  338  348  322  346  340  385  401  425  488  485
 [76]  487  525  502  526  519  559  613  559  618  675  707  713  683  713  730
 [91]  764  877  898  927  943  929  986  994 1044 1060 1133 1216 1206 1216 1299
[106] 1369 1327 1477 1461 1545 1612 1761 1768 1802 1937 1941 1989 2077 2178 2355
[121] 2403

[[24]]
  [1]   10   46   32   24   17   16   18   30   18   16   13   15   16    9    9
 [16]   14   24   42   28   22   20   31   44   42   48   58   54   56   47   55
 [31]   56   52   57   43   48   51   42   45   54   55   65   72   55   53   51
 [46]   60   81   74   69   79   83   98  100  113   92   92  119  104  122  125
 [61]  147  155  178  160  172  185  179  199  200  205  193  197  219  273  310
 [76]  306  301  262  284  306  334  346  381  353  383  426  406  366  413  471
 [91]  460  441  457  472  443  465  509  540  533  534  488  483  525  548  580
[106]  629  637  672  703  733  762  739  710  802  818  840  927  911  950 1000
[121] 1058

[[25]]
  [1]   10   24   24   27   19   18   19   17   20   23   29   19   19   21   20
 [16]   16   14   17   20   22   22   19   20   24   38   50   44   38   38   39
 [31]   40   48   45   57   55   52   40   50   41   49   52   59   61   62   60
 [46]   55   74   73   63   63   76   84   97   82   96  106  123  141  139  154
 [61]  152  164  161  168  177  166  184  158  143  147  178  191  198  201  198
 [76]  245  246  221  249  245  288  291  317  301  322  327  345  353  347  364
 [91]  393  394  462  426  408  438  447  486  556  576  580  641  636  628  654
[106]  701  726  786  819  811  869  908 1052 1104 1057 1059 1098 1203 1258 1317
[121] 1392

[[26]]
  [1]   10   21   25   24   19   14   20   25   37   38   38   39   31   40   45
 [16]   41   44   36   35   35   31   31   45   46   38   35   27   40   40   33
 [31]   31   44   50   83   80   65   74   73   80  102  110  100   93   99  126
 [46]  124  137  133  119  162  163  157  139  134  124  154  158  152  151  154
 [61]  163  173  183  173  176  201  218  235  224  225  211  264  303  316  280
 [76]  269  320  360  409  409  418  459  447  449  465  478  526  520  545  572
 [91]  578  581  638  731  719  711  735  733  780  744  792  850  842  861  884
[106]  950  966  915  940 1025 1094 1109 1175 1224 1169 1223 1310 1359 1385 1482
[121] 1513

[[27]]
  [1]  10  27  29  18  16  13  12  10  15  15  18  18  23  14  12   6   4   4
 [19]   6   5   5  10   9   4   2   1   1   1   7   4  11  12   8   8   7  10
 [37]   9   6   9   7  11   5   5   5  12  22  16  11   9   8  17  22  20  14
 [55]  32  34  35  35  29  35  37  41  42  44  66  63  61  69  75  73  91  70
 [73]  78  81  87  95 101 105  98 101  87  87 104  91  99  86  96  98 103 108
 [91] 127 112 113 111 125 130 151 151 173 188 172 227 210 212 195 197 211 206
[109] 238 270 284 273 286 288 309 314 319 314 325 391 383

[[28]]
  [1]  10  22  12  14   7   6  12  10  12  13   8   6   6   6  10   8   9   6
 [19]   6   7  18  16  12  12   9   7  12  12  15  13  16  11   7   6   4   4
 [37]   4   4   8   6  11   7   7   6   5  10   6   4  12  21  14  15  13  13
 [55]  20  13  19  16  13  14  10  10  19  25  24  21  18  22  22  35  30  33
 [73]  34  36  22  24  42  33  33  24  32  42  42  45  53  61  57  71  57  54
 [91]  68  49  52  54  61  60  49  68  69  66  67  68  78  89 104 119 119 102
[109] 125 138 146 146 145 137 132 135 129 131 167 190 179

[[29]]
  [1]  10  23  25  12   8   8  19  14  16  18  12  15  22  25  30  25  27  23
 [19]  23  17  12  16  22  14  23  19  22  19  26  32  31  23  24  28  20  21
 [37]  19  28  40  35  30  25  22  17  18  14  19  19  22  23  19  27  30  27
 [55]  36  25  26  31  34  29  40  40  47  56  44  45  42  32  36  35  38  40
 [73]  40  29  27  37  43  59  57  78  66  71  71  70  65  81  77  95  90 119
 [91] 122 108  89  91  97  99 117 114 103 124 119 121 151 156 168 171 185 209
[109] 206 218 219 229 231 260 255 289 270 261 261 274 298

[[30]]
  [1]   10   27   17   14   11   19   29   30   24   22   29   29   32   32   34
 [16]   27   40   54   48   52   42   42   36   39   31   40   32   43   43   40
 [31]   34   34   38   49   32   26   29   36   32   43   52   49   58   68   67
 [46]   61   60   62   77   87   77   79   70   55   74   77   89  110   95   77
 [61]   83  115  148  133  127  147  151  161  153  152  148  156  172  167  181
 [76]  202  220  224  251  271  306  298  292  280  314  333  337  389  412  440
 [91]  434  406  446  439  502  493  473  523  575  631  672  740  828  813  855
[106]  877  901  919  949 1051 1143 1179 1158 1195 1253 1291 1285 1411 1331 1328
[121] 1365

[[31]]
  [1]   10   25   22   17   14   12   11   16   25   20   17   24   17   24   29
 [16]   28   21   23   17   19   30   22   46   42   42   41   51   54   62   81
 [31]   90   98  101   78  103  104  121  107  120  113  122  111  116  125  131
 [46]  152  167  166  185  174  196  214  236  229  255  253  251  277  273  312
 [61]  351  348  363  377  398  385  440  450  485  499  531  480  564  617  591
 [76]  603  630  669  714  735  803  858  859  855  910 1001 1015 1043 1003 1044
 [91] 1154 1183 1286 1379 1346 1478 1543 1667 1743 1831 1887 1965 2039 2157 2297
[106] 2381 2428 2587 2652 2663 2808 2931 3013 3167 3364 3638 3825 3857 4082 4070
[121] 4207

[[32]]
  [1]   10   35   25   27   26   28   27   33   35   47   48   42   34   43   50
 [16]   52   48   59   61   64   53   64   56   51   48   60   51   68   58   67
 [31]   61   70   76   71   77   73   82   69   76   89   96   95  104  122  118
 [46]  118  119  106   98   99  105  113  102   85   93  127  128  144  147  146
 [61]  154  140  147  139  172  172  192  213  234  202  203  192  254  260  255
 [76]  275  273  301  353  390  379  411  447  448  410  421  483  556  589  542
 [91]  571  557  585  622  627  689  727  785  814  908  934 1010 1048 1118 1138
[106] 1192 1174 1269 1366 1417 1363 1390 1489 1590 1716 1776 1853 1889 1888 1983
[121] 2162

[[33]]
  [1]   10   23   25   14   10   12   11    8   20   16    9   17   17   25   19
 [16]   21   22   22   21   16   26   26   33   23   16   21   29   44   39   32
 [31]   26   27   58   58   54   62   71   84   80   90   68   71   86  124  107
 [46]  104  103  117  125  118  123  114  131  151  164  166  172  178  180  154
 [61]  184  200  178  213  202  251  252  270  292  324  289  313  340  307  325
 [76]  357  372  405  367  380  402  422  455  503  517  516  514  497  521  547
 [91]  557  561  550  562  597  667  656  710  742  714  757  816  850  896  941
[106]  956 1048 1125 1147 1164 1197 1275 1375 1439 1478 1561 1678 1763 1827 1884
[121] 1956

[[34]]
  [1]  10  19  22  16  13  11  10  15  16  26  29  28  31  24  18  30  31  19
 [19]  25  28  29  26  21  21  28  28  26  29  38  27  36  28  35  33  32  40
 [37]  37  24  45  51  36  32  29  31  42  32  26  33  33  34  32  28  37  59
 [55]  59  43  35  45  54  51  45  44  53  74  65  69  72  82 101  77  94  90
 [73] 110 121 105 114 143 131 109 106 110 104 108 108 141 139 137 162 156 169
 [91] 153 165 196 189 181 193 226 246 235 235 251 236 219 232 245 237 277 316
[109] 317 325 322 374 436 466 425 425 461 517 523 556 564

[[35]]
  [1]   10   41   41   39   29   24   24   19   31   32   35   36   26   27   31
 [16]   33   26   24   32   35   36   39   36   27   27   35   22   25   24   39
 [31]   40   46   36   45   47   41   46   70   79   72   79   75   74   75   91
 [46]   85   89   89   92  101   99  118  136  133  128  127  130  137  125  151
 [61]  164  168  180  178  174  152  169  174  174  173  196  189  196  228  225
 [76]  209  210  220  269  282  308  280  268  282  307  333  303  351  412  409
 [91]  405  378  407  446  477  479  501  529  527  529  506  510  576  587  607
[106]  610  647  682  730  765  795  757  789  852  903  970 1012 1044 1103 1054
[121] 1076

[[36]]
  [1]   10   34   21   13   17   14   11   11   18   32   22   33   26   26   25
 [16]   33   26   30   36   37   47   38   37   52   54   54   48   52   61   52
 [31]   39   44   48   58   56   56   54   64   81   91   93   77   68   57   85
 [46]   88   95  101  102  103  107  113  109  118  124  145  161  153  174  169
 [61]  211  181  207  214  243  228  232  229  266  304  326  301  305  284  290
 [76]  329  339  362  366  397  446  480  434  465  490  511  596  653  718  684
 [91]  668  707  775  842  879  872  882  941 1045 1003  985 1031 1030 1101 1063
[106] 1120 1233 1237 1297 1333 1494 1594 1640 1656 1617 1770 1901 1932 1957 1979
[121] 2122

[[37]]
  [1]   10   27   25   15   14   17   15   17   19   35   39   33   26   26   27
 [16]   37   51   51   51   69   52   73   58   46   50   60   62   63   65   53
 [31]   52   60   63   69   58   45   40   35   54   56   42   37   47   34   55
 [46]   61   69   88   92   71   83   95  107  127  143  109  111  131  156  155
 [61]  176  169  162  202  178  193  226  248  266  266  268  275  307  338  372
 [76]  370  417  421  467  506  536  514  549  606  599  618  647  670  706  714
 [91]  712  778  866  907  964  950  996 1025 1152 1171 1245 1323 1342 1459 1462
[106] 1401 1445 1565 1546 1625 1697 1808 1780 1869 1970 2090 2167 2238 2214 2346
[121] 2436

[[38]]
  [1]   10   38   34   27   21   20   22   19   27   35   37   36   37   25   31
 [16]   35   54   49   51   51   61   70   54   52   61   59   56   60   68   92
 [31]   85   92   77   71   68   94   91  100   98   90   95  104  126  132  130
 [46]  127  119  146  143  177  153  140  130  165  153  178  182  201  194  184
 [61]  176  170  196  199  189  185  196  219  260  246  227  248  256  298  344
 [76]  359  341  353  414  417  449  436  465  508  508  527  514  587  617  610
 [91]  645  672  665  659  643  681  724  782  830  918  943  965 1006  983 1060
[106] 1096 1127 1125 1255 1246 1275 1333 1471 1419 1516 1586 1614 1721 1796 1882
[121] 1999

[[39]]
  [1] 10 38 32 26 22 18 21 25 15 26 29 24 18 19 14 12 16 15 16 25 30 35 24 22 23
 [26] 20 15  8 18 16 12 14 21 10 14 14 13 12 10 17 20 21 16 12 11  9 12 12  7  5
 [51]  9 14 10  8  7  7 10  4  2  1  1  1  1  1  1  1  1  0  0  0  0  0  0  0  0
 [76]  0  0  0  0  0  0  0  0  0  0  0  0  0  0  0  0  0  0  0  0  0  0  0  0  0
[101]  0  0  0  0  0  0  0  0  0  0  0  0  0  0  0  0  0  0  0  0  0

[[40]]
  [1]  10  23  30  25  27  22  28  30  34  30  28  19  26  22  22  17  14  17
 [19]  14  13  23  21  18  13  22  18  11  16  14  21  20  15  21  23  19  22
 [37]  20  14  14  18  26  25  16  20  19  23  35  34  27  19  36  33  35  44
 [55]  33  36  31  37  41  41  45  58  54  49  46  40  53  62  90  77  78  71
 [73]  77  96  92  82  99  98 103  81  67  62  81  78  84  77  91  79  79  86
 [91]  99 109 106 132 123 128 154 173 161 137 146 158 184 181 183 199 224 215
[109] 226 227 218 241 273 275 285 303 313 297 348 366 380

[[41]]
  [1]  10  32  21  20  22  16  13  11   8  13   8   2   1   1   1   1   1   1
 [19]   3   4   9  11   7   6   4   4   3   2   2   2   2   6  10   4   2   2
 [37]   2   2   2   6  12  15  14  10  23  17  14  14  15  17  14  12   8  10
 [55]  17  15  23  25  30  23  21  30  26  35  36  27  23  37  47  40  36  33
 [73]  46  57  61  53  56  56  58  69  82 100 108  96  96 109 113 129 106 115
 [91] 113 122 131 122 147 176 204 178 170 172 199 219 221 215 195 208 188 213
[109] 235 241 246 257 269 289 330 296 325 335 331 348 346

[[42]]
  [1]  10  36  32  26  21  17  25  22  16  34  27  27  24  25  16  13  13  12
 [19]  19  21  22  27  26  39  36  41  27  33  27  38  23  46  44  49  42  33
 [37]  37  37  46  40  59  56  44  36  56  59  53  43  43  41  35  56  51  68
 [55]  80  69  71  71  82  82 102 101  92 100 113 130 111 116 122 135 144 145
 [73] 141 131 164 180 179 187 170 195 203 195 228 224 258 288 255 289 265 230
 [91] 256 253 303 314 283 270 285 344 338 368 358 347 337 375 402 398 442 425
[109] 447 530 553 578 613 565 632 749 750 750 793 789 783

[[43]]
  [1]   10   42   29   25   22   26   30   42   51   54   52   47   54   49   56
 [16]   63   76   69   69   62   64   68   56   74   79   94   89   81  100  106
 [31]  103  113  110   94  114  107  112  115  111  107  134  127  131  128  138
 [46]  140  132  155  151  145  151  155  167  188  224  211  244  219  259  247
 [61]  277  327  375  344  314  359  384  416  373  370  418  412  431  485  463
 [76]  507  527  531  538  561  554  543  571  606  653  673  655  688  673  739
 [91]  733  775  779  814  825  895  924  963  998 1055 1127 1101 1190 1264 1241
[106] 1282 1240 1399 1458 1652 1591 1598 1624 1827 1773 1841 1932 2016 2024 2046
[121] 2226

[[44]]
  [1]   10   31   31   28   20   22   22   17   26   22   20   21   16   30   32
 [16]   20   18   16   26   26   40   35   28   35   33   51   49   43   46   58
 [31]   57   54   51   40   50   53   41   44   43   66   64   53   55   42   54
 [46]   49   69   66   74   61   56   58   58   71   87   82   76   72   63   73
 [61]   80   97   66   58   86  105   98  111  108  120  132  128  157  145  158
 [76]  154  157  142  170  177  186  188  194  210  217  265  303  312  305  331
 [91]  346  369  356  358  363  371  369  396  458  459  491  504  535  560  598
[106]  624  663  611  698  789  882  881  839  881  927 1022 1080 1075 1075 1092
[121] 1182

[[45]]
  [1] 10 27 16 13  9  9  8  7 11  7  9  6  5  5  3  3  1  1  1  1  1  1  1  1  0
 [26]  0  0  0  0  0  0  0  0  0  0  0  0  0  0  0  0  0  0  0  0  0  0  0  0  0
 [51]  0  0  0  0  0  0  0  0  0  0  0  0  0  0  0  0  0  0  0  0  0  0  0  0  0
 [76]  0  0  0  0  0  0  0  0  0  0  0  0  0  0  0  0  0  0  0  0  0  0  0  0  0
[101]  0  0  0  0  0  0  0  0  0  0  0  0  0  0  0  0  0  0  0  0  0

[[46]]
  [1]   10   40   41   31   22   32   43   42   44   49   68   59   52   47   38
 [16]   43   63   58   68   57   49   64   80   80   82   81  100  103  113  117
 [31]   89   97  132  137  124  135  142  147  138  137  149  168  173  186  205
 [46]  202  216  210  273  286  315  309  334  361  438  384  427  487  489  512
 [61]  517  573  585  627  679  681  679  683  716  746  738  729  798  835  884
 [76]  875  920  953 1074 1029 1102 1114 1162 1231 1270 1441 1506 1573 1576 1563
 [91] 1646 1738 1755 1784 1799 1928 2081 2213 2267 2413 2460 2564 2731 2913 3110
[106] 3163 3289 3375 3568 3849 3985 4059 4016 4248 4347 4645 4974 5145 5275 5425
[121] 5669

[[47]]
  [1]  10  20  23  14  13   9  24  23  25  19  29  35  33  25  23  18  18  17
 [19]  25  23  20  17  21  28  22  19  28  36  26  18  34  30  32  42  45  49
 [37]  44  47  59  57  82  86  86  77  70  89 102  85  78  96  94  90 100  95
 [55]  84  80  97  91 102 117 138 145 161 150 166 155 174 171 214 197 215 200
 [73] 196 199 218 193 200 217 237 234 253 243 240 240 321 304 302 309 326 355
 [91] 380 436 404 383 365 369 412 460 453 421 434 485 490 518 513 540 599 572
[109] 592 610 639 668 670 731 727 718 793 855 905 866 927

[[48]]
  [1]   10   31   27   30   30   30   27   26   28   30   55   39   31   41   39
 [16]   51   70   67   70   68   55   53   59   69   60   56   53   52   52   55
 [31]   54   78   73   69   58   70   80   92   91   99   98  113  113  125  125
 [46]  132  161  166  163  155  170  193  174  166  168  190  182  224  233  239
 [61]  262  248  303  321  284  333  349  346  339  421  408  402  411  455  483
 [76]  513  572  518  555  536  583  612  664  742  739  718  708  733  846  877
 [91]  894  929  905 1017 1070 1076 1119 1180 1259 1292 1392 1386 1340 1453 1520
[106] 1644 1676 1681 1822 1935 1944 1922 2050 2127 2173 2169 2314 2335 2361 2553
[121] 2534

[[49]]
  [1]  10  33  33  21  15  10   8  11  17  16  17  15  13  27  22  28  21  19
 [19]  23  21  25  22  18  16  24  29  31  29  30  44  41  51  38  41  33  39
 [37]  47  56  43  48  49  50  47  55  52  64  62  89  65  51  59  58  65  86
 [55]  79  74  63  75  79  91  87  67  72 100 106 123 133 139 136 143 179 176
 [73] 182 192 191 239 204 228 201 240 248 255 250 262 287 264 254 298 338 345
 [91] 317 308 330 346 376 370 390 436 417 415 477 499 531 540 606 570 636 664
[109] 669 690 669 690 792 800 780 878 853 889 871 937 988

[[50]]
  [1]   10   21   30   19   16   19   27   30   31   31   33   28   29   29   34
 [16]   29   33   29   37   44   54   62   58   56   67   62   74   65   64   68
 [31]   78   92   84   88   77   91   82   93   97  136  115  118  129  136  163
 [46]  152  150  157  153  156  166  182  179  211  196  201  192  221  221  233
 [61]  231  236  246  264  284  281  285  323  332  333  365  395  392  392  374
 [76]  387  409  438  413  414  449  474  487  545  553  497  559  581  656  743
 [91]  861  857  815  814  929  962  964  959  981 1059 1162 1202 1255 1270 1341
[106] 1443 1528 1541 1637 1743 1760 1869 1878 1943 2097 2087 2174 2197 2380 2417
[121] 2447

[[51]]
  [1]   10   26   30   32   28   45   41   49   39   39   45   50   56   49   50
 [16]   52   44   49   65   56   69   58   50   71   72   68   70   83   70   90
 [31]  106  108  108  112  111  113  122  133  142  124  124  121  133  142  157
 [46]  172  159  161  160  178  179  176  169  210  213  223  228  229  228  232
 [61]  266  270  226  253  284  338  361  377  361  346  367  382  416  443  475
 [76]  542  510  553  538  537  622  609  649  712  710  715  740  840  803  871
 [91]  835  843  911  945  985 1019 1114 1176 1216 1174 1187 1365 1475 1472 1545
[106] 1534 1554 1662 1758 1793 1885 1955 1997 2045 2103 2169 2287 2510 2624 2694
[121] 2845

[[52]]
  [1]  10  41  37  31  24  23  28  31  22  21  25  17  21  23  35  31  35  26
 [19]  23  20  22  42  53  49  44  47  47  48  42  41  44  53  49  43  44  38
 [37]  35  45  41  41  44  40  31  40  41  46  56  61  50  46  66  67  54  48
 [55]  60  59  66  55  59  48  52  63  51  64  65  80  68  75  57  57  61  69
 [73]  75  80  79  68  98  80  90  85  85 100 108 118 127 123 108 118 144 162
 [91] 163 191 205 169 165 149 155 183 230 219 241 225 256 263 302 304 290 306
[109] 289 305 349 352 340 397 369 363 389 435 415 456 443

[[53]]
  [1]   10   48   33   32   27   29   38   44   50   57   50   53   67   73   60
 [16]   63   59   66   90   93   84   73   82   65   81   90   83   81   76   98
 [31]  106   81   90   92  100  130  121  117   97   99  119  136  138  129  150
 [46]  139  141  146  169  168  185  204  208  211  204  221  225  228  231  224
 [61]  213  250  258  276  234  249  295  278  306  352  359  346  381  406  411
 [76]  406  454  470  523  536  497  582  599  612  619  643  675  721  741  767
 [91]  758  779  841  865  866  901  931  974  995  996 1080 1075 1154 1163 1235
[106] 1259 1350 1369 1449 1449 1530 1499 1643 1724 1793 1913 1997 1970 2033 2063
[121] 2160

[[54]]
  [1]   10   53   48   42   43   36   38   45   56   43   42   50   50   48   40
 [16]   39   57   48   51   64   60   77   77   63   68   59   62   68   59   64
 [31]   75   76   85   74   85   67   86  114  117  124  135  140  146  149  143
 [46]  166  164  188  190  180  195  205  198  212  212  211  211  254  260  253
 [61]  279  266  275  262  291  304  313  310  339  348  378  408  443  405  449
 [76]  492  466  477  500  523  530  593  615  705  749  702  766  778  804  912
 [91]  924  886  939 1033 1045 1032 1067 1109 1116 1182 1239 1328 1341 1377 1444
[106] 1572 1583 1675 1732 1751 1872 1976 2045 2178 2268 2368 2464 2564 2672 2783
[121] 3047

[[55]]
  [1]   10   45   46   47   40   41   49   44   53   45   50   45   53   59   66
 [16]   60   63   65   67   53   59   66   65   68   84   73   73   71   66   79
 [31]   95   88   92   78   80   93  125  151  148  141  131  135  176  190  181
 [46]  177  173  195  198  211  200  191  205  234  241  267  258  271  310  333
 [61]  351  368  373  393  442  467  477  464  537  553  576  569  539  617  671
 [76]  660  702  737  778  816  948 1020  985 1009 1004 1072 1028 1172 1153 1231
 [91] 1295 1279 1349 1519 1599 1632 1655 1770 1783 1843 1938 2027 2188 2277 2317
[106] 2369 2505 2541 2621 2821 2910 3063 3047 3322 3421 3487 3717 3868 3990 4114
[121] 4211

[[56]]
  [1]   10   22   13   13   11   16   23   13   16   21   16   15   25   23   17
 [16]   23   25   28   40   40   47   36   46   44   45   44   47   47   39   41
 [31]   51   53   45   49   45   44   56   61   51   61   67   58   56   80   67
 [46]   75   61   82   85  106  110  129  128  134  128  142  157  147  146  143
 [61]  170  146  142  152  165  191  157  150  171  164  180  179  208  187  218
 [76]  236  264  271  261  275  307  351  358  319  377  400  395  412  458  444
 [91]  436  507  507  501  509  574  565  587  623  657  652  682  707  667  716
[106]  743  763  804  882  971  991  998  998 1051 1064 1186 1273 1359 1334 1351
[121] 1394

[[57]]
  [1]   10   39   21   16   13   16   33   22   15   12    9   11   11   16   13
 [16]   14   11   15   12   22   25   18   16   16   14   21   20   21   16   27
 [31]   27   35   34   35   43   51   60   66   58   53   57   60   69   61   84
 [46]   88   87   70   72   86  102  115  112  119  115  141  132  155  165  177
 [61]  159  171  180  213  212  221  247  242  272  279  283  281  244  274  298
 [76]  300  287  351  316  321  328  334  352  357  385  409  363  421  440  496
 [91]  498  528  548  523  518  592  699  721  738  714  805  874  936  945  965
[106] 1003 1082 1017 1119 1242 1327 1323 1349 1421 1536 1587 1618 1633 1734 1677
[121] 1693

[[58]]
  [1]  10  18  18  13   9   7   7  13  37  31  19  19  16  29  29  20  20  29
 [19]  34  24  17  17  17  15  22  38  43  29  30  29  24  33  40  29  31  40
 [37]  50  52  33  27  35  38  38  37  32  39  59  63  49  52  47  45  54  52
 [55]  42  45  52  62  72  73  70  68  90 123 127 110 110 107 125 147 145 144
 [73] 127 144 138 146 164 171 162 192 230 206 243 262 242 230 244 242 297 304
 [91] 298 314 294 315 322 384 409 428 407 406 423 449 452 467 533 547 564 591
[109] 593 554 569 626 663 680 703 703 696 677 762 828 906

[[59]]
  [1]   10   38   42   30   29   32   37   61   51   51   76   79   67   68   67
 [16]   92  115   91  111  110  110  153  148  130  129  125  131  151  139  132
 [31]  141  155  177  172  162  166  193  212  218  206  201  238  268  263  287
 [46]  325  368  392  339  403  477  449  451  471  471  517  550  574  565  583
 [61]  649  630  677  755  807  787  837  847  906  923  984  980 1051 1102 1133
 [76] 1202 1173 1213 1338 1385 1349 1422 1543 1604 1643 1676 1798 1851 1888 1891
 [91] 2038 2086 2066 2232 2308 2436 2483 2542 2506 2666 2852 2916 3105 3230 3249
[106] 3378 3522 3718 3757 3830 3983 4208 4551 4638 4803 4944 5169 5329 5501 5901
[121] 6034

[[60]]
  [1]   10   32   26   18   14   21   21   26   24   19   23   13   12   16   14
 [16]   23   42   36   24   26   23   26   27   43   39   34   31   40   48   53
 [31]   48   47   42   50   50   47   55   51   54   60   55   64   79   71   91
 [46]   83   82   79   73   78   75   81   91  111   96  118   97  116  111  133
 [61]  134  126  140  134  175  205  236  223  203  228  219  236  233  266  269
 [76]  257  282  303  326  333  311  341  337  375  394  447  468  481  505  506
 [91]  515  597  634  665  744  762  747  812  831  907  946  944  955 1015 1011
[106] 1051 1026 1041 1076 1098 1209 1255 1302 1430 1438 1509 1598 1557 1674 1755
[121] 1753

[[61]]
  [1]  10  21  16   9   7  11  10   5   4   4  12   8   9   8   8  17  13   7
 [19]   8  10  15  19  16  13  10  10   7   7   6  18  14  11  13  10  13  18
 [37]  18  16  18  20  24  28  23  26  29  24  22  18  21  24  29  24  22  29
 [55]  35  32  25  22  31  39  39  33  57  47  46  47  39  70  75  81  80  82
 [73] 102 116  99 115 122  99 108  88  99 123 122 132 128 136 162 154 179 197
 [91] 207 214 223 246 237 270 279 275 283 260 273 282 326 329 318 324 311 339
[109] 356 325 379 402 409 388 458 458 515 495 514 549 568

[[62]]
  [1]   10   23   20   14   18   18   17   13   10    6   13   12    8   12   16
 [16]   15   15   13   20   26   31   28   22   34   29   34   44   37   32   32
 [31]   25   32   34   50   68   66   54   54   48   49   84   78   67   89   88
 [46]   69   67   59   77   94  100   98   89  109  104  118  125   90  104  121
 [61]  113  113  100  128  128  156  171  152  161  163  205  200  223  259  259
 [76]  250  269  254  260  284  320  296  317  376  384  350  354  427  468  470
 [91]  469  488  499  557  552  561  618  675  694  805  850  865  935 1011 1004
[106] 1067 1073 1129 1157 1178 1294 1403 1428 1442 1525 1431 1557 1636 1775 1842
[121] 1827

[[63]]
  [1]   10   43   40   32   27   23   33   33   43   41   30   36   40   30   30
 [16]   33   33   39   40   59   54   53   68   68   77   74   73   67  102  111
 [31]  114  104  109  127  121  113   98   79   99  124  111  128  114  141  143
 [46]  184  167  184  220  179  173  209  217  224  229  271  272  268  252  277
 [61]  274  321  295  289  317  355  333  324  332  386  411  423  424  401  445
 [76]  474  512  468  486  583  637  666  700  711  728  758  789  821  853  879
 [91]  945  994 1009 1049 1139 1188 1247 1226 1281 1392 1472 1519 1665 1717 1761
[106] 1797 1987 2059 2094 2115 2288 2356 2493 2528 2606 2729 2764 2929 3093 3218
[121] 3277

[[64]]
  [1]  10  29  24  20  18  20  24  33  40  43  34  31  24  36  47  46  52  40
 [19]  42  61  62  59  49  51  64  62  47  49  68  46  65  73  57  53  52  60
 [37]  66  56  76  84  82  77  76  93 110  99  92 104 112 106 105 123 101 121
 [55] 116 104  89  89 106 100 121 108 105 117 117 113 102  88 127 134 154 135
 [73] 151 159 160 186 236 227 233 241 247 260 252 247 246 278 265 273 301 325
 [91] 321 316 327 358 411 454 424 462 457 480 527 528 542 568 572 572 601 591
[109] 631 648 620 625 694 730 672 688 724 744 841 846 890

[[65]]
  [1]  10  25  22  23  17  15  15  16  21  25  19  23  20  18  16  17  13  13
 [19]  16  13  11  13  23  21  29  25  32  21  20  34  40  23  23  19  26  33
 [37]  34  39  35  27  31  35  36  26  22  30  22  22  26  32  35  41  40  25
 [55]  42  29  40  41  50  48  54  39  45  59  54  36  29  40  47  44  58  65
 [73]  63  50  47  57  65  75  71  70  66  72  64  71  72  90  95  96 111 105
 [91] 122 117 148 150 147 172 187 187 201 193 204 209 208 221 235 271 295 351
[109] 320 370 360 394 352 337 370 410 482 497 441 489 505

[[66]]
  [1]   10   22   19   24   19   17   13   10   11   22   20   15   13   15   27
 [16]   23   16   24   25   20   26   28   24   26   42   51   46   42   39   31
 [31]   41   50   49   50   59   48   40   44   53   45   43   40   39   35   45
 [46]   49   60   76   79   67   73   71   79  102  102  104  122   94   90  111
 [61]  106  106  128  157  150  134  173  185  201  203  208  216  232  225  234
 [76]  274  267  287  303  321  315  321  374  417  418  449  475  492  530  527
 [91]  592  614  599  628  644  662  675  706  734  814  845  936  890  883  874
[106]  922  901  978  990 1104 1147 1186 1292 1306 1332 1357 1390 1484 1568 1686
[121] 1795

[[67]]
  [1] 10 17  8  7  7  6  4  4  4  4  3  5  5  3  1  7  6  6  3  2  2  3  2  2  2
 [26]  1  1  1  1  1  1  1  0  0  0  0  0  0  0  0  0  0  0  0  0  0  0  0  0  0
 [51]  0  0  0  0  0  0  0  0  0  0  0  0  0  0  0  0  0  0  0  0  0  0  0  0  0
 [76]  0  0  0  0  0  0  0  0  0  0  0  0  0  0  0  0  0  0  0  0  0  0  0  0  0
[101]  0  0  0  0  0  0  0  0  0  0  0  0  0  0  0  0  0  0  0  0  0

[[68]]
  [1]   10   38   23   16   15   16   28   32   24   21   23   22   16   18   21
 [16]   16   15   25   30   33   39   40   37   45   52   63   50   56   61   75
 [31]   79   87   69   88   89   78   80   84   70   94  111  106  105  106  117
 [46]  137  153  177  162  175  190  207  211  229  222  239  216  218  229  215
 [61]  217  225  209  191  213  242  277  253  258  287  306  288  302  341  383
 [76]  386  413  442  467  467  479  513  515  551  613  662  718  760  765  740
 [91]  769  756  834  863  888  888  924  981 1015 1073 1084 1122 1128 1199 1203
[106] 1221 1288 1355 1492 1422 1503 1534 1689 1776 1836 1776 1928 2084 2179 2186
[121] 2209

[[69]]
  [1]   10    7   23   22   23   16   22   25   32   39   35   35   36   33   39
 [16]   37   36   31   45   55   71   68   64   64   82   76   67   73   84   85
 [31]   86  117  128  108   98  126  101  123  131  148  161  170  175  170  161
 [46]  157  216  228  220  194  192  220  271  268  258  253  270  306  363  398
 [61]  360  398  401  426  435  425  454  552  533  531  564  584  610  636  702
 [76]  698  732  705  769  768  748  872  878  937  980  978  993 1023 1051 1129
 [91] 1181 1209 1245 1232 1282 1346 1444 1521 1541 1625 1728 1743 1722 1762 1949
[106] 2007 2057 2140 2300 2348 2474 2544 2623 2714 2879 2945 3184 3312 3374 3552
[121] 3668

[[70]]
  [1]   10   43   34   49   41   45   68   57   59   48   72   70   65   66   77
 [16]  108   91   82   94  111  101   96   99  104  110  123  110  113  118  140
 [31]  166  156  168  155  157  169  208  197  196  175  190  203  251  237  288
 [46]  257  270  274  259  286  322  316  324  367  315  322  361  412  431  431
 [61]  427  473  448  474  541  544  560  578  560  594  576  634  723  664  745
 [76]  690  752  750  705  717  761  766  812  899  942  912  931  982 1095 1155
 [91] 1151 1310 1346 1335 1460 1602 1567 1656 1658 1643 1757 1889 1903 2009 2190
[106] 2238 2435 2498 2479 2566 2624 2783 2848 3042 3058 3074 3165 3225 3398 3438
[121] 3515

[[71]]
  [1]   10   20   22   32   22   19   19   22   22   39   41   32   39   46   44
 [16]   31   39   46   58   68   72   74   84   83  102  111  131  118  115  138
 [31]  155  149  126  130  135  146  178  175  163  173  170  188  202  183  193
 [46]  219  233  258  231  225  259  315  327  339  324  333  369  357  381  389
 [61]  381  426  415  455  498  490  472  475  526  565  568  597  626  660  703
 [76]  727  749  804  807  870  857  862  956  981 1007 1022 1030 1063 1070 1141
 [91] 1252 1276 1417 1430 1464 1493 1533 1553 1527 1607 1758 1866 1897 1909 1947
[106] 2009 2078 2177 2239 2327 2440 2476 2574 2805 2841 2922 2968 3151 3304 3425
[121] 3507

[[72]]
  [1] 10 29 11  7  6 11  8 11  7  6  5  7  4 10  5  4  3  2  1  1  0  0  0  0  0
 [26]  0  0  0  0  0  0  0  0  0  0  0  0  0  0  0  0  0  0  0  0  0  0  0  0  0
 [51]  0  0  0  0  0  0  0  0  0  0  0  0  0  0  0  0  0  0  0  0  0  0  0  0  0
 [76]  0  0  0  0  0  0  0  0  0  0  0  0  0  0  0  0  0  0  0  0  0  0  0  0  0
[101]  0  0  0  0  0  0  0  0  0  0  0  0  0  0  0  0  0  0  0  0  0

[[73]]
  [1] 10 28 17 16 12 15 14 15 20 17 14 12 17 22 25 15 11 10 15 21 16 16 11  6  7
 [26] 15  8  7  5  3  2  2  1  1  2  2  1  1  1  1  1  1  5  5  3  3  6  5  4  3
 [51]  3  3 10  5  4  3  9  6  6  6 10  6  5  9 10 10  7 10  7 12 17 12 11 10 15
 [76] 10  7  3  2  2  2  8 11  8  6  4  9  7  4  8  9  4  9  5  9 10 14  7  6  8
[101]  7  6  4  4  4  7  4  4  3  5  4  4  4 10  6  6  4  9 13  9 13

[[74]]
  [1]   10   22   15   17   13   15   12   17   17   27   29   23   21   32   33
 [16]   34   36   30   23   24   28   20   24   22   33   46   35   41   47   49
 [31]   60   74   75   74   60   63   78   80   82   86   94  114  100   96  103
 [46]  113  120  105  107  130  148  130  125  134  165  178  172  169  178  191
 [61]  175  188  197  194  193  241  247  243  219  238  257  235  278  286  325
 [76]  305  343  350  351  369  407  421  507  495  482  501  503  502  510  529
 [91]  553  570  662  633  671  714  780  818  862  871  906  882  959 1032 1073
[106] 1096 1090 1173 1214 1201 1295 1293 1367 1354 1434 1544 1633 1692 1727 1820
[121] 1889

[[75]]
  [1]   10   48   42   41   39   31   29   39   39   44   40   43   36   32   44
 [16]   62   42   37   43   51   56   65   63   65   57   62   66   69   76   76
 [31]   57   83   94   78   89   98   76   74   83   96   94   96   98   98  126
 [46]  124  143  158  153  183  150  196  191  192  189  185  208  220  202  192
 [61]  190  205  208  227  244  215  216  242  269  289  291  300  288  275  288
 [76]  313  315  355  351  382  362  383  418  387  456  493  501  514  546  542
 [91]  564  567  584  676  672  658  674  751  793  845  843  876  937 1026 1034
[106] 1097 1105 1113 1204 1224 1281 1310 1307 1315 1301 1439 1651 1701 1775 1837
[121] 1989

[[76]]
  [1]   10   35   30   23   19   15   15   17   26   22   29   28   30   40   49
 [16]   41   51   52   52   53   51   39   40   48   57   55   48   78   70   70
 [31]   81   72   76   81  104   82   99   97   93   97  108  113  113  102  105
 [46]  123  152  131  133  143  142  177  154  152  156  167  168  195  198  198
 [61]  224  230  222  208  231  232  216  239  270  263  287  276  279  241  247
 [76]  278  290  275  293  293  290  287  298  338  316  340  371  420  470  411
 [91]  416  410  445  469  469  459  544  518  560  568  593  593  651  706  710
[106]  680  683  747  824  828  891  930  913  914  926  943  997 1069 1148 1121
[121] 1169

[[77]]
  [1]  10  16   9   6   3   3  11   7  11  19  11  13   8   6   5   7   5  17
 [19]  11   7   7   6   6  11  22  22  13  12  17  19  22  16  15  23  14  20
 [37]  37  29  30  25  29  39  34  40  42  38  41  43  38  43  42  33  39  45
 [55]  47  39  34  29  36  34  46  35  35  29  33  37  47  51  44  46  37  33
 [73]  36  33  32  34  31  39  38  38  33  39  33  29  28  29  36  25  34  40
 [91]  40  37  35  28  41  38  33  23  36  32  37  32  34  40  46  36  47  42
[109]  35  43  54  48  59  57  56  71  81  62  81  94 100

[[78]]
  [1]  10  27  24  18  18  10  10  20  16  20  14  13  17  31  38  35  38  36
 [19]  26  26  40  41  34  35  34  36  44  35  34  28  31  29  22  22  27  19
 [37]  22  31  32  34  35  34  37  31  40  32  40  49  40  32  27  30  40  33
 [55]  41  36  36  37  39  41  40  39  39  33  32  40  31  43  39  49  54  59
 [73]  66  57  62  54  50  56  53  62  80  66  71  83  70  70  81  78  95  87
 [91]  86  92 105 100 111 114 107 155 179 170 175 170 156 147 175 195 259 252
[109] 258 255 238 227 235 263 271 280 296 289 273 279 330

[[79]]
  [1]   10   21   22   18   11   16   19   25   27   31   38   29   45   38   31
 [16]   28   32   41   37   39   39   36   37   47   45   50   54   46   48   46
 [31]   52   51   48   68   73   73   60   53   65   79  100  121  111  108  119
 [46]  116  100  101  106  119  146  186  172  167  173  178  176  177  183  193
 [61]  183  169  203  195  189  213  223  279  258  257  321  334  307  326  336
 [76]  372  358  419  434  423  480  498  487  518  602  587  642  632  652  656
 [91]  670  687  750  854  888  933  940  967  969 1078 1120 1109 1148 1123 1232
[106] 1260 1351 1426 1500 1504 1579 1603 1658 1813 1936 2004 1988 2127 2230 2332
[121] 2483

[[80]]
  [1]   10   25   37   33   36   33   32   50   39   35   29   35   36   32   26
 [16]   18   25   47   45   40   30   39   40   33   55   58   62   52   51   55
 [31]   56   82  104   87   70   79   77   74   86   85   86   78   81   85   85
 [46]   98   93   90   84   91   84  114  108  110  129  132  153  146  151  144
 [61]  174  178  185  209  223  202  230  234  273  305  283  305  327  329  350
 [76]  346  334  367  354  342  398  410  452  454  472  448  485  492  531  580
 [91]  548  575  557  548  617  662  691  705  789  827  782  860  893  941  977
[106]  908  914  981 1057 1107 1096 1095 1134 1150 1245 1256 1322 1376 1401 1424
[121] 1499

[[81]]
  [1]   10   45   36   25   20   18   22   35   35   36   49   48   45   60   76
 [16]   71   55   56   78   81   69   76   70  102  115   94  110  117  102  100
 [31]  141  159  164  149  176  193  174  157  175  204  229  213  203  214  215
 [46]  226  260  257  257  265  308  300  348  377  376  376  404  370  405  414
 [61]  479  528  628  658  642  690  738  753  768  903  880 1004 1004  996 1064
 [76] 1186 1192 1195 1236 1368 1469 1456 1490 1571 1554 1648 1691 1860 1863 1973
 [91] 2001 1972 2057 2182 2260 2365 2503 2652 2776 2861 2913 3069 3281 3247 3560
[106] 3669 3855 3990 4109 4421 4488 4779 5178 5445 5588 5650 5859 6177 6309 6721
[121] 6912

[[82]]
  [1]   10   39   27   18   21   27   23   23   18   13   22   25   22   38   24
 [16]   28   25   25   22   27   36   49   38   33   30   45   64   62   58   54
 [31]   63   76   90  102  108   94   88  105   95  120  113  103  101  102   96
 [46]  120  151  161  139  174  162  159  185  209  221  261  261  250  251  252
 [61]  263  318  327  307  323  383  387  346  359  370  414  445  461  454  483
 [76]  526  491  511  514  561  578  657  640  664  685  688  751  805  776  804
 [91]  803  853  909  933  954  971 1073 1167 1254 1322 1365 1359 1460 1448 1505
[106] 1532 1601 1707 1779 1741 1821 1968 1953 2195 2246 2319 2389 2478 2593 2690
[121] 2898

[[83]]
  [1]  10  19  15   8   8   8   7  10   8   6   5  13   8   8   6  12  12  10
 [19]   9  14   8  12  12   9  21  17  16  15  16  12  10   8   9   7   3   2
 [37]   2  10   4   2   2   2   2   2   2   2   3   3   3   2   2  11  11   6
 [55]   4   4   3   3   3   3  10  10   7  10   8   5   7   4   4   4   9  12
 [73]   7  10  17  19  13  26  32  37  35  39  51  67  52  45  44  50  65  63
 [91]  56  58  60  80  82  94 107 122 114 126 144 148 157 158 162 178 189 194
[109] 161 193 197 215 227 198 219 216 224 238 233 237 254

[[84]]
  [1]   10   27   28   18   16   14   20   23   45   35   30   32   32   49   45
 [16]   35   39   45   51   53   42   51   44   54   42   53   55   68   65   64
 [31]   81   93  100  106  101   86   84   99  118  117  118  129  131  142  154
 [46]  170  180  176  178  179  222  217  203  194  210  228  229  259  245  239
 [61]  237  227  222  227  252  285  293  293  274  328  334  359  418  427  463
 [76]  448  422  536  547  564  533  544  528  548  565  546  626  629  683  714
 [91]  770  814  908  884  914  938  999 1118 1095 1115 1224 1336 1416 1330 1352
[106] 1392 1374 1538 1561 1651 1679 1845 1852 1891 1924 2049 2118 2317 2546 2553
[121] 2602

[[85]]
  [1]  10  47  33  23  17  15   9  20  27  25  20  19  15  19  23  30  26  29
 [19]  26  24  26  32  36  40  30  35  29  28  22  33  28  31  36  33  40  48
 [37]  41  36  32  35  28  34  35  48  47  50  48  51  55  50  43  42  49  46
 [55]  42  42  44  42  54  52  64  68  62  60  50  50  61  62  79  68  65  69
 [73]  68  90  99 100 115 125 133 134 138 157 148 155 203 226 241 235 220 237
 [91] 255 318 330 308 299 297 295 312 374 352 343 346 436 459 488 472 453 535
[109] 547 572 575 611 635 677 693 707 782 784 840 845 878

[[86]]
  [1]   10   29   22   21   15   14   11   12   14   24   22   17   19   32   41
 [16]   43   44   41   33   38   46   61   47   77   59   52   47   61   64   73
 [31]   81   73   63   83   89   93   77   69   81   77   82   74   87   65   67
 [46]   91  102   96  100  106  108  101  126  131  136  141  144  133  124  138
 [61]  155  158  166  155  158  161  216  203  217  229  239  267  249  319  298
 [76]  316  313  331  348  357  354  365  407  433  481  472  487  518  515  512
 [91]  539  573  601  651  665  687  666  742  771  832  846  904  916  928 1009
[106] 1021 1105 1200 1281 1337 1418 1406 1414 1586 1635 1704 1736 1724 1838 1936
[121] 1955

[[87]]
  [1]   10   20   22   19   23   19   15   21   25   21   29   19   17   12   21
 [16]   20   26   38   36   35   47   57   52   64   65   68   72   80   84   86
 [31]   88  116  131  105   91  125  136  167  175  169  181  158  172  179  170
 [46]  169  184  203  253  212  229  259  255  265  282  311  318  285  273  289
 [61]  282  294  305  328  327  328  351  361  349  325  375  379  398  441  416
 [76]  399  467  512  503  519  513  537  572  595  669  632  678  762  744  780
 [91]  854  826  832  889  931  959 1056 1086 1086 1140 1171 1235 1230 1275 1308
[106] 1357 1451 1517 1455 1508 1744 1871 1814 1935 2027 2136 2116 2262 2300 2393
[121] 2475

[[88]]
  [1]  10  30  20  16  20  31  28  25  27  39  30  21  23  28  23  16  23  18
 [19]  19  18  19  20  15  22  22  22  19  16  17  23  28  29  30  34  30  35
 [37]  40  38  38  38  40  37  34  33  50  59  56  59  49  70  74  83  76  86
 [55]  76  79  81  90  97  90  89  71  92  89 107  91 101  91 100 113 113 133
 [73] 159 144 148 129 145 158 184 179 173 176 185 181 171 162 177 176 167 152
 [91] 159 163 185 185 176 190 187 189 184 246 236 215 219 227 297 282 327 321
[109] 360 390 391 397 403 400 430 471 506 546 545 522 553

[[89]]
  [1]   10   29   28   15   13    9   21   21   18   18   26   26   39   33   40
 [16]   33   45   40   43   43   45   45   51   58   61   62   60   50   76  101
 [31]   92   85  107   98   99  114  105  113  136  161  137  144  143  173  172
 [46]  190  204  227  232  198  239  249  235  238  264  268  308  338  338  308
 [61]  326  330  330  379  413  385  431  413  412  397  418  455  501  495  500
 [76]  577  613  660  684  709  693  705  724  780  781  795  835  917  920 1008
 [91] 1005 1002 1044 1104 1230 1284 1329 1297 1371 1468 1583 1633 1710 1776 1901
[106] 1916 2043 2159 2280 2348 2423 2543 2594 2649 2795 2848 2941 3085 3235 3384
[121] 3541

[[90]]
  [1]   10   30   22   17   13   15   14   25   29   22   20   17   20   17   33
 [16]   29   43   50   43   44   49   63   59   55   53   73   71   78   72   77
 [31]  103  105  119  110  119  111  127  156  176  160  169  180  199  241  242
 [46]  235  217  239  278  253  302  341  314  281  281  321  332  325  321  336
 [61]  398  415  419  426  464  505  504  497  454  496  504  499  520  556  564
 [76]  629  679  659  687  746  779  783  786  804  864  877  872  934  887  900
 [91]  987 1076 1124 1059 1033 1101 1149 1249 1269 1336 1298 1359 1413 1495 1584
[106] 1702 1838 1903 1928 1965 2133 2115 2228 2350 2519 2649 2759 2847 2900 3022
[121] 3038

[[91]]
  [1]   10   36   34   25   23   19   24   20   24   23   24   20   17   18   19
 [16]   25   33   21   16   14   22   13   22   19   18   16   10   14    9   12
 [31]   18   24   35   25   21   26   31   38   36   45   37   39   49   48   37
 [46]   33   38   37   35   41   45   51   56   46   48   68   71   89   79   79
 [61]   89  102  102  100  114  132  159  151  132  128  154  171  192  185  175
 [76]  185  155  151  168  190  205  187  203  226  258  259  254  261  272  294
 [91]  301  342  346  374  352  385  394  481  471  550  588  575  597  627  696
[106]  681  716  730  822  808  803  893  875  869  981  980 1018 1043 1139 1256
[121] 1335

[[92]]
  [1]   10   44   39   34   31   33   43   40   41   34   37   29   26   28   29
 [16]   31   33   38   37   42   44   48   65   58   54   50   73   79   69   67
 [31]   84  101  109   97   99  115  124  141  133  132  116  119  160  152  141
 [46]  122  153  180  189  173  181  175  173  194  198  208  214  196  197  223
 [61]  227  222  244  241  246  254  264  301  298  282  285  285  297  325  376
 [76]  392  351  352  321  337  396  445  451  541  545  553  577  607  628  657
 [91]  650  740  729  737  806  843  877  874  903  990 1042 1129 1191 1249 1314
[106] 1312 1365 1490 1553 1572 1632 1730 1824 1968 2138 2252 2344 2341 2413 2532
[121] 2771

[[93]]
  [1]   10   27   15    8    7   10   20   13   12   15   10   10   10    9   26
 [16]   27   21   22   14   19   15   17   19   16   14   17   12   17   22   25
 [31]   19   17   21   18   12   17   17   13   12   19   18   32   42   40   35
 [46]   38   41   43   37   46   63   52   59   67   75   88   95   90   91  114
 [61]  109  105  115  127  124  148  156  185  230  208  209  224  226  240  264
 [76]  294  323  340  375  344  349  345  370  378  401  440  442  434  503  485
 [91]  464  483  538  554  659  608  626  711  731  702  770  785  806  911  983
[106] 1030 1000 1053 1131 1164 1170 1221 1322 1370 1444 1489 1569 1646 1686 1749
[121] 1806

[[94]]
  [1]   10   26   31   31   23   28   38   30   23   37   28   33   36   38   36
 [16]   56   60   57   53   70   85   82   78   75   85  111  111  109  135  145
 [31]  131  152  173  172  181  199  194  194  191  194  213  226  259  277  289
 [46]  257  280  268  291  318  316  355  339  345  326  332  327  366  348  364
 [61]  381  376  442  458  458  456  486  555  555  593  620  643  652  698  647
 [76]  709  776  802  845  803  799  878  855  924  996 1054  981  993  997 1088
 [91] 1092 1119 1138 1251 1275 1306 1340 1461 1532 1522 1602 1634 1783 1889 1914
[106] 1967 1968 2072 2275 2406 2405 2455 2450 2565 2756 2958 3197 3368 3506 3643
[121] 3828

[[95]]
  [1]   10   33   32   40   40   41   45   38   44   62   53   44   63   53   69
 [16]   81   78   78   64   65   94  110  108  112  104  104  119  136  122  132
 [31]  148  146  171  167  168  175  185  217  210  236  239  242  252  251  253
 [46]  261  287  286  288  289  302  292  300  322  310  318  355  375  375  380
 [61]  384  393  399  429  448  466  504  497  517  605  561  614  602  693  705
 [76]  715  747  801  747  798  892  925  943  978 1018 1046 1079 1087 1151 1193
 [91] 1232 1294 1336 1385 1458 1450 1524 1622 1797 1838 1936 2019 1999 2228 2397
[106] 2410 2449 2504 2645 2735 2923 3157 3280 3164 3326 3356 3600 3683 3872 4027
[121] 4274

[[96]]
  [1]   10   30   22   19   17   15   16   27   45   51   37   42   37   38   37
 [16]   38   43   51   48   56   41   41   64   60   43   58   61   57   59   66
 [31]   61   75   71   80   75   98   97  102  109  133  125  129  135  137  168
 [46]  182  155  194  194  204  183  197  201  211  236  256  264  265  285  308
 [61]  316  346  380  372  407  406  441  481  436  416  432  469  501  505  513
 [76]  514  542  597  612  623  688  676  640  676  749  806  855  891  965  933
 [91] 1042 1107 1182 1160 1238 1239 1278 1362 1446 1453 1494 1558 1606 1608 1802
[106] 1858 1874 1882 2060 2052 2174 2111 2193 2359 2515 2646 2704 2712 2971 3080
[121] 3217

[[97]]
  [1]   10   38   36   28   24   31   45   50   30   39   50   45   45   38   39
 [16]   42   37   32   45   37   43   31   43   52   94   84   92   98  114  119
 [31]  119  135  119  117  151  153  131  151  141  161  176  176  178  183  204
 [46]  226  214  233  241  218  274  275  286  263  281  328  358  350  359  339
 [61]  325  374  365  436  419  463  495  538  533  581  587  621  625  621  629
 [76]  668  735  770  820  796  838  877  918 1024 1013 1020 1109 1225 1215 1300
 [91] 1287 1369 1385 1441 1458 1470 1559 1532 1627 1709 1726 1795 1922 1901 2026
[106] 2161 2132 2304 2359 2441 2529 2691 2895 3030 3181 3225 3282 3443 3635 3730
[121] 3866

[[98]]
  [1]  10  15  14  17  18  19  19  17  15   9  13  13  11  11  10   8   6  10
 [19]   4   3   9   7   5   5   5  12  17  11   8   8  19  17  10   9  16  14
 [37]  12  18  15  13   9  12   9  16  14  12  19  25  27  27  21  15  33  28
 [55]  23  23  17  24  22  18  14  23  27  35  41  32  34  39  60  55  56  51
 [73]  62  81  83  80  76  81 100  98 109  97 109 126 147 133 115 112 111 134
 [91] 131 129 120 136 133 129 140 160 179 197 176 196 227 195 224 232 244 239
[109] 276 249 259 252 291 280 269 326 324 307 339 375 401

[[99]]
  [1]   10   47   62   52   39   40   40   47   46   63   71   81   82   77   86
 [16]  101   93   89  103  100  100   92  115  122  138  140  139  146  159  185
 [31]  163  159  141  156  176  158  159  184  182  167  183  210  218  227  218
 [46]  191  215  227  259  225  282  307  315  361  340  340  368  406  420  380
 [61]  457  474  511  570  570  586  656  701  676  693  708  724  821  821  881
 [76]  938  924  922 1023 1026  994 1051 1114 1210 1248 1272 1261 1360 1435 1494
 [91] 1592 1523 1706 1773 1830 1913 2089 2150 2191 2247 2193 2277 2374 2492 2489
[106] 2562 2580 2723 2830 3026 3067 3136 3268 3435 3552 3603 3653 3795 4024 4323
[121] 4386

[[100]]
  [1]   10   32   25   21   17   25   22   18   24   14   14   15   34   28   32
 [16]   23   18   33   33   27   43   49   46   43   51   48   45   49   64   63
 [31]   67   71   86   92   85   92   87   91  108  122  128  120  112  128  116
 [46]  137  144  136  162  181  178  172  171  212  225  218  224  243  242  298
 [61]  289  325  343  379  396  362  383  368  441  491  506  485  495  498  547
 [76]  524  521  562  645  682  705  726  724  765  865  820  856  872  959 1029
 [91] 1034 1077 1111 1129 1124 1155 1188 1240 1340 1344 1396 1497 1540 1588 1634
[106] 1760 1869 1926 2119 2022 2066 2043 2114 2241 2338 2433 2477 2603 2777 2855
[121] 2986

[[101]]
  [1]   10   24   23   19   10    9   12   12    9    8    8   15   14   20   14
 [16]   13   12   10   13   13   14   13   13   21   19   18   13   20   18   19
 [31]   17   25   20   18   14   32   35   46   43   33   45   56   60   71   69
 [46]   58   71   65   93   90   94  121  105  114   99  106  114  117  139  125
 [61]  154  128  137  125  123  142  143  152  163  176  187  167  204  245  236
 [76]  239  263  273  314  318  342  365  365  384  414  473  460  468  485  496
 [91]  504  539  526  602  638  686  669  655  664  739  781  824  889  942  963
[106] 1024 1002 1019  999 1087 1134 1117 1147 1241 1306 1323 1328 1444 1470 1472
[121] 1472

[[102]]
  [1]   10   31   29   19   17   19   16   14   18   15   27   34   20   17   20
 [16]   28   31   26   27   31   34   33   35   34   49   45   53   56   51   63
 [31]   56   44   33   52   65   47   40   43   45   35   37   47   62   64   48
 [46]   51   62   70   81   73   75  112  107   97   93  111  121  124  141  136
 [61]  124  123  146  146  178  162  166  181  154  161  188  179  212  185  191
 [76]  194  263  268  285  271  314  336  333  356  385  377  385  399  372  390
 [91]  411  469  445  420  469  520  503  513  535  570  614  613  599  640  609
[106]  638  669  730  701  714  706  706  725  775  834  883  913  914 1000 1067
[121] 1020

[[103]]
  [1] 10 22 17 12  9  9  8 10  7  4  3  3  3  3  7  5  3  2  1  0  0  0  0  0  0
 [26]  0  0  0  0  0  0  0  0  0  0  0  0  0  0  0  0  0  0  0  0  0  0  0  0  0
 [51]  0  0  0  0  0  0  0  0  0  0  0  0  0  0  0  0  0  0  0  0  0  0  0  0  0
 [76]  0  0  0  0  0  0  0  0  0  0  0  0  0  0  0  0  0  0  0  0  0  0  0  0  0
[101]  0  0  0  0  0  0  0  0  0  0  0  0  0  0  0  0  0  0  0  0  0

[[104]]
  [1]   10   45   38   38   32   45   45   42   52   66   65   71   71   69   66
 [16]   51   53   72   67   72   79   75   71   75   93   94  111  125  125  118
 [31]  113  122  162  176  170  186  188  189  234  245  263  273  293  301  293
 [46]  340  370  348  350  331  373  421  441  489  492  499  493  488  499  527
 [61]  602  614  626  628  688  714  696  728  774  844  860  910  911  926  956
 [76] 1066 1087 1102 1161 1196 1223 1231 1255 1351 1394 1520 1516 1502 1595 1628
 [91] 1729 1765 1888 1955 2089 2087 2172 2371 2381 2537 2619 2637 2769 2819 2875
[106] 2979 3175 3247 3333 3443 3489 3670 3973 4166 4338 4569 4792 4999 5175 5471
[121] 5613

[[105]]
  [1]   10   29   33   28   23   18   17   35   31   25   18   16   29   32   23
 [16]   18   16   15   22   38   30   25   27   27   35   35   32   24   28   34
 [31]   39   45   42   57   68   62   70   78   83   81  117  108  123  124  140
 [46]  115  118  110  108   97  108  117  125  104   97  122  120  129  128  144
 [61]  146  149  150  138  150  170  168  183  205  229  233  216  239  250  258
 [76]  286  298  298  320  338  352  384  429  444  462  459  477  489  504  546
 [91]  555  601  605  622  672  735  700  724  723  761  858  856  899  899  919
[106]  987  979 1062 1162 1166 1142 1239 1201 1197 1239 1308 1426 1460 1560 1634
[121] 1600

[[106]]
  [1] 10 24 25 18 15 15 19 20 20 16 21 16 12 17 22 14 13 12 20 28 20 16 14 18 12
 [26] 10  8  7 10  9 12 12 10 15 18 23 18 16 14 10 15 11  8  8  6 12 17 15 14 17
 [51] 11  9 14  9  7 13  6  4  4  4  4  6  3  2  2  9  5  5  4  4  4  3  2  2  2
 [76]  2  1  1  1  1  1  1  6  2  2  2  2  2  2  1  1  4  3  2  2  2 10  4  3  2
[101]  2  2  1  1  0  0  0  0  0  0  0  0  0  0  0  0  0  0  0  0  0

[[107]]
  [1]  10  24  17  17  10  12   9   7  19  15  18  22  17  17  21  21  15  16
 [19]  19  22  22  24  26  23  19  13  24  28  23  16  24  20  21  20  20  22
 [37]  11  16  25  18  14  18  11   7   6  14  13  15  11   9  18  12  12  11
 [55]  10  24  18  18  23  26  37  44  30  30  26  35  38  36  26  28  33  45
 [73]  53  47  44  41  40  40  35  42  33  46  63  79  73  62  81  86  88  88
 [91]  78  83  83 106 110 104  96  98  93  95  98  90 102  93 110 117 106 105
[109] 107 118 116 121 137 116 136 143 162 156 159 171 170

[[108]]
  [1]   10   32   37   40   33   37   34   35   41   36   34   29   31   24   30
 [16]   29   40   32   27   35   28   33   26   25   34   25   34   36   36   41
 [31]   47   54   42   36   30   44   35   51   53   44   40   37   41   46   48
 [46]   60   51   45   55   63   75   90   77   93  102  114  144  143  136  143
 [61]  175  169  168  162  184  204  212  195  191  233  257  257  247  258  253
 [76]  294  287  282  302  315  318  360  323  330  332  359  356  386  374  456
 [91]  461  455  424  456  502  545  542  559  569  615  648  665  678  719  720
[106]  779  802  873  902  976  983 1028 1094 1144 1183 1155 1188 1273 1420 1448
[121] 1455

[[109]]
  [1]   10   32   27   20   18   20   27   21   20   31   48   49   49   35   30
 [16]   54   62   52   50   65  104   98   94   85   87   88  119  110   83   85
 [31]   90   87   91   79  107  108  127  138  135  146  152  165  169  161  182
 [46]  214  199  212  191  218  260  298  268  267  294  351  342  324  307  320
 [61]  373  367  390  386  412  409  405  448  428  462  439  442  481  536  530
 [76]  506  531  559  584  630  669  688  691  693  700  803  816  829  951  973
 [91] 1051 1076 1084 1133 1125 1225 1210 1261 1266 1311 1377 1420 1498 1588 1569
[106] 1584 1655 1836 1933 1896 1974 2095 2147 2240 2325 2509 2531 2672 2822 2890
[121] 2963

[[110]]
  [1]   10   28   17   15   14   14   16   19   35   36   45   40   29   24   34
 [16]   38   32   30   30   31   33   27   29   40   40   35   44   42   33   52
 [31]   62   65   54   77   73   77   62   71  106  112  110  102   95   97  105
 [46]  115  110  116  109  115  142  135  140  116  107  164  154  177  143  149
 [61]  168  184  155  168  182  177  172  191  226  244  246  245  252  254  236
 [76]  284  306  319  347  370  393  421  469  468  515  550  556  539  591  613
 [91]  615  603  606  580  612  597  627  658  728  757  831  837  803  876  940
[106]  984 1002 1088 1140 1182 1228 1270 1265 1294 1326 1403 1580 1659 1720 1737
[121] 1780

[[111]]
  [1]   10   25   31   32   32   41   38   43   33   47   61   63   61   82   80
 [16]   73   90   73   82  110  116   96   82   83   84   97  102  107   98   94
 [31]  117  128  113  122  142  140  164  208  193  202  209  208  277  263  284
 [46]  304  280  284  291  326  342  366  386  343  349  360  366  376  355  385
 [61]  411  433  469  422  430  429  475  487  463  472  471  514  579  570  615
 [76]  648  694  688  736  767  812  893  875  879  990  980  973 1040 1065 1105
 [91] 1149 1257 1260 1362 1426 1477 1569 1624 1707 1752 1868 1933 2007 2067 2173
[106] 2165 2287 2402 2456 2578 2701 2826 2977 3040 3110 3199 3347 3536 3733 3919
[121] 4010

[[112]]
  [1]   10   46   39   35   29   34   31   34   24   31   24   23   34   33   34
 [16]   40   37   35   36   38   46   42   43   49   52   47   58   61   53   67
 [31]   74   63   62   58   48   64   73   64   51   58   54   66   70   68   87
 [46]   79   84   79   71  110  107  122  121  112  107   99  106  117  127  158
 [61]  176  146  168  167  164  157  162  185  162  174  183  184  209  209  204
 [76]  218  218  230  262  278  275  299  302  338  340  358  362  400  379  396
 [91]  398  424  465  452  467  463  502  508  565  547  616  598  636  711  799
[106]  837  887  808  875  939  973 1030 1089 1141 1159 1152 1210 1259 1392 1435
[121] 1535

[[113]]
  [1]   10   34   49   45   33   28   37   26   34   48   60   49   40   57   48
 [16]   61   49   57   63   58   52   75   83   79   70   79   73   67   80   77
 [31]  101   84  102  115   99   99  105  113  143  153  143  161  158  168  194
 [46]  191  186  193  203  209  261  239  261  261  279  266  273  332  328  376
 [61]  385  410  413  413  474  470  503  569  598  607  643  666  666  703  821
 [76]  843  874  921  987 1052 1112 1134 1119 1195 1335 1425 1422 1479 1582 1584
 [91] 1656 1718 1835 1894 1960 2059 2094 2242 2408 2452 2558 2537 2686 2852 2875
[106] 2959 2989 3239 3296 3401 3368 3538 3710 3994 4039 4298 4352 4524 4722 4752
[121] 5132

[[114]]
  [1]   10   28   20   15   15   21   29   26   26   24   19   19   25   27   28
 [16]   41   36   36   34   34   35   24   28   31   46   54   57   42   38   48
 [31]   63   87   84   78   77   70   72   58   72   77   84   94   80   87   97
 [46]   79  102  117   98  104   99  118  137  120  117  137  174  140  148  125
 [61]  133  154  174  209  190  204  225  229  280  258  276  273  251  300  355
 [76]  350  326  345  359  370  398  434  417  418  401  458  488  558  574  586
 [91]  628  639  688  745  744  786  773  805  868  905  975  987 1066 1112 1172
[106] 1210 1327 1289 1383 1411 1411 1497 1506 1593 1691 1737 1833 1890 2004 1992
[121] 2041

[[115]]
  [1]   10   35   33   28   33   28   38   39   45   30   38   34   41   44   68
 [16]   69   67   61   60   81   78   96  100  117  102   97  105  110  123  116
 [31]  129  116  106  154  179  176  176  169  168  161  182  202  251  243  251
 [46]  268  259  292  331  346  343  332  333  343  385  414  376  412  423  453
 [61]  507  512  544  568  585  601  634  593  616  683  654  663  671  770  841
 [76]  870  889  910  908  944  942  998 1013 1073 1126 1203 1220 1266 1278 1234
 [91] 1328 1295 1353 1383 1466 1543 1714 1656 1667 1809 1823 1975 2057 2152 2226
[106] 2311 2448 2554 2609 2607 2701 2753 2986 3128 3198 3322 3391 3541 3828 4058
[121] 4105

[[116]]
  [1]   10   37   27   33   26   26   24   27   23   25   16   13   23   19   22
 [16]   22   16   28   26   30   24   21   24   19   20   22   20   15   26   27
 [31]   34   32   33   23   29   45   53   35   35   48   64   81   81   77   77
 [46]   83   89  100   95  107  125  122  106  119  126  150  167  163  160  190
 [61]  215  248  238  226  236  223  214  262  271  282  260  280  329  287  329
 [76]  352  341  323  320  380  425  408  378  413  424  462  487  510  479  523
 [91]  509  531  590  617  591  624  649  669  657  717  775  852  855  833  859
[106]  805  970 1036 1075 1154 1113 1137 1207 1278 1347 1434 1408 1497 1551 1619
[121] 1676

[[117]]
  [1]  10  34  34  28  23  17  17  19  19  13  12  14  13  20  19  19  22  29
 [19]  25  31  33  36  36  31  36  49  45  43  43  53  71  65  54  53  59  77
 [37]  51  69  62  67  65  66  94  74  63  61  64  72  77  64  56  65  90  75
 [55]  91  72  75  75  80  71  78  89  88  61  79  78  74  84 100  94  85  90
 [73] 111 117  90 105 103 103 115  97  95 118 133 117 122 120 129 132 139 145
 [91] 141 140 152 179 171 198 205 189 162 200 194 209 218 223 256 244 277 291
[109] 351 385 355 324 338 370 370 408 450 439 443 485 504

[[118]]
  [1]  10  47  22  17  14  18  29  37  27  23  25  28  30  29  22  25  38  28
 [19]  35  37  31  28  23  25  23  20  28  26  24  40  39  58  52  47  48  62
 [37]  52  65  79  67  81  69  71  79  77  61  65  64  61  56  55  46  55  45
 [55]  54  85  71  47  50  47  50  45  54  49  51  59  65  61  71  83  84  89
 [73]  87  84  71  81  80 102 107 108 112 109 104 125 131 136 147 160 185 189
 [91] 192 197 219 208 213 258 275 245 265 306 317 318 336 344 405 406 406 429
[109] 457 487 552 514 556 581 614 668 614 623 656 694 696

[[119]]
  [1]   10   29   21   14   12   16   17   20   16   35   34   37   27   22   33
 [16]   39   27   35   41   43   37   34   33   35   37   37   37   35   39   60
 [31]   49   50   66   69   96   89   75   82  105  100  116  120  108  120  124
 [46]  133  161  159  189  184  211  219  189  192  205  210  204  216  222  249
 [61]  264  273  257  298  307  324  353  343  380  394  452  432  415  407  399
 [76]  419  482  512  473  521  573  613  593  631  628  695  765  832  845  896
 [91]  899  904  964 1044 1011 1037 1072 1128 1192 1220 1278 1286 1314 1430 1547
[106] 1573 1623 1688 1822 1857 1862 1900 1953 2117 2275 2328 2357 2406 2490 2453
[121] 2487

[[120]]
  [1]   10   36   24   21   18   15   16   17   22   24   27   26   34   31   45
 [16]   34   37   33   32   30   28   52   46   55   63   61   67   79   89   79
 [31]   86   90  102   96   98  127  122  113  101  113  151  149  147  143  169
 [46]  175  165  181  185  182  180  209  232  220  207  218  225  221  238  261
 [61]  259  257  280  276  282  267  305  325  342  346  337  405  382  400  407
 [76]  414  425  470  477  500  520  558  573  543  636  617  684  694  719  739
 [91]  803  783  781  774  818  813  915  939  891  882  952 1026 1051 1075 1159
[106] 1155 1222 1222 1303 1468 1556 1567 1646 1718 1746 1871 1984 2065 2181 2214
[121] 2269

[[121]]
  [1]   10   32   32   23   19   21   24   43   42   49   45   55   68   64   58
 [16]   60   60   83   78   56   55   91   78   84   77   68   84   93   95  101
 [31]   86   95  112  111   93   88   79   96  102  108  126  129  120  113  154
 [46]  186  205  204  191  202  188  224  224  251  230  226  198  214  245  287
 [61]  308  312  322  342  382  404  421  426  458  494  536  551  532  544  564
 [76]  643  634  683  734  803  814  821  842  888  870  945 1012 1075 1055 1081
 [91] 1125 1163 1205 1359 1422 1362 1437 1520 1571 1665 1654 1670 1650 1737 1865
[106] 2062 2134 2163 2283 2280 2450 2525 2613 2601 2707 2728 2877 2935 3052 3105
[121] 3298

[[122]]
  [1]   10   48   35   27   31   27   50   53   43   45   55   66   55   53   66
 [16]   53   53   58   50   55   62   69   82   86   92   91   92   99  108  121
 [31]  121  136  144  141  173  153  162  145  154  193  205  195  194  214  230
 [46]  270  290  276  246  250  253  299  299  340  349  365  330  375  399  351
 [61]  356  357  369  407  433  479  515  483  523  528  539  636  665  707  721
 [76]  706  779  753  817  872  868  849  885  890  912  989 1030 1087 1119 1118
 [91] 1191 1256 1272 1318 1388 1358 1419 1447 1610 1649 1618 1693 1912 2058 2071
[106] 2205 2107 2168 2326 2474 2511 2619 2643 2815 3010 3134 3307 3330 3328 3547
[121] 3697

[[123]]
  [1]   10   21   35   35   26   27   32   36   35   26   18   22   23   27   27
 [16]   22   28   28   29   29   30   40   41   44   44   51   68   61   71   81
 [31]   83   81  105   95   78   99   75  109  105   94  115  115  118  116  135
 [46]  132  143  139  156  168  191  207  183  168  207  227  247  229  233  251
 [61]  255  274  274  272  252  280  281  269  295  293  284  284  303  287  304
 [76]  330  304  338  335  333  414  414  441  458  487  510  522  582  604  651
 [91]  663  703  735  754  762  784  844  903  933 1010 1093 1127 1112 1156 1151
[106] 1170 1177 1301 1391 1404 1452 1440 1500 1596 1705 1750 1823 1984 1940 2017
[121] 2090

[[124]]
  [1]   10   20   15   13   10   19   28   25   22   32   29   38   30   24   26
 [16]   31   33   36   41   48   39   45   62   56   74   58   67   88   99   99
 [31]  116  117  145  153  147  140  158  146  178  179  166  179  190  182  185
 [46]  180  193  199  189  220  239  222  224  218  225  231  218  261  273  275
 [61]  289  298  333  332  337  370  347  376  352  383  402  422  403  428  433
 [76]  456  425  469  529  523  518  527  581  645  685  720  720  751  783  807
 [91]  852  882  827  885 1007 1129 1125 1195 1203 1260 1298 1335 1331 1415 1472
[106] 1510 1581 1626 1665 1732 1832 1987 2004 2105 2148 2189 2266 2419 2599 2597
[121] 2652

[[125]]
  [1]  10   8  19  15  12  11   8  10  12  10  13   6   5   8  11   6   5   4
 [19]   8   4   6   3   1   1   7   6   4   4  15  13   9   9   9  15  11  15
 [37]  22  23  18  23  15  22  25  20  24  17  14  20  16  25  24  19  31  31
 [55]  20  18  30  30  32  28  29  30  25  30  30  33  34  41  33  29  40  65
 [73]  55  60  64  45  62  82  81  70  69  69 105 114 110 118 116 102 108 143
 [91] 148 130 128 164 166 169 179 154 184 160 183 210 200 169 191 196 203 208
[109] 220 218 247 249 242 250 249 274 279 287 280 295 314

[[126]]
  [1]   10   35   28   21   15   23   15   32   24   25   48   37   33   31   28
 [16]   34   27   26   30   34   35   30   26   19   35   57   52   39   55   60
 [31]   68   57   62   79  117  107  118  118  124  129  149  141  132  118  135
 [46]  155  182  214  196  207  219  239  236  237  237  224  257  276  270  280
 [61]  282  266  269  285  304  349  388  397  390  458  460  485  452  494  502
 [76]  527  524  541  571  632  629  637  694  670  685  735  808  838  867  883
 [91]  902  937 1024 1078 1137 1151 1172 1207 1255 1266 1339 1484 1545 1545 1581
[106] 1602 1622 1746 1862 1935 2046 2071 2136 2262 2397 2533 2684 2808 2982 3101
[121] 3266

[[127]]
  [1]   10   36   30   24   27   32   31   34   34   38   41   32   39   64   54
 [16]   55   45   54   56   73   97  101   90   95   96   86   97  103   80   97
 [31]   99   94   81   98  140  142  151  142  131  142  156  178  173  181  210
 [46]  203  249  266  250  261  236  271  283  318  287  336  370  325  329  332
 [61]  380  475  460  446  459  475  532  554  548  603  627  671  656  682  686
 [76]  728  796  789  852  800  911  930  993 1036 1017 1094 1095 1098 1144 1110
 [91] 1266 1312 1372 1424 1403 1419 1481 1572 1679 1685 1798 1929 2014 2093 2141
[106] 2248 2341 2475 2588 2678 2756 2998 3190 3269 3386 3484 3581 3762 3900 4077
[121] 4231

[[128]]
  [1]  10  16  18  16  16  22  26  23  25  29  26  29  25  27  32  38  48  45
 [19]  42  39  39  33  28  22  18  20  20  29  29  26  30  34  30  33  29  35
 [37]  32  29  37  38  35  31  30  23  42  46  34  35  30  31  29  44  49  39
 [55]  37  44  52  45  49  53  55  43  53  74  78  93  79  82  89  83  85  85
 [73]  72  90  97  93  84  95  92  82  77  86  79  90  99 105 122 102 109 122
 [91] 114  98 107 117 132 142 141 141 151 162 173 211 216 169 182 168 207 228
[109] 259 265 272 306 306 318 343 381 406 374 375 417 422

[[129]]
  [1]  10  39  31  22  16  13  12  12  10  10   8  11  12  16  20  13   9   9
 [19]   8   5  12  16  10  14  16  12  10   7  10   6   7  10  16  18  15  18
 [37]  13  19  23  21  21  27  34  35  31  28  28  47  41  46  37  32  40  52
 [55]  55  62  84  69  72  84  62  56  67  75  95  86  78  80  90  71  73  75
 [73]  92  97  89  82 113  95 109 109 129 128 139 152 176 183 198 169 211 198
 [91] 230 255 246 272 240 285 313 282 263 285 294 362 354 362 373 362 384 380
[109] 457 457 472 475 493 547 553 559 569 594 607 624 733

[[130]]
  [1]   10   28   24   24   16   13   21   24   24   17   20   29   36   34   33
 [16]   29   26   33   44   54   70   91   83   86   88   82   91  102  108  104
 [31]  111   96  107  134  137  133  170  157  151  180  170  171  195  201  224
 [46]  227  262  284  310  288  301  311  349  372  394  372  362  397  425  476
 [61]  465  498  486  515  564  573  622  630  631  647  681  703  770  719  774
 [76]  798  901  909  922  929 1010 1009 1073 1074 1095 1174 1225 1174 1234 1353
 [91] 1379 1442 1463 1501 1583 1609 1652 1775 1754 1849 1942 1964 2035 2029 2136
[106] 2197 2417 2446 2551 2726 2717 2785 2778 2856 3019 3190 3306 3305 3413 3559
[121] 3616

[[131]]
  [1]   10   37   39   26   23   21   20   30   27   35   22   29   26   16   14
 [16]   18   24   26   25   42   54   40   53   41   53   57   53   51   45   38
 [31]   33   59   63   53   47   48   42   48   45   48   62   66   69   55   50
 [46]   60   49   57   95  103   85   88   70   90  107   93  106  128  139  111
 [61]  122  114  112  132  147  138  141  156  166  173  194  210  213  226  240
 [76]  252  265  252  287  273  285  278  296  345  343  351  381  391  476  472
 [91]  441  441  458  515  567  557  578  605  634  648  731  749  740  766  798
[106]  730  825  930  988 1021  991  975 1015 1123 1213 1189 1240 1218 1293 1302
[121] 1404

[[132]]
  [1]   10   26   33   29   30   31   33   27   22   35   37   43   35   39   40
 [16]   35   52   46   42   43   54   52   53   58   41   49   66   58   56   50
 [31]   51   62   70   65   60   69   84   84   88   68   94  106   97  100   94
 [46]   85   91   91  112  129  131  126  139  145  145  145  149  171  201  197
 [61]  184  211  210  189  188  208  179  182  218  228  212  235  252  305  330
 [76]  324  336  355  406  430  449  441  496  519  592  622  608  590  615  617
 [91]  641  707  708  752  795  828  878  941  990 1135 1159 1144 1223 1377 1395
[106] 1492 1458 1570 1616 1647 1867 1846 1963 1944 2074 2172 2242 2295 2296 2384
[121] 2454

[[133]]
  [1] 10 16 21 15 11 12 11  9  6  7 11  7  8  5  8  5  4  4  8 12  8  9  7  5  5
 [26]  4  4  4  4  2  1  1  1  1  1  1  1  1  1  1  2  0  0  0  0  0  0  0  0  0
 [51]  0  0  0  0  0  0  0  0  0  0  0  0  0  0  0  0  0  0  0  0  0  0  0  0  0
 [76]  0  0  0  0  0  0  0  0  0  0  0  0  0  0  0  0  0  0  0  0  0  0  0  0  0
[101]  0  0  0  0  0  0  0  0  0  0  0  0  0  0  0  0  0  0  0  0  0

[[134]]
  [1]   10   54   47   45   35   33   36   40   32   30   31   32   46   55   53
 [16]   38   36   48   53   83   72   56   59   63   68   80   65   66   55   70
 [31]   77   73   76   78   80   98   96  126   98  113  100  117  120  114  138
 [46]  152  153  135  147  147  189  200  191  184  178  177  186  219  225  242
 [61]  238  248  279  286  347  359  374  357  391  362  376  388  432  424  430
 [76]  449  461  467  536  595  582  600  600  662  603  635  717  735  742  751
 [91]  800  839  874  849  927  929  967  980 1045 1107 1162 1217 1280 1336 1415
[106] 1438 1495 1531 1602 1714 1838 1954 1874 1944 1969 2120 2128 2222 2388 2556
[121] 2579

[[135]]
  [1]   10   28   32   25   18   24   21   34   49   46   51   49   54   48   61
 [16]   65   68   72   82   84   92   98  101  130  127  130  115  120  144  137
 [31]  126  113  108  102  123  125  118  136  127  139  139  177  194  178  200
 [46]  182  198  203  208  204  191  226  257  267  254  292  283  293  288  301
 [61]  290  281  275  292  310  359  373  371  404  427  462  476  459  462  424
 [76]  482  495  558  552  619  681  688  700  696  734  751  802  862  892  927
 [91]  879  920 1046 1080 1086 1135 1195 1239 1285 1289 1306 1450 1487 1445 1402
[106] 1528 1608 1714 1819 1894 1903 2075 2092 2105 2125 2263 2392 2510 2649 2765
[121] 2778

[[136]]
  [1]   10   30   25   22   19   19   15   12   28   19   15   13   18   21   31
 [16]   37   37   39   33   36   59   49   53   47   63   60   53   58   63   74
 [31]   68   71   83  102   89   88   81   83   84   82   84   81   94  113  128
 [46]  128  121  129  133  148  152  161  143  163  167  176  183  165  209  267
 [61]  266  278  289  293  303  310  337  393  392  362  361  378  437  461  542
 [76]  510  515  568  644  643  687  675  764  759  792  801  858  889  942 1005
 [91] 1074 1018 1075 1088 1163 1215 1251 1212 1280 1346 1410 1438 1491 1640 1697
[106] 1751 1785 1818 2002 2075 2103 2163 2192 2376 2490 2520 2671 2712 2829 3015
[121] 3192

[[137]]
  [1]   10   42   41   30   27   37   33   40   39   34   36   45   44   55   41
 [16]   42   59   61   64   68   89   84   80   61   75   89   84   77   65   68
 [31]   84  103  107  102  110  148  145  155  155  174  183  181  188  195  174
 [46]  154  167  195  226  220  226  205  219  233  262  273  268  262  244  232
 [61]  261  255  288  308  320  329  327  334  341  381  430  406  433  445  479
 [76]  465  493  496  556  566  628  649  649  668  696  761  790  830  822  882
 [91]  924  929  958 1024 1033 1085 1207 1262 1249 1311 1402 1458 1527 1487 1649
[106] 1665 1738 1866 1936 2012 2136 2242 2380 2338 2449 2524 2729 2698 2868 2934
[121] 3072

[[138]]
  [1]   10   22   31   26   26   21   30   28   25   32   49   41   44   44   33
 [16]   34   32   29   43   40   39   39   46   43   41   43   43   49   59   52
 [31]   54   54   66   73   63   56   56   52   80   73   73   87   79   78   60
 [46]   57   67   87   77   84   81   78   90   73   87   85  102   95  108  107
 [61]  136  137  177  158  193  188  211  206  248  265  235  248  271  294  275
 [76]  307  308  370  395  351  358  361  389  430  447  469  469  486  504  570
 [91]  521  549  590  623  578  630  645  696  740  782  870  910  958 1013 1045
[106] 1100 1147 1183 1299 1346 1311 1288 1557 1490 1468 1606 1669 1732 1795 1868
[121] 1949

[[139]]
  [1]   10   23   24   19   17   15   22   13   17   19   22   36   44   39   50
 [16]   48   64   69   64   67   52   58   81   74   78   72   75   97  100   96
 [31]   84   83   81   74  112  110  118  103  111  107  155  145  176  186  203
 [46]  173  189  186  182  193  218  225  205  201  216  231  255  265  284  323
 [61]  288  290  268  289  338  332  348  341  330  351  359  403  458  420  463
 [76]  437  480  508  539  584  568  540  584  641  701  741  688  752  749  778
 [91]  815  838  860  801  882  880  931  987  982 1052 1066 1064 1104 1263 1230
[106] 1343 1314 1367 1461 1590 1641 1692 1773 1805 1828 2073 2155 2272 2239 2314
[121] 2378

[[140]]
  [1]   10   38   38   36   31   25   20   32   25   36   45   38   35   31   24
 [16]   47   33   35   28   39   36   34   44   48   46   39   38   54   62   80
 [31]   84   80   85   98  109  130  111   96   95   98  103  111  123  134  130
 [46]  147  149  154  135  144  164  152  150  170  207  236  248  295  274  273
 [61]  274  279  297  313  312  340  346  351  371  421  495  454  485  533  514
 [76]  570  571  616  611  658  691  703  694  775  837  850  880  838  928  966
 [91] 1064 1066 1162 1150 1191 1266 1323 1329 1385 1466 1623 1764 1791 1755 1920
[106] 1967 2007 2032 2104 2373 2558 2596 2577 2710 2916 3008 3021 3124 3328 3347
[121] 3530

[[141]]
  [1]  10  28  19  15  11  16  21  25  15  22  25  22  18  15  12  13  29  27
 [19]  25  35  24  24  23  27  24  20  25  27  22  19  13  19  13  23  21  26
 [37]  18  15  15  18  21  17  28  31  31  22  22  17  27  43  47  34  33  32
 [55]  27  29  32  40  45  46  65  81  66  58  56  78  93  97  96  92  87  95
 [73] 104 100 117 109 102 100 109 124 116 124 108 116 118 138 160 157 155 150
 [91] 173 175 193 197 224 216 247 249 286 291 287 317 331 382 376 394 399 447
[109] 476 471 504 536 538 580 648 689 784 818 731 784 827

[[142]]
  [1]   10   49   32   27   29   32   30   30   45   52   34   42   36   47   54
 [16]   40   36   42   55   55   45   46   48   56   64   57   56   52   54   44
 [31]   42   60   51   71   91   95   86   68   80  106  116  101  107  139  151
 [46]  154  154  146  149  166  173  194  170  200  228  247  229  233  266  262
 [61]  256  279  262  278  309  305  287  308  285  330  332  366  376  363  368
 [76]  403  436  410  406  449  426  442  482  450  526  520  571  597  645  670
 [91]  666  661  691  714  749  744  769  796  835  844  923  960 1004 1077 1158
[106] 1169 1250 1267 1330 1277 1282 1314 1492 1641 1721 1707 1811 1893 1968 2067
[121] 2081

[[143]]
  [1]   10   35   21   15   11   16   12   11   14    8    8    8   12    9   18
 [16]   13   17   35   30   31   37   34   35   47   46   45   62   59   47   42
 [31]   48   56   56   62   46   78   68   80   71   65   59   69   82   82   92
 [46]   76   88   90   90   97  103  112  105  141  164  150  125  144  145  140
 [61]  169  205  208  227  221  214  212  208  207  205  227  229  209  221  232
 [76]  273  278  301  340  366  351  355  369  372  417  443  454  495  474  473
 [91]  487  537  558  535  560  589  629  643  670  680  693  720  763  804  846
[106]  815  837  931  974  977 1026 1015 1110 1145 1208 1313 1362 1426 1510 1515
[121] 1654

[[144]]
  [1] 10 40 31 26 29 26 30 23 25 34 23 24 19 22 20 13 20 23 20 14 13 19 26 26 15
 [26] 16 16 19 11  8  7  6  5  7  7 10  6  5  6  4  8  8  8  7  7  5  7  5  5 11
 [51] 13  8  6  5  5  5  3  3  3  3  2  7  6  4  4  4  4  4  4  3  3  8 14 19 15
 [76] 13 11 11  8 14 10 10 13 22 18 15 11 13 20 17 21 16 13 17 13 17 16 15 16 17
[101] 11 17 18 14 16 11 13 18 16 17 11 20 23 39 29 37 29 26 31 40 34

[[145]]
  [1]   10   17   29   32   22   18   39   34   27   29   45   39   37   35   38
 [16]   63   46   42   37   58   55   68   62   72   77   83   86  105  104  104
 [31]  104  129  108  111  142  143  140  140  124  131  150  150  160  174  179
 [46]  154  173  180  234  266  253  250  254  292  321  337  313  329  352  363
 [61]  361  378  404  421  455  440  464  483  485  552  586  556  610  583  610
 [76]  659  685  750  794  780  767  784  889  914  960  954  980 1086 1095 1106
 [91] 1165 1159 1222 1223 1283 1315 1337 1357 1366 1403 1530 1576 1629 1666 1742
[106] 1848 1934 1921 1871 1989 2085 2247 2201 2282 2292 2298 2458 2491 2602 2781
[121] 2874

[[146]]
  [1]  10  34  20  15  18  23  18  23  24  35  26  25  27  35  28  35  39  34
 [19]  36  35  27  27  32  29  21  20  22  24  39  37  44  33  33  33  25  37
 [37]  38  32  26  22  32  31  49  47  43  53  45  41  46  45  47  42  50  56
 [55]  45  42  52  48  75  83  90  80  80  67  79  74  75  98  77  89  89  95
 [73]  92  88 102 107 132 149 138 159 179 159 157 145 161 174 161 167 201 223
 [91] 211 235 204 238 257 303 327 293 327 321 338 367 352 383 417 403 441 484
[109] 447 456 456 477 511 569 598 555 597 610 662 685 688

[[147]]
  [1] 10 31 25 26 17 16 14 18 18 16 10  9 20 17 17 17 15 18 19 12 11 12  9 13 14
 [26] 13 16 17 15 21 15 20 15 18 10 10 11  6  5  5 10 10  7  5  7 15  8  7 18  7
 [51]  5  5  4  3  2  2  2  2  0  0  0  0  0  0  0  0  0  0  0  0  0  0  0  0  0
 [76]  0  0  0  0  0  0  0  0  0  0  0  0  0  0  0  0  0  0  0  0  0  0  0  0  0
[101]  0  0  0  0  0  0  0  0  0  0  0  0  0  0  0  0  0  0  0  0  0

[[148]]
  [1]   10   20   37   39   29   23   23   17   13   19   16   24   28   35   30
 [16]   30   29   41   46   42   43   49   56   57   50   45   50   40   36   50
 [31]   58   66   56   62   57   53   59   76   76   86   71   94  106  114   91
 [46]  109  127  134  150  162  179  175  181  199  191  209  206  186  206  188
 [61]  179  188  179  172  182  182  180  190  192  192  208  212  229  220  231
 [76]  212  259  305  286  293  297  337  346  361  330  360  374  427  445  455
 [91]  444  468  519  568  604  672  652  670  662  659  732  754  757  854  875
[106]  851  837  861  923  930 1029 1138 1188 1185 1199 1224 1286 1316 1426 1471
[121] 1518

[[149]]
  [1]  10  26  21  15  11  11  11  19  13  13  13  12  11  11  16  38  36  29
 [19]  28  25  26  28  44  37  31  41  50  42  38  46  52  49  44  63  59  61
 [37]  52  59  65  74  76  72  69  69  74  84 120  99  96  90 105 111 109 108
 [55]  93  91  82  85 101 102  96 122 139 122 108 126 128 119 106 123 142 154
 [73] 146 172 159 146 153 171 208 193 179 168 212 232 267 276 247 241 265 302
 [91] 283 271 281 301 355 354 363 362 376 416 410 432 428 434 464 505 520 557
[109] 595 681 703 700 738 773 768 806 825 874 916 929 979

[[150]]
  [1]   10   37   29   26   21   26   36   36   33   28   28   27   40   60   44
 [16]   50   52   37   45   52   39   40   52   46   48   64   61   55   61   54
 [31]   64   87  108  112   99   91   89   83  110  107  117  133  119  122  159
 [46]  161  162  175  183  197  211  224  216  222  207  236  262  270  246  245
 [61]  244  239  241  267  296  303  319  309  379  400  357  382  420  436  469
 [76]  449  488  477  499  519  578  586  627  599  684  683  703  648  648  650
 [91]  708  687  718  794  854  847  939  966 1057 1128 1121 1137 1140 1264 1353
[106] 1381 1380 1453 1514 1536 1654 1748 1796 1766 1732 1859 1962 2115 2195 2203
[121] 2317

> save(reslist, file=paste("output",iter,".rda",sep=""))
> 
> 
> ###############################################################
> 
> 
> # Clear the workspace and turn off graphics.
> #  Load all the functions you need by sourcing the provided demographic.R file
> #  Read in the job number from the cluster. To do this, your code should include a new
> # variable iter and should start with the line:
> # iter <- as.numeric(Sys.getenv(PBS_ARRAY_INDEX))
> #  Control the random number seeds so that each parallel simulation takes place with a
> # different seed. Your function should therefore set the random number seed as iter so that
> # each parallel simulation has a unique random seed.
> #  In each parallel run, select the initial condition to be used. Ensure that 25 of the parallel
> # simulations are allocated to each of the initial conditions.
> #  Create a variable which is the filename to store your results. The end of the filename
> # should be the number iter to ensure that simulation files do not overwrite one another on
> # the cluster.
> #  Initialise a list which will contain the results of your 150 simulations.
> #  Call the stochastic_simulation function to do the appropriate simulation 150 times,
> # appending the output to the results list, and then save the results list.
> 
> #four initial conditions (25 cluster runs per)
> #each cluster run runs simulation 150 times
> #1) large population of 100 adults
> #2) small population of 10 adults
> #3) 100 individuals spread
> #4) small population of 10 individuals
> 
R has finished running

============================================

        Job resource usage summary 

                 Memory (GB)    NCPUs
 Requested  :         1             1
 Used       :         0 (peak)   0.82 (ave)

============================================
