R is about to run

R version 4.4.1 (2024-06-14) -- "Race for Your Life"
Copyright (C) 2024 The R Foundation for Statistical Computing
Platform: x86_64-conda-linux-gnu

R is free software and comes with ABSOLUTELY NO WARRANTY.
You are welcome to redistribute it under certain conditions.
Type 'license()' or 'licence()' for distribution details.

R is a collaborative project with many contributors.
Type 'contributors()' for more information and
'citation()' on how to cite R or R packages in publications.

Type 'demo()' for some demos, 'help()' for on-line help, or
'help.start()' for an HTML browser interface to help.
Type 'q()' to quit R.

> 
> 
> growth_matrix <- matrix(c(0.1, 0.0, 0.0, 0.0,
+ 0.5, 0.4, 0.0, 0.0,
+ 0.0, 0.4, 0.7, 0.0,
+ 0.0, 0.0, 0.25, 0.4),
+ nrow=4, ncol=4, byrow=T)
> 
> reproduction_matrix <- matrix(c(0.0, 0.0, 0.0, 2.6,
+ 0.0, 0.0, 0.0, 0.0,
+ 0.0, 0.0, 0.0, 0.0,
+ 0.0, 0.0, 0.0, 0.0),
+ nrow=4, ncol=4, byrow=T)
> 
> clutch_distribution <- c(0.06,0.08,0.13,0.15,0.16,0.18,0.15,0.06,0.03)
> 
> #=========================================================================================
> rm(list=ls())
> graphics.off()
> source("Demographic.R")
> source("kl2621_HPC_2024_main.R")
[1] 0 0 0 0 3
[1] 3 3 2 2 2
[1] 2 2
 [1] 7 4 3 3 2 2 1 1 1 1 1 1 1 1 1 1 1 1 1 1 1
> 
> 
> ###4 initial conditions
> 
> ############################################################
> 
> 
> 
> #VVVVVVVVVVVV-------------COMMENT ME OUT WHEN RUNNING THE THING
> #iter <- 5
> #VVVVVVVVVVV--------------UNCOMMENT ME OUT
> iter <- as.numeric(Sys.getenv("PBS_ARRAY_INDEX"))
> set.seed(iter)
> 
> 
> if (iter <= 25) {
+ initial_state <- state_initialise_adult(4,100) #100 adults
+ } else if (iter >25 && iter <= 50) {
+ initial_state <- state_initialise_adult(4,10) #10 adults
+ } else if (iter >50 && iter <= 75) {
+ initial_state <- state_initialise_spread(4,100) #100 spread
+ } else {
+ initial_state <- state_initialise_spread(4,10) #10 spread
+ }
> 
> reslist <- list()
> 
> ####100 cluster runs
> ###################################################
> ####150 runs of stochastic_simulation per cluster run
> for (i in 1:150) {
+     #################################
+     ###120 steps of stochastic_simulation per simulation
+     stochasticresult <- stochastic_simulation(initial_state,growth_matrix,reproduction_matrix,clutch_distribution,120)
+     reslist[[i]] <- stochasticresult
+     #################################
+ }
> ###################################################
> 
> print(reslist)
[[1]]
  [1]  10  15  18  14  16  23  26  25  27  16  14  12  19  20  20  18  23  18
 [19]  19  16  21  20  19  25  26  16  13  19  14  13  13  19  15  23  18  13
 [37]  13  23  21  25  28  22  29  26  32  33  27  28  22  22  30  29  30  40
 [55]  31  32  33  36  44  63  52  70  60  71  79  89  86  95 101  90 104 124
 [73] 136 138 149 186 175 186 166 182 181 231 193 206 200 190 171 193 197 211
 [91] 242 222 235 247 288 308 271 263 287 306 319 326 331 321 394 375 393 425
[109] 452 432 420 452 455 445 466 509 538 564 600 616 667

[[2]]
  [1]   10   12    8   15   14   13   17   16   11    8   10    8   22   24   14
 [16]   21   11   18   19   15   15   25   35   35   46   53   61   44   33   32
 [31]   44   52   54   59   65   53   43   52   62   73   70   71   72   72   78
 [46]   67   93   99  113  134  144  148  134  141  149  164  193  192  184  203
 [61]  200  201  185  212  222  223  239  252  254  268  279  277  318  339  342
 [76]  386  433  411  421  414  397  433  416  452  443  437  479  469  530  527
 [91]  604  573  616  609  677  698  668  748  764  769  799  868  825  835  960
[106]  965  961 1027 1086 1122 1221 1205 1238 1339 1351 1395 1509 1547 1633 1695
[121] 1758

[[3]]
  [1] 10 13  9 14 16 15 11  9  8 15 19 17 13 17 13 11 11 15 12  9  6 13 15 10  9
 [26]  8  8 16  9  6  5  4  9  5  3  3  3  2  2  7  4  3  3  3  3  3  0  0  0  0
 [51]  0  0  0  0  0  0  0  0  0  0  0  0  0  0  0  0  0  0  0  0  0  0  0  0  0
 [76]  0  0  0  0  0  0  0  0  0  0  0  0  0  0  0  0  0  0  0  0  0  0  0  0  0
[101]  0  0  0  0  0  0  0  0  0  0  0  0  0  0  0  0  0  0  0  0  0

[[4]]
  [1] 10 15 17 12 11  8  5 13 20 17 13 11 10 16 19 12 10  7  6  5  5  4  0  0  0
 [26]  0  0  0  0  0  0  0  0  0  0  0  0  0  0  0  0  0  0  0  0  0  0  0  0  0
 [51]  0  0  0  0  0  0  0  0  0  0  0  0  0  0  0  0  0  0  0  0  0  0  0  0  0
 [76]  0  0  0  0  0  0  0  0  0  0  0  0  0  0  0  0  0  0  0  0  0  0  0  0  0
[101]  0  0  0  0  0  0  0  0  0  0  0  0  0  0  0  0  0  0  0  0  0

[[5]]
  [1]   10    5    8    5    2   10   10    7    6   11    8    6    6    9    7
 [16]   11    7   13   18   11   11   10   10   17   28   26   24   23   18   24
 [31]   23   51   36   33   36   37   42   42   48   41   41   56   42   58   63
 [46]   67   63   62   62   86   72   69   73   73   71   70   70   83   96  107
 [61]  120  114  117  131  121  131  120  152  144  138  157  165  169  162  178
 [76]  189  181  199  203  227  196  217  219  227  251  249  270  250  246  265
 [91]  282  295  334  344  360  359  341  384  447  483  485  474  520  526  527
[106]  574  591  583  632  608  613  681  693  761  820  848  918  927  914  966
[121] 1010

[[6]]
  [1]   10   18   19   22   23   30   36   37   27   31   30   32   33   47   48
 [16]   49   40   42   39   53   55   49   53   60   57   45   40   51   44   59
 [31]   45   44   38   39   34   40   51   42   40   39   49   65   60   64   62
 [46]   63   74   70   56   44   49   56   60   74   97   95   76   72   74   91
 [61]  109   86  101   92   92   98  113  103  102  120  131  120  115  103  119
 [76]  129  133  136  128  173  181  220  226  235  252  284  288  320  285  295
 [91]  364  324  355  342  325  380  401  366  406  411  448  483  471  513  595
[106]  566  608  700  756  749  781  822  807  905  901  989  985  998 1115 1095
[121] 1106

[[7]]
  [1]   10   15   20   24   19   25   20   19   23   21   28   32   36   31   41
 [16]   36   41   50   47   52   52   61   57   72   68   65   69   65   64   72
 [31]   79   80   76   79   71   83   89   97  101   98  100   90   76   97  110
 [46]  101  111   97   90   98  148  134  133  151  143  127  139  158  163  209
 [61]  235  213  225  232  253  289  279  269  301  286  297  298  310  294  346
 [76]  386  404  375  419  435  437  432  445  476  516  520  507  536  550  572
 [91]  582  608  627  646  640  690  705  705  743  761  823  787  790  844  829
[106]  882  938 1042 1028 1062 1087 1071 1126 1215 1314 1288 1368 1394 1492 1570
[121] 1707

[[8]]
  [1] 10 11 12  9  9  8  7  7  7  9 15 16 18 15 18 16 13 11 17 27 19 16 13 20 21
 [26] 21 25 31 31 33 27 27 20 17 25 21 22 26 22 23 39 30 33 33 22 16 13 10 16 17
 [51] 11 10  8 10 11 12 13 20 22 21 18 21 19 28 31 29 26 15 12 15 18 22 28 30 31
 [76] 27 35 44 38 41 52 42 47 46 41 36 44 47 46 38 30 33 36 41 48 43 42 34 31 32
[101] 20 26 26 35 24 29 19 14 13 12 14 12 14 10 16 13 12 10 10 19 11

[[9]]
  [1]  10  16  18  15  20  21  14   8   7  12  16  12  16  25  24  22  15  15
 [19]  12  26  18  21  24  25  15  15  12  10  16  17  13  19  15  11  21  18
 [37]  15  13  18  29  26  37  37  34  33  27  29  29  29  35  34  29  32  24
 [55]  26  23  46  41  36  36  39  59  75  78  67  58  62  49  47  33  57  46
 [73]  42  34  40  41  41  55  53  48  64  68  66  73  68  64  72  81  90  86
 [91]  77  83 126 121 114 102 105 131 138 123 120 114 135 170 170 180 185 244
[109] 237 242 239 239 252 265 268 301 310 323 292 301 359

[[10]]
  [1]   10   12   22   23   20   13   15   16   18   10   12   15   17   15   28
 [16]   21   28   23   34   34   30   37   27   41   58   59   69   68   70   82
 [31]   78   86   98   79   87   80   79   99   98   92   95  123  130  137  148
 [46]  148  144  148  168  168  169  178  185  187  207  230  218  216  263  264
 [61]  298  348  298  285  297  282  379  389  339  331  396  421  459  497  465
 [76]  506  540  582  573  607  632  651  681  689  681  743  778  839  855  813
 [91]  842  910  992  973 1012 1097 1133 1125 1168 1242 1265 1280 1285 1321 1442
[106] 1556 1585 1591 1626 1699 1775 1806 1920 2012 1995 2127 2130 2339 2410 2408
[121] 2582

[[11]]
  [1] 10 12 10 15 17 11 17 18 18 34 28 27 21 24 37 24 23 20 24 25 32 25 29 28 30
 [26] 25 29 31 23 20 21 20 25 24 31 31 28 32 31 29 30 37 26 22 23 31 36 28 33 27
 [51] 21 15 11 13 17 26 17 11 14  9 12 20 17 20 17 18 27 18 13  9 15 16  9 12 10
 [76] 10 11  8  7  7 13 17  9 17 17 15 13 11 12 14 29 30 28 16 18 15 19 28 37 45
[101] 40 33 35 63 44 50 58 63 57 48 49 53 45 43 62 76 60 55 76 76 84

[[12]]
  [1]   10   10   14   13   22   16    9    9   15   19   24   24   35   38   40
 [16]   45   35   35   40   29   36   47   44   38   41   42   42   64   69   92
 [31]   86   97   78   72  105   92  123  100   99  108  100   94   98  105   98
 [46]  109  118  111  100  115  124  140  160  181  169  164  162  158  172  180
 [61]  226  211  213  207  218  209  214  242  233  208  238  237  265  286  272
 [76]  295  280  294  314  335  332  333  362  348  378  356  357  389  431  474
 [91]  455  421  491  537  481  526  553  651  640  676  704  731  797  757  850
[106]  892  854  881  908  953 1006 1097 1080 1113 1217 1241 1305 1284 1366 1470
[121] 1509

[[13]]
  [1] 10  7 20 19 13 11 10 14 12  9 13 16 14 22 18 11 11  8  5 10  6  4  4  4  3
 [26]  8  5  6  4  4  4  7  2  2  6  8  6  6  5 10 11 30 18 12  8  6 13 17 18 18
 [51] 17 14 15 24 28 22 18 18 19 18 29 26 19 19 29 20 15 12 19 20 13 16 13 12 11
 [76]  8 17 14 12  9  7  4  4  3 13  6 11  4  6  3  2  6  4  6  4  4  9  4  3  3
[101]  3  3  2 11 15 15 11  8  6  7  4  9  6  6 14 19 18 17 24 24 20

[[14]]
  [1]   10    5   20   13   10    9    8    6   10   10    9   19   17   14   10
 [16]   17   16   21   23   23   24   27   14   11   11   15   14   23   22   20
 [31]   16   13    9   14   22   29   34   39   37   26   23   23   28   39   48
 [46]   47   57   51   53   62   96  100   95   95   88   90  115  120  117  136
 [61]  147  142  146  156  164  181  164  151  171  180  184  196  211  223  207
 [76]  203  247  306  283  247  269  278  281  289  309  345  344  374  358  363
 [91]  375  361  416  451  440  480  493  556  561  591  625  638  659  670  687
[106]  690  705  750  780  769  799  886  892  992 1042 1106 1112 1158 1159 1186
[121] 1221

[[15]]
  [1]  10  21  26  25  37  28  27  31  42  43  36  44  49  63  54  45  48  40
 [19]  37  31  34  51  49  45  35  37  49  52  57  58  71  62  70  67  65  54
 [37]  44  50  48  64  55  62  48  48  41  37  26  33  42  52  47  34  30  28
 [55]  40  38  41  36  34  34  49  42  55  47  40  41  52  64  66  77  64  71
 [73]  62  83  74  72  77  86  97  79  95 100 100 108 113 133 138 149 180 205
 [91] 204 201 211 201 191 175 193 188 204 211 212 234 227 267 289 278 260 245
[109] 295 324 303 342 347 340 380 415 412 451 420 403 477

[[16]]
  [1]   10    5    4    4   11   15   13    7    8    8    7    7   14   16   14
 [16]   20   23   25   30   26   32   24   22   28   37   29   43   48   56   68
 [31]   67   67   67   71   93   99   98   78   73   81   89  106   80  107  116
 [46]   97  112  132  145  144  181  158  178  161  158  138  151  147  155  189
 [61]  178  197  197  192  199  235  272  312  279  279  284  297  298  352  377
 [76]  393  397  385  427  459  437  464  488  504  473  470  477  523  575  535
 [91]  509  555  543  606  650  677  682  662  739  768  804  871  944  994  937
[106] 1010 1086 1151 1209 1247 1265 1356 1356 1356 1465 1583 1676 1632 1722 1644
[121] 1784

[[17]]
  [1]   10   12   12    6   12    9   17   26   18   13   12   10   12   13   18
 [16]   27   22   22   23   22   24   19   22   35   36   38   27   35   39   60
 [31]   54   47   48   69   92   79   71   77   83  112  127  122  115  104  102
 [46]  115  119  126  127  150  141  154  172  196  206  190  213  272  262  262
 [61]  262  297  278  330  371  363  355  358  400  386  423  447  452  485  486
 [76]  491  525  562  546  533  636  670  734  677  659  704  774  790  811  795
 [91]  875  954  952  984  972 1042 1143 1120 1107 1150 1266 1319 1382 1421 1495
[106] 1511 1613 1644 1694 1779 1852 1926 2026 2107 2090 2167 2259 2379 2492 2550
[121] 2600

[[18]]
  [1]  10  14  13  10   8  13  12  14  11   9   9   8  12  10  13   9  14  16
 [19]  16  23  27  18  16  17  21  18  16  13  12  19  18  18  20  22  26  22
 [37]  25  29  33  36  27  32  32  36  49  45  45  37  42  42  54  51  59  69
 [55]  73  62  50  48  43  59  62  77  87  67  57  53  53  59  65  60  55  59
 [73]  63  79  70  76  65  63  80  89 103  86  91 104 134 129 140 137 141 144
 [91] 162 182 184 188 171 187 202 223 218 234 233 239 269 248 258 296 321 322
[109] 274 289 352 393 411 372 383 411 455 438 455 460 468

[[19]]
  [1]  10  17  22  18  15  18  18  13  11  16  12  15  25  35  28  22  19  21
 [19]  18  13  21  23  17  20  19  24  26  28  35  33  32  27  26  43  35  30
 [37]  40  51  52  52  58  58  69  76  71  77  61  56  59  62  66  60  59  75
 [55]  79  77  85  96  88  93 122 108  98 109 124 135 135 131 128 132 149 145
 [73] 126 125 113 133 130 164 166 183 161 192 179 200 180 200 233 247 204 249
 [91] 263 261 250 269 286 345 341 351 351 351 393 439 426 418 438 448 471 484
[109] 484 527 575 556 579 603 663 681 696 664 742 770 857

[[20]]
  [1] 10  7  6  5  2  2  2  2  5  4  4  6 11  7  6  6 14 13  8 13  8  6  5  5  8
 [26]  5  4  3  5  3  2  1  4  4  2  1  1  1  1  1  1  1  1  1  1  3  2  2  2  0
 [51]  0  0  0  0  0  0  0  0  0  0  0  0  0  0  0  0  0  0  0  0  0  0  0  0  0
 [76]  0  0  0  0  0  0  0  0  0  0  0  0  0  0  0  0  0  0  0  0  0  0  0  0  0
[101]  0  0  0  0  0  0  0  0  0  0  0  0  0  0  0  0  0  0  0  0  0

[[21]]
  [1]  10   9   8   7  10   8   9   9   7   9   8  13  12   9  12   8   8  11
 [19]  18  13  27  31  21  20  16  19  24  31  28  17  24  26  23  17  21  17
 [37]  30  23  18  26  20  18  23  23  27  18  16  22  24  26  27  29  27  21
 [55]  30  30  24  18  28  30  28  28  37  35  44  48  55  52  57  59  66  69
 [73]  61  72  67  73  67  78  98 107 114 117 130 121 122 121 142 148 174 173
 [91] 164 180 171 169 160 173 207 206 189 210 239 261 231 299 318 338 340 341
[109] 333 372 375 372 426 385 363 373 326 347 402 426 368

[[22]]
  [1]  10   7   6   6   6  11   7   6   4   3   3   9   9  10   7   5   5   9
 [19]   4   4   2   1   1   1   1   2   6   4   3   3   3   4   6   3   2   2
 [37]   9   6   6   6   5  13  14   6   5   7  14  17  16  12  17  17  14  16
 [55]  23  29  29  24  20  35  22  21  28  30  43  34  47  36  43  42  42  37
 [73]  33  26  27  33  24  24  25  17  18  17  24  42  45  54  76  72  68  69
 [91]  76  66  79  92  79  88 101 111 104 120 114 120 110 111 137 146 132 171
[109] 162 147 175 171 188 166 155 169 207 191 240 281 251

[[23]]
  [1]   10    7    6    4    3    3    9    4    4    4    4    4    4    8    7
 [16]   11    9    8    6    9   19   10    8    7    6    8   17   18   13   10
 [31]    9   16   19   25   30   41   27   31   22   20   40   40   43   46   35
 [46]   41   40   56   41   31   43   44   48   57   75   92   96   96  108  122
 [61]  123  118  145  152  161  178  145  183  178  196  217  231  239  252  269
 [76]  255  271  277  276  300  334  335  349  366  345  398  443  481  470  482
 [91]  506  548  544  590  594  615  644  659  686  697  735  746  762  759  800
[106]  804  773  857  912  926  898  963 1007 1026 1130 1233 1279 1298 1384 1454
[121] 1518

[[24]]
  [1]  10  21  20  20  17  16  27  25  16   9  13   8   8   7   6   6   6   5
 [19]  11  11   7  16  16  14  24  22  21  25  34  28  29  38  34  36  26  26
 [37]  27  34  30  34  38  35  33  37  35  50  39  38  49  45  48  47  39  40
 [55]  48  61  56  56  53  49  46  53  46  56  76  63  52  56  66  63  62  65
 [73]  70  68  61  67  83  82  77  85 105  90  87  81  85  97  93 108  94 105
 [91] 108 109 106 113 155 159 144 139 180 183 186 172 174 187 168 184 190 190
[109] 205 234 220 219 207 251 210 235 263 239 270 277 320

[[25]]
  [1]   10    9   13   12   15   18   22   23   27   21   23   20   27   27   21
 [16]   17   19   14   16   12   17   19   17   31   23   31   36   31   36   38
 [31]   41   66   56   57   51   56   66   83   83   91   81   85  114  105  107
 [46]  111  110  130  124  154  160  162  155  128  130  126  141  164  153  152
 [61]  164  155  175  169  178  175  156  162  168  199  221  233  237  247  230
 [76]  214  227  265  270  291  294  342  339  346  353  417  416  441  459  443
 [91]  488  477  521  525  526  492  544  616  569  580  666  681  668  673  711
[106]  798  860  857  825  924 1045 1079 1140 1208 1286 1282 1321 1387 1469 1549
[121] 1559

[[26]]
  [1] 10 14  9 10  8 15  6  4  3  3  1  1  1  1  1  4  3  2  2  1  1  1  0  0  0
 [26]  0  0  0  0  0  0  0  0  0  0  0  0  0  0  0  0  0  0  0  0  0  0  0  0  0
 [51]  0  0  0  0  0  0  0  0  0  0  0  0  0  0  0  0  0  0  0  0  0  0  0  0  0
 [76]  0  0  0  0  0  0  0  0  0  0  0  0  0  0  0  0  0  0  0  0  0  0  0  0  0
[101]  0  0  0  0  0  0  0  0  0  0  0  0  0  0  0  0  0  0  0  0  0

[[27]]
  [1] 10 11 17 16 10 10 10 15  4  4  4  2  2  2  2  2  7 13  6  3  3  3  3  3  2
 [26]  8  6  3  3  2 10  4  4  4 10  7  6  6  4  4  4  4  3  1  1  1  1  5  4  3
 [51]  2  2  2  2  7  4  3  3  3  3  7  2  2  2  2  2  9 11  6  4 12 17 18 14 17
 [76] 20 18 32 31 31 29 32 19 25 29 37 31 42 31 23 26 23 23 27 20 25 21 18 27 27
[101] 25 23 29 28 25 31 39 38 33 36 30 38 31 39 44 53 51 52 67 76 64

[[28]]
  [1]  10   8   7   7  13  14  13  11   9   7   5   5   4   6   6   4   4   4
 [19]   7   7   6   4  10   6  10   8  14   9   7   9  14  15   7  11  10   4
 [37]   3   7   5   4   9   8   5   5   7   6   5   5  11  12  17  14  14  21
 [55]  14  13  16  20  18  20  16  13  12  22  18  13  12  15  19  25  21  20
 [73]  22  30  26  26  24  28  25  37  35  30  47  48  58  54  50  55  42  36
 [91]  33  45  40  36  41  59  73  74  73  59  65  90  80  88  89  87 103  98
[109] 108  97 109  98 118 128 145 138 131 143 155 151 156

[[29]]
  [1]   10   17   12   11   17   20   23   16   24   24   28   25   25   20   27
 [16]   28   27   30   31   41   28   53   67   84   69   70   96   92   85  109
 [31]  126  108  126  128  121  117  134  165  164  166  200  225  245  237  241
 [46]  230  232  244  270  274  273  286  330  344  337  358  349  372  413  432
 [61]  424  399  416  487  457  526  579  619  664  704  713  743  744  764  830
 [76]  848  859  857  872 1024 1059 1056 1063 1046 1096 1079 1175 1246 1309 1336
 [91] 1436 1427 1554 1630 1699 1722 1796 1810 2042 2122 2168 2219 2174 2366 2412
[106] 2410 2534 2682 2756 2850 2937 3103 3099 3267 3420 3432 3570 3723 3919 4195
[121] 4386

[[30]]
  [1]   10    6   10   14   11    8    8    5    4    8   11    5    5    5    5
 [16]   13   13   19   15   15   11   12   15    9   15   15   12   25   23   21
 [31]   24   27   23   23   26   24   30   32   38   34   39   42   57   46   57
 [46]   73   65   67   79   96  104  106   90  100   97  118  124  124  141  144
 [61]  152  157  160  152  204  209  198  221  241  242  249  241  199  232  233
 [76]  240  275  295  295  324  317  331  338  383  406  396  416  469  465  501
 [91]  518  545  614  631  620  606  605  624  678  744  725  753  840  878  879
[106]  863  927  918  975 1079 1107 1108 1181 1188 1275 1343 1407 1359 1476 1489
[121] 1575

[[31]]
  [1]  10  15  12   9   9   6   5   9  15  10  20  13  15  12  16  16  12  14
 [19]  13  12  15  16  15  17  25  25  20  19  23  25  24  20  23  24  25  30
 [37]  35  24  20  20  15  15  32  40  29  26  21  15  28  30  35  26  36  37
 [55]  41  47  50  51  38  42  48  39  43  53  53  52  46  52  52  65  94  69
 [73]  59  67  71  78  62  66  55  59  57  60  83  72  72  72  74  76  82  81
 [91]  81  70  68  91  84  81  79  93  91  88  95 115  97 104 102 119 134 129
[109] 118 131 141 143 174 197 196 198 204 216 225 244 257

[[32]]
  [1]   10   13    7   12   14   19   17   14   19   18   29   25   20   22   24
 [16]   48   52   43   32   30   26   36   34   36   31   30   25   33   31   40
 [31]   46   39   41   36   40   31   41   33   35   39   49   40   53   54   83
 [46]   83   68   86   89   81   95   94  111  110  114  126  128  115  122  127
 [61]  131  125  124  140  145  150  144  133  131  145  158  152  181  154  157
 [76]  167  180  212  211  237  225  277  254  229  256  292  314  317  300  360
 [91]  358  391  395  406  371  415  443  463  517  526  540  580  575  618  658
[106]  665  735  747  747  816  815  854  845  862  917  963  990  992 1003 1002
[121] 1089

[[33]]
  [1] 10  8  7 12 11  7  5  5  5  5  4  4 12  9  5  4  4 16 22 11  8  7 10  4  3
 [26]  2  8  4  3  2  3  1  5  2  2  2  1  6  2  1  1  1  1  1  8  8  5  4  3  3
 [51]  3  3  5  4  4  4  3  2  2  2  2  4  2  2  2  3  1  1  1  1  1  1  6  4  4
 [76]  3  3  3  3  8 11  8  6  5  5  4  8 10 10  7  9  8  7 14 15 18 12 10 13 10
[101]  9 20 30 26 21 30 31 29 29 31 36 32 30 27 34 31 30 28 32 38 29

[[34]]
  [1]  10  16  16  11  14  12  21  14  11   6   6   5   4   8   5   7   4   4
 [19]   3  10  10  16  13  11   9  11  16  18  14  15  17  26  23  29  34  21
 [37]  26  22  22  16  25  33  28  25  22  38  36  47  57  50  43  56  64  60
 [55]  53  48  52  63  60  74  71  62  67  70  97 109  87  75  75  92  91 119
 [73] 109  89 113 103 123 131 120 113 116 115 130 128 126 141 163 167 154 146
 [91] 143 179 183 169 156 173 187 175 185 229 217 240 251 258 286 290 341 339
[109] 357 357 385 394 377 394 427 432 445 437 469 512 540

[[35]]
  [1]   10   11   13    8    7   22   18   16   15   25   21   12   30   23   21
 [16]   18   17   16   26   30   36   44   45   42   39   48   42   54   48   49
 [31]   52   70   57   58   70  100  100   91   82   87   81  119  141  133  133
 [46]  149  163  167  161  152  161  162  228  210  213  206  232  216  241  233
 [61]  246  227  297  311  347  325  294  311  348  389  376  394  409  446  469
 [76]  496  511  505  513  520  522  533  595  605  608  630  688  713  783  857
 [91]  837  846  909  942 1010  975 1020 1016 1075 1057 1053 1128 1168 1269 1331
[106] 1360 1402 1502 1493 1545 1554 1589 1704 1762 1847 1838 1945 1897 1999 2058
[121] 2194

[[36]]
  [1]   10   16   15   19   16   13   17   15   21   20   17   19   24   36   26
 [16]   27   35   36   43   41   51   59   57   60   56   59   57   51   46   59
 [31]   64   53   47   44   35   30   28   33   48   48   59   56   61   91   79
 [46]   84   75   91  118  110  116  120  142  167  145  158  185  200  221  216
 [61]  219  237  243  242  272  294  288  286  310  310  328  370  391  389  433
 [76]  467  442  537  540  570  585  546  546  585  619  571  609  653  680  651
 [91]  683  709  721  696  734  772  864  956  971 1008 1048 1127 1163 1187 1223
[106] 1246 1247 1293 1275 1344 1363 1427 1493 1589 1610 1722 1741 1776 1891 1904
[121] 1944

[[37]]
  [1]  10  12   7   7   6   5  11  18  12  14  14  16  13  22  24  19  25  20
 [19]  18  35  39  44  31  30  38  35  32  44  38  46  43  41  33  34  23  29
 [37]  30  38  25  21  21  21  36  49  54  51  56  68  51  50  39  39  66  52
 [55]  52  61  63  78  71  70 106 116 100  90  96  99 101 102 120 126 143 138
 [73] 139 171 166 187 212 206 166 186 178 220 205 184 215 238 240 251 272 279
 [91] 283 290 275 280 313 336 357 358 371 361 401 445 465 532 571 591 604 694
[109] 712 710 666 712 768 736 803 810 936 936 867 906 990

[[38]]
  [1]  10  15  16  12  11  17  18  19  15  22  15  17  18  27  30  24  15  12
 [19]  17  21  17  18  20  24  23  19  19  22  15  24  34  28  32  32  43  41
 [37]  34  36  41  39  51  51  41  57  52  54  47  49  41  50  44  49  49  48
 [55]  41  38  63  59  54  55  50  55  60  70  73  72  59  58  61  69  55  54
 [73]  71  72  58  52  48  65  92  88  73  59  63  57  66  66  45  44  56  51
 [91]  70  60  51  38  33  30  40  53  48  52  61  63  61  54  66  68  69  74
[109]  78  78  89 106 117 105 119 127 125 131 127 112 136

[[39]]
  [1]  10  12  14   8   7  13  23  15  12  16  12  18  30  23  21  20  20  15
 [19]  21  15  13  18  19  34  35  30  24  20  25  23  24  23  25  28  36  31
 [37]  23  25  18  14  23  25  39  33  39  33  52  39  41  42  46  57  78  79
 [55]  66  62  65  66  78  74  63  80 111  89  93 103 106 119 121 130 118 121
 [73] 126 152 179 193 185 172 190 212 203 208 232 235 226 261 279 292 268 253
 [91] 250 272 293 322 300 287 309 349 340 372 373 386 400 409 436 449 436 440
[109] 438 502 524 529 552 570 604 652 613 653 660 726 769

[[40]]
  [1]   10   11   11    9   12   10    9   12   17   21   29   32   36   36   46
 [16]   55   52   56   47   50   55   65   55   71   80   83   87   83   76   93
 [31]   96  108  109  129  142  158  161  136  151  182  175  174  159  185  179
 [46]  160  166  168  148  149  158  167  202  215  209  195  167  193  184  214
 [61]  239  236  210  211  230  245  281  285  253  271  279  288  318  354  370
 [76]  334  368  376  420  397  414  433  467  502  535  606  622  633  649  705
 [91]  713  716  708  721  728  856  828  846  891  898  933  981 1003 1096 1205
[106] 1266 1249 1235 1294 1418 1489 1432 1541 1569 1623 1858 1934 1957 2025 2167
[121] 2211

[[41]]
  [1] 10  5 10 12  9  7  7  6  6  5  3  3  7  5  3  6 12  4  3  7 13  7  7  7 12
 [26]  9  7  7  6  9  7  6  5 10 10  6  3  3  2  9 10 13  8  6  5  6  5  7 11  7
 [51] 14 10 16 11 12 11  7  7  5  4  3  3  3  3  2  2  2  1  1  1  1  1  1  1  1
 [76]  1  1  1  1  1  0  0  0  0  0  0  0  0  0  0  0  0  0  0  0  0  0  0  0  0
[101]  0  0  0  0  0  0  0  0  0  0  0  0  0  0  0  0  0  0  0  0  0

[[42]]
  [1]   10   18   12   19   12    8    7    5    6   12    9    7    7   16   19
 [16]   22   26   20   17   18   16   18   20   24   25   26   21   23   31   30
 [31]   37   27   29   27   35   40   40   38   50   46   40   41   41   44   51
 [46]   57   49   50   48   60   58   51   65   66   54   79   83  109   90  118
 [61]  113  147  148  182  190  198  215  209  246  255  296  265  306  308  333
 [76]  311  365  325  336  349  353  386  375  419  390  385  420  422  416  477
 [91]  463  516  523  560  561  570  640  676  720  749  765  851  822  922  897
[106]  949 1061 1055 1096 1144 1179 1178 1242 1280 1350 1465 1466 1545 1595 1643
[121] 1672

[[43]]
  [1] 10  8  7 15 13  9 13 19 15 11 17 10 11 10 11 13 18 14 24 16 16 11 14 20 27
 [26] 18 17 13 11 13 14 15 21 18  9 15 13 18 11  9 13 13  8 10  6  5  5  5 14 10
 [51]  7 13  6  6  5  4  3  3  3  3 11  7  5 11  7  7  9  7  6  5 11 11 13  9  5
 [76]  6 13  7  5 11  9 16 15 15 18 29 25 18 17 17 28 34 35 21 13 16 25 18 18 15
[101] 16 15 22 32 25 23 31 28 37 33 41 32 35 41 61 62 54 58 74 90 79

[[44]]
  [1] 10 12 16 11 10  9  9  8 10  9 12 15 10 21 11  8  8 12  6 12  8  3  9  3  3
 [26]  3  2  1  1  0  0  0  0  0  0  0  0  0  0  0  0  0  0  0  0  0  0  0  0  0
 [51]  0  0  0  0  0  0  0  0  0  0  0  0  0  0  0  0  0  0  0  0  0  0  0  0  0
 [76]  0  0  0  0  0  0  0  0  0  0  0  0  0  0  0  0  0  0  0  0  0  0  0  0  0
[101]  0  0  0  0  0  0  0  0  0  0  0  0  0  0  0  0  0  0  0  0  0

[[45]]
  [1]  10  11  25  16  13  11  14  14  11  12  11  10  26  16  27  24  18  22
 [19]  16  26  29  26  19  17  13  16  18  24  22  13  11  11  13  15   8   8
 [37]  15  10  12  16  11  14  17  29  20  25  18  14  18  16  23  20  18  15
 [55]  11  10  19  14  17  17  15  23  24  17  21  31  39  48  45  41  32  39
 [73]  44  41  57  41  39  50  50  55  48  67  71  57  63  84  61  73  78  79
 [91]  72 119 119 118 130 116 165 170 186 160 160 175 206 219 234 226 256 265
[109] 266 273 271 282 325 325 331 351 374 417 389 367 368

[[46]]
  [1]   10   17   19   11   12   13   20   13   16   18   16   13   15   12   28
 [16]   17   23   33   32   43   29   26   27   32   28   28   21   30   29   31
 [31]   35   33   24   41   30   37   53   56   51   47   43   39   47   46   51
 [46]   62   69   68   83   79   59   66   76   64   78   81  109   93  104  103
 [61]  118  128  160  158  148  146  169  156  187  174  184  201  206  201  213
 [76]  234  241  264  285  288  257  285  269  262  291  285  338  372  366  393
 [91]  395  437  458  442  439  433  452  524  459  486  540  557  594  634  626
[106]  658  666  722  768  777  838  844  850  928  886  952 1033 1067 1047 1010
[121] 1068

[[47]]
  [1]   10   20   13   12   12   19   31   16   20   17   22   19   17   21   25
 [16]   26   36   26   22   33   29   35   38   50   43   40   46   41   52   61
 [31]   58   55   54   67   66   47   48   52   73   66   78   91  109   81   85
 [46]   84   84  102  100  120  138  115   95  139  138  118  119  101  117  139
 [61]  140  150  167  151  138  167  185  200  195  190  217  221  204  225  205
 [76]  262  292  264  272  286  330  307  322  328  340  379  388  395  452  441
 [91]  391  398  457  473  524  528  546  588  610  608  645  681  673  737  777
[106]  812  876  900  957  990  996 1017 1114 1206 1218 1285 1347 1378 1435 1490
[121] 1618

[[48]]
  [1] 10 14  9  7  7  6  5  3  3  3  3 14 17 14 10  8  8 12  7  8  5  3  3  3  3
 [26]  2  2  2  2  2  4  2  2  2  2  2  1  1  1  1  0  0  0  0  0  0  0  0  0  0
 [51]  0  0  0  0  0  0  0  0  0  0  0  0  0  0  0  0  0  0  0  0  0  0  0  0  0
 [76]  0  0  0  0  0  0  0  0  0  0  0  0  0  0  0  0  0  0  0  0  0  0  0  0  0
[101]  0  0  0  0  0  0  0  0  0  0  0  0  0  0  0  0  0  0  0  0  0

[[49]]
  [1]  10  15  12  16  18  11  10  15  17  33  30  30  30  30  43  46  32  40
 [19]  47  31  39  40  41  49  41  49  39  33  29  52  51  45  50  33  36  41
 [37]  42  34  31  31  43  50  56  61  43  38  45  43  47  57  62  72  63  51
 [55]  66  69  71  70  77  61  83 102  77  90  91  80  96 119 129 161 151 151
 [73] 150 156 162 182 166 177 179 219 181 176 208 217 227 202 192 214 239 232
 [91] 261 236 256 244 249 295 320 314 289 319 333 342 395 389 394 370 412 411
[109] 407 452 478 492 493 486 506 522 620 585 547 569 571

[[50]]
  [1]  10  16  18  23  23  22  20  22  16  13  18  19  20  28  20  15  19  31
 [19]  18  16  19  13  22  19  37  32  38  34  34  37  28  36  33  25  23  34
 [37]  36  33  32  41  62  54  57  56  44  40  54  69  59  52  59  82  88  92
 [55]  80  82  95 114 105 112 104 111 117 105  91  82 118 113 125 119 115 134
 [73] 112 115 132 133 141 149 165 152 156 158 190 193 226 245 218 224 213 219
 [91] 234 240 260 241 258 281 283 285 303 320 341 348 402 414 380 455 506 510
[109] 499 519 610 616 637 637 694 784 813 861 905 961 930

[[51]]
  [1]   10    7    6    6   13   10    9   13   13   10    9    9   26   34   32
 [16]   28   24   38   29   31   29   41   35   41   51   50   40   38   42   57
 [31]   74   87   93   87   86   86  104  117  119  120  119  133  131  140  164
 [46]  172  186  199  213  221  227  238  256  258  264  271  290  281  277  286
 [61]  303  306  335  314  330  323  340  345  380  418  431  464  421  419  416
 [76]  444  482  485  526  546  576  589  602  595  632  715  775  803  801  886
 [91]  899  876  936 1014 1083 1108 1138 1206 1249 1305 1306 1387 1453 1513 1571
[106] 1527 1624 1721 1772 1899 1968 2047 2155 2301 2357 2450 2440 2551 2680 2760
[121] 2942

[[52]]
  [1]   10   17   18   12   12   11   10   12   20   21   29   29   28   21   19
 [16]   20   18   12   14   11   17   22   18   23   32   27   26   17   14   24
 [31]   28   24   26   25   48   33   44   56   73   65   80   86   92   90   88
 [46]  122  114  112  140  159  154  128  128  159  170  198  188  170  194  216
 [61]  238  255  279  292  276  314  273  300  304  332  367  375  427  406  469
 [76]  432  473  498  539  605  606  661  674  686  673  703  711  728  806  789
 [91]  829  909  922  859  919  901  926 1007 1007 1021 1042 1094 1074 1153 1154
[106] 1124 1162 1181 1261 1317 1428 1404 1465 1589 1605 1646 1815 1896 1982 1998
[121] 2177

[[53]]
  [1] 10 15 12  9 15 11 20 14  9  8 14  7  2  4  3  3  8  5  3  3  4  4  4  4 16
 [26]  8 11  8  7  6  5  9 12  9  6  5 10  6  6  4  6  4  3  3  3  3  2  2  2  5
 [51]  4  1  1  1  1  1  1  0  0  0  0  0  0  0  0  0  0  0  0  0  0  0  0  0  0
 [76]  0  0  0  0  0  0  0  0  0  0  0  0  0  0  0  0  0  0  0  0  0  0  0  0  0
[101]  0  0  0  0  0  0  0  0  0  0  0  0  0  0  0  0  0  0  0  0  0

[[54]]
  [1] 10 17 13 10 17 13 11 13 19 17 14 12 17 20 34 32 26 23 15 15 13 22 19 16 12
 [26] 10  9  9  8 22 13 13  8  5 11  6  4  4 10 11 12 11  8 13  9  8  7  7 17 19
 [51] 16 12 28 23 14 16 13 12 17 21 19 15 23 24 25 25 29 27 29 39 49 54 35 32 44
 [76] 41 38 52 42 59 42 44 57 42 44 46 26 28 20 16 22 27 28 26 25 28 24 35 49 33
[101] 29 36 29 27 26 23 24 31 40 38 44 53 51 45 56 51 46 59 84 81 91

[[55]]
  [1]  10  11  15  11   8   6   5  12  10  13  16  16  13  13  18  21  20  12
 [19]   7  12  10  18  26  12   9   8  14  11  12  14  18  13  19  19  27  26
 [37]  31  33  38  39  31  40  49  56  45  38  59  52  50  51  45  47  42  47
 [55]  62  43  43  47  66  58  70  56  64  68  61  72  67  65  55  68  77  92
 [73] 109  88  86  85 101 114 125 140 118 117 118 131 162 169 197 221 202 233
 [91] 235 248 243 241 257 248 275 296 295 288 323 313 333 314 306 339 339 410
[109] 407 400 449 493 494 529 543 581 596 622 666 602 692

[[56]]
  [1]  10  13   9   8  13  10   5   3   3   3   7   7  11   8   7   7  11  13
 [19]  10   9   7   8  11   6   5   5   7  14   9  23  18  12   7  10   7   6
 [37]  10  11   8   6  13   6   4   7   5  12   5  10   7   6   9   7  14  15
 [55]  12  10  24  28  21  19  27  28  22  28  26  23  31  38  38  62  54  63
 [73]  59  44  69  64  76  69  64  65  83  81  75  75  98  96  80  93  96 103
 [91]  88 115 111 118 126 123 124 109 100 105 112 107 105  94  85  91  88 129
[109] 120 103 109 123 135 125 138 160 153 153 160 157 179

[[57]]
  [1]  10  12  11   7   6  12  10  13  11  11  10  27  25  21  21  18  23  26
 [19]  20  19  35  35  29  29  32  43  37  36  30  43  43  48  39  36  36  46
 [37]  38  34  52  45  49  58  54  63  52  50  71  58  64  60  70  74  79  80
 [55]  85  66  58  65  85  91  91  87  79  87  85 125 142 132 130 137 137 156
 [73] 154 141 144 162 168 182 199 186 168 199 254 294 305 278 277 305 331 324
 [91] 312 303 346 376 406 400 420 390 413 439 433 444 478 482 503 533 553 548
[109] 585 653 693 720 702 738 811 887 913 834 862 864 976

[[58]]
  [1]  10   6   6   5   6   3   8   5   4   3   3   4   2   2   7   5   5   5
 [19]   3   3   3   9   7   7  10   8  12  22  19  13  10  13  11  13  11  10
 [37]  16   9  11  10   8   7   6   5   9   8  14  16  15  28  23  20  14  18
 [55]  20  32  35  25  36  28  33  38  34  28  28  27  31  40  35  42  31  34
 [73]  39  46  35  35  32  34  35  36  41  33  24  34  33  41  45  35  40  44
 [91]  62  61  50  48  54  72  62  80  99 107  97 112 112 101 108 120 138 152
[109] 129 138 170 165 173 160 166 194 196 179 176 229 213

[[59]]
  [1]   10    9   12   24   25   16   17   12   18   16   14   12   11   11   20
 [16]   19   25   25   20   21   22   17   23   23   32   35   26   33   42   46
 [31]   44   31   33   34   36   38   37   30   40   42   48   44   48   49   52
 [46]   56   59   58   63   61   61   77   84   84   79   81   76   91   94   96
 [61]   97  122  120  121  124  107  160  158  156  157  167  186  169  176  182
 [76]  170  211  219  188  212  222  225  243  274  278  265  294  295  301  336
 [91]  341  343  363  398  413  429  495  478  541  523  558  615  658  672  696
[106]  765  749  725  785  838  862  917  925  945 1023 1087 1066 1116 1131 1234
[121] 1252

[[60]]
  [1]  10  18  11  14  11   7   6  10   7  20  14  10  12  17  12  10  12  16
 [19]  16  13  14   9   4   5  15  11   7   6   6   6   6   6  11  14  11  14
 [37]   9  20  18  13  10   9  16  20  22  22  23  18  21  20  13  18  20  15
 [55]  17  21  18  29  28  32  24  30  36  35  36  31  34  34  50  47  58  50
 [73]  48  50  43  59  52  41  43  47  39  40  60  54  51  50  54  51  56  42
 [91]  46  62  46  51  45  47  62  55  61  55  49  76  75  69  64  78  77  87
[109]  89 114  94  88 120 141 155 148 132 129 164 150 149

[[61]]
  [1]   10    7    7   12   10   10   13   14   18   20   20   14   18   19   17
 [16]   11    7   11   10   15   15   14   17   20   22   24   18   20   19   17
 [31]   15   14   15   21   23   27   29   33   25   27   27   24   31   45   37
 [46]   28   27   22   33   24   29   38   28   35   34   40   56   49   40   49
 [61]   61   60   64   66   83  105  128  123  102  127  109  136  137  123  135
 [76]  138  153  168  181  181  193  182  184  191  225  276  251  245  290  294
 [91]  276  303  364  407  416  396  434  460  480  480  493  526  536  557  553
[106]  563  579  594  655  640  688  720  775  772  839  874  919  950  964  994
[121] 1082

[[62]]
  [1]  10  12   9  10   9  15  17  12  14  25  20  37  42  35  40  40  39  42
 [19]  54  52  45  57  59  65  58  57  73  58  54  60  64  83  60  71  70  67
 [37]  74  68  56  56  40  31  40  46  40  43  34  45  44  58  59  51  54  52
 [55]  69  88  83  79  88  82  81  93 102 113 109 119 114 118 127 150 163 147
 [73] 147 150 131 135 149 159 171 166 202 236 240 240 239 248 276 264 279 300
 [91] 299 301 294 306 344 359 360 378 393 383 435 404 444 443 483 507 527 537
[109] 587 635 627 662 729 722 792 809 793 812 793 802 881

[[63]]
  [1]   10   15   18   19   14   19   15   20   20   26   23   19   14   18   22
 [16]   23   32   24   28   24   23   30   23   17   14   12   25   31   33   31
 [31]   30   45   48   46   44   68   65   57   57   54   54   59   66   55   58
 [46]   74   67   77   76   77   78   70   77   98  115  113   88  105  107   92
 [61]   87   94  125  140  159  160  150  150  153  170  162  187  192  177  177
 [76]  195  179  208  232  268  256  284  313  291  373  345  348  334  333  396
 [91]  404  391  374  418  442  468  442  438  465  513  530  492  506  479  489
[106]  542  568  576  580  615  660  698  727  729  810  839  871  860  900  991
[121] 1013

[[64]]
  [1]  10   9  22  15  12  10  18  14  16  11  13  17  13   9   8   8  10   7
 [19]   4   4   3   3   9   6  17  18  13  10  18  19  12  12  10  11   8   5
 [37]   5   9  12   9  14  16  11  13  11  11  16  25  24  23  20  28  23  27
 [55]  27  29  36  25  21  17  16  16  19  30  38  26  29  30  29  30  28  33
 [73]  25  31  29  42  39  35  29  35  47  43  52  51  47  41  32  56  79  81
 [91]  78  86 103 117 130 109 106 101 110 117 116 124 139 152 128 134 124 141
[109] 136 142 155 179 170 157 162 168 184 194 221 238 195

[[65]]
  [1]   10   10   14   17   16   11   14   21   17   11   11   14   16   14   13
 [16]    9   32   32   33   23   31   40   34   30   40   31   44   50   41   47
 [31]   44   64   53   62   79   84   75  103   96   89  104  107   99  110  120
 [46]  106  106  116  117  122  147  144  147  168  176  155  162  147  171  190
 [61]  192  190  239  240  286  286  325  287  325  285  352  400  469  489  477
 [76]  497  526  523  588  591  630  661  673  712  763  778  815  856  929  942
 [91] 1000 1092 1056 1100 1198 1224 1311 1375 1464 1455 1489 1599 1586 1678 1692
[106] 1838 1946 2029 1996 2062 2112 2248 2181 2292 2432 2570 2698 2743 2897 3081
[121] 3156

[[66]]
  [1]  10  12  11  10   8  13  21  13  10  14  25  21  29  24  19  21  35  35
 [19]  31  26  37  34  37  29  30  53  38  33  40  47  56  48  38  36  45  49
 [37]  55  59  71  78  75  67  65  66  53  55  63  75  91  84  82  89  78  81
 [55]  81  76  82  74  69  86  89  96 108  77  82  87  77  68  69  79  93  86
 [73]  99  98 110 143 130 141 177 179 176 173 209 238 218 239 239 247 271 237
 [91] 296 258 298 287 255 268 321 303 333 370 356 363 436 485 459 422 483 536
[109] 613 582 593 617 629 680 722 769 727 747 830 893 919

[[67]]
  [1]  10  20  23  17  11  10  13  11  16  18  22  20  27  27  22  18  18  22
 [19]  23  26  19  15  13  29  35  27  22  25  18  17  24  26  26  18  14  14
 [37]  19  26  21  21  23  21  33  30  24  28  20  16  29  27  29  21  29  37
 [55]  32  24  21  37  35  31  46  49  47  53  53  61  50  50  50  58  65  63
 [73]  85 104  96  94 112 101 113 113 130 152 175 188 200 178 199 200 225 280
 [91] 281 262 298 293 305 302 357 341 355 351 356 362 373 411 374 392 410 424
[109] 468 492 519 539 516 536 581 606 601 621 631 605 610

[[68]]
  [1] 10  7  6  5 12 15 12 22 22 18 22 18 14 14 17 12 13 11 11  9 11 18 11  7  9
 [26]  5  4  4  3 13  6  4  3  2  2  2  1  1  1  1  1  0  0  0  0  0  0  0  0  0
 [51]  0  0  0  0  0  0  0  0  0  0  0  0  0  0  0  0  0  0  0  0  0  0  0  0  0
 [76]  0  0  0  0  0  0  0  0  0  0  0  0  0  0  0  0  0  0  0  0  0  0  0  0  0
[101]  0  0  0  0  0  0  0  0  0  0  0  0  0  0  0  0  0  0  0  0  0

[[69]]
  [1] 10  9 12 11  8  8 20 17 17 26 17 12 10 10  9  8 11 10  6  5  4  4  4  4  9
 [26]  6 12  8  6  5 10  7 10 14  8  5  4  8  5  4  2  1  1  1  1  1  7  8  5  4
 [51]  3  2  2  2  1  5  3  2  2  2  8  5  3  3  3  2  2  4  9  5  4  4  3  2  2
 [76]  1  1  1  1  1  0  0  0  0  0  0  0  0  0  0  0  0  0  0  0  0  0  0  0  0
[101]  0  0  0  0  0  0  0  0  0  0  0  0  0  0  0  0  0  0  0  0  0

[[70]]
  [1]  10  22  18  11  12   8   9  14  11  13   8  10  15  24  21  15  15  12
 [19]  27  34  27  17  12  21  22  22  33  29  22  18  27  19  16  28  32  25
 [37]  19  19  31  33  24  32  38  42  37  39  42  41  47  54  57  53  55  46
 [55]  39  46  59  76  58  70  79  87  95  90  95  98 118 114  97 115 120 138
 [73] 142 162 156 143 171 193 182 189 203 196 194 238 245 259 260 237 250 254
 [91] 306 287 320 309 331 317 353 338 350 341 374 348 337 334 318 372 390 368
[109] 409 427 441 484 527 507 496 591 569 625 630 703 769

[[71]]
  [1]  10  23  23  19  19  20  21  15  19  14  22  17  14  11  16  16  17  13
 [19]   9  12  11  11  11  17  17  31  23  21  15  14  23  23  21  24  18  20
 [37]  18  29  39  37  28  32  50  39  39  55  63  69  59  58  56  57  54  60
 [55]  72  77  99 124 120 112 148 144 128 135 145 130 134 134 145 142 155 132
 [73] 128 158 157 158 194 187 194 199 190 194 188 204 235 224 267 263 271 282
 [91] 294 317 345 361 377 367 353 357 364 367 388 417 417 410 451 495 536 526
[109] 564 625 641 605 644 746 754 810 794 739 771 860 927

[[72]]
  [1]  10   8  10   6   5   5   5   5   6   5  10  12   9   8   9   3   6   4
 [19]   4   3   2   2   2   2   2   5   3   1   1   1   5   3   3   2   2   2
 [37]   2   2   2   7   3   3   3   5   4   3   2   2   1   1   1   7   5   4
 [55]   3   6  10   7   5   5  10   6  13  13  12  20  22  23  21  19  18  33
 [73]  28  21  22  18  25  32  38  36  35  36  46  55  49  43  48  46  48  55
 [91]  84  89  79  81  70  68  67  88 108 111 115 128 109 118 158 174 181 200
[109] 218 220 201 246 275 312 351 368 347 389 407 433 446

[[73]]
  [1]  10  12  11   7   6  16  18  13   9  10   8   8  11   7   5   3   3  11
 [19]  13  16   9   9   9   9   8   8  18  11  10   8   9  12  18  15  12   8
 [37]   8  16  33  30  25  25  23  21  19  34  40  36  36  58  51  40  66  77
 [55]  68  81  72  71  75  64  75  62  80  80  91 121  99  86 129 149 138 146
 [73] 150 158 163 161 163 145 159 154 151 166 165 188 186 173 183 211 216 233
 [91] 206 225 243 226 221 196 218 243 277 269 246 281 315 343 387 357 392 413
[109] 419 430 439 437 478 535 559 621 655 651 633 622 665

[[74]]
  [1]   10   11    8   14   18   13   19   12    9   11   11    6    5    4    4
 [16]   10   14    9    9    8   17   14   19   13   12   24   22   16   19   19
 [31]   27   38   35   32   34   28   27   40   38   36   37   37   35   39   45
 [46]   55   59   48   50   52   54   63   74   70   66   89  107  113  113  111
 [61]  126  139  149  141  151  142  166  176  203  186  224  225  231  253  281
 [76]  276  258  271  289  344  356  358  385  381  400  395  433  430  434  449
 [91]  493  527  500  536  517  577  550  570  551  585  658  684  687  727  720
[106]  750  816  869  943  937  938  992 1040 1161 1165 1183 1268 1316 1329 1397
[121] 1472

[[75]]
  [1]  10   9   7   4   3   2   9  12  20  10   9   8   6   5   3  10  11   5
 [19]   9   8   7   6   5  13   8   6  12  12  17  26  18  19  16  19  24  22
 [37]  20  23  28  29  34  38  40  35  42  37  43  40  43  71  59  44  46  43
 [55]  37  41  41  40  36  44  39  40  31  31  29  29  42  40  34  36  29  33
 [73]  36  49  34  38  36  35  31  33  43  55  44  36  47  56  74  56  46  52
 [91]  54  71  80  68  59  77  90  83  76  64  65  95  80  86  80  75  97  74
[109]  95  86  92  81 103 107  93  84  95  88  87  96  97

[[76]]
  [1]  10  18  13   7   7   9   8  16   7   6   5   3   3   8   8  13  11   8
 [19]  11   9  11  13  13  10   9   8  12   9  10  13  14   9  10  13  14  17
 [37]  14  13  29  26  27  26  19  20  21  16  13  13  16  10  11  19  19  29
 [55]  29  25  27  29  43  34  38  41  43  47  51  49  43  44  37  39  40  47
 [73]  46  48  68  71  63  57  66  77  93  68  64  72  80  81  90  92 109 113
 [91] 115 123 157 140 132 137 155 163 187 178 178 206 217 225 205 247 235 262
[109] 270 248 226 284 271 294 311 312 324 354 363 382 416

[[77]]
  [1] 10  9 11  9 18 20 11  7  6  6  3  2  2  1  1  1  1  4  2  2  2  1  0  0  0
 [26]  0  0  0  0  0  0  0  0  0  0  0  0  0  0  0  0  0  0  0  0  0  0  0  0  0
 [51]  0  0  0  0  0  0  0  0  0  0  0  0  0  0  0  0  0  0  0  0  0  0  0  0  0
 [76]  0  0  0  0  0  0  0  0  0  0  0  0  0  0  0  0  0  0  0  0  0  0  0  0  0
[101]  0  0  0  0  0  0  0  0  0  0  0  0  0  0  0  0  0  0  0  0  0

[[78]]
  [1]   10   14   13   21   15   12   17   18   21   14   13   23   23   23   28
 [16]   32   37   33   40   39   51   43   49   53   50   51   64   69   80   74
 [31]   83   58   64   72   83   87   85   68   78   88  113  104  117  121  101
 [46]  130  121  142  151  141  163  168  176  152  155  165  183  184  209  225
 [61]  239  239  238  248  219  259  268  303  302  328  319  343  385  389  374
 [76]  362  409  445  524  542  585  627  632  664  730  783  718  739  713  783
 [91]  796  830  810  879  960 1021 1037  999 1128 1157 1245 1253 1347 1387 1418
[106] 1502 1522 1569 1606 1731 1810 1854 1924 2037 2134 2285 2249 2318 2385 2442
[121] 2577

[[79]]
  [1]   10    7    6   10    8    6    6   12   23   22   18   14   11   20   14
 [16]   14   13    9    9    7    6   11    7    7    9   14   17   18   13   22
 [31]   36   27   28   36   37   43   37   39   30   49   36   36   41   30   30
 [46]   45   46   64   60   60   64   72   79   77   85   77   95   78   95  109
 [61]  103  114  107  119  119  117  121  123  108  107  120  144  148  185  186
 [76]  199  201  198  211  245  248  221  237  250  273  300  339  317  336  348
 [91]  367  416  427  431  427  453  502  545  586  580  559  613  656  672  681
[106]  662  707  760  783  821  900  859  905  957  919  997 1054 1178 1193 1247
[121] 1354

[[80]]
  [1]  10  13  21  14  16  12  17  21  16  19  22  14  15  19  15  14  19  23
 [19]  19  17  15  14  11  19  18  18  16  14  11  19  18  17  23  18  19  17
 [37]  16  18  24  32  38  35  34  32  29  31  32  32  29  32  29  37  49  38
 [55]  38  37  33  39  50  36  27  28  41  41  43  41  37  44  38  32  27  23
 [73]  35  45  37  33  34  31  42  52  44  40  41  34  31  40  41  36  47  38
 [91]  51  56  79  70  58  75  76  87 100  90  73  60  68  86  76  96 103  91
[109]  91  78  82 101  87  79 100 109 113 128 138 168 150

[[81]]
  [1]   10    9    5    5    5    3    2    1    1    1    8    5    5    3    3
 [16]    3    3    3    9   12   20   24   20   16   15   12   25   22   29   35
 [31]   28   25   28   29   26   23   35   36   34   37   42   49   39   36   33
 [46]   34   54   59   63   52   63   74   58   77   72   78   72   61   76   99
 [61]  101  111  102  115  117  137  137  135  140  128  159  183  200  213  194
 [76]  178  183  223  250  256  313  319  355  348  355  372  407  399  434  464
 [91]  470  483  542  554  571  580  608  648  712  702  730  767  826  860  874
[106]  902  968  975 1031 1016 1018 1067 1112 1118 1174 1261 1341 1341 1351 1504
[121] 1592

[[82]]
  [1] 10  8  9  8 12  8  5  5  3  3  6  4  6  5  5  3  4  2  2  2  0  0  0  0  0
 [26]  0  0  0  0  0  0  0  0  0  0  0  0  0  0  0  0  0  0  0  0  0  0  0  0  0
 [51]  0  0  0  0  0  0  0  0  0  0  0  0  0  0  0  0  0  0  0  0  0  0  0  0  0
 [76]  0  0  0  0  0  0  0  0  0  0  0  0  0  0  0  0  0  0  0  0  0  0  0  0  0
[101]  0  0  0  0  0  0  0  0  0  0  0  0  0  0  0  0  0  0  0  0  0

[[83]]
  [1] 10 12  5  2  6  2  1  0  0  0  0  0  0  0  0  0  0  0  0  0  0  0  0  0  0
 [26]  0  0  0  0  0  0  0  0  0  0  0  0  0  0  0  0  0  0  0  0  0  0  0  0  0
 [51]  0  0  0  0  0  0  0  0  0  0  0  0  0  0  0  0  0  0  0  0  0  0  0  0  0
 [76]  0  0  0  0  0  0  0  0  0  0  0  0  0  0  0  0  0  0  0  0  0  0  0  0  0
[101]  0  0  0  0  0  0  0  0  0  0  0  0  0  0  0  0  0  0  0  0  0

[[84]]
  [1]   10   16   12   11   18   12    9   23   20   18   19   24   25   36   35
 [16]   35   29   23   26   28   27   31   32   43   36   47   41   47   41   39
 [31]   43   55   57   50   73   76   81   77   80   90   94  120  122  114  121
 [46]  136  155  170  168  168  157  176  158  184  171  200  215  193  248  275
 [61]  234  231  261  265  259  276  272  283  278  295  318  330  331  315  316
 [76]  323  309  337  349  368  345  402  385  406  422  399  417  427  472  518
 [91]  519  492  557  574  618  645  635  632  691  728  707  752  773  817  830
[106]  889  854  918  979 1037 1089 1144 1163 1191 1290 1354 1462 1504 1470 1600
[121] 1678

[[85]]
  [1]  10  19  14  16  15  21  21  15  17  16  21  20  24  25  30  27  41  33
 [19]  32  28  40  53  59  75  60  68  60  71  76  73  67  67  72  79  66  70
 [37]  97  87 102 115  90  96  87  90  89  94  88  84 108  95 101 124 112  98
 [55]  81  89  83 116 109 108 113 110 134 152 121 125 142 131 160 163 169 135
 [73] 154 195 217 177 199 213 214 206 210 198 216 227 240 238 221 213 194 193
 [91] 208 213 208 223 241 284 266 279 306 341 328 323 327 355 385 415 401 402
[109] 467 506 474 476 479 543 527 560 520 527 562 594 626

[[86]]
  [1]  10  15  15  11  13  24  31  24  16  18  13  12  10  14  21  15  15  12
 [19]   9   7   7  11  11  17  21  16  15  13   9   8   7   5   8  14  19  18
 [37]  20  28  26  26  25  21  24  31  39  32  60  51  46  46  51  54  48  49
 [55]  68  69  74  89  87  99  89  92 117  94  88  90 100  89  78  95 103  84
 [73]  87 112 109  97 115 102 109  92 115 136 143 157 175 176 192 181 199 226
 [91] 256 224 198 239 247 313 306 287 303 321 348 328 340 349 372 346 420 453
[109] 477 441 415 470 477 531 506 583 602 600 537 572 651

[[87]]
  [1] 10 13  9  7  6  5  3  1  1  1  1  1  3  1  1  1  0  0  0  0  0  0  0  0  0
 [26]  0  0  0  0  0  0  0  0  0  0  0  0  0  0  0  0  0  0  0  0  0  0  0  0  0
 [51]  0  0  0  0  0  0  0  0  0  0  0  0  0  0  0  0  0  0  0  0  0  0  0  0  0
 [76]  0  0  0  0  0  0  0  0  0  0  0  0  0  0  0  0  0  0  0  0  0  0  0  0  0
[101]  0  0  0  0  0  0  0  0  0  0  0  0  0  0  0  0  0  0  0  0  0

[[88]]
  [1]  10   5   5   8   6  10  13  12   7   6   5   5   4  10   7  12   9   7
 [19]  11   8  10   8  11  10   8  27  23  19  16  15  18  32  34  26  19  26
 [37]  19  30  38  52  38  41  35  33  52  42  60  45  49  57  59  49  64  69
 [55]  55  67  84  95  86  93  71  76  88  86 119 109 101  89  69  77 111 124
 [73] 106 134 126 129  96 125 116 114 136 140 134 136 144 177 195 178 199 215
 [91] 221 249 251 268 255 272 343 325 348 337 400 416 439 421 446 460 522 521
[109] 580 576 557 607 693 710 764 778 827 841 822 890 896

[[89]]
  [1] 10  4  3  2  3  1  0  0  0  0  0  0  0  0  0  0  0  0  0  0  0  0  0  0  0
 [26]  0  0  0  0  0  0  0  0  0  0  0  0  0  0  0  0  0  0  0  0  0  0  0  0  0
 [51]  0  0  0  0  0  0  0  0  0  0  0  0  0  0  0  0  0  0  0  0  0  0  0  0  0
 [76]  0  0  0  0  0  0  0  0  0  0  0  0  0  0  0  0  0  0  0  0  0  0  0  0  0
[101]  0  0  0  0  0  0  0  0  0  0  0  0  0  0  0  0  0  0  0  0  0

[[90]]
  [1]   10   19   22   20   17   14   21   39   44   31   27   30   27   32   26
 [16]   27   23   17   24   29   23   32   30   42   39   42   30   31   42   48
 [31]   52   52   81   61   59   64   65   60   77   86   88   84   82   92   90
 [46]   92   84   98  107  107  124  106  124  108  127  162  147  153  158  133
 [61]  138  177  207  188  190  175  225  237  228  221  235  224  287  305  283
 [76]  252  279  312  349  339  359  355  351  396  371  425  466  454  466  493
 [91]  467  510  541  540  578  558  582  563  591  572  582  618  652  672  707
[106]  724  762  831  835  936  991 1032 1039 1069 1044 1186 1184 1264 1374 1414
[121] 1440

[[91]]
  [1]   10    7    6    4    5    4    4    8   12   16   12   15   16   26   26
 [16]   26   18   32   32   23   25   20   36   31   25   25   27   25   28   22
 [31]   16   44   44   42   42   39   47   43   49   65   53   47   52   70   65
 [46]   64   61   66   60   78   74   97   93   81   82   79  103  134  129  141
 [61]  124  143  110  148  153  161  181  198  208  196  192  220  208  233  237
 [76]  229  245  269  278  266  324  305  333  382  363  357  411  434  435  491
 [91]  485  513  539  567  584  609  630  682  705  748  746  790  751  791  842
[106]  843  833  891  992 1016 1064 1103 1160 1195 1250 1380 1315 1383 1489 1530
[121] 1563

[[92]]
  [1]   10   11   13   16   14   11   15   18   27   22   22   23   29   32   42
 [16]   42   36   41   56   63   72   64   71   58   77   91   85   77   86  107
 [31]   87  114  109  124  129  150  151  127  136  146  184  173  152  162  181
 [46]  175  181  207  211  219  236  248  256  264  290  282  309  350  364  387
 [61]  379  431  494  503  489  511  561  625  642  656  618  634  691  742  748
 [76]  735  868  865  873  894  959 1014 1078 1146 1145 1164 1208 1319 1437 1378
 [91] 1382 1453 1539 1702 1771 1779 1817 1802 1909 1933 2097 2255 2340 2277 2397
[106] 2492 2679 2739 2813 3021 3144 3244 3415 3417 3546 3702 3735 3936 4018 4126
[121] 4218

[[93]]
  [1]   10   15   15   16   16   13   19   15   10    8    8   19   16   17   21
 [16]   16   30   35   49   42   39   55   50   50   44   36   32   32   39   38
 [31]   38   34   36   28   41   46   54   54   57   54   66   70   75   67   77
 [46]   77   76   68   74   92   87   72   84  100  103  133  116  120  116  126
 [61]  148  172  165  153  130  147  143  173  204  203  194  194  200  229  248
 [76]  229  270  317  258  282  271  305  289  324  338  390  426  422  488  478
 [91]  479  507  499  481  481  513  553  548  563  603  603  640  701  708  723
[106]  809  854  813  874  931  904  980 1048 1169 1133 1170 1315 1413 1421 1544
[121] 1560

[[94]]
  [1]   10   14   30   20   16   27   41   35   36   29   31   36   34   35   38
 [16]   44   51   45   40   38   48   53   52   60   79   68   62   64   64   67
 [31]   65   58   68   65   76   68   92   83   97   83   76   61   70   72  113
 [46]  115  101   97  112  130  126  122  119  114  132  130  124  125  153  175
 [61]  203  173  181  173  192  189  191  198  203  202  231  269  230  191  185
 [76]  202  256  246  268  291  260  281  316  331  320  351  368  389  405  407
 [91]  465  462  505  529  573  542  592  684  665  706  743  692  711  705  705
[106]  770  779  803  802  867  906  899  865  984 1016 1064 1049 1099 1196 1220
[121] 1206

[[95]]
  [1] 10 11 10  7  6  5  8  5 10  8  8  5  4  4  4  3  1  0  0  0  0  0  0  0  0
 [26]  0  0  0  0  0  0  0  0  0  0  0  0  0  0  0  0  0  0  0  0  0  0  0  0  0
 [51]  0  0  0  0  0  0  0  0  0  0  0  0  0  0  0  0  0  0  0  0  0  0  0  0  0
 [76]  0  0  0  0  0  0  0  0  0  0  0  0  0  0  0  0  0  0  0  0  0  0  0  0  0
[101]  0  0  0  0  0  0  0  0  0  0  0  0  0  0  0  0  0  0  0  0  0

[[96]]
  [1] 10 11 17 12 10 14  8  4  4  8  6  4  2  4  2  2  2  2  1  1  1  0  0  0  0
 [26]  0  0  0  0  0  0  0  0  0  0  0  0  0  0  0  0  0  0  0  0  0  0  0  0  0
 [51]  0  0  0  0  0  0  0  0  0  0  0  0  0  0  0  0  0  0  0  0  0  0  0  0  0
 [76]  0  0  0  0  0  0  0  0  0  0  0  0  0  0  0  0  0  0  0  0  0  0  0  0  0
[101]  0  0  0  0  0  0  0  0  0  0  0  0  0  0  0  0  0  0  0  0  0

[[97]]
  [1]   10   18   18   12   10    8   13   13   16   11   10   20   13   11   10
 [16]   16   17   14   18   15   20   15   13    9   13   21   23   26   27   27
 [31]   20   27   33   36   47   41   35   40   44   43   43   61   56   63   72
 [46]   69   63   51   64   59   71   81   77   85   90   90  101  113  116  124
 [61]  134  146  140  125  138  135  168  137  134  141  150  172  175  179  191
 [76]  177  175  207  236  224  239  251  217  208  213  244  269  284  313  359
 [91]  364  382  426  449  434  420  435  477  540  559  547  548  557  630  666
[106]  712  740  755  808  813  903  981  973  986 1080 1109 1212 1148 1222 1325
[121] 1388

[[98]]
  [1]   10   22   19   18   14   10    9   14   27   24   17   14   12   18   18
 [16]   25   19   14   12   19   24   29   28   39   36   38   33   25   41   54
 [31]   42   51   63   64   78   58   67   84  106  102  104  100  111  101  117
 [46]  105  114  126  108  116  136  134  153  130  133  160  170  156  164  175
 [61]  204  190  179  175  223  254  217  229  232  255  275  278  269  279  281
 [76]  283  306  293  334  323  336  332  359  356  380  442  428  419  470  448
 [91]  512  565  591  578  624  641  665  721  756  757  810  848  881  975  959
[106] 1026 1028 1145 1223 1190 1216 1263 1350 1510 1489 1604 1644 1658 1724 1764
[121] 1876

[[99]]
  [1]   10   23   25   25   23   17   31   33   42   43   44   42   44   41   28
 [16]   23   35   34   29   24   29   37   37   34   36   33   43   42   59   60
 [31]   71   53   55   67   70   59   64   65   82   77   90   82   81   92   95
 [46]   93  101  130  137  131  149  141  136  143  135  175  171  155  174  165
 [61]  173  166  161  173  197  221  195  235  262  309  339  318  324  340  342
 [76]  333  353  401  420  479  452  497  510  502  558  505  471  495  564  557
 [91]  592  597  563  601  685  695  750  783  843  852  835  866  987 1016 1101
[106] 1169 1164 1207 1156 1236 1286 1347 1419 1446 1373 1486 1550 1588 1660 1796
[121] 1910

[[100]]
  [1]   10    7    6   11   15   17   23   20   19   20   25   32   28   35   30
 [16]   28   42   42   39   45   39   56   63   63   65   65   64   64   68  124
 [31]  141  118  115  100  117  153  172  162  173  168  153  172  180  194  184
 [46]  171  179  215  206  203  200  241  270  274  259  267  285  310  372  345
 [61]  336  366  387  395  451  412  415  451  425  467  497  511  518  531  525
 [76]  608  585  637  621  703  746  774  764  796  802  865  852  863  914  960
 [91] 1008 1048 1105 1125 1223 1309 1302 1270 1303 1469 1560 1603 1700 1778 1861
[106] 1980 2065 2051 2083 2162 2348 2435 2563 2548 2704 2878 3016 3171 3246 3378
[121] 3602

[[101]]
  [1]  10  13  10  11   5   5   4   3   9  13   6   9  11  17   8  10   7   9
 [19]   8   8   7   6   5   4  13  19  17  12  11  17  20  22  28  24  22  19
 [37]  23  27  19  37  26  37  46  46  39  39  32  31  43  41  41  41  37  33
 [55]  35  42  62  44  41  59  58  39  38  50  53  57  55  44  48  58  59  43
 [73]  44  37  39  37  35  36  35  26  34  44  32  33  37  48  37  41  34  37
 [91]  51  47  54  37  31  35  30  35  41  29  35  37  48  44  56  66  57  62
[109]  64  76  74  72  80  80  87  95 107 130 130 134 139

[[102]]
  [1]   10    4    3    3    3    3   10   10    9    9   11   14   21   22   29
 [16]   45   41   32   35   37   43   52   42   40   40   50   44   51   48   48
 [31]   61   67   78   77   90   96   83   91   89   99  114  112  113  107  121
 [46]  114  136  152  130  143  163  169  162  163  193  186  216  211  238  255
 [61]  244  243  255  261  278  280  282  291  290  300  281  298  289  297  310
 [76]  339  351  382  389  390  406  408  447  459  475  499  536  478  560  559
 [91]  579  619  631  712  718  766  775  821  820  882  891  953  966 1030 1075
[106] 1077 1137 1204 1245 1251 1293 1346 1383 1487 1496 1582 1618 1754 1846 1917
[121] 1900

[[103]]
  [1]  10  16  10  13  11   8  11  27  23  22  21  22  32  26  16  14  14  12
 [19]  12  23  26  20  16  26  29  25  23  24  28  32  31  25  25  36  35  36
 [37]  35  48  39  41  68  48  62  61  51  47  70  51  62  53  44  61  55  53
 [55]  62  59  51  53  68  55  73  64  53  47  52  58  56  67  55  48  48  55
 [73]  62  71  58  56  47  51  47  55  75  65  74  76  78  88  73  87  88  75
 [91]  92  81  87  87 100 112 116 105 147 146 149 160 179 166 193 201 215 215
[109] 220 239 241 228 255 269 294 334 342 321 356 414 387

[[104]]
  [1]   10   16   10   14   10    9    9   17   15   17   19   14   16   17   22
 [16]   33   36   36   30   28   41   28   32   28   29   49   43   62   51   44
 [31]   50   76   66   78   78   76   96   98   97  102   82   85  110   99   98
 [46]  108  124  138  135  129  126  139  125  131  161  166  160  156  164  186
 [61]  190  190  222  236  224  213  247  226  262  276  260  261  252  246  256
 [76]  274  250  239  270  290  288  343  360  339  322  355  388  465  447  426
 [91]  397  414  389  435  457  478  505  547  560  532  579  599  689  686  719
[106]  687  714  785  758  771  878  945 1002 1009 1092 1139 1144 1276 1305 1388
[121] 1418

[[105]]
  [1]  10   7   7   7  10   8  18  14  16  27  16  12  14  14  20  13  15  11
 [19]  21  23  29  27  17  20  15  16  12  21  26  33  39  26  19  33  33  35
 [37]  36  30  30  31  28  27  34  28  29  34  41  48  46  42  42  37  30  37
 [55]  35  29  33  30  34  30  27  18  19  26  27  18  22  29  28  27  30  27
 [73]  33  32  50  50  64  68  62  70  76  76 101  88  97  93 103 110  97  97
 [91] 107 133 129 148 147 165 180 157 167 171 186 172 174 197 223 216 218 230
[109] 251 251 253 255 305 315 346 313 361 384 446 451 418

[[106]]
  [1]  10  12  14   8   7   6   5   3   2   2   2   2   2   8   5   2   2   2
 [19]   2   2  16  10   8   7   6  10  17  16  11   9   8  10   7   7   6   3
 [37]   3   3   2   9   6   5  12   7   7   8   8   5  15  14  10   7   7   6
 [55]   6  13  10  15  13  14   7  11  10  22  29  27  23  27  32  41  33  33
 [73]  35  36  48  46  38  47  52  55  52  78 114 101 102 127 129 167 145 136
 [91] 145 156 158 152 165 183 168 165 190 208 215 237 213 241 257 260 297 303
[109] 334 336 367 374 402 404 401 429 448 484 472 484 521

[[107]]
  [1]  10  15  12  12   7  13  12  13  14  11  11  14  14  12  10  15  10   7
 [19]   7  12  15  15  14  21  26  25  23  23  18  22  21  25  34  24  20  25
 [37]  22  36  29  34  23  32  23  20  22  31  41  42  34  26  29  35  23  23
 [55]  18  29  27  20  21  15  14  18  23  24  30  29  25  24  28  31  44  38
 [73]  39  42  38  54  53  54  55  80  80  72  70  70  67  74  71  83  92  71
 [91]  81  92  93 117 103 109 103 104 130 159 164 197 207 177 174 189 234 267
[109] 278 277 295 266 266 297 324 353 353 360 342 382 365

[[108]]
  [1]   10    9   21   20   21   24   34   31   39   33   32   51   38   30   41
 [16]   49   49   58   49   49   44   47   62   63   68   66   62   73   68   75
 [31]   63   66   74   86   71   82   71   69   80   85   98   91  101   92   99
 [46]  109  128  125  133  124  126  127  146  121  142  144  155  140  142  149
 [61]  182  162  159  198  177  194  190  195  205  243  249  259  252  256  302
 [76]  322  271  287  302  323  352  349  340  408  379  408  431  444  434  423
 [91]  452  485  478  558  581  600  622  675  743  677  745  756  839  825  946
[106]  940  945  951  977 1068 1186 1159 1239 1262 1324 1465 1495 1576 1643 1745
[121] 1777

[[109]]
  [1] 10 13  9  8 14  8 11 13 13 11  9  7  3  4  2  2  2  2  9  4  0  0  0  0  0
 [26]  0  0  0  0  0  0  0  0  0  0  0  0  0  0  0  0  0  0  0  0  0  0  0  0  0
 [51]  0  0  0  0  0  0  0  0  0  0  0  0  0  0  0  0  0  0  0  0  0  0  0  0  0
 [76]  0  0  0  0  0  0  0  0  0  0  0  0  0  0  0  0  0  0  0  0  0  0  0  0  0
[101]  0  0  0  0  0  0  0  0  0  0  0  0  0  0  0  0  0  0  0  0  0

[[110]]
  [1]   10   15   13   18   19   32   32   33   25   22   42   43   48   37   34
 [16]   42   46   66   67   72   89   90   88  111   86   73   83   91  138  138
 [31]  155  170  177  183  180  163  165  226  250  256  265  261  262  303  333
 [46]  347  334  324  375  336  339  398  384  360  389  403  416  444  477  553
 [61]  543  540  599  632  665  659  720  742  752  759  779  832  915  927  899
 [76]  998 1076 1096 1129 1188 1235 1279 1359 1431 1465 1524 1586 1679 1678 1759
 [91] 1783 1804 1913 2002 2023 2070 2122 2265 2388 2501 2591 2584 2611 2722 2969
[106] 3116 3161 3302 3424 3646 3850 3970 4014 4147 4279 4701 4862 4992 5146 5226
[121] 5369

[[111]]
  [1] 10 14 14 12  9  6  8  8  9 11 12  6  8 12  9 17 14  8 11  8  5  5 10 11  7
 [26]  7 11 15 16 10 12 16 24 28 29 21 14 12 21 18 20 18 13  9 23 18 17 13 21 22
 [51] 17 21 14 16 15 21 26 18 17 16 22 22 20 24 30 28 26 35 42 43 34 25 27 34 31
 [76] 25 48 39 28 29 38 24 32 30 29 23 28 26 25 26 20 27 23 36 33 27 26 22 20 25
[101] 25 17 19 15 12 13 18 24 25 23 17 26 30 30 35 49 39 43 70 60 58

[[112]]
  [1]  10  11  15   8   9   6   6   5  13  20  23  31  27  22  27  34  24  38
 [19]  42  40  33  26  26  29  31  23  30  34  45  52  45  36  32  32  44  37
 [37]  39  40  52  55  45  49  46  43  35  47  44  41  40  34  57  59  58  57
 [55]  49  47  71  68  63  66  65  50  69  73  81  90  85  77  75 101 101 104
 [73] 118 116 107 111 129 111 124 143 150 147 137 145 133 130 148 168 172 223
 [91] 201 207 218 225 259 275 297 274 261 287 307 314 369 408 428 415 427 422
[109] 418 430 459 517 523 541 583 538 573 626 699 715 759

[[113]]
  [1]   10    5    5   11   21   15   18   24   19   20   30   31   27   21   29
 [16]   25   23   44   53   45   38   45   58   42   64   69   65   59   62   71
 [31]   67   56   60   55   63   72   74   75   76   97   76   90   89   77  113
 [46]  100  120  113  118  123  137  158  160  152  177  199  211  178  178  188
 [61]  210  206  201  209  221  242  263  294  329  340  400  406  417  446  481
 [76]  535  528  587  576  592  662  678  709  654  668  745  782  855  818  901
 [91]  870  873 1009  994 1106 1100 1132 1151 1178 1240 1316 1328 1411 1458 1495
[106] 1615 1588 1629 1725 1847 1896 2051 2087 2154 2201 2339 2394 2604 2778 2795
[121] 2902

[[114]]
  [1]   10   15    8    7    9    5    5    7   16   22   27   26   21   15   20
 [16]   28   23   28   27   27   34   36   36   37   45   51   52   57   56   56
 [31]   50   57   88  106   91  103  111  115  116  121  130  132  140  123  126
 [46]  130  157  160  172  146  144  182  212  189  212  220  227  226  226  204
 [61]  230  244  248  244  216  243  244  261  268  263  267  263  267  257  243
 [76]  296  354  336  351  354  362  410  412  398  391  417  429  448  462  489
 [91]  454  448  448  472  515  543  552  587  637  649  645  670  709  719  750
[106]  793  868  874  901  996  975 1017 1059 1030 1091 1145 1224 1252 1259 1288
[121] 1265

[[115]]
  [1]  10  14  11  16  25  20  23  18  14  12  10  15  11  10   8  19  16  11
 [19]  17  19  12  18  15  26  18  16  18  14  13  22  20  25  22  31  26  21
 [37]  17  26  33  29  26  26  25  36  50  32  29  23  35  21  25  23  34  28
 [55]  22  24  38  38  31  28  28  36  53  58  57  46  45  44  56  69  82  69
 [73]  64  77  75 102 112 107  90  97 116 124 103  88 101 121 121 118 109 110
 [91] 111 105  94  92  93  90  80  97 108 116 115 125 126 121 110 112 117 130
[109] 137 158 162 187 206 189 172 168 187 197 208 227 241

[[116]]
  [1]   10   15   16   11    9    9    7    6   10   11    8   12   13   22   23
 [16]   32   23   20   19   44   38   43   31   35   43   44   38   36   45   41
 [31]   53   50   40   46   54   59   66   63   74   71   65   75   72   86   71
 [46]   68   67   84  128  119   90  106  117  110  108  108  112   98  100  112
 [61]  128  131  143  132  143  142  133  154  150  169  167  169  170  177  193
 [76]  181  202  224  234  249  270  273  255  309  308  317  302  333  400  391
 [91]  404  411  431  466  485  461  526  538  553  549  534  542  627  661  677
[106]  692  727  698  735  873  879  938  919  868  910  959 1021 1099 1141 1233
[121] 1217

[[117]]
  [1]  10  15  10  14  10  10  11   8   8  13  10  11  20  16  18  13  13  12
 [19]   9  17  19  20  20  22  16  14  28  21  33  28  30  26  34  41  35  40
 [37]  37  40  37  35  46  49  44  59  65  68  48  42  35  40  69  69  75  62
 [55]  78  90  85  74  75  86  82  92 112 129 114  99 119 124 121 125 107 142
 [73] 152 137 149 157 168 187 199 196 197 214 193 205 221 227 215 191 227 254
 [91] 284 264 256 277 284 303 307 300 308 301 313 337 391 373 421 421 448 432
[109] 452 448 484 548 571 550 530 582 581 713 710 749 762

[[118]]
  [1]   10    6    5    5    5    5    5    5   10   13    9    8    7   23   21
 [16]   12   11   10   18   14   20   28   32   24   26   23   23   26   29   44
 [31]   53   57   55   58   52   54   52   63   68   60   57   57   43   66   52
 [46]   51   77   76   69   63   68   63   83   83  100  104  124  107   98  122
 [61]  157  143  165  145  167  154  189  189  201  205  189  211  215  215  233
 [76]  226  273  289  305  318  320  342  375  419  436  425  454  483  493  541
 [91]  561  594  616  587  622  661  690  682  755  724  730  755  777  838  835
[106]  909  918  915  965 1072 1092 1126 1185 1126 1237 1318 1384 1439 1438 1530
[121] 1669

[[119]]
  [1]   10   11   12    9    8   19   34   33   27   23   30   35   44   46   37
 [16]   37   34   44   57   66   60   64   82   73   76   99   91   90  106  105
 [31]  147  141  147  147  173  174  172  168  190  215  220  208  200  218  257
 [46]  248  222  236  220  245  274  250  281  335  297  278  285  324  398  410
 [61]  397  425  463  444  468  478  507  489  500  536  510  538  569  589  619
 [76]  668  757  840  843  810  845  871  948  974 1044 1082 1067 1111 1196 1201
 [91] 1183 1260 1352 1456 1518 1583 1517 1526 1671 1763 1752 1773 1952 1919 2044
[106] 2068 2117 2313 2428 2516 2555 2774 2835 3151 3298 3382 3599 3863 3889 4046
[121] 4201

[[120]]
  [1]  10   9   7   6   6   4   9  13  11   6  11  12  13  14  17  19  14  11
 [19]  17  21  15  13  12  10  21  16  18  23  25  24  32  36  34  39  32  25
 [37]  22  37  53  46  52  52  44  56  41  44  50  58  54  49  58  57  65  56
 [55]  58  64  64  77  74  62  56  67  77  66  72  69  54  76 104 109 106  82
 [73]  86  69  62  90  93  90  75  85  83  85  91 126 144 149 166 187 185 205
 [91] 216 213 217 247 257 230 229 262 311 328 312 346 337 340 370 401 407 428
[109] 444 448 486 493 504 611 603 615 565 606 649 716 756

[[121]]
  [1]  10  13  10  10   8   8   6   5   5   4   4   4   7   8   8   7   5  12
 [19]  11   8   8   5   5   7   9   6   4   4   8  10   8  13   7  14  14  15
 [37]  16  18  14  13  22  26  18  21  19  26  27  30  35  34  37  27  47  55
 [55]  45  43  54  54  54  50  43  37  46  59  51  57  47  45  47  51  38  32
 [73]  54  54  58  64  62  59  62  66  65  60  66  56  53  73  62  59  64  67
 [91]  75  84  73  67  74  77  83  73  90 109  97 112 123 106 102 100 128 133
[109] 109 101 120 118 141 129 145 140 197 189 195 198 216

[[122]]
  [1]  10   9  27  21  22  18  15  18  33  28  27  22  24  21  14  19  22  18
 [19]  20  23  23  23  15  27  21  25  18  20  17  12  16  12  10  22  31  41
 [37]  30  36  38  38  47  61  55  56  64  46  53  51  45  63  73  63  69  51
 [55]  71  73  63  73  72 102 102  97 102  98  81 113 124 136 135 134 118 126
 [73] 153 153 126 129 136 135 140 112 167 206 166 164 161 205 216 222 236 238
 [91] 257 272 305 286 297 317 353 316 319 316 322 335 354 351 363 391 391 384
[109] 480 466 499 497 485 540 592 622 688 653 694 700 733

[[123]]
  [1]  10  13  10   7   6  10   7   7   7  18  33  23  20  22  29  29  24  29
 [19]  23  29  24  24  20  28  24  20  19  20  39  38  33  29  34  32  33  38
 [37]  31  32  28  33  41  52  53  39  36  32  27  37  34  41  46  31  30  38
 [55]  32  25  19  15  26  31  34  32  35  26  31  34  42  37  43  44  50  53
 [73]  83  85  67  73  76  80  67  60  64  61  59  71  55  79  69  68  67  60
 [91]  60  56  72  56  61  69  66  88  85 106  89  80  91 102 124 145 157 167
[109] 158 146 194 172 174 197 201 245 234 246 212 218 253

[[124]]
  [1] 10 15 13 10 16 17 10 13 10  8  7  7 11  8  7  7  6  6 10 18 18 12  9  9  7
 [26] 10  8 17 16 14 16 12 10  8  7  9  7 13  9  4  4  6 11  8  7  3  2  7  3  3
 [51]  3  3  3  3  3  3  2  1  0  0  0  0  0  0  0  0  0  0  0  0  0  0  0  0  0
 [76]  0  0  0  0  0  0  0  0  0  0  0  0  0  0  0  0  0  0  0  0  0  0  0  0  0
[101]  0  0  0  0  0  0  0  0  0  0  0  0  0  0  0  0  0  0  0  0  0

[[125]]
  [1]  10   6   6   9  10   5   3  10   9   7   5   5   4   9  14  10   7   7
 [19]  20   7  12  15   8   9   6  14   9   7   6  16  20  15  14  14  11  16
 [37]  21  31  23  21  27  36  40  35  38  39  54  57  41  45  43  50  74  85
 [55]  90  85  66 100 116 117 112 112 114 131 140 150 156 157 139 157 161 176
 [73] 173 194 190 206 221 258 223 221 234 244 229 237 228 269 265 265 241 239
 [91] 288 279 267 299 288 285 304 290 292 362 371 354 325 354 413 415 441 468
[109] 517 479 567 541 610 677 707 668 708 776 794 835 826

[[126]]
  [1]   10    7    6    5    5    4    7   10   15   14   12   11   20   14   13
 [16]   21   27   29   50   43   38   39   34   28   67   46   49   49   70   76
 [31]   65   55   75  103  109  105  110  103  125  116  112  111  109  113   98
 [46]   97  116  143  147  150  137  161  149  173  181  197  196  268  270  285
 [61]  279  294  297  323  359  361  372  362  385  409  467  462  504  538  563
 [76]  531  556  639  682  720  791  760  762  812  815  885  895  895  965  919
 [91] 1026 1063 1049 1051 1154 1227 1262 1243 1280 1351 1456 1459 1490 1702 1741
[106] 1932 1944 1998 2006 2126 2243 2355 2439 2535 2579 2735 2869 2936 3142 3279
[121] 3348

[[127]]
  [1] 10  6  6  4  6  3  7  3  2  2  2  1  1  1  0  0  0  0  0  0  0  0  0  0  0
 [26]  0  0  0  0  0  0  0  0  0  0  0  0  0  0  0  0  0  0  0  0  0  0  0  0  0
 [51]  0  0  0  0  0  0  0  0  0  0  0  0  0  0  0  0  0  0  0  0  0  0  0  0  0
 [76]  0  0  0  0  0  0  0  0  0  0  0  0  0  0  0  0  0  0  0  0  0  0  0  0  0
[101]  0  0  0  0  0  0  0  0  0  0  0  0  0  0  0  0  0  0  0  0  0

[[128]]
  [1]   10   11    8    6    6    6   25   20   22   15   14   11   11   11   31
 [16]   24   34   32   27   36   31   32   36   55   52   74   62   53   55   75
 [31]   66   77   64   60   75   58   58   62   76   83   79   90   87   94  106
 [46]  105  107  102   94   99  125  135  145  149  142  149  150  134  156  157
 [61]  161  161  179  180  167  174  188  207  259  235  244  227  236  231  248
 [76]  299  257  268  254  296  330  349  346  344  364  399  372  372  368  403
 [91]  403  443  443  435  441  537  498  532  570  527  542  561  679  718  729
[106]  694  733  782  860  931  947  951 1006 1095 1101 1053 1157 1224 1317 1475
[121] 1487

[[129]]
  [1]  10  19  17  23  21  25  26  23  18  20  14  23  25  20  29  18  15  16
 [19]  12  17  19  14  13  19  26  37  31  30  30  26  28  30  41  34  36  35
 [37]  25  40  38  45  32  36  39  44  35  35  36  44  38  44  42  45  53  57
 [55]  52  52  55  51  56  65  77  58  74  75  75  65  69  78  77 101 102  89
 [73] 105 109 115 136 124 123 125 127 134 158 143 155 188 186 142 150 145 159
 [91] 154 174 197 196 205 228 213 250 264 294 283 289 299 279 260 279 278 324
[109] 347 317 347 353 402 388 392 428 438 462 482 456 434

[[130]]
  [1]  10   7   5   8   8   7   8   6   4   3   3   3   3   3   3   1   1   1
 [19]   1   1   2   9  10  13  11   9   9   6   6  12   5   6   4   4   4   3
 [37]   3   3   2   2   7  11  11  16   8   9   7  12  10  11  19  19  19  15
 [55]  19  35  39  29  26  26  29  29  45  44  54  61  58  67  82  87  96  88
 [73]  83  79  62  68  78  84  78  90 105 111 112 126 131 142 155 154 141 146
 [91] 162 141 132 140 150 169 148 154 156 153 193 162 169 180 198 246 248 229
[109] 260 240 255 268 288 271 316 339 312 322 347 379 404

[[131]]
  [1] 10 11  5  3  3  3  2  2  1  1  1  1  1  1  1  1  1  1  1  0  0  0  0  0  0
 [26]  0  0  0  0  0  0  0  0  0  0  0  0  0  0  0  0  0  0  0  0  0  0  0  0  0
 [51]  0  0  0  0  0  0  0  0  0  0  0  0  0  0  0  0  0  0  0  0  0  0  0  0  0
 [76]  0  0  0  0  0  0  0  0  0  0  0  0  0  0  0  0  0  0  0  0  0  0  0  0  0
[101]  0  0  0  0  0  0  0  0  0  0  0  0  0  0  0  0  0  0  0  0  0

[[132]]
  [1]  10  13   9  15  23  17  12  10  15  18  14  11  15  10  14  11  17  13
 [19]  31  20  17  29  23  23  27  32  39  40  39  35  34  30  35  28  35  38
 [37]  31  31  41  22  18  17  22  26  29  36  31  34  31  40  43  38  59  46
 [55]  36  34  42  55  57  59  67  65  59  64 116 117  94 102  96 108 113 127
 [73] 128 119 142 147 125 134 151 138 134 140 192 177 153 161 172 204 188 176
 [91] 200 233 204 227 267 250 257 295 272 292 320 353 360 328 353 402 425 481
[109] 443 455 429 457 484 530 591 597 579 600 638 696 732

[[133]]
  [1]   10   16   16   15   12   14   16   11    9   14   22   26   17   17   29
 [16]   30   25   26   29   30   36   43   49   49   53   45   44   61   59   43
 [31]   59   64   54   53   50   45   54   46   60   60   67   71   71   71   78
 [46]   84   78   85   97  108  116  136  135  143  123  122  125  142  168  170
 [61]  191  186  176  189  188  199  196  219  265  249  238  246  278  289  286
 [76]  302  330  298  311  338  421  423  377  373  442  448  442  416  412  474
 [91]  554  558  565  577  548  557  631  636  673  697  733  661  696  720  782
[106]  856  898  870  865  927  945 1033 1098 1097 1187 1207 1288 1318 1347 1439
[121] 1467

[[134]]
  [1]   10   17   16   17   14   14   11    7   12    9   11    8   17   17   10
 [16]    9   19   27   18   15   20   32   30   21   15   12   28   18   14   22
 [31]   23   24   17   25   23   19   23   23   42   47   37   31   35   43   45
 [46]   40   33   37   46   45   48   51   52   62   73   71   59   68   83   85
 [61]  111  117  129  134  100   93  122  161  168  145  129  133  165  185  176
 [76]  197  191  198  214  275  288  285  276  293  289  315  339  384  383  367
 [91]  355  356  391  441  482  475  522  504  545  546  561  601  627  612  615
[106]  666  683  676  768  797  861  864  933  969 1012 1045 1095 1142 1158 1257
[121] 1351

[[135]]
  [1]   10    7   11   15   30   28   23   20   29   21   23   28   39   51   50
 [16]   50   48   46   56   43   48   47   47   58   64   59   54   69   51   56
 [31]   49   39   42   58   43   40   48   59   68   61   66   84   82   73   72
 [46]   77   98   84   90   86   90   85   87   84  101   90  120  115  153  161
 [61]  154  146  163  161  181  212  220  233  248  247  265  289  321  309  304
 [76]  336  323  371  400  383  360  391  418  432  434  493  483  467  497  563
 [91]  600  539  605  586  622  619  721  719  740  800  793  815  844  871  950
[106]  950  963  998 1044 1089 1124 1159 1183 1233 1325 1389 1403 1438 1497 1500
[121] 1570

[[136]]
  [1] 10  5  4  4  5  4  3  5  4  5  4  3  1  0  0  0  0  0  0  0  0  0  0  0  0
 [26]  0  0  0  0  0  0  0  0  0  0  0  0  0  0  0  0  0  0  0  0  0  0  0  0  0
 [51]  0  0  0  0  0  0  0  0  0  0  0  0  0  0  0  0  0  0  0  0  0  0  0  0  0
 [76]  0  0  0  0  0  0  0  0  0  0  0  0  0  0  0  0  0  0  0  0  0  0  0  0  0
[101]  0  0  0  0  0  0  0  0  0  0  0  0  0  0  0  0  0  0  0  0  0

[[137]]
  [1] 10 11  9  7  4  4  4  4  2  2  1  0  0  0  0  0  0  0  0  0  0  0  0  0  0
 [26]  0  0  0  0  0  0  0  0  0  0  0  0  0  0  0  0  0  0  0  0  0  0  0  0  0
 [51]  0  0  0  0  0  0  0  0  0  0  0  0  0  0  0  0  0  0  0  0  0  0  0  0  0
 [76]  0  0  0  0  0  0  0  0  0  0  0  0  0  0  0  0  0  0  0  0  0  0  0  0  0
[101]  0  0  0  0  0  0  0  0  0  0  0  0  0  0  0  0  0  0  0  0  0

[[138]]
  [1]  10  13   7  18  13  21  16  13  10  15  14  13  16  15  19  23  14  16
 [19]  12  11   8   7   5   5  14   9   8  19  15   9  18  10  10   8  10  10
 [37]  14  13  20  15  22  19  19  18  17  21  18  14  12  15  14  12  16  16
 [55]  11   8   7  11  15  20  23  20  24  21  23  29  33  33  26  33  42  31
 [73]  39  35  35  48  40  37  47  62  39  46  48  37  46  57  66  74  76  60
 [91]  61  64  67  89  98 105 107 102 108  93 111 113 128 113 129 150 143 155
[109] 157 166 174 185 193 197 208 225 230 240 227 240 272

[[139]]
  [1]   10   13   16   11   10    8   12    8   10    7    8    5    9    4    4
 [16]    4    4    4    3    9   11    9    7   13   18   19   20   20   18   16
 [31]   15   25   38   34   29   24   25   34   31   25   32   45   42   66   68
 [46]   87   80   76   68   76   73   96  124  109  112  110  122  102  114  125
 [61]  124  136  147  138  142  134  146  161  192  174  186  193  214  231  290
 [76]  297  291  292  300  312  340  395  445  433  448  483  487  499  505  570
 [91]  628  661  680  664  738  731  763  767  837  883  981  972  977  995 1086
[106] 1084 1114 1173 1242 1365 1392 1530 1562 1542 1580 1640 1763 1894 1956 1921
[121] 2066

[[140]]
  [1]   10   18   13   12   11   19   14   24   19   19   13   14   16   16   17
 [16]   16   23   30   27   26   34   42   37   38   37   29   27   29   42   41
 [31]   52   53   43   45   41   49   70   66   55   61   61   82   76   75   68
 [46]   66   70   68   66   63   81   84   73   72   71   67   83   87   89  118
 [61]  123  132  120  126  131  153  145  166  150  160  174  160  177  165  174
 [76]  200  195  237  248  248  223  229  227  257  228  217  250  254  253  254
 [91]  293  307  293  303  289  349  343  357  364  449  517  480  481  462  476
[106]  511  557  557  631  695  697  720  725  775  832  938  963 1019 1024 1074
[121] 1153

[[141]]
  [1]   10   20   18   18   16   25   25   32   31   34   42   30   25   38   51
 [16]   51   48   43   51   37   49   52   53   54   45   60   56   63   57   65
 [31]   74   79   61   68   77   92  107  104   90   98  108  109  109   90   90
 [46]  121  130  131  130  117  139  149  154  153  167  149  149  158  171  175
 [61]  185  170  195  206  218  222  262  287  283  278  303  305  286  298  283
 [76]  281  329  364  334  332  372  379  410  436  463  470  447  465  472  562
 [91]  517  538  589  617  689  707  696  724  721  750  804  878  926  936  949
[106]  964  931  996 1079 1102 1129 1170 1235 1323 1422 1432 1434 1472 1584 1738
[121] 1764

[[142]]
  [1]   10    7    6    6    7    9    7    6    5   11   17   13   13   18   18
 [16]   13   23   19   23   25   27   31   40   35   31   34   36   28   38   49
 [31]   45   47   37   33   44   34   60   60   65   65   61   61   57   64   68
 [46]   69   65   80   65   70   79   88   69   79   86  107   89  100  106   98
 [61]  140  140  146  141  156  125  135  152  135  182  170  212  201  203  219
 [76]  252  234  286  279  282  271  291  300  329  336  387  346  361  376  447
 [91]  453  452  466  473  476  490  520  547  587  599  640  594  651  729  753
[106]  765  776  818  854  958 1048 1043 1134 1120 1207 1220 1273 1335 1289 1355
[121] 1453

[[143]]
  [1]   10   13    9    8    7   18   19   13    9   16   21   10   13   11   15
 [16]   12   22   27   27   20   24   32   54   48   59   50   51   50   51   62
 [31]   71   83   81   74   84   83  104  125  130  156  148  155  132  127  142
 [46]  174  206  191  194  183  196  186  189  213  210  207  205  253  223  237
 [61]  240  267  282  248  265  296  355  361  345  305  346  338  383  393  362
 [76]  404  454  425  468  468  453  456  557  516  548  553  551  662  687  696
 [91]  703  707  676  716  757  773  793  749  838  858  956  948  939 1004 1063
[106] 1050 1143 1215 1274 1249 1338 1452 1468 1650 1686 1686 1692 1737 1822 1865
[121] 2005

[[144]]
  [1]   10   20   22   22   16   12   15   15   11   16   20   21   16   19   13
 [16]   14   13   13   17   23   25   18   19   23   31   31   43   41   38   45
 [31]   47   55   60   55   54   62   74   61   71   86   94   99  111  114   97
 [46]  106  110  106  100   98  125  136  138  130  152  152  182  203  193  196
 [61]  224  236  245  254  275  330  359  349  376  353  416  415  419  415  390
 [76]  402  447  478  517  557  588  573  550  622  634  720  736  787  797  786
 [91]  859  857  805  878  977 1018 1052 1096 1156 1128 1226 1239 1260 1298 1332
[106] 1386 1396 1522 1523 1524 1598 1586 1695 1771 1870 1882 1850 1944 2110 2194
[121] 2197

[[145]]
  [1]   10    9    9   17   14   11    9    9   13   21   16   13   12   12   17
 [16]   17   17   35   32   22   18   23   39   30   27   26   28   26   26   32
 [31]   22   28   31   51   45   39   41   42   48   46   51   51   46   48   46
 [46]   58   48   42   46   54   63   82   76   84   98   94   88  107  108   99
 [61]  116  131  145  146  143  165  149  180  164  180  172  168  176  219  198
 [76]  201  213  229  272  298  314  322  338  329  343  374  352  386  376  409
 [91]  384  426  432  440  447  482  500  479  561  542  551  589  563  567  638
[106]  666  675  682  680  644  710  772  759  756  756  815  887  930  968  978
[121] 1043

[[146]]
  [1]  10  15  13  12  11  12  22  23  19  24  16  16  18  13  31  23  25  26
 [19]  18  21  33  34  31  30  24  26  31  25  36  42  37  27  30  40  50  45
 [37]  42  45  49  58  44  36  41  30  36  48  56  50  63  62  62  60  66  66
 [55]  69  62  63  74  68  77  88  77  77  85  68  68  83  86 100  97 110 102
 [73] 102 103 115 118 153 159 153 140 157 149 146 180 176 186 200 199 225 229
 [91] 260 288 306 276 299 291 286 329 339 369 373 415 445 440 405 446 429 478
[109] 478 510 522 551 559 603 603 675 697 710 779 851 873

[[147]]
  [1]  10  15  23  18  12  10  10   8   7   6   9   9  10  11   9   9   6   4
 [19]   4   4   2   2   2   8   6   3   3   2   6   5  11   5   5   4   2   7
 [37]   5   4  10   8   6   6   7   5   8   3   2   4   1   1   1   1   1   7
 [55]   5   4   3   3   3   8  11  12  10   8   8   7  14  21  34  26  18  15
 [73]  12  14  12  16  18  18  23  19  19  18  25  36  26  31  31  39  38  27
 [91]  20  41  34  29  43  45  52  48  52  45  47  46  64  55  62  76  86  98
[109]  99 120 115  94 122 118 141 138 150 139 144 164 177

[[148]]
  [1]  10  23  17  18  15  19  18  17  15  20  20  22  28  23  23  27  22  18
 [19]  14  21  17  16  16  36  40  34  36  30  33  39  55  32  24  28  37  39
 [37]  47  33  28  24  24  24  29  29  20  20  29  31  27  22  31  43  43  45
 [55]  47  46  54  59  49  50  53  47  51  49  72  66  61  65  66  68  76  74
 [73]  57  54  55  55  73  64  72  65  77  78  97  98  89  96 108 127 112 106
 [91] 142 133 132 161 141 177 184 204 191 202 215 213 221 249 245 227 245 229
[109] 254 248 271 286 301 288 318 317 323 355 379 405 424

[[149]]
  [1]  10  16  12  10  10  16   7   6   6   9   5  12   7  11   7   6   5   8
 [19]   6   4   3   2   2   2   2   2  10   8  12   8   7   6   9   7   7   6
 [37]   9  20  11   9   8   8   8   8  12  11   4   4   7   9   8   7   7  13
 [55]  13   7   9   7  19  18  21  25  31  23  28  22  24  34  46  33  36  29
 [73]  34  41  61  70  61  65  59  49  68  61  74  66  69  74  82  75  87  98
 [91]  91  94  84 100 137 136 138 148 175 203 189 189 200 192 197 199 180 198
[109] 225 252 256 258 252 242 257 283 292 317 300 377 306

[[150]]
  [1]   10   13   10   17   13   15   17   17   13   18   20   16   17   23   31
 [16]   42   38   33   38   36   35   33   35   42   36   38   51   40   48   61
 [31]   51   55   59   68   56   70   61   70   60   56   48   77   65   47   48
 [46]   50   66   70   83   89   96  115  128  108  116  115  130  128  111  124
 [61]  122  149  187  192  209  186  202  206  216  236  200  205  262  331  322
 [76]  309  300  316  337  364  334  344  359  422  444  453  461  432  441  518
 [91]  481  513  597  585  560  602  634  704  790  798  820  724  807  896  916
[106]  995 1029  964  971 1075 1128 1207 1263 1318 1334 1335 1377 1473 1534 1596
[121] 1657

> save(reslist, file=paste("output",iter,".rda",sep=""))
> 
> 
> ###############################################################
> 
> 
> # Clear the workspace and turn off graphics.
> #  Load all the functions you need by sourcing the provided demographic.R file
> #  Read in the job number from the cluster. To do this, your code should include a new
> # variable iter and should start with the line:
> # iter <- as.numeric(Sys.getenv(PBS_ARRAY_INDEX))
> #  Control the random number seeds so that each parallel simulation takes place with a
> # different seed. Your function should therefore set the random number seed as iter so that
> # each parallel simulation has a unique random seed.
> #  In each parallel run, select the initial condition to be used. Ensure that 25 of the parallel
> # simulations are allocated to each of the initial conditions.
> #  Create a variable which is the filename to store your results. The end of the filename
> # should be the number iter to ensure that simulation files do not overwrite one another on
> # the cluster.
> #  Initialise a list which will contain the results of your 150 simulations.
> #  Call the stochastic_simulation function to do the appropriate simulation 150 times,
> # appending the output to the results list, and then save the results list.
> 
> #four initial conditions (25 cluster runs per)
> #each cluster run runs simulation 150 times
> #1) large population of 100 adults
> #2) small population of 10 adults
> #3) 100 individuals spread
> #4) small population of 10 individuals
> 
R has finished running

============================================

        Job resource usage summary 

                 Memory (GB)    NCPUs
 Requested  :         1             1
 Used       :         0 (peak)   1.00 (ave)

============================================
