R is about to run

R version 4.4.1 (2024-06-14) -- "Race for Your Life"
Copyright (C) 2024 The R Foundation for Statistical Computing
Platform: x86_64-conda-linux-gnu

R is free software and comes with ABSOLUTELY NO WARRANTY.
You are welcome to redistribute it under certain conditions.
Type 'license()' or 'licence()' for distribution details.

R is a collaborative project with many contributors.
Type 'contributors()' for more information and
'citation()' on how to cite R or R packages in publications.

Type 'demo()' for some demos, 'help()' for on-line help, or
'help.start()' for an HTML browser interface to help.
Type 'q()' to quit R.

> 
> 
> growth_matrix <- matrix(c(0.1, 0.0, 0.0, 0.0,
+ 0.5, 0.4, 0.0, 0.0,
+ 0.0, 0.4, 0.7, 0.0,
+ 0.0, 0.0, 0.25, 0.4),
+ nrow=4, ncol=4, byrow=T)
> 
> reproduction_matrix <- matrix(c(0.0, 0.0, 0.0, 2.6,
+ 0.0, 0.0, 0.0, 0.0,
+ 0.0, 0.0, 0.0, 0.0,
+ 0.0, 0.0, 0.0, 0.0),
+ nrow=4, ncol=4, byrow=T)
> 
> clutch_distribution <- c(0.06,0.08,0.13,0.15,0.16,0.18,0.15,0.06,0.03)
> 
> #=========================================================================================
> rm(list=ls())
> graphics.off()
> source("Demographic.R")
> source("kl2621_HPC_2024_main.R")
[1] 0 0 0 0 3
[1] 3 3 2 2 2
[1] 2 2
 [1] 7 5 4 2 2 1 1 1 1 1 1 1 1 1 1 1 1 1 1 1 1
> 
> 
> ###4 initial conditions
> 
> ############################################################
> 
> 
> 
> #VVVVVVVVVVVV-------------COMMENT ME OUT WHEN RUNNING THE THING
> #iter <- 5
> #VVVVVVVVVVV--------------UNCOMMENT ME OUT
> iter <- as.numeric(Sys.getenv("PBS_ARRAY_INDEX"))
> set.seed(iter)
> 
> 
> if (iter <= 25) {
+ initial_state <- state_initialise_adult(4,100) #100 adults
+ } else if (iter >25 && iter <= 50) {
+ initial_state <- state_initialise_adult(4,10) #10 adults
+ } else if (iter >50 && iter <= 75) {
+ initial_state <- state_initialise_spread(4,100) #100 spread
+ } else {
+ initial_state <- state_initialise_spread(4,10) #10 spread
+ }
> 
> reslist <- list()
> 
> ####100 cluster runs
> ###################################################
> ####150 runs of stochastic_simulation per cluster run
> for (i in 1:150) {
+     #################################
+     ###120 steps of stochastic_simulation per simulation
+     stochasticresult <- stochastic_simulation(initial_state,growth_matrix,reproduction_matrix,clutch_distribution,120)
+     reslist[[i]] <- stochasticresult
+     #################################
+ }
> ###################################################
> 
> print(reslist)
[[1]]
  [1]  10  12  11  23  17  21  16  12  10  11   9  10   7   6   5   3   3   2
 [19]   2   2   9   5   4   4  10   8   6   8   5   7   7   5   4   4   4   6
 [37]   3   9   6   5   4   6   5   7   9   6   5   5   8   5   4   3   3   3
 [55]   3   7   5   5   4  10  14  16  10  15  16  18  24  35  34  40  34  31
 [73]  37  42  41  44  39  36  44  37  37  36  31  26  25  21  40  66  61  42
 [91]  37  42  49  51  42  42  36  38  44  75  75  60  53  80  76  69  59  72
[109]  74  68  91 102  95 106 106  92  98 107 116 118 129

[[2]]
  [1]  10  13  10   8   6   8  12  10  14   9   9  13  17  14  19  16  12  11
 [19]   8   7  16  18  11  16  17  24  16  17  20  14  18  24  18  21  19  12
 [37]  11  12  22  17  16  20  18  14  25  18  17  29  40  38  28  24  37  44
 [55]  43  45  42  41  33  42  61  57  54  54  57  68  59  57  57  58  69  59
 [73]  59  71  75  70  73  58  66  66  74  98 114  99 104  98 113 129  93 105
 [91] 111 106 128 114 120 113  98 121 113 118 113 119 104 104 116 114 123 104
[109] 106  94  80 109 110 126 143 129 129 119 146 140 136

[[3]]
  [1]   10    8   11   24   35   28   29   33   40   40   48   53   53   60   50
 [16]   41   39   48   49   83   77   81   91  114  116   94   99  100   87  102
 [31]  110  135  118  139  136  113  122  121  145  140  154  144  161  166  155
 [46]  176  185  210  199  189  189  212  236  236  231  247  267  275  272  287
 [61]  286  256  262  273  287  283  272  312  289  319  321  344  322  379  438
 [76]  476  451  461  474  480  501  554  565  607  585  603  633  687  716  750
 [91]  703  795  765  788  869  904 1028 1037 1052 1066 1040 1079 1173 1191 1243
[106] 1233 1357 1421 1502 1542 1561 1679 1648 1771 1857 1981 2003 2069 2085 2239
[121] 2370

[[4]]
  [1]   10   18   14   19   18   18   12   10   16   18   27   18   13   11   14
 [16]   15   20   16   15   21   40   46   36   36   34   34   38   42   42   34
 [31]   38   47   48   61   68   57   54   50   62   75   84   99   94  112  102
 [46]  132  129  128  139  138  155  169  170  177  155  188  185  200  213  199
 [61]  224  230  237  244  267  286  290  280  299  323  318  353  366  384  372
 [76]  372  438  430  423  441  496  530  565  545  567  638  719  685  709  698
 [91]  765  807  803  879  868  856  896  984  957  979  980 1017 1025 1059 1098
[106] 1137 1205 1310 1333 1368 1385 1488 1581 1561 1732 1741 1840 1853 1953 2182
[121] 2150

[[5]]
  [1]   10    9   14   10    9   11   10    8   14   15   15   16   11    9    9
 [16]    9   16   22   23   22   20   26   35   42   45   60   55   59   69   76
 [31]   72   56   68   75   69  101  107  107   99  126  129  136  146  151  168
 [46]  143  155  144  160  172  209  187  179  176  184  177  196  187  185  213
 [61]  241  214  221  226  228  261  271  317  331  357  310  304  320  330  356
 [76]  354  374  359  378  423  442  439  458  522  514  515  547  549  547  617
 [91]  670  685  690  691  758  755  822  858  827  825  920 1017 1094 1227 1201
[106] 1234 1185 1256 1329 1384 1388 1551 1659 1700 1751 1796 1854 1957 2115 2267
[121] 2299

[[6]]
  [1] 10 13 13  8  7 14 13 10  7 10 15 13 16  9  9  7  7 12 20 13 17 13 16 21 25
 [26] 26 29 15 11 13  6  4  4 10  7  6  6  8  3  8  4  3  3  2  2  2  1  0  0  0
 [51]  0  0  0  0  0  0  0  0  0  0  0  0  0  0  0  0  0  0  0  0  0  0  0  0  0
 [76]  0  0  0  0  0  0  0  0  0  0  0  0  0  0  0  0  0  0  0  0  0  0  0  0  0
[101]  0  0  0  0  0  0  0  0  0  0  0  0  0  0  0  0  0  0  0  0  0

[[7]]
  [1]   10   21   18   27   23   25   24   24   21   29   24   16   27   24   20
 [16]   30   30   27   25   24   33   35   33   32   33   38   50   43   52   54
 [31]   80   83   73   78   84   86   91  105   97  104   98   94   93   92   95
 [46]  109  120  122  122  113  117  111  139  130  156  131  181  186  178  174
 [61]  154  160  151  145  173  214  229  213  217  225  237  240  265  259  259
 [76]  249  250  301  312  296  303  313  303  318  325  343  353  394  394  370
 [91]  374  376  426  430  437  471  504  554  507  509  556  575  620  641  639
[106]  626  705  764  741  749  805  832  873  886  918  924 1047 1055 1020 1050
[121] 1179

[[8]]
  [1]   10   13   20   18   13   11   10   11   16   23   23   19   22   30   27
 [16]   33   36   33   34   24   23   44   47   58   49   37   34   34   36   48
 [31]   46   40   39   40   41   62   70   79   71   66   77   97  110  104  103
 [46]  104  117  129  120  101  100   87   91  106  100  113  118   93  109  112
 [61]  125  125  122  148  126  116  141  143  148  150  192  150  187  203  205
 [76]  208  238  240  301  272  263  279  289  320  303  268  293  392  351  359
 [91]  372  375  390  399  410  402  453  472  509  569  536  527  551  571  596
[106]  647  673  668  678  708  681  779  848  909  910  844  890  971 1003 1112
[121] 1110

[[9]]
  [1] 10  9  6  5  7  3  9  6  4  4  8 17 13 11 14 15 21 14 11  6 13 16 12  6  8
 [26]  7  9  9  6 12 19 12 10  6  6  5 12  7  6  5  5  4  4  8 11 11  9  5  6  4
 [51]  8  5  9 11  6  5  5  5  8  9  5  4  4  3 13  7  6  5  4  3  2  1  0  0  0
 [76]  0  0  0  0  0  0  0  0  0  0  0  0  0  0  0  0  0  0  0  0  0  0  0  0  0
[101]  0  0  0  0  0  0  0  0  0  0  0  0  0  0  0  0  0  0  0  0  0

[[10]]
  [1]  10   8   6   5   4   4  10  17  11   9   7  17  20  12  11   8   8   6
 [19]   5   4  16  16  13  18  19  29  25  22  30  24  23  22  19  17  18  17
 [37]  22  25  19  38  46  51  41  35  40  45  49  50  52  48  70  70  69  72
 [55]  78  82  83  86  97 110  94  88  77  85 100  92  80  81  65  59  66  81
 [73]  82  79  62  74  75  77  79  90  84  85  96  89  81  89 113  86  86  77
 [91]  93  99 115 117 107 105 116 118 120 152 139 127 142 151 176 179 166 159
[109] 142 160 159 174 172 173 202 227 206 203 196 193 183

[[11]]
  [1]   10   13   18   13   12   11   11   17   18   11   15   12   17   21   13
 [16]   20   25   32   26   35   28   41   62   48   57   47   49   50   74   85
 [31]   85   94  100  100   99  109  139  121  128  160  187  186  229  213  195
 [46]  218  243  254  245  242  247  252  256  239  267  258  262  268  353  325
 [61]  329  327  380  374  432  466  463  472  477  449  466  548  561  585  602
 [76]  697  698  706  729  802  880  927  945  953  964  999 1034 1112 1147 1144
 [91] 1244 1215 1269 1297 1476 1619 1599 1557 1730 1775 1858 1919 1893 1916 2043
[106] 2123 2195 2272 2406 2482 2584 2763 2815 2935 3095 3154 3422 3587 3704 3791
[121] 3926

[[12]]
  [1]  10  10   8   3   3   3   7   5   3   3   3   3   4   3   2   6   5   4
 [19]   8   6   4   4   4  15  16  10   8   7  12  11  23  18  20  22  20  20
 [37]  26  18  13  12  13  30  24  20  16  20  20  25  31  21  18  27  25  27
 [55]  31  40  41  42  41  27  34  50  72  59  67  70  81  85  90  96  85 116
 [73] 111 108 108 127 134 152 141 142 138 192 187 183 199 199 209 198 211 201
 [91] 200 204 225 222 204 227 246 260 269 271 265 283 319 303 294 298 321 329
[109] 330 379 389 412 415 442 455 475 487 476 513 535 564

[[13]]
  [1]  10  14  16  12  11  10   7   6  12  10  19  16  13  14  17  13  11  11
 [19]  10  12  18  16  14   6   5   3   3  10  14  11   8  18  22  18  13  11
 [37]  17  21  21  33  39  34  44  33  43  41  37  60  59  46  60  52  45  69
 [55]  52  56  49  46  54  67  86  61  60  78 104 104 129 113  90  93 103 106
 [73] 139 134 122 133 152 133 140 159 197 187 201 179 186 187 236 234 219 241
 [91] 212 247 244 239 255 272 275 280 281 274 278 282 321 336 345 317 362 354
[109] 366 344 361 358 400 391 443 466 450 450 504 481 514

[[14]]
  [1]   10   20   15   10   12   12   14   19   16   12   10    9   13   18   14
 [16]   17   35   38   36   43   46   64   70   79   80   96  105  110  143  164
 [31]  144  156  168  153  137  136  143  156  166  173  152  162  198  219  221
 [46]  241  251  256  269  268  274  297  317  313  305  324  332  373  396  370
 [61]  369  404  434  405  452  520  518  551  518  570  581  618  659  695  715
 [76]  712  729  786  827  831  844  902  881  935  981 1016 1029 1127 1177 1227
 [91] 1266 1305 1377 1465 1426 1498 1544 1643 1687 1741 1781 1879 2037 2138 2227
[106] 2342 2415 2445 2524 2623 2768 2789 2912 3086 3311 3424 3580 3843 3963 4017
[121] 4338

[[15]]
  [1]  10  14  19  19  14  19  23  18  17  23  22  22  18  22  24  29  30  23
 [19]  20  25  25  30  28  25  27  44  31  34  32  41  42  40  29  34  43  42
 [37]  26  20  17  12  13  29  21  15  12  10  10  15  23  26  24  25  33  36
 [55]  28  33  27  37  32  32  30  33  37  34  34  37  35  44  54  51  61  63
 [73]  78  96 107  85  90  81  69  83 105 116 108 103 106 137 168 172 148 161
 [91] 162 166 189 173 188 177 207 217 229 231 207 233 250 281 325 336 332 319
[109] 345 379 379 417 412 462 435 457 503 521 508 548 546

[[16]]
  [1]   10   11   13   13   12   18   31   29   28   26   34   24   22   32   37
 [16]   37   56   63   60   57   50   65   61   58   69   58   54   47   52   56
 [31]   60   58   65   52   44   47   41   40   76   67   60   56   58   82   64
 [46]   80   93   84   66   73   83   89   86   85   79   93   84   96  107  116
 [61]  110  107  147  158  162  141  137  179  192  192  202  272  293  273  252
 [76]  248  297  313  372  376  338  354  360  350  422  421  431  426  438  476
 [91]  471  473  505  553  570  579  565  607  625  654  661  683  781  745  786
[106]  739  833  945  921 1031  973 1035 1106 1115 1182 1197 1288 1397 1396 1400
[121] 1500

[[17]]
  [1]   10   12   14   20   22   14   12   21   14   15   17   18   25   22   21
 [16]   17   27   27   33   25   26   29   26   28   38   48   49   58   44   46
 [31]   47   57   58   71   79   57   68   74   68   68   73   70   80   84   81
 [46]   85  103  102  122   94  129  142  129  101  106  124  127  139  143  142
 [61]  165  181  180  174  178  189  221  223  210  203  220  240  235  252  256
 [76]  275  285  274  288  329  332  361  399  404  383  383  405  426  467  486
 [91]  553  594  580  602  656  712  713  724  703  777  730  768  758  756  768
[106]  810  813  808  796  795  813  929  955 1037 1004 1109 1082 1129 1262 1367
[121] 1343

[[18]]
  [1]  10  11  11   8   8   8   7  24  25  23  28  22  18  13  11   9  13  22
 [19]  21  32  32  21  26  39  30  28  31  43  57  50  45  46  51  57  47  54
 [37]  74  66  72  64  64  62  63  80  72  86  89  88  87  89  84  82  98 102
 [55] 101  95  92  90 102  97 108 104 114 124 121 137 130 127 118 106 123 124
 [73] 121 141 145 144 139 162 170 175 182 179 169 177 190 196 248 234 226 225
 [91] 243 265 285 270 275 294 288 268 266 336 327 333 349 318 293 331 347 361
[109] 430 441 465 458 533 559 548 597 591 672 691 737 784

[[19]]
  [1]  10   8  10  12  20  20  16  15  14  15  17  24  18  13  15  18  18  22
 [19]  20  22  26  30  27  22  23  18  13  11  18  16  15  16  20  17  16  22
 [37]  23  41  33  45  32  38  35  37  38  57  49  57  63  67  68  67  63  57
 [55]  51  53  50  72  80  91  80  74  75  61  69  85  83  78  70  81  74  75
 [73]  79  99 105 104  92 125 110 142 129 156 154 134 148 152 154 180 166 173
 [91] 178 182 227 236 246 215 224 228 220 264 306 327 334 366 405 422 432 485
[109] 472 489 555 536 571 561 613 647 643 622 651 691 726

[[20]]
  [1] 10  9  6  5  4 10  6  4  3  3  3  4  2  2  2  7  4  3  2  2  2  2  1  1  1
 [26]  1  0  0  0  0  0  0  0  0  0  0  0  0  0  0  0  0  0  0  0  0  0  0  0  0
 [51]  0  0  0  0  0  0  0  0  0  0  0  0  0  0  0  0  0  0  0  0  0  0  0  0  0
 [76]  0  0  0  0  0  0  0  0  0  0  0  0  0  0  0  0  0  0  0  0  0  0  0  0  0
[101]  0  0  0  0  0  0  0  0  0  0  0  0  0  0  0  0  0  0  0  0  0

[[21]]
  [1] 10 13 11  9  8 12 14 14 11 11 13 10  8  7  6  4  4  4  3  2  1  1  1  1  5
 [26]  2  2  1  1  1  1  1  1  4  2  2  2  2  0  0  0  0  0  0  0  0  0  0  0  0
 [51]  0  0  0  0  0  0  0  0  0  0  0  0  0  0  0  0  0  0  0  0  0  0  0  0  0
 [76]  0  0  0  0  0  0  0  0  0  0  0  0  0  0  0  0  0  0  0  0  0  0  0  0  0
[101]  0  0  0  0  0  0  0  0  0  0  0  0  0  0  0  0  0  0  0  0  0

[[22]]
  [1]  10  12  10   7  10   8   8   7   7   6   6   5   8   6   8  13  20  13
 [19]  10  10  12  15   9   8  10  16  10   9   8   8   7  26  28  25  22  16
 [37]  21  19  13  11  19  11  15   9  14  28  21  22  23  17  23  18  21  16
 [55]  19  15  18  25  24  17  13  22  23  20  17  17  26  27  38  43  51  51
 [73]  40  45  55  46  51  44  63  57  45  52  64  61  55  75  64  86  78  93
 [91] 100  93 103 101 110 102 114 124 112 137 131 131 128 141 170 179 177 173
[109] 180 205 198 247 293 290 337 314 322 350 408 407 418

[[23]]
  [1] 10 18 12  9  6 21 13 10  7  5  9  7  7  5  8  7  5  4  2  6  6  4  3  3  3
 [26]  2  1  1  4 13 13 14 20 23 15 19 17 13 13 15 17 21 28 22 24 18 12 14 11 11
 [51] 11 11  9 22 13  6  6  6 11 14 11  6  3  3  8  6  6  6  7 14 11 10  7  6  5
 [76]  5  7  5  4  4  3  2  1  1  6  4  4  3  3  8  6  5  5  5  5  6  9 10  8  4
[101]  8  5  7  6  6  9 19 20 14 16 20 14 20 19 21 19 26 28 31 37 36

[[24]]
  [1]  10  13   9  11  14  15  18  17  14  12   8  17  10   9   6  11  14   9
 [19]   6  12   9   6   5   5   3   3   3   3   2  10   7   6   5   5  17  12
 [37]  12  13  16  24  15  17  19  11  10  17  15  20  14  22  13  18  16  21
 [55]  15  23  24  26  30  24  24  37  30  22  16  15  26  27  28  21  37  43
 [73]  48  41  51  49  59  62  51  43  49  62  65  59  71  86  86  87 115 108
 [91] 112  94 119 120 140 129 110 167 131 158 140 142 185 181 176 176 204 216
[109] 215 208 247 251 268 291 292 302 271 315 296 294 300

[[25]]
  [1]   10   13   12    9    7    6    5    9    9    8    6   13   12   19   15
 [16]   27   25   23   16   15   21   20   21   16   21   20   30   26   17   13
 [31]   11   17   40   39   52   46   50   57   74   71   69   78   76   74   94
 [46]   85   75   95  120  127  132  130  122  126  140  144  172  172  179  185
 [61]  192  209  235  195  191  193  213  250  248  225  243  243  235  256  274
 [76]  298  336  329  309  302  319  358  358  430  414  397  384  390  423  466
 [91]  498  484  478  552  600  631  627  671  701  722  781  800  872  864  922
[106]  933  952 1019 1049 1109 1132 1161 1265 1323 1426 1446 1458 1446 1489 1579
[121] 1660

[[26]]
  [1]  10  13  11  14   9  18  13  13  11  11   8  19  16  21  31  17  20  12
 [19]  11  10   8  10   6   5   5  11  24  20  21  15  14  17  22  22  23  15
 [37]  12   8  16  21  19  23  36  27  30  19  19  20  26  20  21  26  24  29
 [55]  19  17  15  13  24  24  21  22  24  23  27  18  18  19  30  30  31  27
 [73]  44  44  44  36  41  55  54  40  44  40  41  46  50  42  57  67  65  99
 [91]  98 109  94 109 109 131 162 159 151 148 155 164 175 179 176 206 191 216
[109] 214 206 195 202 222 227 234 229 235 269 281 338 338

[[27]]
  [1]  10  15  16  10   7   6   6   5   5  10   9   7   6   5   5   5   4   4
 [19]   7  15  14  11   9   8  11   9  16  15  16  11  29  26  23  22  30  42
 [37]  40  33  31  27  30  33  38  31  28  32  35  46  46  44  61  48  59  53
 [55]  52  50  51  61  61  54  52  55  47  53  68  71  58  54  62  52  57  60
 [73]  74  65  80 101 100 109 129 136 162 148 159 185 173 191 192 214 197 192
 [91] 184 181 209 224 241 237 262 250 304 311 277 320 295 291 316 363 345 361
[109] 384 403 398 428 422 434 460 450 493 530 526 606 632

[[28]]
  [1]  10  17  10   8   7   8  13  15  13   9  16  13  13  16  15  22  25  34
 [19]  23  25  19  16  23  29  19  29  29  22  31  38  47  48  50  50  47  39
 [37]  48  44  41  40  47  45  53  56  71  71  76  81  69  85  96  77  69  73
 [55]  91  81  67  67  61  78  60  72  85  71  69  61  92 106 109 100 104 138
 [73] 131 110 117 144 146 153 178 163 206 193 220 205 251 228 231 255 276 381
 [91] 338 329 346 336 344 403 419 435 416 437 437 495 572 564 523 538 599 677
[109] 669 647 654 646 700 661 680 722 770 851 895 925 959

[[29]]
  [1]   10   10   18   19   13   11   22   17   15   18   16   22   26   29   30
 [16]   52   61   51   42   52   44   51   53   54   48   46   61   89   73   64
 [31]   70   72   74   83   95  102  100  105   99   97  108  115  108  120  113
 [46]  121  137  174  166  156  171  176  197  187  183  176  229  257  240  233
 [61]  240  264  304  316  290  293  346  381  403  405  433  445  450  455  471
 [76]  519  589  593  575  591  605  567  662  670  682  754  742  771  804  874
 [91]  919  903  831  903  922  909  935  987 1014 1000 1060 1105 1119 1112 1276
[106] 1303 1412 1476 1575 1565 1639 1734 1822 1858 2040 2030 2076 2139 2262 2286
[121] 2388

[[30]]
  [1]   10   12   11   12   28   29   30   23   21   22   21   21   30   22   18
 [16]   25   18   34   36   30   27   39   38   25   36   37   46   40   38   43
 [31]   48   56   74   75   68   86   74   79  102   96  101  101  104  109  142
 [46]  114  124  112  132  163  183  158  169  189  206  237  265  267  294  299
 [61]  286  285  290  307  316  294  309  333  344  393  383  396  406  409  441
 [76]  436  497  477  479  501  501  564  585  628  633  689  752  782  787  802
 [91]  874  912  941  921  989 1037 1095 1111 1185 1249 1329 1413 1359 1465 1547
[106] 1592 1672 1749 1775 1832 1945 1954 1980 2003 2015 2067 2206 2354 2391 2422
[121] 2605

[[31]]
  [1]  10  10  11   6   6  12  15  17  13  16  19  18  22  18  30  20  20  27
 [19]  26  26  24  43  32  45  43  31  35  32  34  43  36  37  35  30  27  35
 [37]  36  52  53  49  47  43  41  39  37  36  43  38  47  60  46  46  49  56
 [55]  72  59  51  37  61  78  57  52  43  53  40  58  66  59  55  63  75  57
 [73]  69  50  55  66  61  58  72  85  82 120  85  91  90 130 135 137 124 122
 [91] 149 158 185 171 164 181 180 197 230 255 247 240 251 258 270 339 292 289
[109] 321 344 395 389 383 391 422 398 378 429 451 498 479

[[32]]
  [1]  10  11  13   7   8  12  13  11  10  10   8  22  18  27  17  19  15  17
 [19]  19  15  17  20  23  19  15  13  10  11  13  27  24  16  12  20  23  36
 [37]  32  34  32  34  38  42  49  42  53  52  40  36  37  36  46  51  46  47
 [55]  44  55  58  66  68  70  58  69  86  78 105  77  78  73  82  94 111 128
 [73] 112 136 142 169 140 148 143 150 150 151 167 171 162 171 192 234 252 285
 [91] 292 304 316 321 326 342 373 375 407 402 425 415 436 438 465 508 456 473
[109] 482 538 594 583 649 700 659 715 701 742 751 777 816

[[33]]
  [1]  10  11  11  14   9   8   8   5  11  11  10  15   8   7  15  17  14  15
 [19]  13  11  10  19  16  12  14  10   9  11   7  15  18  15  14  13  15  17
 [37]  17  12   8   7   9  15  19  15  13  11   9  15  11  11  10  18  19  12
 [55]   9   8   6  13  14  18  19  16  14  16  16  16  14  12  10  18  14  17
 [73]  15  14  17  13  10  14  11  13  23  25  20  16  12  10   9  18  24  22
 [91]  26  35  35  32  45  40  37  53  68  78  79  86  85  75  74  81 103 117
[109] 130 135 135 158 164 150 153 167 166 174 201 193 180

[[34]]
  [1] 10 10 10  7  5  4  3  3  3  2  1  1  1  0  0  0  0  0  0  0  0  0  0  0  0
 [26]  0  0  0  0  0  0  0  0  0  0  0  0  0  0  0  0  0  0  0  0  0  0  0  0  0
 [51]  0  0  0  0  0  0  0  0  0  0  0  0  0  0  0  0  0  0  0  0  0  0  0  0  0
 [76]  0  0  0  0  0  0  0  0  0  0  0  0  0  0  0  0  0  0  0  0  0  0  0  0  0
[101]  0  0  0  0  0  0  0  0  0  0  0  0  0  0  0  0  0  0  0  0  0

[[35]]
  [1]   10   17   11   10   30   20   19   27   32   47   40   37   35   34   44
 [16]   54   53   44   52   55   44   41   65   62   68   69   69   79   68   77
 [31]   70   92  128  143  132  122  123  122  153  148  178  182  173  176  185
 [46]  200  207  235  222  215  203  190  191  216  219  240  243  238  244  259
 [61]  251  261  270  273  281  280  299  282  308  305  373  371  398  404  433
 [76]  476  496  503  503  500  563  601  547  574  559  567  587  593  613  677
 [91]  691  722  740  805  833  846  881  939 1017 1049 1053 1154 1326 1374 1408
[106] 1523 1569 1585 1655 1706 1713 1780 1864 1979 2053 2114 2230 2308 2389 2509
[121] 2501

[[36]]
  [1]   10   18   12   12    6    6    6    5    4   14   13   15   19   31   33
 [16]   41   33   38   35   39   30   42   49   39   42   47   47   50   51   44
 [31]   61   66   77   64   76   59   65   73  116   91  114  133  139  156  167
 [46]  160  159  154  194  219  214  195  188  195  255  227  249  239  261  265
 [61]  309  321  315  358  374  387  397  420  482  477  499  536  532  538  558
 [76]  535  524  601  622  664  702  729  744  787  763  779  777  760  824  861
 [91]  914  915  875  922 1012 1113 1106 1096 1133 1157 1132 1214 1292 1293 1276
[106] 1371 1470 1522 1613 1600 1612 1659 1792 1944 2050 2112 2188 2154 2324 2379
[121] 2513

[[37]]
  [1]  10  14  11  10  14  19  19  15  11  15  17  19  19  22  27  23  25  24
 [19]  20  21  16  17  16  23  25  23  22  23  23  25  22  20  22  24  41  34
 [37]  29  34  25  17  21  25  24  23  28  31  42  41  59  47  52  53  67  88
 [55]  74  72  96 108 106 112 101  85  97  90  80  89  99 104 114 116 135 135
 [73] 160 188 180 209 197 177 182 210 230 225 228 216 213 224 190 213 230 260
 [91] 255 237 230 235 238 260 276 322 329 330 312 320 339 354 362 363 435 463
[109] 489 508 538 531 579 603 624 649 703 707 759 792 889

[[38]]
  [1] 10  7  4 13  7 13 11 13 14 11 12 11 17 27 24 16 16 24 23 17 17 32 23 25 17
 [26] 20 23 18 21 17 14 13 15 12 10  9 11  8  9  7 12 10 13  9  8  9 10 16  8  7
 [51]  6  5  9  5  5  8 12 10  8  6  5 10  9 10  7 12 11 13 10  7 17 19 18 18 18
 [76] 13 16  8  8 14 11 19 12 12 17 23 25 17 21 23 28 25 19 23 26 25 23 25 29 31
[101] 30 31 30 24 16 12 15 10 15 16 16 33 35 33 35 26 25 25 45 46 39

[[39]]
  [1]   10   15   11   14   11    9   11    9   16   14   20   25   29   19   17
 [16]   35   25   22   31   33   28   27   20   18   24   35   32   20   22   22
 [31]   27   37   36   46   50   68   64   76   70   73   68   75   75   76   77
 [46]   82   81   77   86   89  100   90   93   96  121  124  131  130  115  133
 [61]  151  147  153  138  147  157  184  160  168  160  163  138  171  197  219
 [76]  211  225  212  204  238  295  342  322  336  356  381  415  445  460  432
 [91]  459  511  525  536  556  602  571  592  594  672  660  701  746  756  735
[106]  781  792  854  897  940  966  957  931 1007 1045 1149 1146 1143 1161 1192
[121] 1275

[[40]]
  [1]   10   14    9   13   10   10   19   18   14   14   18   17   22   22   20
 [16]   21   16   16   18   28   44   48   36   28   31   25   20   28   23   18
 [31]   23   21   28   25   18   21   38   33   30   32   34   30   43   50   48
 [46]   50   56   48   60   69   73   90   89   82   96   95   99  105  103  117
 [61]  129  132  166  160  153  168  176  171  172  173  186  175  210  206  226
 [76]  208  201  236  224  218  261  255  271  275  334  357  380  391  383  442
 [91]  445  516  520  561  609  695  679  638  610  663  717  737  786  782  834
[106]  846  873  892  908 1025 1109 1221 1191 1156 1187 1335 1383 1457 1474 1528
[121] 1521

[[41]]
  [1]  10  14  12  22  20  26  16  15  22  15   9   9   8  14   9   6  17  12
 [19]  15  16  12  12   8   7   7  10   6  10   8   8   7   6   6  16  10   8
 [37]   7  11   6   9  14   9  17  14  11  11  29  43  27  26  19  20  25  22
 [55]  31  40  34  26  21  28  40  45  62  57  68  80  72  71  69  80  69  77
 [73]  88  95  82 107  97  77  83  65 105  94 105 107 113 118 111 130 146 139
 [91] 163 149 167 157 152 182 201 236 237 236 211 233 234 243 273 306 317 352
[109] 327 334 390 414 411 444 480 501 485 482 476 545 539

[[42]]
  [1] 10 23 16 11 10  9 10 15 11  9  8  7  7  7  9 16 18 21 14 11 10 12 10  6 13
 [26] 11  7  6  6  6  5 14  7  6  6  5  4  4  3  3  4  3  3  2  4  7  7  4  4  3
 [51]  2  7  3  3  1  1  6  1  1  1  2  0  0  0  0  0  0  0  0  0  0  0  0  0  0
 [76]  0  0  0  0  0  0  0  0  0  0  0  0  0  0  0  0  0  0  0  0  0  0  0  0  0
[101]  0  0  0  0  0  0  0  0  0  0  0  0  0  0  0  0  0  0  0  0  0

[[43]]
  [1]  10  13  14   7   5  14  14  10  10  11  21  14  26  20  17  18  15  13
 [19]   8   8   5   9   4   3   3  11  10   9   9  11  14  11  12  12  16  15
 [37]  13  12  25  27  24  26  26  28  22  29  18  22  23  15  12  27  30  39
 [55]  31  35  39  50  55  45  47  45  62  60  69  76  63  69  75  73  88  90
 [73]  93  92 102  92  91  89 109 104 122 128 129 131 138 131 160 191 149 155
 [91] 141 163 159 199 195 180 174 178 191 216 230 215 204 217 192 219 202 216
[109] 225 250 236 247 213 218 242 220 255 290 293 318 304

[[44]]
  [1]  10  14  11   8   7   6  10   8   6   6  12  20  17  12  15  11  17  20
 [19]  13  13  24  21  20  18  16  11  24  17  19  11  10   9   8   7  17  14
 [37]  10  14  15  13  19  14  12  15  17  14  12  11  15  29  18  18  31  20
 [55]  31  32  33  31  43  39  37  44  43  49  40  43  39  30  29  40  47  41
 [73]  46  50  50  57  57  63  71  83  66  59  79 104 115 103  86 107 104 106
 [91] 127 155 137 135 149 151 177 149 162 168 206 198 203 243 239 227 254 291
[109] 322 337 335 345 380 376 399 393 404 386 426 451 437

[[45]]
  [1]  10  18  15  14  14  10   9  16  15  25  26  17  13  22  18  15  13  22
 [19]  20  18  20  11   9  15  12   8   5   5   3   3   4   8   8   5   5   5
 [37]   4   4  11   8  14   9  13   9  13   9   8  15  10  10   9   7  14  11
 [55]  12  12   9  12  14  17  12  15  14   9  10   7  10   9   7  10   6   4
 [73]   5   4   3   3  13  12   9   6  13   8  12  14   9  14  20  19  18  16
 [91]  21  23  16  21  23  26  32  31  31  41  34  42  42  35  37  54  54  60
[109]  64  88  85  99  89  82  92 107 105 103 117 129 119

[[46]]
  [1]   10   20   16   14   17   19   19   21   19   15   17   32   17   24   26
 [16]   19   17   22   22   19   12   17   28   29   25   28   40   45   37   33
 [31]   32   46   40   50   41   53   68   73   62   71   88   95   98  100   88
 [46]   98   93   95  122  107  118  150  135  142  156  154  152  138  141  178
 [61]  170  182  181  205  196  202  191  210  220  249  252  282  318  312  276
 [76]  286  291  384  418  399  385  397  408  420  432  453  461  538  522  455
 [91]  499  504  518  559  573  566  590  589  646  720  763  685  757  801  885
[106]  906  961 1030  971 1018 1018 1059 1086 1144 1184 1207 1261 1328 1440 1418
[121] 1461

[[47]]
  [1]  10  13   9  15  14  18  17  13  14  15  16  14  22  15  19  14  19  30
 [19]  22  17  16  23  30  21  20  21  23  33  30  41  30  31  35  45  41  29
 [37]  33  37  41  33  29  39  48  46  37  36  52  48  45  52  63  55  47  46
 [55]  47  58  63  63  53  86  81  66  73  71  71  67  71  78  82  83 101  73
 [73]  64  82  92  98 116 134 143 140 146 143 158 178 195 174 186 198 203 185
 [91] 221 232 283 283 346 332 343 393 379 416 433 440 423 423 468 506 524 492
[109] 537 545 559 531 582 664 669 683 685 727 792 795 769

[[48]]
  [1]   10   15   12   18   21   19   16   13   10   16    9   14   10   22   19
 [16]   37   23   26   26   30   32   37   30   40   39   62   56   63   67   67
 [31]   62   72   68   79   62   69   84   81  106  123  117  105   97  100  141
 [46]  168  176  174  151  166  165  182  192  184  194  187  185  191  205  223
 [61]  227  225  214  230  258  255  271  305  321  282  295  317  324  351  385
 [76]  345  338  403  417  424  424  423  457  487  507  478  526  527  571  581
 [91]  606  714  677  728  770  843  898  915  964 1034 1020 1099 1073 1099 1156
[106] 1184 1171 1291 1309 1363 1421 1420 1584 1609 1690 1681 1702 1774 1828 2026
[121] 2108

[[49]]
  [1]  10  17  10   8  10  11  14  14  12   8   7   6   4   3   3   8   5  11
 [19]   8   5   5  16  17  14  20  32  26  29  27  34  34  28  25  34  36  50
 [37]  32  46  37  35  43  28  29  29  41  34  46  40  48  56  52  45  48  58
 [55]  59  53  51  48  47  45  60  65  66  56  59  66  63  76  80  66  79  79
 [73]  78  84  92  98  91  98  81  91  97 119 116 122 124 132 127 115 142 141
 [91] 158 160 199 193 195 206 222 244 226 233 236 251 252 288 300 291 289 303
[109] 318 342 356 348 382 387 367 373 364 367 409 461 433

[[50]]
  [1]  10   7   9  10   8   7   6   5   3   9   5   3   2   2   2   2   1   9
 [19]   7   5   5   4   4  11  10   7   8  11   8  11  13   8  11  11   8  16
 [37]   9  14  16  14  19  20  14  16  12  10  11  14  11  18  26  27  25  31
 [55]  34  56  47  36  36  49  43  55  49  70  58  56  51  72  72  86  80  87
 [73]  94 100 125 122 129 140 131 125 139 168 148 166 166 134 139 168 156 179
 [91] 161 158 175 199 191 176 205 219 255 243 235 226 218 197 210 212 231 229
[109] 259 252 250 226 245 233 264 276 272 284 305 316 336

[[51]]
  [1]  10  16   8   8   7  15  17  21  23  26  34  44  33  40  32  30  29  26
 [19]  38  30  29  31  29  42  41  36  30  33  31  29  29  28  24  34  44  51
 [37]  40  40  40  36  36  56  79  65  55  56  54  51  49  69  93 100  91  90
 [55]  77  81  86  88  84  94  91  94 106  87 102  95  94  97 110 137 131 130
 [73] 163 137 153 157 186 193 196 198 182 224 215 239 250 284 252 261 256 261
 [91] 309 295 320 326 323 348 363 432 414 423 429 452 471 471 488 474 499 467
[109] 498 588 634 577 592 659 709 757 747 736 793 840 840

[[52]]
  [1]   10   12   18   17   25   22   24   19   15   17   27   50   31   28   27
 [16]   20   30   34   31   25   23   27   30   33   34   35   35   43   51   52
 [31]   54   76   67   70   62   54   62   48   60   63   79   79   66   73   75
 [46]   89   99   91   76  119   98   94  106  105  105   93   96  141  120  116
 [61]  117  137  148  171  183  175  163  160  165  176  179  191  191  257  257
 [76]  261  271  275  294  298  280  319  353  338  350  412  414  400  391  439
 [91]  457  488  527  550  555  614  668  592  592  635  663  626  655  627  620
[106]  675  704  675  756  772  736  683  774  876  848  888  942 1002 1107 1165
[121] 1203

[[53]]
  [1]  10  14  12  11  10   8   7  17  13   8   8   5   3   2  10   9   8   8
 [19]  12  15  20  18  19  12  10   8  12  10   8  16  12  11  12  11  10   7
 [37]  16  12  10  18  23  27  31  26  27  38  43  39  43  48  56  61  71  62
 [55]  56  71  57  70  67  77  70  94 104  90  94  79 100  96 104 106 122 112
 [73] 119 117 121 107  96 136 113 123 129 147 134 110 144 131 111 145 146 165
 [91] 172 161 168 192 181 186 214 207 243 248 235 235 250 303 337 341 361 399
[109] 428 435 421 424 508 533 537 545 558 669 642 658 677

[[54]]
  [1]  10  15  13  20  22  29  30  23  18  20  27  19  27  25  24  23  20  20
 [19]  23  19  18  22  32  25  21  25  20  22  25  31  37  28  39  33  36  34
 [37]  37  41  38  40  36  44  48  37  31  32  30  37  44  39  41  36  34  42
 [55]  49  35  36  28  30  46  35  36  37  47  76  73  74  57  67  88  76  95
 [73] 100 107 112 109 147 150 164 175 160 176 172 150 160 187 174 173 157 160
 [91] 203 240 222 231 259 253 232 260 273 276 264 294 284 303 355 385 332 352
[109] 333 354 383 392 421 435 447 481 499 580 510 558 619

[[55]]
  [1]   10   13    9    8    8    7    5    7    5    4    4    4    4   11   15
 [16]   17   14   12   16   18   13   18   20   16   21   15   18   20   13   15
 [31]   19   15   14   14   16   23   17   23   18   21   24   33   32   45   48
 [46]   43   33   42   46   52   60   67   59   54   64   52   49   51   69   67
 [61]   72   69   70   89   80   78  103   98   98   85   86  104  153  156  144
 [76]  138  152  153  192  211  203  224  212  204  219  277  303  267  265  297
 [91]  304  320  356  365  358  348  387  348  365  395  411  459  456  451  453
[106]  469  499  537  619  605  625  651  709  712  729  735  760  835  895  958
[121] 1014

[[56]]
  [1]   10   17   24   16   19   20   22   16   25   29   43   45   41   36   28
 [16]   39   43   57   63   61   61   56   66   82   91   89   99   99   84  113
 [31]   99   96   89   85   87  110  108  108  100  156  155  155  144  143  148
 [46]  168  161  151  191  217  201  211  203  228  266  288  262  298  297  323
 [61]  386  366  364  364  373  346  346  391  371  428  445  464  449  444  477
 [76]  472  472  534  529  552  611  702  711  736  779  788  828  941  966  996
 [91] 1043 1099 1058 1087 1168 1248 1227 1324 1319 1408 1467 1436 1538 1560 1630
[106] 1747 1793 1837 1936 2065 2104 2206 2266 2364 2432 2526 2615 2796 2878 2968
[121] 3006

[[57]]
  [1]   10    8    8   14   17   12   10   15   12    9   12   13   25   16   18
 [16]   16   11    9   19   18   11    8    8   20   18   27   29   32   24   41
 [31]   60   52   41   51   58   62   56   65   69   62   62   65   83   88   76
 [46]   84  117  124  128  132  123  128  135  154  163  183  171  213  207  204
 [61]  230  224  249  263  298  332  346  368  373  446  400  420  472  564  541
 [76]  609  576  606  688  780  719  767  734  828  847  903  933  961  958  965
 [91] 1019 1130 1029 1094 1182 1174 1230 1173 1259 1318 1407 1531 1520 1562 1761
[106] 1789 1744 1865 1925 2004 2077 2174 2241 2288 2326 2404 2454 2671 2636 2735
[121] 2958

[[58]]
  [1]   10    7    7   20   12   10   15   12   33   31   29   29   27   38   46
 [16]   43   47   49   55   57   56   44   36   44   67   57   56   45   54   61
 [31]   59   77  103   91  124  111  109  119  143  130  154  150  154  155  165
 [46]  180  171  178  209  206  203  213  219  213  209  237  288  308  320  307
 [61]  324  359  410  425  376  389  430  491  467  450  433  446  454  520  574
 [76]  577  545  547  538  594  688  693  742  805  761  776  785  783  860  904
 [91] 1000 1046  999 1114 1160 1208 1284 1327 1381 1367 1390 1482 1605 1636 1653
[106] 1682 1805 1856 1895 1989 2040 2097 2249 2288 2349 2450 2607 2657 2690 2812
[121] 2838

[[59]]
  [1] 10  7  6  4  5  4  5  6  5  5  4  3  3  9  5  4  4  3  3  9  9  4  2  0  0
 [26]  0  0  0  0  0  0  0  0  0  0  0  0  0  0  0  0  0  0  0  0  0  0  0  0  0
 [51]  0  0  0  0  0  0  0  0  0  0  0  0  0  0  0  0  0  0  0  0  0  0  0  0  0
 [76]  0  0  0  0  0  0  0  0  0  0  0  0  0  0  0  0  0  0  0  0  0  0  0  0  0
[101]  0  0  0  0  0  0  0  0  0  0  0  0  0  0  0  0  0  0  0  0  0

[[60]]
  [1]  10   7  13  21  24  21  18  20  15  19  13  11  10  15  12  29  29  30
 [19]  29  30  33  30  28  22  18  16  17  15  23  35  34  31  22  22  20  27
 [37]  22  25  29  25  30  39  35  30  35  55  45  40  38  32  33  52  55  63
 [55]  54  54  61  50  55  62  83  68  82  83  82  72  79  74  81  96 104 102
 [73]  88 123 140 131 127 131 108 148 128 153 158 167 145 137 200 183 195 234
 [91] 221 233 247 250 263 308 348 334 356 379 347 345 378 419 403 403 429 402
[109] 435 427 440 464 500 516 618 626 602 644 663 684 714

[[61]]
  [1]   10    8   13   11   14   12   11   20   12   21   23   31   27   19   24
 [16]   34   33   28   42   51   70   53   45   42   36   38   37   56   56   39
 [31]   49   37   42   62   56   52   56   66   84   86   81   79   89  101  103
 [46]   88   97   97   89  118  124  115  126  148  146  150  143  150  163  166
 [61]  163  205  178  183  161  174  187  181  213  233  254  249  226  247  276
 [76]  245  264  294  301  305  334  332  355  388  369  415  398  411  422  453
 [91]  502  459  466  481  582  600  626  657  730  770  826  859  925  943  990
[106] 1021 1018 1034 1077 1185 1193 1215 1274 1356 1395 1518 1555 1590 1664 1741
[121] 1778

[[62]]
  [1]   10    6    6    8   12   10    8   13    9    9    7    5    3    6    5
 [16]    3   10   12    9   12   10   10   16   19   38   44   41   34   27   32
 [31]   27   42   33   33   29   39   49   58   59   52   67   65   71   77  105
 [46]   77   86   86  119  119  119  104  119  138  142  162  129  145  149  161
 [61]  163  164  157  169  168  188  193  196  186  211  203  213  266  246  293
 [76]  310  302  320  331  364  364  346  335  342  363  412  445  445  486  453
 [91]  510  529  547  605  633  675  728  751  772  792  874  873  878  902 1055
[106] 1078 1175 1217 1226 1176 1308 1379 1379 1450 1540 1583 1687 1733 1742 1661
[121] 1865

[[63]]
  [1]   10    8   14    8    8   11    9    9    7   13    9   15   24   14   15
 [16]   19   15   17   23   34   37   31   34   58   54   53   65   59   60   64
 [31]   59   55   72   64   57   54   60   69   78   99   79   74   63   56   88
 [46]   91   83   77   80  106   94  113  140  132  105  123  129  127  133  116
 [61]  115  115  106  121  123  139  117  131  140  156  149  156  171  179  194
 [76]  199  211  226  235  248  254  260  289  308  353  364  401  443  451  420
 [91]  425  437  502  533  547  558  615  581  604  629  653  660  652  733  823
[106]  821  874  875  974  981 1027 1097 1101 1057 1069 1190 1179 1254 1371 1576
[121] 1553

[[64]]
  [1]   10   19   28   19   16   23   19   30   34   31   26   30   32   34   30
 [16]   28   22   27   24   38   38   26   53   49   45   44   60   50   57   62
 [31]   67   55   69   84   97   81   80   99   98   92   95  106   87   88  100
 [46]  106  113  115  120  124  121  160  169  172  183  202  232  236  207  191
 [61]  178  209  214  220  234  223  227  251  237  228  250  282  320  331  300
 [76]  332  329  351  363  339  351  472  454  409  401  397  500  511  573  575
 [91]  586  625  640  660  662  743  764  730  777  822  821  928  968 1058 1071
[106] 1101 1128 1192 1208 1255 1272 1280 1407 1485 1599 1634 1723 1793 1909 2046
[121] 2056

[[65]]
  [1]   10   12   13    9   19   31   29   19   20   16   17   40   30   25   28
 [16]   31   45   42   55   46   62   67   74   91   78   77   75  101  106  112
 [31]  104  103  119  144  165  156  135  149  147  211  219  200  204  182  197
 [46]  216  256  254  225  207  235  234  243  240  245  243  249  246  274  296
 [61]  295  341  315  326  350  366  403  401  437  457  444  492  545  568  630
 [76]  627  685  728  709  719  757  804  821  850  865  911  985 1002 1049 1018
 [91] 1162 1165 1131 1147 1186 1294 1354 1325 1358 1335 1403 1479 1518 1539 1661
[106] 1628 1713 1729 1872 1920 1864 1978 2127 2276 2298 2360 2458 2511 2632 2779
[121] 2856

[[66]]
  [1]  10   9   7   7  13  26  28  18  20  14  15  16   9   6   6  22  12  19
 [19]  14  16  17  16  14  11  25  15  19  18  19  20  15  18  15  10  10  10
 [37]   9  16  19  12   9  10  20  26  20  16  21  20  21  28  31  40  33  52
 [55]  43  47  51  50  55  61  64  64  63  83  96 103  92 105 101 126 119 123
 [73] 124 129 141 122 155 148 178 164 181 191 184 195 223 254 251 231 278 267
 [91] 268 263 274 271 293 263 275 274 305 343 327 316 346 387 433 411 415 447
[109] 485 493 496 499 538 566 595 671 674 672 662 663 686

[[67]]
  [1]  10   8  17  19  12  21  15  14  11  10  14  12   9  18  13   9   6  19
 [19]  28  15  25  20  17  14   8   6   6   6   5   5   4   9   7   4   4   4
 [37]  14  16  11   9   7  11  18  16  16  16  15  16  16  28  28  33  28  24
 [55]  33  35  41  31  29  28  20  25  35  37  38  43  41  52  57  57  42  39
 [73]  40  60  50  38  40  49  62  54  67  65  57  53  59  48  49  46  44  69
 [91]  64  57  41  58  58  73  67  78  69  75  70  91  99 114 100 101 119 110
[109]  97 113 122 130 149 131 140 158 170 191 205 188 189

[[68]]
  [1]   10   14   15   13   10   12    9   12   10    9    9    9   13   14   24
 [16]   20   16   16   15   17   10   14   12   12   12   15   21   15   22   29
 [31]   37   46   43   39   43   45   43   37   51   38   52   52   43   31   36
 [46]   33   39   27   25   48   57   50   56   55   65   70   78   83   76   90
 [61]   89   92  100  108  109  137  130  123  130  131  153  133  157  173  184
 [76]  191  204  219  212  205  189  232  226  247  258  276  281  305  333  320
 [91]  321  332  327  360  394  379  445  432  443  445  463  523  544  603  654
[106]  603  659  726  803  826  882  928  907  955 1011 1029 1054 1170 1177 1195
[121] 1201

[[69]]
  [1]   10   16   21   27   18   22   28   25   30   38   30   26   45   45   64
 [16]   60   53   73   80   86   97   98   93   95   97   98   98  119  119  135
 [31]  134  144  155  129  121  143  158  151  159  162  203  260  256  227  227
 [46]  261  280  291  331  355  345  357  411  465  488  460  476  518  576  627
 [61]  669  711  769  751  732  789  832  932  932  924  998 1084 1043 1108 1166
 [76] 1234 1255 1349 1421 1482 1499 1533 1597 1691 1854 1908 1992 2083 2104 2245
 [91] 2400 2427 2430 2457 2752 2751 2988 3173 3185 3340 3425 3618 3815 3925 3972
[106] 4118 4407 4424 4789 4940 5343 5430 5766 6002 6378 6493 6738 6908 7234 7477
[121] 7944

[[70]]
  [1]  10  11  10  15  10  20  19  14  10   9  14  21  18  21  27  29  20  13
 [19]  11  13  14  21  17  23  16  13  27  32  31  22  28  40  34  25  23  18
 [37]  18  42  51  43  42  53  53  64  46  41  49  49  56  55  60  58  57  59
 [55]  50  54  50  52  53  44  56  53  67  78  75  67  79  82  60  62  55  77
 [73]  85  86 105 109 127 121 130 134 145 132 163 168 153 155 153 185 188 188
 [91] 198 171 189 219 230 227 225 243 213 211 205 211 241 252 268 255 265 270
[109] 286 315 274 282 307 320 335 315 374 370 405 414 452

[[71]]
  [1]  10  18  22  15  14  18  18  20  18  22  14  11   8   6   5   4   9   4
 [19]   4   4   4   4   6   6   9   8  14  12  11  10  10  23  25  19  14  19
 [37]  16  24  23  15  23  28  29  28  20  19  20  19  18  15  12   9   5   5
 [55]   5   3   8   4   4   4   3   5   8   6   5   5   4   4   4   6   4  10
 [73]   7   5   7  12   5   2  11  15  14  13  12  11  13  14  23  21  26  25
 [91]  26  24  24  32  41  36  39  44  41  39  52  61  81  85  96  81  74  71
[109] 100 108 104 107 105 124 122 119 125 136 148 164 142

[[72]]
  [1]  10   5   9   5   5  12  12  15   6  18  15  19  16  23  24  24  20  19
 [19]  40  42  30  28  28  27  20  17  23  17  23  22  18  13  23  19  13  10
 [37]  18  12  12  12  13  20  21  21  21  15  27  29  24  24  25  33  48  47
 [55]  50  51  44  55  85  72  59  64  54  63  58  82  75  73  74  71  61  49
 [73]  63  70  86  79  90  94  76  75  83  85  77  87  96 101 104  84 104  95
 [91] 107 113 105 118 122 119 115 153 142 133 140 156 166 171 185 206 188 185
[109] 188 178 216 203 162 179 205 179 203 174 198 230 234

[[73]]
  [1]   10   13   11   10    6    9    7    6    5    7    6    5   10    8    5
 [16]    5   11   10    6    6   13   10   11    8   12    8    8   14    8   14
 [31]   20   18   22   26   21   22   22   30   33   45   43   37   44   40   42
 [46]   35   47   39   39   54   68   61   60   55   62   63   69   75   96  116
 [61]   90   89  107  132  140  148  130  162  193  163  160  182  179  229  237
 [76]  242  250  273  274  262  270  284  313  330  349  343  346  377  395  405
 [91]  447  491  513  509  517  551  559  554  577  575  566  612  670  667  746
[106]  733  773  784  856  831  932  936  922  953  970 1100 1095 1152 1162 1165
[121] 1383

[[74]]
  [1]  10  14  15  13  10   8   8   9   7   8  18  10  17  21  20  28  22  16
 [19]  19  28  22  20  22  24  18  26  25  31  32  26  27  18  19  19  21  21
 [37]  35  34  22  21  32  34  42  40  38  34  30  54  43  51  48  35  48  55
 [55]  59  58  60  58  55  80  77  88  83  71  75  74  87 104 100 103 124 109
 [73]  98 118 121 130 123 131 153 154 157 147 161 189 195 193 200 215 208 250
 [91] 258 251 271 343 350 350 379 383 400 420 460 430 474 460 526 519 534 456
[109] 495 530 566 562 511 533 521 594 614 558 579 573 629

[[75]]
  [1]   10   14   11    8    7   22   22   26   21   25   32   27   37   26   35
 [16]   47   44   54   47   59   63   66   59   65   63   63   65   75   89  107
 [31]  104  105   91   92   93  102   82  107  104   86   72   83   89  102  103
 [46]  101  121  126  131  168  161  186  170  183  196  185  184  186  204  235
 [61]  251  255  314  311  301  306  307  314  358  384  406  380  401  417  429
 [76]  422  398  441  439  485  582  567  533  548  574  628  623  583  587  646
 [91]  665  704  770  718  736  814  871  905  921  915  969 1031 1075 1159 1119
[106] 1191 1245 1318 1376 1377 1504 1484 1566 1674 1779 1843 1914 1965 2043 2104
[121] 2136

[[76]]
  [1]   10   10    9   13   18   34   29   23   31   30   39   38   40   45   40
 [16]   40   41   61   43   43   50   63   64   81   70   66   86   81  101  119
 [31]   97  122  112  120  109  106  101  117  128  126  140  135  138  169  153
 [46]  131  129  137  120  152  142  161  164  153  167  184  192  192  205  173
 [61]  205  210  236  249  257  280  282  290  300  343  318  354  334  343  395
 [76]  373  400  431  468  487  485  493  517  485  472  551  564  615  559  524
 [91]  605  656  682  670  652  661  702  752  748  778  838  871  901  921  946
[106]  985 1084 1123 1214 1268 1271 1273 1274 1330 1502 1531 1571 1585 1661 1714
[121] 1765

[[77]]
  [1]   10   12    9   15   19   16   20   37   24   21   28   19   35   27   43
 [16]   36   44   47   60   65   54   58   63   72   58   59   61   62   61   82
 [31]   98  103   83   93  109  127  101   79   82   84   96  110  108  117  116
 [46]  140  117  157  148  158  153  164  181  180  191  232  210  233  255  302
 [61]  295  293  306  297  344  350  362  345  388  411  480  489  464  477  506
 [76]  553  558  590  614  601  627  681  680  809  781  825  853  886  893  885
 [91]  989 1053 1039 1090 1148 1226 1263 1290 1363 1466 1583 1623 1769 1854 1968
[106] 2015 2047 2144 2246 2401 2499 2603 2668 2742 2855 2924 3084 3273 3567 3639
[121] 3765

[[78]]
  [1]   10    8   12    9   14    8    7   11   25   19   22   18   28   25   24
 [16]   19   31   43   49   49   58   48   42   45   48   64   56   58   61   71
 [31]   51   57   57   75   84   96   83   82   87   95   88   83  101   86   67
 [46]   80  105  124  142  147  132  119  125  146  161  186  182  161  171  154
 [61]  169  190  193  174  180  201  215  245  231  245  243  247  268  304  314
 [76]  292  312  355  373  397  366  354  355  385  427  433  435  468  462  491
 [91]  508  501  558  552  557  573  625  586  610  569  613  735  796  772  815
[106]  818  850  851  924 1051 1078 1130 1172 1123 1183 1167 1147 1210 1266 1287
[121] 1300

[[79]]
  [1]  10   6   4   4   4   2   1   1   1   1   1   5   4   4   2   9   8   7
 [19]   6   6  10  24  31  29  20  30  26  37  31  32  38  38  41  40  66  59
 [37]  67  67  60  58  52  52  52  56  59  61  58  55  53  58  62  61  65  88
 [55]  99  90  79  87  88 100  90 108  98 113 111  95  98 105 125 151 133 133
 [73] 130 139 150 167 165 164 165 187 187 187 170 212 191 230 235 223 234 237
 [91] 222 265 295 318 348 346 347 349 322 367 438 419 395 432 408 471 443 528
[109] 524 525 574 569 590 668 680 641 705 724 736 767 764

[[80]]
  [1] 10 11  6  6  9  6  6  6  5  4  7  5  4  3  1  1  1  0  0  0  0  0  0  0  0
 [26]  0  0  0  0  0  0  0  0  0  0  0  0  0  0  0  0  0  0  0  0  0  0  0  0  0
 [51]  0  0  0  0  0  0  0  0  0  0  0  0  0  0  0  0  0  0  0  0  0  0  0  0  0
 [76]  0  0  0  0  0  0  0  0  0  0  0  0  0  0  0  0  0  0  0  0  0  0  0  0  0
[101]  0  0  0  0  0  0  0  0  0  0  0  0  0  0  0  0  0  0  0  0  0

[[81]]
  [1]  10  17  15  11   8   7   4   2   2   2   2   8   9   8   7   6  10   6
 [19]   8  10  15  12   9  13  13  10  22  11  10   9   9  16  11  14  17  19
 [37]  10  10  15  26  15  18  16  16  13  25  15  11  12  17  27  18  18  19
 [55]  21  21  25  18  25  37  46  37  47  40  37  31  39  44  52  50  51  64
 [73]  87  78  82  70  68  74  89 126 112 110 102 137 120 139 155 128 128 118
 [91] 140 171 154 192 199 188 185 188 230 278 266 259 263 286 331 364 330 310
[109] 319 364 342 337 358 373 397 399 406 408 482 486 485

[[82]]
  [1]  10   6   8   6  11  13  18  10  10   9  15  11  16  27  21  18  23  22
 [19]  23  29  20  18  22  20  22  16  19  21  20  19  15  12  14  15  28  18
 [37]  19  11   5  14   8   5   5  17  10   8   7  13   7   5   5   4  10  23
 [55]  22  26  16  13  22  17  30  27  30  25  27  21  24  27  36  59  51  51
 [73]  50  51  59  66  73  70  67  74  89  88  79  80  67  80  94  90  89 100
 [91]  92 104 114  98 100  86 114 126 126 133 140 164 164 189 182 195 214 216
[109] 210 221 223 258 261 275 282 279 283 312 312 289 329

[[83]]
  [1]   10   16   12   21   20   18   19   31   21   25   30   33   43   45   57
 [16]   65   69   90   87   82   81  101  113  100  136  125  127  124  145  137
 [31]  138  133  145  131  160  185  195  202  203  189  205  216  230  251  262
 [46]  272  245  281  274  274  298  302  327  369  378  344  324  394  421  404
 [61]  422  446  474  440  450  505  570  578  618  617  699  779  738  742  816
 [76]  785  820  957  945  982 1007 1087 1082 1177 1195 1203 1316 1341 1358 1391
 [91] 1464 1476 1515 1545 1672 1742 1754 1815 1896 1898 1905 1979 2098 2214 2309
[106] 2390 2371 2439 2570 2642 2891 2888 3062 3238 3390 3559 3833 3990 4127 4345
[121] 4485

[[84]]
  [1]   10   19   19   21   23   22   20   16   23   18   28   24   44   51   42
 [16]   43   39   49   53   59   62   65   63   58   75   81   84   89   82   89
 [31]   86   90   92  101   93   91   90  105  116  100  109  129  137  130  144
 [46]  135  132  131  137  162  170  188  171  198  202  198  184  187  200  191
 [61]  175  222  259  276  300  260  280  293  338  344  357  345  346  393  410
 [76]  451  487  492  530  532  555  602  681  661  648  615  638  751  796  809
 [91]  778  804  757  859  901  902  907  904  899  974 1052 1094 1091 1159 1138
[106] 1277 1361 1435 1476 1479 1511 1536 1638 1692 1755 1863 2028 2091 2215 2225
[121] 2234

[[85]]
  [1]   10   11   19   17   20   25   28   26   25   23   41   25   23   19   19
 [16]   20   15   13   28   22   21   24   23   20   18   12   11   15   17   32
 [31]   28   24   28   21   15   22   23   22   33   30   26   30   38   30   29
 [46]   37   41   43   58   59   63   75   63   56   72   91  101   86  101  115
 [61]  104  105  102  113  155  170  157  142  159  172  176  180  175  192  226
 [76]  237  253  235  217  248  288  289  285  329  313  346  362  359  372  394
 [91]  420  452  477  488  469  465  472  511  582  591  580  628  672  715  680
[106]  702  713  755  800  844  862  940 1041 1045 1116 1174 1162 1233 1269 1391
[121] 1458

[[86]]
  [1]  10  17  11  15   9   9  12  13  15  15  14  12  10  20  25  20  16  13
 [19]  15  25  26  20  22  23  19  15  14  13  11  33  23  15  13  12  21  25
 [37]  25  30  31  28  28  39  42  39  40  40  60  48  47  51  45  54  59  43
 [55]  47  59  76  96  99 103  87  92  90  89  96 106 117 115 109 113 109 102
 [73] 104 104 113 130 133 122 134 136 144 162 143 152 163 142 180 167 175 171
 [91] 192 169 183 170 164 167 175 221 218 209 187 191 235 218 234 240 245 279
[109] 269 283 297 319 313 331 309 324 312 330 387 385 411

[[87]]
  [1]   10   12   11    9    8   12   17    8    7   12   10    8   18   16   18
 [16]   15   13   26   37   29   24   20   25   50   31   26   21   31   58   47
 [31]   38   35   42   60   69   71   58   62   83   69   84   82   81   82   77
 [46]   91   89  121  126   98  128  122  122  121  112  136  146  156  167  160
 [61]  147  148  162  183  222  238  221  206  210  245  251  256  246  259  268
 [76]  284  287  304  301  326  323  312  325  337  389  381  413  430  421  448
 [91]  463  471  543  552  516  543  558  553  631  644  680  666  708  724  800
[106]  816  841  798  827  907  981 1017 1008 1070 1097 1157 1223 1347 1415 1361
[121] 1446

[[88]]
  [1]   10   22   22   18   14   15   22   20   26   25   32   23   33   44   36
 [16]   43   51   61   70   56   63   95   79   87   78   73   92   79   86   88
 [31]  102   88   89  116   82   82   92   90  122  136  138  113  122  128  123
 [46]  114  132  163  170  176  193  196  186  216  217  206  228  270  275  273
 [61]  246  266  309  329  342  364  371  386  410  407  409  433  440  502  520
 [76]  580  582  626  675  697  679  694  729  808  842  919  981  956  991 1037
 [91] 1064 1120 1135 1241 1294 1344 1353 1423 1483 1594 1552 1672 1772 1856 1875
[106] 1989 1950 2128 2104 2182 2389 2276 2530 2663 2796 2911 2984 3028 3174 3213
[121] 3345

[[89]]
  [1]  10  16  11  10  10   8  11   8   7   4   4   4  10  23  12   7   6   5
 [19]   9   6   2   2   2  14  11   8   6   6   6  10  11  11   8   7   6  12
 [37]  15  19  18  15  13  12  12  21  23  26  21  14  11  25  21  19  13  14
 [55]  13  12  10  18  15  14  10  15  24  23  23  34  29  23  25  25  21  20
 [73]  27  20  28  29  33  25  38  44  32  39  31  48  46  40  34  29  33  31
 [91]  50  42  32  30  37  43  44  39  47  48  44  60  58  62  61  64  78  90
[109]  96  94  93  91 116  96 109  98  88 107 105  97 107

[[90]]
  [1]  10   9   5   5   5   8   6   5   6   5   9   7  13  10   8  13  11  18
 [19]  17  17  22  18  19  19  21  23  31  35  42  35  43  38  41  43  48  49
 [37]  40  40  49  50  56  49  63  56  62  62  52  56  65  58  61  61  63  71
 [55]  66  65  57  63  69  81 107  81  77 100  98  98 120 131 139 121 119 126
 [73] 131 123 159 190 186 186 193 188 205 196 182 200 218 224 219 254 262 240
 [91] 249 286 283 281 335 336 332 311 312 330 365 401 416 380 400 403 428 444
[109] 459 480 488 505 529 550 569 555 586 617 676 758 818

[[91]]
  [1]  10  18  10  14  17  13  12  17  25  19  21  20  25  20  17   9   8  14
 [19]   8   7   6   6   7   6   3   2   8   6   4   4   7   6   4   6  10  16
 [37]  15  16   9   9   7  15  21  26  25  19  16  23  19  25  32  31  22  21
 [55]  31  30  34  44  44  50  55  68  73  60  50  85 107 105  98  95  93 103
 [73] 100 116 138 129 144 131 150 154 157 181 177 183 213 236 232 243 250 277
 [91] 280 259 274 259 280 284 296 324 295 301 339 400 427 426 410 412 490 488
[109] 496 528 506 544 508 542 581 650 679 672 716 727 821

[[92]]
  [1] 10  8  5  4  7  5  4  9  6  3  3 10  6  8  9  8  6  5  4  4  3  6  6  9  9
 [26]  7  6  5  7  5  2  2  2  2  1  0  0  0  0  0  0  0  0  0  0  0  0  0  0  0
 [51]  0  0  0  0  0  0  0  0  0  0  0  0  0  0  0  0  0  0  0  0  0  0  0  0  0
 [76]  0  0  0  0  0  0  0  0  0  0  0  0  0  0  0  0  0  0  0  0  0  0  0  0  0
[101]  0  0  0  0  0  0  0  0  0  0  0  0  0  0  0  0  0  0  0  0  0

[[93]]
  [1] 10 12 10 12  7  7  7 10  5  2  2  9 18 12 13  6  5 10 11  9  9  8 13 21 12
 [26] 11  9 11 16 20 15 16 14 14 12 13 13 10 12 13 11  7  5  4  9 17 11  8  6  8
 [51] 16 23 19 13 13 19 21 30 15 18 19 21 16 15 14 16 24 20 27 18 15 24 21 20 24
 [76] 29 33 31 31 44 33 30 36 39 29 31 27 27 22 20 22 21 21 16 17 23 21 25 22 31
[101] 30 23 30 39 35 33 42 47 47 51 50 60 60 64 80 85 75 71 70 68 66

[[94]]
  [1] 10  6  4  4  3  2  2  2  2  2  0  0  0  0  0  0  0  0  0  0  0  0  0  0  0
 [26]  0  0  0  0  0  0  0  0  0  0  0  0  0  0  0  0  0  0  0  0  0  0  0  0  0
 [51]  0  0  0  0  0  0  0  0  0  0  0  0  0  0  0  0  0  0  0  0  0  0  0  0  0
 [76]  0  0  0  0  0  0  0  0  0  0  0  0  0  0  0  0  0  0  0  0  0  0  0  0  0
[101]  0  0  0  0  0  0  0  0  0  0  0  0  0  0  0  0  0  0  0  0  0

[[95]]
  [1]   10   18   12    9    7    6   19   16   16   11   10   15   18   23   20
 [16]   17   16   23   29   32   31   28   27   20   27   20   29   34   42   44
 [31]   41   42   50   43   51   58   47   48   54   60   68   82   71   65   70
 [46]   85   89   76   75   78   76   96   93  115  107  105  115  108  100  104
 [61]  139  125  170  151  143  144  161  180  203  181  205  208  199  203  220
 [76]  211  231  258  276  243  281  300  304  353  333  354  385  366  373  402
 [91]  472  489  471  468  496  581  619  668  735  751  852  834  855  997 1008
[106] 1034 1028 1056 1137 1104 1144 1202 1241 1377 1459 1416 1449 1501 1494 1605
[121] 1633

[[96]]
  [1]  10  11   7   9  11   6  11  11   8   9  15  21  10   9   8   7   9   7
 [19]  12  10  13  16  16  13  11   8  14  30  25  22  17  31  32  34  34  28
 [37]  48  36  35  37  38  47  63  51  41  44  45  39  50  53  54  65  66  85
 [55]  89 104  85  96  94 104 121 115 136 181 166 137 130 139 146 149 154 179
 [73] 180 174 192 208 219 207 212 208 204 218 247 232 219 224 232 259 267 254
 [91] 283 274 271 291 273 322 320 292 322 361 384 397 369 388 372 408 419 437
[109] 459 451 483 506 535 494 551 604 605 611 616 633 689

[[97]]
  [1] 10 15 12  8  9 11 10 11  9  8 12  6  3  3  2  1  1  1 10 11  7  7  7 10  7
 [26]  6  9 10  8 11 10  7  7 24 28 24 17 19 11  9  7  6  9  7 14 17 22 15 11 11
 [51]  9 15 10 13 11 16 13 13 11 10 10 14 11 10  9 12 19 13 13 16 14 13 11  9  8
 [76]  9 18 11 14 16 12 17 15 15 20 23 22 19 24 26 27 34 27 41 35 34 33 40 34 50
[101] 58 42 47 44 46 51 47 54 48 44 39 53 53 51 60 69 84 92 88 73 83

[[98]]
  [1]   10    5   10    9   13   14   13   10   13   22   25   24   23   27   20
 [16]   26   29   37   34   28   22   31   35   32   28   28   36   40   53   40
 [31]   31   48   57   58   48   45   45   45   51   55   44   48   60   65   73
 [46]   94   90   97  105   97   87  104   84   91  106  117  135  148  178  157
 [61]  169  165  176  187  191  236  222  230  253  287  273  261  263  270  288
 [76]  322  312  356  358  379  382  446  413  400  415  513  522  515  549  604
 [91]  629  637  642  656  722  703  746  763  815  815  882  946 1039 1007 1023
[106] 1014 1130 1187 1263 1340 1338 1422 1471 1629 1706 1779 1812 1834 1907 1989
[121] 2031

[[99]]
  [1]  10  16  11  14  10   7   5  13   6   8  14   8   7   6   5   3   3   5
 [19]   2   4   8  10   8   6   5  14  11  10  14   8   8   9  12   8   7   5
 [37]   5  11  13   9  17  20  16  25  31  25  30  30  28  26  26  34  38  31
 [55]  31  51  47  51  53  46  56  45  58  52  58  63  77  75  65  94  78  69
 [73]  65  77  62  79  64  65  78  98  99  85  86  92 123 119 118 108 118 132
 [91] 139 134 133 116 149 122 136 159 165 168 151 153 158 154 144 156 163 156
[109] 152 170 176 189 214 185 193 215 270 267 289 308 289

[[100]]
  [1] 10 16  8  7 13  6  6  6  7 16 10  8 14 16 12 15 16 13 16 13  8  7  4  3  3
 [26]  3  3  1  1  0  0  0  0  0  0  0  0  0  0  0  0  0  0  0  0  0  0  0  0  0
 [51]  0  0  0  0  0  0  0  0  0  0  0  0  0  0  0  0  0  0  0  0  0  0  0  0  0
 [76]  0  0  0  0  0  0  0  0  0  0  0  0  0  0  0  0  0  0  0  0  0  0  0  0  0
[101]  0  0  0  0  0  0  0  0  0  0  0  0  0  0  0  0  0  0  0  0  0

[[101]]
  [1] 10 13  9 11 12  8 14 19 19 19 14  9 12 14 16 13 16 11  9 16 11  8 18 11 10
 [26] 17 13 16 13 12 16 11  8  7  8 12 16 12 16  9 13 13 10  6 11 14 14 10  9 12
 [51] 18 14  9 12 14 14 13 16 11 10 14 18 11  9 13 18 13 12 11 14  9  3  8  5  5
 [76]  3  9  3  2  1  0  0  0  0  0  0  0  0  0  0  0  0  0  0  0  0  0  0  0  0
[101]  0  0  0  0  0  0  0  0  0  0  0  0  0  0  0  0  0  0  0  0  0

[[102]]
  [1]   10   12    6   14   16   11   17   12   10   16   24   21   15   21   23
 [16]   21   17   19   13   25   19   20   33   30   28   26   25   24   37   29
 [31]   31   25   21   40   46   51   49   60   41   42   49   47   52   40   57
 [46]   70   81   86   90   98  105  128  101   96  109  122  146  122  122  106
 [61]  134  135  144  139  141  138  127  152  163  184  159  163  169  165  174
 [76]  198  196  205  234  226  217  195  253  288  280  307  293  308  362  371
 [91]  371  353  404  439  425  460  463  455  505  556  571  573  606  621  668
[106]  738  688  681  742  793  822  795  829  885  921  920 1005 1045 1025 1075
[121] 1175

[[103]]
  [1]  10   9   9  17  18  18  17  14  21  21  18  16   9   8   7   4  14   8
 [19]   6   5   5  25  25  15  16  14  15  14   9   7  18  13  12   7  11   6
 [37]  10  14  11   9  11   6   6   4   3   3   9  12   9  10   9   7  10  11
 [55]   8   7  11  12  10   7   6   6  15  12   8   9  18  15  11   9   9  13
 [73]  22  19  21  21  22  27  22  26  28  31  39  36  42  40  51  55  58  67
 [91]  81  68  68  63  78  89  74  81  74  97  86  95 116 131 113 131 146 128
[109] 145 154 167 167 164 154 187 173 193 199 187 240 224

[[104]]
  [1] 10  8  6  6 11 11  7  4  4  4  8  4  4  4  4  2  1  1  1  1  1  1  1  1  1
 [26]  1  1  0  0  0  0  0  0  0  0  0  0  0  0  0  0  0  0  0  0  0  0  0  0  0
 [51]  0  0  0  0  0  0  0  0  0  0  0  0  0  0  0  0  0  0  0  0  0  0  0  0  0
 [76]  0  0  0  0  0  0  0  0  0  0  0  0  0  0  0  0  0  0  0  0  0  0  0  0  0
[101]  0  0  0  0  0  0  0  0  0  0  0  0  0  0  0  0  0  0  0  0  0

[[105]]
  [1]  10   8   7  12  14  31  23  19  22  30  20  26  32  19  17  14  19  23
 [19]  23  17  26  23  40  34  24  24  27  26  18  24  16  26  22  26  30  20
 [37]  22  23  29  20  28  35  29  25  27  30  27  26  25  30  36  39  37  33
 [55]  23  54  45  39  31  48  39  38  29  23  33  39  34  34  34  25  32  36
 [73]  43  59  58  59  59  60  74  83  86  75  63  67  89  87  88  81  83  94
 [91]  95 103 119 108  98  91 115 135 127 109  97 110 125 122 105 108 116 115
[109] 111 144 140 134 143 123 104  97 136 148 159 173 165

[[106]]
  [1]   10   19   27   22   18   17   14   14   23   31   40   26   20   20   42
 [16]   32   36   38   33   43   34   34   33   32   26   34   43   44   59   47
 [31]   43   47   46   45   64   58   65   57   44   50   51   51   53   73   66
 [46]   54   53   63   77   64   75   72   99  107   96   88   91   90   97  108
 [61]  117  112  105   88   87   99  109  119  143  127  143  151  188  214  233
 [76]  226  258  285  292  274  301  343  364  339  375  457  470  447  447  471
 [91]  495  576  638  628  621  614  661  791  788  792  834  837  864  925  961
[106]  997 1065 1057 1068 1131 1180 1200 1256 1275 1326 1425 1438 1494 1562 1629
[121] 1627

[[107]]
  [1]  10  23  24  25  22  24  21  26  29  32  29  27  26  25  24  17  39  24
 [19]  24  24  21  16  12  20  26  32  33  33  33  41  29  24  30  29  30  39
 [37]  32  34  31  24  32  47  51  49  42  48  63  57  56  38  49  57  48  54
 [55]  46  37  49  60  48  54  51  53  48  51  64  82  97 101  97 110 109 127
 [73] 106 103 103 123 161 143 136 135 162 154 171 164 180 197 221 202 190 238
 [91] 245 250 240 274 302 270 292 321 348 375 387 371 387 404 417 386 464 458
[109] 449 419 431 468 506 541 580 566 528 622 660 662 651

[[108]]
  [1] 10  6  3  3  9  6  6  7  6  4  4  4  3  2  2 14  7  6  6  4  3  2  1  0  0
 [26]  0  0  0  0  0  0  0  0  0  0  0  0  0  0  0  0  0  0  0  0  0  0  0  0  0
 [51]  0  0  0  0  0  0  0  0  0  0  0  0  0  0  0  0  0  0  0  0  0  0  0  0  0
 [76]  0  0  0  0  0  0  0  0  0  0  0  0  0  0  0  0  0  0  0  0  0  0  0  0  0
[101]  0  0  0  0  0  0  0  0  0  0  0  0  0  0  0  0  0  0  0  0  0

[[109]]
  [1]   10   15   19   23   25   34   22   17   18   31   54   51   33   25   23
 [16]   39   41   46   42   31   39   52   47   44   50   45   37   35   36   35
 [31]   45   56   55   46   64   58   54   56   61   57   66   54   68   52   80
 [46]   76   65   71   75   90  103   95  110   90   77  107  113  108  111  132
 [61]  150  171  188  212  194  223  218  202  227  230  229  298  267  289  254
 [76]  273  309  310  339  331  381  388  371  371  394  404  419  485  524  506
 [91]  541  530  613  669  656  630  662  728  782  795  756  816  798  852  930
[106] 1021 1122 1114 1144 1126 1165 1280 1344 1336 1374 1422 1443 1517 1598 1688
[121] 1737

[[110]]
  [1]  10  15  14  16  23  23  30  24  19  37  37  35  26  36  37  48  46  49
 [19]  43  44  46  50  55  63  60  58  51  61  72  70  65  69  68  69  63  87
 [37]  79  89  94  85  88  78  87  94  93 105  92  94  99 112 108 128 103 104
 [55] 108 142 159 158 157 196 186 178 186 190 193 208 200 192 179 199 192 185
 [73] 179 177 196 207 212 216 231 213 225 225 247 260 246 281 237 278 269 286
 [91] 294 288 318 355 347 342 392 413 440 449 469 574 537 519 500 502 517 506
[109] 504 554 524 546 613 651 658 660 628 683 706 698 782

[[111]]
  [1]  10  23  30  22  21  25  26  24  33  32  34  27  26  20  20  25  26  33
 [19]  40  25  37  29  37  46  41  39  43  45  45  51  48  63  57  66  85  82
 [37]  79  77  63  71  70  84  96 105  93  85 105 100  83 106 105 117 134 154
 [55] 152 145 133 125 128 130 134 157 149 131 125 147 161 166 156 196 185 186
 [73] 184 180 181 204 196 216 234 210 175 193 186 183 207 210 229 238 228 263
 [91] 292 263 279 320 346 388 382 368 356 380 457 470 421 455 433 459 471 520
[109] 610 610 623 599 628 687 746 734 783 787 784 840 877

[[112]]
  [1]   10   16   13   12   11   15   10   16   30   31   21   30   27   21   15
 [16]   17   18   28   29   38   32   26   28   32   27   33   32   29   41   38
 [31]   36   31   40   39   30   32   49   53   51   47   50   66   59   71  108
 [46]  126  109  102  114  137  121  122  119  111  118  138  140  131  169  183
 [61]  167  166  181  208  198  228  225  227  240  251  272  265  284  285  328
 [76]  313  317  314  337  352  362  438  431  462  548  529  547  600  618  621
 [91]  631  653  645  714  789  763  742  764  827  799  857  934  955  962 1109
[106] 1156 1224 1201 1342 1357 1368 1439 1487 1603 1636 1687 1750 1795 1963 2001
[121] 2119

[[113]]
  [1]  10  11   7   6   9  14  12  16  11  10  16  14  20  13  10  12  10   6
 [19]  12  12  11   8   8  17  12  11   6  15  19  23  17  20  19  28  27  18
 [37]  19  21  27  31  32  30  32  28  31  31  37  48  42  51  42  64  54  54
 [55]  58  51  54  66  63  54  58  55  48  51  61  64  66  83  77  85  85  78
 [73]  82  79  97 101  90  86 102 106 109 126 107  99 106 135 156 124 150 149
 [91] 147 136 135 137 181 198 191 171 174 186 191 182 168 185 217 230 250 246
[109] 237 294 284 306 310 324 350 383 345 371 385 405 415

[[114]]
  [1]   10   12   15   12    9    8   25   20   18   14   12   16   19   12   12
 [16]   21   18   21   20   21   26   20   18   11   20   19   28   24   24   37
 [31]   33   38   32   48   46   40   46   35   33   34   35   35   50   53   63
 [46]   58   51   63   57   73   90   80   95   90  106  116  127  144  166  158
 [61]  174  159  176  192  211  209  185  224  237  241  248  263  296  302  326
 [76]  352  379  352  357  385  413  420  469  480  469  495  555  615  592  615
 [91]  609  647  602  633  678  691  804  833  864  915  904  974  973 1007 1089
[106] 1173 1216 1250 1310 1315 1353 1358 1497 1565 1607 1600 1650 1807 1889 1944
[121] 2026

[[115]]
  [1] 10  9 10  9  8 10  6  5  7  5  2  4  4  1  0  0  0  0  0  0  0  0  0  0  0
 [26]  0  0  0  0  0  0  0  0  0  0  0  0  0  0  0  0  0  0  0  0  0  0  0  0  0
 [51]  0  0  0  0  0  0  0  0  0  0  0  0  0  0  0  0  0  0  0  0  0  0  0  0  0
 [76]  0  0  0  0  0  0  0  0  0  0  0  0  0  0  0  0  0  0  0  0  0  0  0  0  0
[101]  0  0  0  0  0  0  0  0  0  0  0  0  0  0  0  0  0  0  0  0  0

[[116]]
  [1]  10   6   4   4  10  17  10  10   6   6   4   4   2   1   1   1   1   1
 [19]   1   1   1   1   1   1   1   1   1   1   5   2   2   2   2   2   1   1
 [37]   7   4   4   4   4  10  14  13  11   9  15   9   8  12   5   4  12  15
 [55]  18  26  18  12  15  32  25  24  30  43  35  45  58  46  53  59  73  65
 [73]  64  81  99 106 107  85  81  95  86  79  77  97 117 133 122 133 122 117
 [91] 144 155 128 129 179 173 160 155 181 179 195 217 209 209 233 251 271 296
[109] 327 309 305 283 378 336 368 374 403 395 404 464 434

[[117]]
  [1]   10   16   16   20   16   16   15   23   25   21   18   27   21   18   17
 [16]   29   42   42   37   28   38   52   55   45   37   31   29   28   29   39
 [31]   33   39   37   38   39   43   42   54   57   57   66   70   71   62   65
 [46]   70   67   73   66   66   62   66   71   95  111  110  112   99  118  129
 [61]  127  122  124  138  157  152  140  136  145  174  160  156  173  179  171
 [76]  191  213  221  201  185  222  237  250  265  281  280  294  280  323  319
 [91]  367  379  371  394  399  457  483  440  500  537  566  566  547  608  650
[106]  710  754  669  707  738  787  838  752  820  824  856  980  998  974 1049
[121] 1182

[[118]]
  [1] 10  6  4  3  3  3  3  6  3  7  5  5  4  7  4  4 10  9 12  9  8  6  3  3  2
 [26]  2  4  2  1  0  0  0  0  0  0  0  0  0  0  0  0  0  0  0  0  0  0  0  0  0
 [51]  0  0  0  0  0  0  0  0  0  0  0  0  0  0  0  0  0  0  0  0  0  0  0  0  0
 [76]  0  0  0  0  0  0  0  0  0  0  0  0  0  0  0  0  0  0  0  0  0  0  0  0  0
[101]  0  0  0  0  0  0  0  0  0  0  0  0  0  0  0  0  0  0  0  0  0

[[119]]
  [1]   10   10   14   16   22   14   15   13   12   11   18   13   19   21   23
 [16]   26   38   37   39   35   26   31   43   39   46   38   34   26   33   37
 [31]   32   44   52   53   50   52   43   50   65   71   88   68   74   87   95
 [46]  105   88  105  123  108  119   99  115  107  116  137  110  118  104  106
 [61]   97  102  126  142  146  144  133  147  117  135  141  166  143  156  162
 [76]  212  230  243  256  264  288  278  287  318  360  338  353  352  397  367
 [91]  342  382  434  419  446  424  444  460  542  536  545  545  615  660  692
[106]  711  743  737  818  923  900  944  997 1049 1084 1124 1280 1321 1349 1436
[121] 1437

[[120]]
  [1]   10   18   12    9    9   12   15   22   15   11    9    9    7   15   15
 [16]   12   19   23   18   18   23   32   29   30   34   39   28   55   56   57
 [31]   54   55   68   59   65   64   65  107   86   82   82  103  102  102  129
 [46]  135  143  145  158  149  151  191  204  209  223  226  217  219  227  247
 [61]  256  240  275  312  315  299  326  307  324  365  352  389  403  429  415
 [76]  491  507  497  528  542  537  548  587  625  685  669  747  758  826  858
 [91]  922  943  992  925  976 1071 1162 1223 1218 1256 1301 1344 1455 1512 1630
[106] 1687 1734 1750 1784 1875 2034 2113 2226 2275 2488 2521 2734 2911 3008 3055
[121] 3161

[[121]]
  [1] 10  7  5  6  5  7  5 14 10  7  7  5  4  9  8 10  6  4  4  3  3  2  1  1  6
 [26]  4  3  1  0  0  0  0  0  0  0  0  0  0  0  0  0  0  0  0  0  0  0  0  0  0
 [51]  0  0  0  0  0  0  0  0  0  0  0  0  0  0  0  0  0  0  0  0  0  0  0  0  0
 [76]  0  0  0  0  0  0  0  0  0  0  0  0  0  0  0  0  0  0  0  0  0  0  0  0  0
[101]  0  0  0  0  0  0  0  0  0  0  0  0  0  0  0  0  0  0  0  0  0

[[122]]
  [1]  10  19  12  17  16  10  16  14   8   9   7   8  14  10   9  23  16  12
 [19]  11  15   9   9  10  15  13  10   9   8  16  22  22  19  20  17  18  12
 [37]   9  12  14  15  10  13  15  21  13   8   7   6   4   3   9   7  13  25
 [55]  18  25  36  26  28  29  49  42  48  44  43  43  53  64  68  72  52  65
 [73]  85  82  70  72  72  61  96 110 112 113 116 107 102  89 102 126 157 143
 [91] 143 127 123 138 150 152 174 171 206 212 210 213 223 233 229 246 272 246
[109] 256 296 267 309 289 335 320 346 394 383 391 360 394

[[123]]
  [1]   10   13   13   17   12   11   10   16   18   12   10   14   13   10    9
 [16]    9   13    8    6    8   14   25   19   14   12   13   23   15   21   23
 [31]   24   26   25   23   23   43   32   32   26   22   24   29   30   38   26
 [46]   25   24   23   38   40   36   27   28   23   43   48   50   39   31   32
 [61]   34   59   45   60   72   69   70   72   74   88   98  108  110  124  135
 [76]  131  112  127  166  172  170  166  199  211  196  208  204  210  238  260
 [91]  270  279  297  302  304  306  325  362  362  385  396  425  443  540  565
[106]  585  620  659  717  715  737  834  841  902  926  979  964 1043 1046 1073
[121] 1137

[[124]]
  [1]   10   14   11   10   13   13   25   24   27   31   26   36   28   23   27
 [16]   31   46   43   38   36   30   25   36   34   40   52   46   54   43   50
 [31]   67   75   63   61   89   77   74   86   79   93  102  114  112  115  142
 [46]  153  162  144  147  169  177  158  172  197  183  181  196  182  209  220
 [61]  255  237  240  226  291  311  336  320  300  334  354  376  365  420  429
 [76]  428  397  420  458  511  534  569  593  590  598  650  630  653  688  693
 [91]  739  696  719  748  876  920  909  948  905  980 1042 1051 1095 1056 1077
[106] 1190 1204 1269 1284 1373 1442 1416 1450 1570 1586 1677 1768 1828 1917 1930
[121] 2008

[[125]]
  [1]  10  16  25  19  15  12  11  15  11   8   7  13  10   6   6   5   5   3
 [19]   3   3   2   8   8  11   9   7   6   6   6   4   4   4   3   3   9   8
 [37]   7   7  13   8   5   5   5  16  15  19  16  20  26  22  27  37  45  45
 [55]  38  33  40  43  44  38  37  52  59  50  61  45  53  46  71  76  61  56
 [73]  72  75  80  93  77  77  95 128 120 148 121 123 123 141 165 172 161 186
 [91] 173 234 227 229 242 251 254 289 264 267 253 278 339 334 350 360 392 365
[109] 402 397 414 417 445 500 563 536 542 605 634 645 669

[[126]]
  [1]   10   18   12    9   11    9   12   10   21   14   21   15   23   14   16
 [16]   24   25   36   23   25   25   31   24   18   19   14   26   19   17   18
 [31]   25   24   14   23   19   36   39   33   41   49   42   33   38   47   36
 [46]   49   55   41   44   45   53   81   71   65   71   79   82   95   96  106
 [61]  111  131  143  134  144  139  166  201  195  200  214  203  232  243  266
 [76]  254  272  255  265  268  339  354  372  375  374  378  378  397  425  428
 [91]  409  436  434  468  549  608  583  582  598  622  662  687  688  765  799
[106]  829  852  924  949  998 1127 1141 1197 1271 1338 1428 1532 1507 1575 1565
[121] 1665

[[127]]
  [1] 10  8 12 10 14 12  8  7  8  6  5  5  4  2  2  1  0  0  0  0  0  0  0  0  0
 [26]  0  0  0  0  0  0  0  0  0  0  0  0  0  0  0  0  0  0  0  0  0  0  0  0  0
 [51]  0  0  0  0  0  0  0  0  0  0  0  0  0  0  0  0  0  0  0  0  0  0  0  0  0
 [76]  0  0  0  0  0  0  0  0  0  0  0  0  0  0  0  0  0  0  0  0  0  0  0  0  0
[101]  0  0  0  0  0  0  0  0  0  0  0  0  0  0  0  0  0  0  0  0  0

[[128]]
  [1] 10 17 18 12 12 15 19 16 12 22 12 14 13 17 23 24 21 17 13 12  9  7 10  8 11
 [26] 16 14 19 11  7  5  5 10  6  6  5  3  3  2  1  1  1  3  1  1  1  1  1  1  1
 [51]  1  1  2  0  0  0  0  0  0  0  0  0  0  0  0  0  0  0  0  0  0  0  0  0  0
 [76]  0  0  0  0  0  0  0  0  0  0  0  0  0  0  0  0  0  0  0  0  0  0  0  0  0
[101]  0  0  0  0  0  0  0  0  0  0  0  0  0  0  0  0  0  0  0  0  0

[[129]]
  [1]  10   7   5   4  15  17  12  10   7   8  10  10   4   3   3   3   2   1
 [19]   1   6   2   2   1   1   1   1   1   3   1   1   1   1   1   1   1   9
 [37]   7  10  10  11  12  15  12  10  11  17  20  20  17  13  12  10  14  20
 [55]  17  15  13  21  15  16  12  13  11   9   8  10  20  22  27  19  26  33
 [73]  38  39  34  34  29  34  27  22  16  28  29  30  26  24  18  23  35  25
 [91]  25  33  27  27  28  41  41  44  50  68  62  51  53  42  40  57  62  68
[109]  67  57  81  94 102 104  93 104 119 122 122 131 131

[[130]]
  [1]  10  19  21  16  12  20  15  18  17  16  14  11  13  13  20  17  16  14
 [19]  11  13  12  20  18  13  11  20  22  20  32  39  41  45  69  49  47  48
 [37]  66  75  73  54  48  54  52  41  52  57  49  38  43  38  48  67  70  59
 [55]  62  67  79  66  77  73  73  59  80  89  80  75  75  81  76  78  94  83
 [73] 109 110 103 107 109  98 115 146 145 138 148 161 174 185 154 170 176 189
 [91] 215 197 207 199 216 226 231 223 230 233 231 229 281 305 304 274 269 308
[109] 330 348 341 320 342 346 378 381 382 398 428 387 427

[[131]]
  [1]  10  13  13  16  14   9  19  24  17  13  16  15  21  26  22  17  12  17
 [19]  20  25  26  35  30  29  33  26  24  20  24  22  31  26  26  29  25  24
 [37]  34  22  26  31  25  23  17  22  14  14  16  17  18   8  23  36  32  30
 [55]  33  35  38  33  31  29  33  56  45  41  46  49  52  71  75  71  82  92
 [73] 105  95 105 117 115  97  94 115 120 124 108  99 134 119 110 138 157 176
 [91] 158 176 189 190 189 201 203 236 217 231 269 292 285 294 307 332 377 395
[109] 433 418 433 481 514 540 576 581 569 603 611 614 665

[[132]]
  [1]  10   5   5   5   4   6   4   4   8   7   7   6   9   8   7   9   8   8
 [19]  16  17  13  10  12  13  10  11  16  17  16  10  18  13  17  20  20  13
 [37]  18  13  11  19  11  22  41  34  32  46  44  45  36  43  54  59  78  64
 [55]  60  51  60  61  87  83  84  73  82  82  85  96  95 104 107  97 104 114
 [73] 102 126 114 115 137 146 153 158 174 177 162 142 136 181 181 193 187 214
 [91] 199 223 213 224 241 281 268 267 263 279 281 324 310 347 343 356 380 367
[109] 373 362 364 387 426 415 469 517 551 546 595 642 637

[[133]]
  [1]   10   10    6    5    5    4    9    7   15   17   23   17   25   30   32
 [16]   32   36   40   42   30   32   34   36   43   34   48   58   67   54   55
 [31]   61   72   88   99   90   83   94   96  113  124  120  114  116  141  126
 [46]  155  122  137  138  134  142  161  160  174  159  182  181  174  215  269
 [61]  252  255  258  255  301  278  282  317  354  344  340  353  389  397  414
 [76]  410  440  459  429  471  483  539  550  581  635  684  681  700  708  756
 [91]  843  890  925  945 1003 1023 1098 1133 1090 1112 1137 1217 1242 1208 1251
[106] 1276 1412 1515 1541 1591 1633 1725 1778 1861 1960 1939 1998 2063 2203 2251
[121] 2284

[[134]]
  [1]   10   10    9   14   14   17   12   13   18   19   13    9   13   18   15
 [16]   13   15   23   25   38   40   43   41   45   46   37   38   69   65   59
 [31]   63   51   57   73   80   78   62   85   91   88   83   67   67   77   85
 [46]   92  105  108  120  115  118  150  130  138  133  147  167  174  181  182
 [61]  179  177  181  189  207  207  231  216  246  277  274  295  307  347  351
 [76]  306  338  325  347  379  382  399  429  424  453  442  456  469  526  565
 [91]  569  604  637  661  634  682  701  722  757  776  813  819  886  941  960
[106]  965  966 1093 1181 1203 1153 1205 1291 1375 1418 1492 1551 1653 1681 1668
[121] 1799

[[135]]
  [1]  10  18  17  13  15  14  15  13  13  14  14   9  11  10   7  12  10   7
 [19]   7   6   9  13  10  13  14   9   7   7   7  10   7  11   9   7   7   9
 [37]  15   7   6   5  11  11  17  18  19  27  28  20  18  16  23  24  23  15
 [55]  21  20  19  17  20  28  41  21  15  12  19  16  23  23  19  27  18  28
 [73]  32  36  34  36  29  31  37  47  54  47  44  46  61  76  74  67  64  93
 [91]  84  98 112  99 111  95  72  86 101  91 115 115 114 117 143 128 136 167
[109] 215 175 217 209 232 247 266 305 312 312 322 343 335

[[136]]
  [1]   10   11    8   34   30   17   16   33   28   20   20   15   15   21   43
 [16]   46   38   36   37   41   55   66   56   78   77   81  107  131  111   88
 [31]   98  117  123  128  125  124  120  156  163  163  168  164  164  182  171
 [46]  185  209  214  190  199  203  234  225  222  205  230  312  309  297  302
 [61]  288  262  260  292  322  302  316  345  360  353  394  425  437  428  500
 [76]  465  478  489  530  580  593  628  610  665  739  739  788  754  851  914
 [91]  858  866  920 1044 1069 1049 1076 1159 1215 1288 1291 1345 1378 1447 1491
[106] 1554 1623 1688 1705 1779 1820 1849 1999 2032 2154 2356 2377 2448 2485 2741
[121] 2875

[[137]]
  [1]   10   12   10    8   11   18   17   24   27   30   23   29   32   43   34
 [16]   30   40   35   37   38   39   48   48   58   70   68   61   49   71   75
 [31]   61   57   54   56   62   76   80   91   91   78   96  102  110  108  101
 [46]  103  106  127  107  108  116  118  126  122  123  124  140  130  130  177
 [61]  170  177  189  204  203  216  213  225  232  206  221  228  262  273  309
 [76]  314  281  301  321  341  382  383  400  407  454  507  508  523  512  540
 [91]  527  597  629  700  680  703  742  834  868  906  908  988  955 1052 1145
[106] 1162 1249 1204 1309 1325 1363 1498 1468 1456 1453 1577 1662 1652 1670 1669
[121] 1705

[[138]]
  [1]  10  16   8   6   5   5   9   9  13  18  15  12  14  18  15  16  26  22
 [19]  14  13  10   9   8  16  11   9  12  13  11  11  11  12   7   7   8   9
 [37]   6   6   6  12  13   9   6  13  13  12   9  15  13  14  12  11  19  16
 [55]  12  13  29  34  22  19  17  16  20  24  18  20  23  33  49  44  46  45
 [73]  42  35  34  46  62  65  58  58  66  69  68  79  69  63  82  77  80  82
 [91]  92  96 109 119 121 111 106  99 104 129 136 113 117 126 132 135 166 139
[109] 146 130 136 164 221 199 196 187 204 202 237 253 293

[[139]]
  [1]   10    7   11   17   13   13   13   24   15   12   17   27   22   24   32
 [16]   33   41   28   27   31   23   22   33   22   33   38   34   32   28   34
 [31]   26   39   53   59   68   63   68   77   66   68   70   69   67   81   67
 [46]   55   67   56   42   48   56   59   51   56   56   62   83   78   76   60
 [61]   67   75   74   80   86   86   97   98   79  100  117  115  134  133  152
 [76]  133  182  204  210  210  233  240  280  280  301  290  329  357  302  318
 [91]  351  365  363  391  424  374  375  401  433  487  484  509  555  536  555
[106]  557  652  686  746  742  776  732  765  736  818  783  836  913  906  896
[121] 1001

[[140]]
  [1]   10   16   27   17   16   31   29   34   24   32   26   30   33   34   41
 [16]   42   41   45   51   49   38   36   28   44   45   39   40   41   28   28
 [31]   52   35   29   21   19   34   29   23   30   43   45   51   51   47   38
 [46]   45   40   41   50   55   44   45   36   53   54   53   48   59   54   66
 [61]   94   98   97   94   96  106  100  124  153  147  143  139  210  197  182
 [76]  193  231  236  240  222  256  323  300  297  322  324  336  348  418  422
 [91]  435  449  495  524  557  550  573  573  605  663  674  733  708  811  856
[106]  863  881  855  884  914 1031 1113 1107 1180 1168 1203 1291 1365 1353 1457
[121] 1560

[[141]]
  [1]   10    7   11   18   17   13   11    9   14   25   35   26   28   26   23
 [16]   28   35   41   41   37   35   33   33   49   43   45   44   53   53   51
 [31]   61   70   67   51   75   68   56   51   64   47   64   72   68   72   80
 [46]   68   73   66   78   70   88   74   76   80   93  101  105  133  134  154
 [61]  146  167  155  153  197  197  187  169  185  185  188  192  186  201  183
 [76]  176  222  246  254  276  284  285  330  305  331  387  416  429  432  441
 [91]  435  458  493  520  517  558  561  512  561  595  664  695  702  745  812
[106]  828  853  845  913 1059 1116 1123 1212 1244 1377 1465 1480 1476 1520 1640
[121] 1711

[[142]]
  [1]  10  10  14   9   8  12  19  24  22  17  14  18  19  15  14  27  23  19
 [19]  18  19  15  25  39  25  18  16  25  30  25  25  30  29  26  39  43  37
 [37]  41  41  39  41  47  41  38  38  42  40  38  66  77  63  53  49  74  62
 [55]  79  88  90  86  80  64  77  98  86  95  82 107  95 120 112 118 131 142
 [73] 134 153 179 199 193 181 185 174 173 213 248 248 287 250 312 327 306 310
 [91] 308 311 358 360 351 346 373 371 363 388 402 459 486 491 500 513 518 590
[109] 559 606 625 661 632 672 696 778 816 808 834 893 912

[[143]]
  [1]  10  21  19  17  28  23  17  17  22  37  30  20  21  32  30  19  27  27
 [19]  37  30  32  41  35  32  25  24  31  34  31  29  28  24  27  20  17  11
 [37]  10   9  22  15   9   8   6   6  13  16  13  13  19  14  12  11  15  22
 [55]  13  10   9  11   4   4   7   9  11  16  12   9   8  12  14  10  22  27
 [73]  24  30  33  35  29  25  28  28  36  58  49  59  66  59  67  66  78  79
 [91]  58  75 101 103 111 135 143 144 147 164 174 140 159 166 169 188 175 162
[109] 173 176 181 198 222 234 224 231 233 235 243 267 260

[[144]]
  [1]   10   16   15   22   20   20   14   14   14   15   14   13   20   31   28
 [16]   26   19   37   34   27   27   31   39   45   46   51   65   76   62   64
 [31]   66  102   95   89   89   90   91   82  105  108  130  132  157  137  135
 [46]  136  136  140  160  157  184  200  193  232  240  224  217  240  246  270
 [61]  304  328  304  295  304  291  310  322  324  365  383  372  391  385  383
 [76]  392  390  424  402  422  397  512  487  487  459  461  554  577  571  540
 [91]  577  596  606  650  722  713  743  791  886  882  953 1024 1013  956 1050
[106] 1197 1268 1362 1385 1377 1539 1531 1639 1685 1831 1971 1969 2088 2128 2294
[121] 2392

[[145]]
  [1]  10  10   9   6  10   7   5   5  11  10   9   7   5   5  19  11   6  10
 [19]   7  11   5   3   8  16  16  16  11  14  25  13  12   9  16  18  22  24
 [37]  23  20  18  13  15  20  20  14  17  17  19  30  34  32  33  41  42  48
 [55]  48  58  47  40  41  49  39  54  55  76  54  81  88  89  88  86 114 139
 [73] 158 150 156 171 194 200 199 195 185 213 228 231 233 224 242 248 265 298
 [91] 279 324 297 312 345 320 335 358 370 358 384 367 405 430 439 479 464 442
[109] 480 500 516 515 606 628 671 660 691 701 708 727 780

[[146]]
  [1]  10  11   8   6   6   4  14  16  13  11   9   8  15  15  17  14  13  23
 [19]  19  13  17  14  20  27  18  21  30  21  21  23  19  17  27  25  19  23
 [37]  30  36  26  23  22  23  23  46  50  55  61  66  50  57  66  85  70  80
 [55]  82  87 100  94  97  97 100 117 118 106 115 135 127 134 165 172 150 150
 [73] 141 147 153 141 158 157 203 196 210 221 239 234 253 293 253 267 280 313
 [91] 336 336 356 351 333 358 393 411 437 403 422 428 463 469 457 468 500 527
[109] 540 541 541 547 606 649 669 663 663 739 723 703 732

[[147]]
  [1]  10  17  10   7   7   6   6   5   5  14  17  14   6   5   5   3   3   3
 [19]   3   4   3   3   2   2   2   1   1   1   9   6   5   5  10   4  10  12
 [37]  19  17  20  14  14  28  29  26  32  31  43  33  30  31  39  40  31  26
 [55]  33  31  35  37  52  53  50  55  60  59  54  62  91  93  96  96 109 107
 [73] 114 117 105 106 125 139 150 140 166 159 165 149 148 156 181 172 164 178
 [91] 172 183 178 171 174 201 176 150 160 193 189 179 192 196 206 216 204 199
[109] 259 265 251 303 309 316 310 321 381 415 450 458 449

[[148]]
  [1]  10  22  17  19  18  15  29  32  27  22  16  27  23  25  16  19  23  17
 [19]  26  42  34  35  43  45  29  29  30  40  45  41  46  45  34  43  39  37
 [37]  28  36  39  31  50  51  44  40  25  27  31  35  44  40  31  27  26  28
 [55]  34  50  37  29  40  60  59  73  75  65  73  76  80  78  86 100  96  92
 [73]  99 112 110 101  94  99 117 114 106 100 104 101 118 132 131 166 143 138
 [91] 135 122 135 159 155 147 160 164 191 198 225 257 273 261 256 295 284 318
[109] 335 355 354 359 383 381 376 400 416 434 424 444 482

[[149]]
  [1]  10   3   3   3   9  11  15  18  19  19  23  20  22  22  16  19  13  11
 [19]  11  10   5   4  10   6   5   5  10   6  14  14   8   8  19  13  11  11
 [37]  16  13  21  30  26  20  17  26  28  24  28  31  22  27  34  32  31  42
 [55]  43  30  24  36  66  71  63  56  54  52  87  82  78  76  92  89 115 107
 [73]  90  88 104 106  82  90 102 102  91  92  89  86  96 112 111 104 119 113
 [91] 112 138 155 158 138 134 126 144 160 178 175 179 192 189 185 228 260 274
[109] 252 280 307 342 329 342 339 358 360 385 412 428 405

[[150]]
  [1]   10   11    8    7    7    5   11   19    7    6    4   11    9    7    6
 [16]   11   10    8    8   21   22   19   17   22   36   34   35   42   37   36
 [31]   37   49   53   50   61   64   56   68   72   77   78   65   73   85   91
 [46]   81   85   88   91   86   88   87   99  118  123  110  123  123  145  142
 [61]  136  141  136  144  143  139  184  228  208  193  191  200  221  256  263
 [76]  283  304  318  294  254  290  315  305  293  292  327  369  390  376  391
 [91]  365  440  464  438  429  440  441  502  551  542  487  530  529  568  622
[106]  707  745  677  732  760  796  863  838  863 1018 1063 1088 1117 1120 1186
[121] 1233

> save(reslist, file=paste("output",iter,".rda",sep=""))
> 
> 
> ###############################################################
> 
> 
> # Clear the workspace and turn off graphics.
> #  Load all the functions you need by sourcing the provided demographic.R file
> #  Read in the job number from the cluster. To do this, your code should include a new
> # variable iter and should start with the line:
> # iter <- as.numeric(Sys.getenv(PBS_ARRAY_INDEX))
> #  Control the random number seeds so that each parallel simulation takes place with a
> # different seed. Your function should therefore set the random number seed as iter so that
> # each parallel simulation has a unique random seed.
> #  In each parallel run, select the initial condition to be used. Ensure that 25 of the parallel
> # simulations are allocated to each of the initial conditions.
> #  Create a variable which is the filename to store your results. The end of the filename
> # should be the number iter to ensure that simulation files do not overwrite one another on
> # the cluster.
> #  Initialise a list which will contain the results of your 150 simulations.
> #  Call the stochastic_simulation function to do the appropriate simulation 150 times,
> # appending the output to the results list, and then save the results list.
> 
> #four initial conditions (25 cluster runs per)
> #each cluster run runs simulation 150 times
> #1) large population of 100 adults
> #2) small population of 10 adults
> #3) 100 individuals spread
> #4) small population of 10 individuals
> 
R has finished running

============================================

        Job resource usage summary 

                 Memory (GB)    NCPUs
 Requested  :         1             1
 Used       :         0 (peak)   0.78 (ave)

============================================
