R is about to run

R version 4.4.1 (2024-06-14) -- "Race for Your Life"
Copyright (C) 2024 The R Foundation for Statistical Computing
Platform: x86_64-conda-linux-gnu

R is free software and comes with ABSOLUTELY NO WARRANTY.
You are welcome to redistribute it under certain conditions.
Type 'license()' or 'licence()' for distribution details.

R is a collaborative project with many contributors.
Type 'contributors()' for more information and
'citation()' on how to cite R or R packages in publications.

Type 'demo()' for some demos, 'help()' for on-line help, or
'help.start()' for an HTML browser interface to help.
Type 'q()' to quit R.

> 
> 
> growth_matrix <- matrix(c(0.1, 0.0, 0.0, 0.0,
+ 0.5, 0.4, 0.0, 0.0,
+ 0.0, 0.4, 0.7, 0.0,
+ 0.0, 0.0, 0.25, 0.4),
+ nrow=4, ncol=4, byrow=T)
> 
> reproduction_matrix <- matrix(c(0.0, 0.0, 0.0, 2.6,
+ 0.0, 0.0, 0.0, 0.0,
+ 0.0, 0.0, 0.0, 0.0,
+ 0.0, 0.0, 0.0, 0.0),
+ nrow=4, ncol=4, byrow=T)
> 
> clutch_distribution <- c(0.06,0.08,0.13,0.15,0.16,0.18,0.15,0.06,0.03)
> 
> #=========================================================================================
> rm(list=ls())
> graphics.off()
> source("Demographic.R")
> source("kl2621_HPC_2024_main.R")
[1] 0 0 0 0 3
[1] 3 3 2 2 2
[1] 1 1
 [1] 7 5 4 4 3 3 3 2 2 2 2 2 2 2 2 2 2 1 1 1 1
> 
> 
> ###4 initial conditions
> 
> ############################################################
> 
> 
> 
> #VVVVVVVVVVVV-------------COMMENT ME OUT WHEN RUNNING THE THING
> #iter <- 5
> #VVVVVVVVVVV--------------UNCOMMENT ME OUT
> iter <- as.numeric(Sys.getenv("PBS_ARRAY_INDEX"))
> set.seed(iter)
> 
> 
> if (iter <= 25) {
+ initial_state <- state_initialise_adult(4,100) #100 adults
+ } else if (iter >25 && iter <= 50) {
+ initial_state <- state_initialise_adult(4,10) #10 adults
+ } else if (iter >50 && iter <= 75) {
+ initial_state <- state_initialise_spread(4,100) #100 spread
+ } else {
+ initial_state <- state_initialise_spread(4,10) #10 spread
+ }
> 
> reslist <- list()
> 
> ####100 cluster runs
> ###################################################
> ####150 runs of stochastic_simulation per cluster run
> for (i in 1:150) {
+     #################################
+     ###120 steps of stochastic_simulation per simulation
+     stochasticresult <- stochastic_simulation(initial_state,growth_matrix,reproduction_matrix,clutch_distribution,120)
+     reslist[[i]] <- stochasticresult
+     #################################
+ }
> ###################################################
> 
> print(reslist)
[[1]]
  [1]  10  11   9  11  14  14  16  21  23  16  10  15  10  12  14  12  16  15
 [19]  24  20  28  26  23  15  12  15  27  27  16  18  13  12   9  12   8   7
 [37]   9  10   3   3   2   8  12   8   7   6   8   7   8  27  24  25  21  16
 [55]  16  18  31  37  37  34  45  45  33  42  38  33  29  25  23  30  47  33
 [73]  36  36  40  52  60  56  79  88 107  95 104  85  97 103 109 106 132 126
 [91] 125 114  92 116 138 156 179 162 167 158 193 198 205 229 224 265 285 304
[109] 307 319 365 321 357 365 370 364 398 426 418 412 432

[[2]]
  [1]   10   15   12   10   24   20   25   14   10   13   18   18   15   12   10
 [16]   11   21   20   21   20   28   17   14   18   20   26   36   26   44   43
 [31]   45   37   57   50   76   71   56   62   73   62   77  100   98   90   88
 [46]   99  107  124  125  136  135  154  168  180  175  204  239  237  238  227
 [61]  248  228  252  256  324  338  335  384  434  433  438  456  493  508  518
 [76]  521  584  624  695  692  652  687  814  778  830  900  948  983 1040 1118
 [91] 1107 1144 1125 1238 1241 1292 1338 1420 1501 1561 1580 1651 1773 1762 1821
[106] 1886 1986 2031 2049 2137 2341 2489 2561 2755 2791 2895 2915 3002 3101 3196
[121] 3362

[[3]]
  [1]  10   8  11  13  11   8   4   6   7   5   5   4   7   5   4   3   3   3
 [19]   2   1   7  11   5   5  11   7   5   8   5   4   1   1   1   1   1   1
 [37]   1   3   7   6   6   6  10  13  13  11   9   9   7   7   7   8  15  10
 [55]   9  20  15  10  14   9  19  21  25  21  21  26  23  17  23  23  17  20
 [73]  16  21  62  58  46  41  33  42  52  45  58  62  62  71  63  61  81  80
 [91]  73 101 102  91  82  94 135 145 121 138 131 151 152 155 151 177 172 184
[109] 201 178 177 186 199 240 238 289 270 315 327 326 309

[[4]]
  [1]  10   6  12   8   5   3   5  10   7   5   5   5   5   5   5   5   4   2
 [19]   5   4   4   2   2   2   2   1   1   1   3   3   1   1   1   1   1   1
 [37]   1   8   5   4   3   3   3   7  11  20  20  14  13  14  24  16  13  16
 [55]  17  13  16  19  20  26  23  23  23  23  23  23  18  18  13  17  14  19
 [73]  26  16  24  22  25  26  36  36  56  60  48  50  43  41  39  35  29  35
 [91]  32  29  34  37  42  59  60  52  48  57  58  63  60  52  59  87  81  69
[109]  74 103 138 134 124 134 115 143 144 148 144 163 181

[[5]]
  [1]  10  16  20  17  19  16  20  22  43  26  26  29  32  45  53  36  35  42
 [19]  29  32  29  24  34  30  26  33  29  25  27  22  26  41  46  46  42  44
 [37]  57  58  48  53  61  59  63  68  68  77  84  73  63  73  82 107  97  75
 [55]  78 108 105 114  94 110 123 123 114 101 109 105 117 105 109 124 122 133
 [73] 116 140 138 153 172 154 155 187 191 188 212 218 239 238 228 238 262 245
 [91] 285 273 254 287 315 289 278 317 303 299 289 259 314 389 405 397 411 440
[109] 464 513 496 488 537 603 572 580 592 639 667 784 762

[[6]]
  [1]   10   10   10    8    6   20   19   10   12   12   13    8   17   12   11
 [16]   12   37   30   25   30   35   51   48   47   38   66   58   51   56   64
 [31]   76   74   77   84   85   94  113  109  146  129  122  120  157  177  181
 [46]  171  159  149  181  182  200  169  198  193  224  218  262  269  249  276
 [61]  317  304  307  305  352  392  361  406  406  439  485  467  444  470  539
 [76]  563  568  577  653  694  728  750  707  746  762  876  856  905  953  946
 [91]  939  961 1035 1073 1141 1179 1175 1226 1323 1325 1350 1440 1392 1530 1680
[106] 1736 1769 1855 1983 2043 2070 2105 2180 2314 2519 2618 2604 2701 2749 2963
[121] 3014

[[7]]
  [1]   10   20   19   17   25   31   26   28   36   32   24   28   18   17   21
 [16]   22   32   39   28   26   19   31   39   40   42   44   46   41   38   68
 [31]   69   70   53   55   75   92   99  101  112  119  118  126  132  149  156
 [46]  135  139  163  167  172  188  191  193  185  188  212  263  253  236  265
 [61]  266  291  284  307  364  372  381  426  475  478  539  537  557  602  591
 [76]  615  643  628  684  702  717  724  820  862  814  846  884  940  981  987
 [91] 1012 1082 1142 1152 1266 1289 1385 1411 1506 1560 1566 1585 1645 1822 1800
[106] 1939 1962 1954 2043 2133 2276 2282 2320 2505 2520 2586 2786 2883 3117 3181
[121] 3286

[[8]]
  [1]   10   14   14   18   12   14   16   18   20   21   14   26   22   22   20
 [16]   27   35   43   38   29   34   27   32   30   42   42   30   37   46   55
 [31]   62   53   70   66   56   63   73   75   85   93   99   87  100  108   91
 [46]  116  139  101  122  115  143  141  151  133  143  138  137  163  181  163
 [61]  157  161  146  122  123  146  135  148  145  169  170  164  154  152  154
 [76]  154  198  209  215  199  222  200  196  241  233  234  222  234  283  277
 [91]  314  305  331  328  375  336  408  443  470  471  502  511  601  582  654
[106]  612  651  652  611  685  753  812  851  825  908  938  977 1027 1013 1059
[121] 1063

[[9]]
  [1]  10   6   5   4   3   2   5   4   8  10   8  10  17  13  15  19  16  15
 [19]  18  18  21  18  14  19  23  29  28  28  22  24  34  25  23  22  19  31
 [37]  36  32  30  36  41  48  48  45  54  67  58  52  53  57  52  45  45  71
 [55]  83  88  91  90  75  93 105 106 103 125 118 108 112 141 125 124 130 162
 [73] 155 142 143 149 143 149 154 171 159 154 151 168 181 160 174 171 157 204
 [91] 216 216 216 228 239 238 204 254 273 295 286 290 282 321 314 339 356 376
[109] 335 375 374 415 464 499 535 625 605 620 700 700 770

[[10]]
  [1]  10   7   5   4   3   1   6   6  12  16  12  12  11  15  18  22  14  20
 [19]  16  11   8   6   5  10   8  14   9   9   7   7   6   5  11  12  10   8
 [37]   5   4   3   3   2   3  10  12   7   6  11  22  19  19  20  13  11  29
 [55]  15  16  13  12  11  21  20  20  19  24  29  37  32  45  39  37  50  48
 [73]  56  43  42  53  61  49  54  43  56  45  55  59  46  52  59  67  61  59
 [91]  55  58  64  57  72  98 108  99 104  93 104 134 149 152 136 145 133 125
[109] 166 139 184 184 192 198 220 214 237 230 245 236 237

[[11]]
  [1]   10   13   11   25   25   21   25   32   36   36   33   52   43   49   36
 [16]   59   55   56   55   52   47   55   66   55   66   69   78   87   85   80
 [31]   86   82   90   76   89   81   87   88  102  105  101   99  110  118  106
 [46]  138  136  149  151  150  154  193  212  204  191  237  221  237  270  260
 [61]  253  276  269  337  343  369  346  359  374  399  407  425  455  481  543
 [76]  548  626  660  673  664  635  670  741  734  766  772  869  873  928  909
 [91]  921  979  966 1073 1089 1095 1139 1194 1244 1302 1363 1422 1401 1436 1558
[106] 1578 1700 1749 1758 1916 2114 2181 2197 2216 2297 2466 2590 2637 2786 2940
[121] 3060

[[12]]
  [1]   10    9    6    5    7    9    5    5    4    8   13   16   14   10   13
 [16]   17   19   22   20   20   17   14   12   13   24   31   20   18   13   22
 [31]   21   21   14   33   37   38   37   34   29   31   39   41   33   47   45
 [46]   39   50   41   33   39   59   63   56   60   58   47   58   76   72   64
 [61]   77   77  109  120  122   98  118  115  140  127  115  126  144  138  115
 [76]  144  174  167  133  146  160  162  207  197  217  230  293  234  293  299
 [91]  301  321  344  383  402  451  463  492  491  507  588  630  650  729  725
[106]  752  756  842  870  957 1011  978  958  994 1130 1161 1242 1215 1253 1254
[121] 1353

[[13]]
  [1]   10   16   11    8    6    4   16   15   11    9   14   12    8   13   11
 [16]   17   14   16   13   15   17   18   28   34   25   22   21   19   28   30
 [31]   23   32   31   41   48   64   66   60   56   59   49   51   53   72   71
 [46]   95   81   86   87   75   91   92  113  125  109  107  114  160  161  160
 [61]  165  173  194  217  210  209  248  239  246  253  281  324  347  339  359
 [76]  372  387  379  365  448  494  537  530  482  507  530  578  583  570  611
 [91]  668  731  762  771  790  832  900  886  946  967 1061 1095 1077 1153 1172
[106] 1217 1283 1297 1341 1422 1481 1531 1566 1602 1595 1664 1719 1777 1832 1928
[121] 1988

[[14]]
  [1]  10  17  15  10   8  11  10  18  25  16  15  14  12  16  26  20  22  15
 [19]  17  24  29  20  16  16  12  17  27  30  27  30  47  39  31  28  34  28
 [37]  31  32  31  42  53  37  51  45  48  50  64  63  68  72  60  59  77  57
 [55]  69  68  82  87  85 101  98 122 106 110 123 122 137 145 134 159 160 164
 [73] 176 171 179 202 227 218 245 198 183 209 197 231 231 231 223 246 225 249
 [91] 265 293 281 284 279 344 354 340 320 335 341 380 415 409 411 488 487 556
[109] 559 549 528 595 672 668 703 741 753 809 805 849 849

[[15]]
  [1]  10  13  10   7   7   7   7   9  11  15  10   6   6  10   8   8   5   4
 [19]   2   2   9   6   6   5   5   7   4   3   3   6  13   8   4   3   2   2
 [37]   2   4   3   3   2   2   2   4   5   3   3   2   1   7   7   9   7   7
 [55]   6   6   3   5   9  10  10   9  14  23  16  10  15  15  12  11  12   7
 [73]   5   5   5  14  18  14  12  23  28  31  34  30  27  24  34  37  40  42
 [91]  46  48  52  60  67  74  68  62  73  68  61  65  80  96  96  80  86  75
[109] 105 111 129 129 127 124 132 161 168 200 191 209 218

[[16]]
  [1]  10  17  20  16  27  16  30  20  18  16  18  24  34  22  16  21  16  15
 [19]  13  22  17  21  16  13   8  12  17  25  16  18  15  18  17  16  16  34
 [37]  33  27  34  31  45  42  38  42  56  73  79  81  71  77  58  64  82  76
 [55]  64  73  71  86 115 116 127 115 112 116 124 123 108 102 132 120 112 123
 [73] 115 135 106 120 110 115 103 114 123 138 122 138 154 161 135 149 163 194
 [91] 188 172 201 209 239 214 245 252 242 244 266 242 273 238 292 312 306 306
[109] 374 360 410 387 420 443 470 507 500 541 588 613 610

[[17]]
  [1]   10   10    8    7    7    6    6   13   10   20   22   14   13   12   31
 [16]   32   22   26   18   23   25   25   25   30   37   44   48   33   39   36
 [31]   39   34   36   43   39   53   67   48   38   38   53   53   62   73   68
 [46]   63   80   73   88   83   80   81   86   97   85   88   80   91   84  118
 [61]  123  127  120  145  199  180  183  188  196  189  219  237  230  221  232
 [76]  267  313  332  318  323  299  299  314  336  342  359  391  403  452  466
 [91]  460  502  565  590  637  620  647  693  737  773  806  857  858  898  979
[106] 1025 1044 1099 1179 1212 1335 1393 1433 1567 1586 1574 1652 1816 1919 1895
[121] 1964

[[18]]
  [1]   10   21   25   25   21   18   21   30   26   29   29   38   32   34   34
 [16]   35   45   40   47   45   45   57   57   55   54   56   63   68   77   64
 [31]   57   84   67   96  103  107  108  119  115  136  179  178  171  169  179
 [46]  184  215  205  221  205  217  225  225  227  233  253  279  250  251  287
 [61]  273  309  279  306  326  305  332  330  373  387  390  379  415  445  427
 [76]  445  464  490  510  503  512  549  615  590  597  647  715  750  772  744
 [91]  861  885  900  976  974 1070 1062 1101 1240 1204 1305 1384 1385 1374 1449
[106] 1516 1571 1599 1602 1696 1718 1846 1947 2013 2129 2120 2208 2354 2447 2558
[121] 2695

[[19]]
  [1]   10   12   16   21   17   21   26   22   31   40   38   35   44   36   46
 [16]   37   43   49   49   51   42   53   56   39   42   30   39   46   65   56
 [31]   42   38   48   68   55   49   59   60   72   95   80   74   71   77   87
 [46]   89  102  108  122  116  106  126  146  152  161  158  168  198  210  234
 [61]  278  276  298  297  320  341  377  403  405  403  399  455  509  487  492
 [76]  509  568  594  577  583  644  677  736  720  796  786  940  919  971  954
 [91]  977  998 1091 1046 1125 1118 1167 1226 1311 1417 1436 1451 1424 1544 1653
[106] 1727 1832 1898 1889 1923 2088 2218 2317 2354 2480 2388 2508 2590 2727 2918
[121] 3070

[[20]]
  [1] 10  6  4  2  2  7  7  5  5  5  7  3  3  7  4  3  3  3  2  1  1  1  6  2  1
 [26]  1  1  1  1  1  1  1  1  7  2  1  1  5  2  1  1  5  4  2  1  1  1  1  3  2
 [51]  2  2  2  2  1  1  1  1  0  0  0  0  0  0  0  0  0  0  0  0  0  0  0  0  0
 [76]  0  0  0  0  0  0  0  0  0  0  0  0  0  0  0  0  0  0  0  0  0  0  0  0  0
[101]  0  0  0  0  0  0  0  0  0  0  0  0  0  0  0  0  0  0  0  0  0

[[21]]
  [1] 10  7  8 16 17 11 15 18 12 10 13 10 12 14 12 17 13 16 15 15 10 11 10  8  8
 [26] 10  8 15  8  8 10 11  7  7 11  9 18 19 16 11  8 14 13  9  7  6  5 13 21 16
 [51] 12 17 21 17 16 10 16 18 12 10 14 15 23 26 21 14 20 16 14 20 16 12  9 13  9
 [76]  9  7 11  6  5  4 10 15  9  8 14 16 21 16 12 17 18 16 23 18 20 23 13 11  8
[101] 10  8  6  9 12 11 10  7  6  4  9  6 13  9  4  9  5  5  5  4  7

[[22]]
  [1]   10    8    8   10   15   13    9    9    7    7    7   12    8   14   17
 [16]   17   20   19   18   24   28   29   31   26   29   34   40   42   40   35
 [31]   35   42   40   38   38   45   50   62   70   64   59   74  102  116  121
 [46]  115  128  143  131  127  153  188  183  148  146  153  173  187  220  204
 [61]  217  236  271  279  311  309  329  310  319  334  352  366  354  382  419
 [76]  429  424  498  534  534  569  588  614  670  732  741  760  792  840  828
 [91]  870  824  836  840  895  907  985 1055 1029 1073 1067 1166 1212 1192 1258
[106] 1343 1424 1464 1550 1545 1657 1776 1801 1776 1932 1949 1982 2129 2286 2291
[121] 2377

[[23]]
  [1]  10   7  14   9  14  11   9   6   4   4   9  16  12  10  10  17  11   9
 [19]   8   8  12   9   5   5   5   8  19  14  10   8   8   8   5   5   8  12
 [37]  16  10  13  10   9  15  11  23  16  10   7  13  22  19  21  23  26  25
 [55]  20  25  24  26  28  23  25  42  34  34  34  51  50  43  48  37  41  44
 [73]  43  31  33  52  51  57  55  52  57  58  51  67  65  54  79  73  73  55
 [91]  68  84  74  70  62  69  80  76  63  46  66  55  57  77  95  98  94  89
[109] 102 101 134 138 149 142 152 146 142 117 125 115 134

[[24]]
  [1]  10  12  15  11   9  13  12   6  12  16  15  10  10   8   8   6  14  14
 [19]  13  16  13  22  25  21  17  12  14  30  28  22  21  13  11  15  19  27
 [37]  31  23  19  19  20  37  29  29  32  40  34  32  38  33  42  34  45  56
 [55]  40  34  31  58  43  48  61  69  71  65  96  76  79  81  93 106 115  92
 [73] 111 106 125 138 143 125 136 142 145 150 184 163 186 207 220 235 244 248
 [91] 234 244 266 267 268 281 311 342 301 306 294 338 353 336 330 336 342 357
[109] 370 403 418 432 460 470 492 504 547 533 521 522 508

[[25]]
  [1]  10  13  12  18  12  10   8  16  20  24  22  18  22  34  25  23  16  18
 [19]  18  10  11  14  10  17   8  18  25  24  22  34  37  29  36  37  27  31
 [37]  27  29  43  44  34  41  52  50  39  41  69  66  61  48  64  94  72  70
 [55]  70  87  82  84  98  95  96 103 110 115 111 148 136 142 133 118 109 118
 [73] 140 164 133 142 111 105 132 152 169 147 173 165 202 225 227 218 245 247
 [91] 224 229 221 245 289 350 384 352 319 363 383 396 395 418 447 443 422 441
[109] 503 489 516 532 596 614 563 576 559 583 676 640 708

[[26]]
  [1] 10  6  6  4  4 14  9  7  7  7  4  2  9  3  3  3  3  7  6  5  5  4  3  3  8
 [26]  6  3  2  1  1  1  0  0  0  0  0  0  0  0  0  0  0  0  0  0  0  0  0  0  0
 [51]  0  0  0  0  0  0  0  0  0  0  0  0  0  0  0  0  0  0  0  0  0  0  0  0  0
 [76]  0  0  0  0  0  0  0  0  0  0  0  0  0  0  0  0  0  0  0  0  0  0  0  0  0
[101]  0  0  0  0  0  0  0  0  0  0  0  0  0  0  0  0  0  0  0  0  0

[[27]]
  [1] 10  6  4  3  2  2  2  2  2  2  2  7  4  4  4 12  6  4  5  4  8  7  7  6 11
 [26] 16 16 16 13 13  6 12 14 11  9  7 13 14 11 17 18 17 18 14  8 12 17 22 26 18
 [51] 17 22 18 21 23 16 12  9 12  9  5  4  3  6  5  5  5  5  7  9  7  5  4  4  4
 [76]  4  4  7  9  7  6  5 12 14 16 11 11 11 16 32 33 23 16 21 15 16 11 12 18 10
[101]  9 14 10 12 10 22 16 21 19 19 28 41 34 37 30 32 44 41 48 44 39

[[28]]
  [1] 10 11 13 11 14  8  6  6 16  9  6  5  4  3  2  1  0  0  0  0  0  0  0  0  0
 [26]  0  0  0  0  0  0  0  0  0  0  0  0  0  0  0  0  0  0  0  0  0  0  0  0  0
 [51]  0  0  0  0  0  0  0  0  0  0  0  0  0  0  0  0  0  0  0  0  0  0  0  0  0
 [76]  0  0  0  0  0  0  0  0  0  0  0  0  0  0  0  0  0  0  0  0  0  0  0  0  0
[101]  0  0  0  0  0  0  0  0  0  0  0  0  0  0  0  0  0  0  0  0  0

[[29]]
  [1]  10   6   3   3   3   3   4  10   5   4   4   4   9   6   8   8  15  17
 [19]  15  11   9  14  12   9  11  10  15  20  14  12  10  12  19  25  29  24
 [37]  17  18  28  28  24  20  21  11  14  16  17  14  18  13  12  19  28  27
 [55]  29  36  44  35  25  28  45  41  39  39  48  45  47  56  45  49  41  41
 [73]  48  37  54  54  62  64  65  60  62  66  55  60  74  74  78  57  61  81
 [91]  89  73  84  87  88 104 133 127 124 114 118 134 134 154 171 184 160 182
[109] 175 208 182 176 165 189 248 230 218 236 276 272 271

[[30]]
  [1]  10  15  12  12  10   9  18  25  19  18  21  31  29  26  34  23  19  23
 [19]  27  33  36  46  39  38  57  56  50  41  50  53  70  50  41  39  52  68
 [37]  59  49  54  65  68  76  74  68  74  71  87  72  90  81  73  87  95  79
 [55]  85  94  98  82  77  78  73  99 102  95  83 101 126 124 126 118 127 145
 [73] 143 128 133 132 124 137 193 173 159 171 177 189 165 177 181 190 194 187
 [91] 181 207 219 198 187 247 289 284 282 280 297 333 339 376 357 371 398 425
[109] 484 491 514 523 571 582 615 646 646 674 640 676 681

[[31]]
  [1]  10   7   6   4   4   4   4   4   4  15  15  11  15  10  13   8  14  15
 [19]  11  18  13  12  16  17  16  14  12   8  10  14  15  20  23  28  21  14
 [37]  13  11   7   9  13  21  18  18  15  18  22  22  28  32  42  46  49  62
 [55]  44  56  45  62  48  49  69  68  82  73  58  78  75  72  77  79  77  77
 [73]  70  76  84  83  79 100  88 119 113 110 105 129 137 144 137 142 136 164
 [91] 187 213 187 194 224 257 254 258 250 319 373 385 410 382 384 373 432 501
[109] 491 506 522 539 546 558 626 697 731 741 753 789 797

[[32]]
  [1]  10   7   6   9  15  22  18  15  29  29  25  19  22  27  30  36  26  19
 [19]  19  16  14  17  15  22  20  18  21  14  16  14  29  26  26  30  23  25
 [37]  36  43  52  59  61  58  48  44  40  61  56  51  63  53  66  70  69  61
 [55]  64  85 109  93  95  98 111 107  99 105  96  97  92  81  83  65  75 101
 [73]  92  92  94  89  96 126 157 158 140 124 158 187 177 190 191 206 204 216
 [91] 244 257 257 289 281 275 307 307 356 360 338 350 374 389 406 410 431 447
[109] 489 443 509 522 526 515 603 623 610 607 634 658 646

[[33]]
  [1]   10   11   13   12   18   19   14   20   31   30   23   18   15   26   27
 [16]   19   14   17   22   26   19   22   31   34   41   31   29   34   39   32
 [31]   39   34   37   34   39   46   38   46   57   63   57   80   73   87   64
 [46]   75   70   86   99  101   95   86   73   73   90   79   86   82   88   94
 [61]  120   99  127  114  117  164  168  185  183  176  179  197  186  188  177
 [76]  211  193  211  242  300  277  265  257  282  331  370  370  338  329  365
 [91]  397  448  460  458  450  460  476  510  525  539  556  574  599  648  698
[106]  661  686  668  722  836  814  859  942  965 1041 1078 1141 1128 1232 1243
[121] 1269

[[34]]
  [1] 10 10 10  5  5 10 11  8 20 14  7  4  4  4  4  8  7  7  5  9  5  6  4  4  4
 [26] 13 10  8  6  7  4  4  3  2  2  1  1  1  5  4  7  3  2  1  1  1  1  1  1  1
 [51]  1  1  1  0  0  0  0  0  0  0  0  0  0  0  0  0  0  0  0  0  0  0  0  0  0
 [76]  0  0  0  0  0  0  0  0  0  0  0  0  0  0  0  0  0  0  0  0  0  0  0  0  0
[101]  0  0  0  0  0  0  0  0  0  0  0  0  0  0  0  0  0  0  0  0  0

[[35]]
  [1]   10   12    9    7    7    9    5    3   14   15   13   12   11   14   11
 [16]   13   28   26   15   20   20   20   19   27   20   26   31   36   27   25
 [31]   35   52   58   61   54   60   62   58   71   84  100  103  110  123  129
 [46]  145  146  178  182  161  192  208  209  219  256  264  284  285  270  305
 [61]  310  285  323  333  385  402  396  374  379  426  451  508  487  457  437
 [76]  462  502  524  504  568  589  685  674  660  638  633  681  769  786  788
 [91]  821  926  884  945 1032 1071 1171 1267 1288 1329 1361 1432 1500 1561 1613
[106] 1721 1719 1846 1880 1907 1939 2030 2005 2213 2352 2609 2719 2739 2840 3062
[121] 3149

[[36]]
  [1] 10 10 11  9  8  7  8 12 11 12  7  5  5  3  3  2  2  5  1  0  0  0  0  0  0
 [26]  0  0  0  0  0  0  0  0  0  0  0  0  0  0  0  0  0  0  0  0  0  0  0  0  0
 [51]  0  0  0  0  0  0  0  0  0  0  0  0  0  0  0  0  0  0  0  0  0  0  0  0  0
 [76]  0  0  0  0  0  0  0  0  0  0  0  0  0  0  0  0  0  0  0  0  0  0  0  0  0
[101]  0  0  0  0  0  0  0  0  0  0  0  0  0  0  0  0  0  0  0  0  0

[[37]]
  [1] 10 10  8  6 10 13  7  4  3  9  6  9 12  8  5  4 10  9  9  7  7  9 12  8  6
 [26] 11  5  3  1  1  0  0  0  0  0  0  0  0  0  0  0  0  0  0  0  0  0  0  0  0
 [51]  0  0  0  0  0  0  0  0  0  0  0  0  0  0  0  0  0  0  0  0  0  0  0  0  0
 [76]  0  0  0  0  0  0  0  0  0  0  0  0  0  0  0  0  0  0  0  0  0  0  0  0  0
[101]  0  0  0  0  0  0  0  0  0  0  0  0  0  0  0  0  0  0  0  0  0

[[38]]
  [1]   10   12    7    7    7   11   17   27   20   14   17   24   45   50   40
 [16]   38   38   33   42   48   63   59   62   55   49   50   65   86   76   74
 [31]   68   75   85  110  107   94   96  102  118  116  120  115  124  138  136
 [46]  156  178  201  228  200  206  210  195  222  250  248  240  238  236  232
 [61]  274  295  306  303  270  314  322  338  364  308  335  405  395  428  452
 [76]  510  524  521  546  544  617  616  629  598  655  713  758  762  792  802
 [91]  869  918  884  864  933  960 1041 1052 1084 1076 1172 1143 1173 1170 1255
[106] 1272 1291 1334 1380 1486 1541 1565 1579 1537 1700 1696 1775 1833 1890 1976
[121] 1982

[[39]]
  [1] 10 10 13 10  7  6  5  4  8 18  8  6  5  3  3  5  4  3  3  3  2  3  0  0  0
 [26]  0  0  0  0  0  0  0  0  0  0  0  0  0  0  0  0  0  0  0  0  0  0  0  0  0
 [51]  0  0  0  0  0  0  0  0  0  0  0  0  0  0  0  0  0  0  0  0  0  0  0  0  0
 [76]  0  0  0  0  0  0  0  0  0  0  0  0  0  0  0  0  0  0  0  0  0  0  0  0  0
[101]  0  0  0  0  0  0  0  0  0  0  0  0  0  0  0  0  0  0  0  0  0

[[40]]
  [1]   10    8    5    5   16   17   20   17   11   10   24   17   27   19   17
 [16]   16   28   49   49   43   61   49   53   72   67   69   85   92  104  102
 [31]   99  100  112  136  153  195  170  190  187  211  210  207  191  221  250
 [46]  262  253  305  333  348  322  320  398  344  398  410  422  447  482  511
 [61]  558  581  594  589  623  656  688  769  837  773  825  826  908  933  961
 [76]  988  997 1113 1147 1209 1270 1289 1322 1343 1443 1423 1520 1529 1591 1696
 [91] 1789 1755 1771 1880 1952 1996 2170 2220 2388 2373 2459 2648 2699 2870 3012
[106] 3233 3392 3323 3486 3666 3941 4078 4301 4426 4581 4717 4847 4949 5155 5307
[121] 5571

[[41]]
  [1]  10  17  23  16  16  18  19  16  17  16  10   9   9   6   6   8   4   3
 [19]   6   3   1   1   1   4   6   2   1   1   5   4   2   2   2   8   6   5
 [37]  10   9  14  17  12  10   8   7   6  12   8   5  10   8   9   7   5   4
 [55]   9   6  11   6   5   9   8   6   6   5  16  13  12  10   8  15  12   9
 [73]   7   6  11  10  12  12   9  12  17  13  28  34  27  16  24  20  27  18
 [91]  15  29  41  53  52  52  52  62  72  72  64  66  82  82  77  79  88 103
[109]  70  72  69  74  84 108 113 104  99  92  87  94  95

[[42]]
  [1]  10  17  10   9   9  22  33  22  22  18  23  19  29  27  32  25  24  26
 [19]  18  19  17  21  26  26  30  23  18  21  26  24  21  30  25  17  11   9
 [37]  14  13  16  20  22  22  26  18  18  16  14  17  14  11  11  15  14  10
 [55]  12  27  25  15  16  17  26  23  23  20  17  32  26  37  45  48  33  27
 [73]  33  28  31  54  38  33  47  44  65  67  66  54  56  68  61  61  90  88
 [91]  76  94  95  90 100  91  96 126 114 105  99  89 104 130 132 121 107  90
[109] 108 132 109 130 146 154 151 149 155 176 200 185 196

[[43]]
  [1] 10 12  8  7  6  8 10  5  4  4  4  3  5  4  3  2  2  7  7  3  3  3  3  3  3
 [26]  3  1  0  0  0  0  0  0  0  0  0  0  0  0  0  0  0  0  0  0  0  0  0  0  0
 [51]  0  0  0  0  0  0  0  0  0  0  0  0  0  0  0  0  0  0  0  0  0  0  0  0  0
 [76]  0  0  0  0  0  0  0  0  0  0  0  0  0  0  0  0  0  0  0  0  0  0  0  0  0
[101]  0  0  0  0  0  0  0  0  0  0  0  0  0  0  0  0  0  0  0  0  0

[[44]]
  [1]  10  15  14  14   9   7   7   7  15  15  21  13  11  19  24  25  18  22
 [19]  16  16  17  17  22  21  18  23  20  13  17  19  28  28  19  17  15  20
 [37]  16  17  16  12  17  24  26  18  16  15  18  15  22  23  17  21  25  19
 [55]  16  28  31  49  60  52  54  62  47  51  69  60  55  50  59  51  56  68
 [73]  71  66  79  78  97 116 110 129 132 123 132 136 142 150 169 150 176 157
 [91] 177 187 244 225 231 237 229 265 257 226 294 305 293 293 312 328 341 311
[109] 317 364 374 414 430 455 486 514 525 542 543 576 552

[[45]]
  [1]   10   21   16   20   18   22   18   15   10   12   10    9    8    8    8
 [16]   14   19   17   12    8    8    5   10    8    9   17   18   26   20   28
 [31]   21   24   24   19   21   20   19   19   28   42   37   34   27   37   52
 [46]   35   43   39   34   46   52   55   63   86   80   82  106   87   92  111
 [61]  125   99  104  120  136  151  164  154  131  175  195  201  207  202  219
 [76]  212  234  260  267  252  260  251  251  305  311  292  347  380  364  377
 [91]  391  407  423  450  488  497  507  565  591  550  512  579  612  626  623
[106]  597  673  741  720  706  713  874  820  848  868  920  930  985 1003 1062
[121] 1065

[[46]]
  [1]  10  20  13  11  11  16  19  17  15  17  11  19  23  32  26  43  40  42
 [19]  39  32  45  33  50  32  24  31  29  35  32  25  18  28  27  24  14  16
 [37]  10   9  16  14  15  11  15  19  19  24  28  28  32  28  33  35  51  52
 [55]  39  52  53  64  52  43  47  37  42  44  45  48  50  55  44  60  62  57
 [73]  46  40  63  56  60  51  53  64  65  76  93  67  73  69  99  97  95  83
 [91]  81  79 105  97 100 107 118 105  89 101 118 110 120 122 117 128 140 143
[109] 153 159 175 191 197 196 194 233 237 250 236 264 281

[[47]]
  [1] 10 12  7  5  4  9 13 14  5  4  1  1  1  0  0  0  0  0  0  0  0  0  0  0  0
 [26]  0  0  0  0  0  0  0  0  0  0  0  0  0  0  0  0  0  0  0  0  0  0  0  0  0
 [51]  0  0  0  0  0  0  0  0  0  0  0  0  0  0  0  0  0  0  0  0  0  0  0  0  0
 [76]  0  0  0  0  0  0  0  0  0  0  0  0  0  0  0  0  0  0  0  0  0  0  0  0  0
[101]  0  0  0  0  0  0  0  0  0  0  0  0  0  0  0  0  0  0  0  0  0

[[48]]
  [1] 10  9 12 11  8  8  7  7 11  8  9 10  8  5  4  4 12  9  7  6  5  6  6  4  4
 [26]  8 12  7  4  3  7  6  6  7 16 15 10  8  7  9  5  6  5  4  3  2  1  0  0  0
 [51]  0  0  0  0  0  0  0  0  0  0  0  0  0  0  0  0  0  0  0  0  0  0  0  0  0
 [76]  0  0  0  0  0  0  0  0  0  0  0  0  0  0  0  0  0  0  0  0  0  0  0  0  0
[101]  0  0  0  0  0  0  0  0  0  0  0  0  0  0  0  0  0  0  0  0  0

[[49]]
  [1]   10   15   10   10   10    9    7    6   14   21   25   24   23   25   21
 [16]   29   40   36   39   30   24   25   35   32   36   41   44   46   34   40
 [31]   49   63   64   70   76   86   78   72   89   97   87   84   93   74   83
 [46]   80   85   87   95   83   80   96   81   93  102  100  119  117   94   88
 [61]   97  112  116  119  109   99  127  129  130  106  116  157  137  155  164
 [76]  157  157  172  180  170  183  226  231  246  249  250  269  301  318  309
 [91]  303  305  347  449  445  423  434  459  507  519  553  549  597  646  685
[106]  744  692  732  809  837  874  922  969 1046 1019 1118 1177 1305 1283 1324
[121] 1335

[[50]]
  [1]   10   14   15   21   23   29   21   34   35   42   57   45   42   55   50
 [16]   54   58   63   72   69   80   80   84  106   99  107   95   96   98  100
 [31]  116   97  117  121  135  154  177  170  158  183  200  213  226  245  221
 [46]  229  239  245  241  256  299  299  334  337  334  329  350  389  377  412
 [61]  439  435  452  438  449  472  455  471  457  512  547  590  611  590  603
 [76]  624  642  721  738  771  789  842  851  915  939 1052 1101 1156 1129 1189
 [91] 1218 1263 1281 1379 1516 1523 1469 1625 1677 1770 1930 2031 2086 2208 2297
[106] 2277 2423 2447 2634 2704 2780 2908 3003 3031 3098 3364 3520 3610 3649 3749
[121] 3997

[[51]]
  [1]  10  17  12  13   9  11   8  13  14  19  20  22  24  25  36  29  27  19
 [19]  19  22  21  15  25  23  24  20  17  21  22  23  16  17  17  26  21  18
 [37]  18  13  12  11  16  34  31  23  22  25  31  27  39  30  28  27  21  26
 [55]  45  43  38  43  45  44  38  68  59  86  92  66  71  77  78  90  84  81
 [73]  88 100 113 114 110 102 115 109 111 109 134 113 116 146 152 156 178 164
 [91] 154 147 159 145 159 164 188 195 176 181 160 152 178 184 191 191 209 230
[109] 209 225 235 260 280 287 338 312 328 287 341 326 299

[[52]]
  [1]   10   13   16   12   12   10   13   15   17   18   15   14   25   18   31
 [16]   45   51   49   38   49   49   70   73   59   62   59   76   76   81   65
 [31]   82   79   87   92   81   97  105   98   92   85  114   92  104  104  109
 [46]  130  138  153  134  151  134  170  188  185  176  216  247  218  230  229
 [61]  235  248  247  255  236  227  253  275  287  316  311  312  311  309  328
 [76]  349  389  364  395  369  393  421  440  461  461  498  473  529  545  575
 [91]  566  624  705  726  697  789  876  832  875  879  899  942 1037 1137 1188
[106] 1200 1310 1367 1416 1373 1422 1554 1552 1673 1675 1786 1822 1889 1904 2035
[121] 2240

[[53]]
  [1] 10 13  9  8 11  8  5  4  7  5  3  3  2  2  2  5  1  1  1  1  1  0  0  0  0
 [26]  0  0  0  0  0  0  0  0  0  0  0  0  0  0  0  0  0  0  0  0  0  0  0  0  0
 [51]  0  0  0  0  0  0  0  0  0  0  0  0  0  0  0  0  0  0  0  0  0  0  0  0  0
 [76]  0  0  0  0  0  0  0  0  0  0  0  0  0  0  0  0  0  0  0  0  0  0  0  0  0
[101]  0  0  0  0  0  0  0  0  0  0  0  0  0  0  0  0  0  0  0  0  0

[[54]]
  [1]  10  12   8   7   4   3   3   3   7   4   3   3   9   3   3   3   3   2
 [19]   1   6   4   2   2   2   2   2   7   5   4   3   3   8  11   7   5  11
 [37]  15  14  10  15  11  10  12   9   8  14  10   9  13  16  14  11  10  16
 [55]  29  36  43  35  35  43  35  32  41  39  64  59  53  61  65  79  70  70
 [73]  83 103 116 103 108 104 103 108  84 110 114 129 137 155 159 145 166 151
 [91] 174 171 174 184 199 208 212 199 210 241 262 244 224 266 284 341 347 359
[109] 332 361 375 406 469 434 461 445 447 458 556 521 522

[[55]]
  [1] 10 14  9  7  6  5  8  4  4  4 10  7  7  7  5  3  3  3  1  1  1  1  0  0  0
 [26]  0  0  0  0  0  0  0  0  0  0  0  0  0  0  0  0  0  0  0  0  0  0  0  0  0
 [51]  0  0  0  0  0  0  0  0  0  0  0  0  0  0  0  0  0  0  0  0  0  0  0  0  0
 [76]  0  0  0  0  0  0  0  0  0  0  0  0  0  0  0  0  0  0  0  0  0  0  0  0  0
[101]  0  0  0  0  0  0  0  0  0  0  0  0  0  0  0  0  0  0  0  0  0

[[56]]
  [1]  10   6   8  11  10   8  19  17  22  20  23  20  17  19  36  38  27  18
 [19]  13  11   8   7  18  25  29  22  22  24  19  22  23  24  22  17  13  11
 [37]  24  25  19  23  25  17  14  30  29  28  28  18  20  22  24  36  28  37
 [55]  45  49  45  45  52  72  70  84  83  59  82  94  94 111  91  95 108 129
 [73] 143 145 137 139 178 189 160 139 150 152 191 212 166 174 172 185 254 280
 [91] 290 277 303 337 360 330 348 342 352 366 394 409 425 432 474 448 535 545
[109] 561 552 616 686 716 743 705 715 755 821 818 852 901

[[57]]
  [1]   10   14   11    8   12   14   10   12   10   15   17   17   12   18   21
 [16]   26   36   42   39   37   39   38   35   38   54   56   55   54   73   80
 [31]   71   78   78   92  107  106  119  150  147  139  128  143  179  166  159
 [46]  155  154  158  150  144  126  117  169  161  168  179  190  193  222  232
 [61]  287  257  249  268  276  278  282  305  329  323  327  340  357  342  349
 [76]  348  394  403  452  469  468  446  474  445  455  485  570  549  569  528
 [91]  580  650  707  723  786  776  812  852  836  893  899  925  915  989 1034
[106] 1033 1093 1218 1266 1309 1278 1369 1397 1414 1510 1640 1634 1683 1789 1956
[121] 1921

[[58]]
  [1]  10  20  17  14  21  14  11  11  15  18  21  25  20  21  33  48  32  23
 [19]  19  22  31  20  16  24  23  40  31  28  32  22  20  32  26  24  19  23
 [37]  21  13  12   9  11  16  17  12  16  13  11  11  20  20  32  32  35  38
 [55]  26  24  36  39  39  42  45  57  49  45  55  51  67  67  51  49  45  62
 [73]  83  83  67  64  91  88 106 109 114 114 116 123 142 162 154 160 167 161
 [91] 160 171 189 166 152 158 156 166 195 177 195 198 209 211 251 254 263 265
[109] 249 247 277 251 285 290 280 284 325 326 326 310 313

[[59]]
  [1]   10   16   17   15   14   18   16   40   48   39   26   20   17   15   14
 [16]   17   30   22   37   38   49   37   50   73   77   75   62   77   81   82
 [31]   93   93   96  110  147  139  150  125  113  147  169  141  139  160  156
 [46]  171  179  170  171  185  186  202  181  208  209  225  247  269  250  283
 [61]  277  300  288  292  287  357  352  305  335  367  399  435  450  447  460
 [76]  460  533  541  558  677  682  674  683  767  804  763  739  792  790  904
 [91]  884  949  962  984 1028 1048 1055 1092 1134 1205 1214 1273 1284 1376 1397
[106] 1379 1488 1603 1688 1707 1805 1902 2010 1905 1975 2144 2183 2279 2254 2358
[121] 2571

[[60]]
  [1]   10   15   19   12   17   13   12   18   25   18   13   13   19   15   21
 [16]   23   26   28   27   31   32   33   44   57   54   52   60   56   67   92
 [31]   62   60   51   64   63   52   66   71   59   61   54   64   72   77   82
 [46]   78   80  100  100  111   96   96   96  109  125  130  131  154  168  203
 [61]  184  175  214  248  268  281  283  278  321  319  317  344  376  364  383
 [76]  396  384  427  423  427  493  495  509  540  539  554  601  637  657  682
 [91]  711  705  706  761  723  762  817  818  886  903  974 1004 1072 1062 1073
[106] 1145 1213 1285 1337 1372 1350 1423 1514 1598 1649 1650 1786 1886 1910 2001
[121] 2055

[[61]]
  [1]  10   6  16  21  18  14  12   6   9   6   9   8   7  12   7  17  13  18
 [19]   9   9   7  19  14  11  13  13  15  14  12   8  10   8  10   6   5   5
 [37]   5   8   9   6   6   6  11   9   8   6   5   4   5   5  14  12  12   9
 [55]   8   9   8   8  11  10   7  12   8   6  10  10  14  19  26  34  32  33
 [73]  46  58  51  54  63  65  66  74  66  81  78  82 106 130 121 136 118 122
 [91] 126 121 150 140 123 124 168 162 156 189 191 195 232 268 260 262 263 284
[109] 287 317 325 366 344 355 393 393 404 402 396 439 458

[[62]]
  [1]  10  18  12  17  18  24  28  22  23  18  31  34  43  29  20  15  24  21
 [19]  15  14  10  14  17  21  18  16  18  23  16  14  14  14  23  16  19  12
 [37]  12  14  16  19  13  16  16  15  22  15  23  18  16  16  11  25  24  20
 [55]  29  21  28  31  33  26  24  45  34  34  41  44  42  45  37  45  41  42
 [73]  34  40  57  77  95 107 109 136 117 132 145 156 157 165 140 182 172 187
 [91] 238 227 207 212 206 216 251 271 270 271 284 290 278 278 291 297 304 322
[109] 354 320 369 390 392 420 418 422 433 471 452 469 522

[[63]]
  [1]   10   12   10    8    7    7    6    6    8   16   16   17   26   23   25
 [16]   21   25   36   30   28   27   18   20   23   28   40   33   28   32   37
 [31]   40   34   44   52   46   59   79   84   74   81   77   95   88   87   82
 [46]   76   76  110  115  106  131  134  146  131  132  133  128  184  203  176
 [61]  200  203  214  202  221  225  264  246  227  249  236  255  275  310  316
 [76]  352  378  411  391  396  417  455  468  497  543  583  650  657  721  740
 [91]  737  781  754  778  812  835  881 1009 1000 1015 1147 1177 1230 1290 1341
[106] 1296 1394 1405 1491 1488 1660 1636 1649 1738 1723 1779 1829 1908 1965 1960
[121] 2022

[[64]]
  [1]  10  10   8   7   5  10  12   9   5   8   7  15   7  10   9   6   3   2
 [19]   9   6   4   4   3   3   3  10   5   4   4   4   7   2   2   8   4   2
 [37]   1   1   4   3   2   2   2   2   2   1   1   1   1   1   6  11   6   5
 [55]   4   4   2   2   8   6   5   5   4   7   9  12  13  17  18  13  18  31
 [73]  38  36  38  33  31  38  42  36  58  51  60  73  58  56  53  72  67  61
 [91]  58  65  74  75  74  74  74  86  94  91  90 101 105 107 107 132 161 170
[109] 145 140 171 205 206 216 198 211 235 248 293 305 294

[[65]]
  [1]  10  16  12  11  16  20  17  22  16  27  23  22  22  17  14  11  15  17
 [19]  13  15  15  24  19  22  21  15  12  10  11   8   9  14  16  13   9  15
 [37]  16  14  28  24  29  23  28  31  35  44  35  38  43  35  26  43  39  37
 [55]  28  30  32  39  50  54  44  46  42  46  51  45  57  62  53  65  59  71
 [73]  81  84  83  71  78  84 123 132 137 130 129 133 139 144 140 137 165 162
 [91] 179 186 236 225 230 252 251 253 274 286 261 321 320 353 329 312 350 384
[109] 386 425 451 512 529 552 555 572 583 642 667 735 759

[[66]]
  [1]  10  18  10   9   9  15  18  25  16  20  21  24  25  23  23  37  31  30
 [19]  28  29  27  19  30  30  25  27  28  41  36  31  44  43  44  39  50  55
 [37]  56  56  51  56  63  57  59  67  63  61  74  68  66  60  68  63  71  66
 [55]  61  72  95  81 104 105  97 118 132 139 143 142 133 133 142 134 133 137
 [73] 151 140 164 172 179 163 168 153 157 135 171 165 170 170 183 177 199 200
 [91] 195 214 208 242 215 199 241 280 247 266 242 254 272 265 289 298 301 362
[109] 352 364 406 382 432 458 492 543 537 516 571 598 623

[[67]]
  [1]   10    6    6    6   10    7    5    4    3    3    3    6    6    9    6
 [16]    9    4    3    7   11    6    5    4    9    8    6   11    7    6    5
 [31]    9   11   16   12   12   12   22   19   22   32   36   41   36   37   54
 [46]   57   55   62   68   60   71   76   72   71   70   71   70   71   60   56
 [61]   61   65   69   68   62   61   75   87   84   98  109   87  105  106  110
 [76]  133  149  163  139  150  168  170  167  178  163  189  197  197  230  270
 [91]  275  297  298  300  305  329  368  385  340  365  384  411  416  476  492
[106]  511  525  558  598  587  590  624  677  720  718  778  782  803  854  958
[121] 1032

[[68]]
  [1]  10  12  13  22  21  24  29  21  19  18  17  40  41  31  30  30  28  33
 [19]  28  28  23  26  25  26  18  24  20  29  28  38  42  42  40  49  51  64
 [37]  53  42  39  43  52  72  75  64  57  57  47  49  60  68  92  90  89  82
 [55]  86 100 109 103 117 135 140 136 129 133 155 159 163 151 157 167 163 145
 [73] 161 161 169 161 169 201 172 197 211 210 193 191 206 237 228 237 244 297
 [91] 273 290 308 330 327 353 375 403 441 426 408 427 475 530 498 539 622 591
[109] 603 623 679 714 694 726 761 826 791 846 849 903 942

[[69]]
  [1] 10  6  4  3  3  7 13 15 11 14 10  9 10  9 13  8  6  6  8 11  6  5  5  9  8
 [26]  7 12 11 11  8  7  7  7 12 10  7 11  9 11 10 19 22 21 15 14 17 14 10 16 10
 [51] 12  9 18 10 10 13 10 10 13 12 14 20 19 19 14 13 17 15 10 16 19 18 19 16 16
 [76] 12 11  9 11 16  8  6  6 15 11  8  6 12  9 15 17 20 16  9  8  8 18 11  9  7
[101] 11  8  6  6 10  5  3  3 11  6  6  6  8  7 10  5  5  5  6  5  4

[[70]]
  [1] 10 12  9 14 13 16 18 15 12 14 14 20 14 16 15 16 21 20 18 22 13  8  6  4  3
 [26]  5  2  2  2  1  1  1  7  5  2  1  1  0  0  0  0  0  0  0  0  0  0  0  0  0
 [51]  0  0  0  0  0  0  0  0  0  0  0  0  0  0  0  0  0  0  0  0  0  0  0  0  0
 [76]  0  0  0  0  0  0  0  0  0  0  0  0  0  0  0  0  0  0  0  0  0  0  0  0  0
[101]  0  0  0  0  0  0  0  0  0  0  0  0  0  0  0  0  0  0  0  0  0

[[71]]
  [1]   10   20   22   25   20   23   19   21   32   34   32   35   31   28   44
 [16]   36   40   40   52   46   51   59   67   68   84   77   70   72   91   97
 [31]  101  113   89   98   91   93   99  123  109   94  108  102  103  113  116
 [46]  117  120  120  136  122  145  148  120  135  148  155  162  159  170  191
 [61]  228  264  283  292  293  283  299  300  325  374  390  407  445  460  440
 [76]  486  467  464  502  559  555  575  554  604  681  681  735  780  734  764
 [91]  853  844  903  978 1071 1135 1111 1182 1197 1290 1310 1335 1395 1483 1591
[106] 1669 1768 1707 1803 1870 2077 2042 2173 2181 2347 2460 2576 2632 2793 2921
[121] 2993

[[72]]
  [1]  10   6   6   5  10   9   9   8   8   6   5   4   9  16  13   8  11  14
 [19]  15  10  14  15  16  10  10  16  13   9  12  13  11  11  17  20  18  30
 [37]  17  27  26  29  43  44  44  41  32  39  33  43  53  50  47  45  40  33
 [55]  43  41  39  43  46  48  52  46  39  47  41  40  41  37  52  56  80  77
 [73]  56  58  69  56  72  87  72  75  77  82  91  90 102 106  96 109 121 148
 [91] 140 129 118 104 129 132 122  99 104 163 167 149 145 160 187 188 207 234
[109] 226 204 244 232 220 213 239 270 278 269 287 283 290

[[73]]
  [1] 10  8 10  8 12 17  8  8 18 12  8  7  6  5  4  4  8  9  7  7  5  3  3  2  2
 [26]  1  1  4  8  6  4  2  1  1  1  1  3  2  1  1  0  0  0  0  0  0  0  0  0  0
 [51]  0  0  0  0  0  0  0  0  0  0  0  0  0  0  0  0  0  0  0  0  0  0  0  0  0
 [76]  0  0  0  0  0  0  0  0  0  0  0  0  0  0  0  0  0  0  0  0  0  0  0  0  0
[101]  0  0  0  0  0  0  0  0  0  0  0  0  0  0  0  0  0  0  0  0  0

[[74]]
  [1]   10   16   12    7    7    4    9    6    6   14   11   14   10    7    7
 [16]   10    5   10    6    5    6    5   11   11    7    9   16   10   14   26
 [31]   14   14   12   14   27   27   26   24   36   38   53   50   48   52   57
 [46]   67   67   77   81   75   94   76   90   87   95  104  121  153  129  136
 [61]  125  146  131  152  149  175  180  189  203  218  224  241  258  293  282
 [76]  309  316  324  362  352  338  386  376  442  496  469  467  467  479  520
 [91]  538  591  626  603  620  638  654  623  703  738  768  781  875  851  991
[106] 1001 1039 1075 1078 1091 1216 1340 1413 1352 1318 1349 1444 1533 1614 1674
[121] 1702

[[75]]
  [1]   10   14   15   19   20   15   11   17   15   15    9   16   19   33   42
 [16]   46   44   41   45   55   45   52   47   67   69   76   72   75   75   76
 [31]   71   60   82   92   99   79   92  107  107  113  118  102  114  114  121
 [46]  126  123  125  134  165  166  182  177  177  193  171  221  242  240  271
 [61]  270  263  234  266  272  298  319  339  356  380  387  387  379  451  468
 [76]  456  395  439  487  491  511  492  521  525  600  701  666  697  745  788
 [91]  829  858  883  907  936 1005 1021 1067 1192 1200 1202 1290 1339 1446 1505
[106] 1511 1546 1527 1598 1731 1760 1812 1859 1845 1922 2090 2176 2279 2377 2552
[121] 2559

[[76]]
  [1] 10  5  3  9  4  7 10  7  7  5  9  6  6  5  4  4  9  6  6 11  5  5 10 14 12
 [26] 10 13 17 10 25 27 20 22 21 17 16 19 19 25 18 14 17 16 13 12 11 16 17 15 11
 [51] 26 25 31 21 20 22 17 14 13 14 16 11 15 14 15 17 22 17 14 18 24 18 14 18 15
 [76] 11  9  7 11  8 14 11 14  7  5  7  6  4  4  4  2  2  0  0  0  0  0  0  0  0
[101]  0  0  0  0  0  0  0  0  0  0  0  0  0  0  0  0  0  0  0  0  0

[[77]]
  [1] 10 18 19 12  9 10  8  8  6  8  5  5  5  3  3  3  3  9 11 16 12 10 10 12  8
 [26]  4  3  5  3  1  1  1  8  2  7 13  7  6  4  4  1  1  1  6  3  1  0  0  0  0
 [51]  0  0  0  0  0  0  0  0  0  0  0  0  0  0  0  0  0  0  0  0  0  0  0  0  0
 [76]  0  0  0  0  0  0  0  0  0  0  0  0  0  0  0  0  0  0  0  0  0  0  0  0  0
[101]  0  0  0  0  0  0  0  0  0  0  0  0  0  0  0  0  0  0  0  0  0

[[78]]
  [1]  10  12   9   7   5   8   7   6  10   8  13  13  11  15  11  23  23  17
 [19]  16  13  17  26  27  25  27  22  30  25  20  32  26  33  25  30  27  28
 [37]  35  39  31  33  30  23  22  30  25  32  46  36  34  34  34  39  27  46
 [55]  47  33  37  55  41  33  32  44  40  47  40  38  46  58  67  54  61  75
 [73]  81  75  78  69  68  66  72  85  73  81  73  67  67  60  75  69  74 100
 [91] 101  87  89  99 111 102 101 132 143 131 146 131 127 146 153 141 176 176
[109] 210 194 182 188 205 204 221 214 221 218 210 216 219

[[79]]
  [1] 10 16 11 11  8  7 13 10  8  6  6  5  5  8 10  6  6  5  6 10 12 11  8  7  9
 [26]  7  7  9  6  5  5  4  8  7 11  9 12  8  7  9  9  6 12  9  9  8 12  8  6  5
 [51]  9  6  5  4  2  2  2  2  5  3  3  2  6  3  3  6 12 10  9  8  6 11  8  6  6
 [76] 14  9  9  8  7 15 16 10 10 12 13  8 11  7 12  9  8  4  4  4  9  8 11  8  8
[101] 12 10 11  5  3  3  5  9 21 13 11 10 14 23 14 13 11 10  8 10 13

[[80]]
  [1]   10    7   10   20   17   14   13   22   18   12   15   12   18   19   16
 [16]   27   26   36   35   40   38   44   56   51   45   50   81   89   66   63
 [31]   78   95  113  112  116  131  143  142  137  154  201  210  191  180  194
 [46]  221  226  232  235  278  317  341  340  324  381  393  457  498  482  510
 [61]  524  545  576  634  664  673  716  725  782  756  857  863  905 1010  995
 [76]  984  985 1031 1128 1254 1259 1366 1460 1448 1576 1630 1745 1853 1852 1966
 [91] 2084 2147 2252 2387 2465 2581 2735 2841 2915 2848 2992 3097 3256 3320 3532
[106] 3662 3833 4000 4263 4418 4674 4726 4811 5023 5009 5108 5341 5648 5937 6097
[121] 6296

[[81]]
  [1]   10   16   18   15   22   22   27   24   24   19   32   31   30   23   40
 [16]   48   49   42   45   55   59   42   40   50   60   59   75   56   74   73
 [31]   61   52   75   97  125  109   96  111  117  120  133  149  142  141  139
 [46]  172  189  188  171  179  189  187  188  183  187  197  219  226  241  230
 [61]  231  246  296  286  267  281  321  354  377  379  402  398  366  402  450
 [76]  416  455  470  487  512  495  502  535  574  646  642  665  635  668  708
 [91]  777  856  892  854  815  840  850  976 1014 1097 1139 1146 1185 1231 1262
[106] 1351 1359 1354 1393 1430 1554 1678 1735 1730 1876 1835 1920 2017 2086 2126
[121] 2151

[[82]]
  [1]   10   18   24   26   23   24   27   33   37   40   40   35   32   28   30
 [16]   30   49   41   38   34   24   33   37   42   38   47   45   45   42   37
 [31]   34   41   56   61   76   68   68   72   60   74   90   90   97   94   75
 [46]   86  101  123   86   90  103  115  124  131  126  128  182  191  186  161
 [61]  172  192  230  201  216  240  262  216  272  257  278  283  295  296  301
 [76]  268  286  328  357  396  421  434  434  446  481  535  568  627  583  606
 [91]  643  697  762  777  771  784  852  944  904 1023  991 1033 1049 1154 1183
[106] 1257 1383 1344 1345 1365 1468 1608 1697 1742 1850 1912 2030 2142 2185 2371
[121] 2387

[[83]]
  [1]   10    6   10   12   14   18   15   19   20   20   18   24   20   22   29
 [16]   26   19   25   24   26   25   38   40   59   68   53   61   83   81   87
 [31]   79   78   98   86   90   93  100  106  113  121  143  179  165  185  179
 [46]  218  224  218  246  233  242  275  257  282  308  294  290  303  313  316
 [61]  329  342  358  403  411  416  408  414  408  403  423  470  522  552  553
 [76]  578  578  624  599  592  627  723  743  748  703  726  810  800  859  928
 [91]  873  828  896  982 1041 1078 1121 1098 1110 1168 1170 1233 1299 1295 1278
[106] 1404 1543 1499 1550 1607 1671 1685 1810 1824 1899 1995 2104 2203 2261 2339
[121] 2390

[[84]]
  [1]  10   9   5   5   4   4   8  13   9  11  18  12  13  21  28  37  30  28
 [19]  24  23  28  33  33  32  51  43  33  41  40  31  29  45  30  44  30  29
 [37]  32  33  31  40  28  35  48  50  46  33  25  44  54  47  44  41  42  52
 [55]  51  39  36  35  37  39  43  52  73  84  88  76  81 104 103 116 103 112
 [73] 118 103 126 143 152 120 135 143 142 139 134 149 133 155 177 165 175 181
 [91] 230 234 212 263 247 252 257 279 274 260 305 323 300 300 275 324 395 409
[109] 397 397 426 450 461 494 564 593 574 585 646 701 734

[[85]]
  [1]  10  15  14  10  14  10   6  13  11  12   6   6  16  12  16  17  13   9
 [19]   7   7   7  12  16  17  12   7   7   7  12  17  13  13  11  10  17  28
 [37]  28  29  31  32  33  31  27  27  34  37  25  31  50  51  48  41  44  44
 [55]  48  43  49  43  48  54  48  43  52  47  61  56  67  71  72  64  63  57
 [73]  73  78  87  85  95  90  84  74  71  93 109  90  71  87 107 123 130 124
 [91] 145 149 148 137 151 154 168 160 167 238 213 203 230 227 219 254 250 271
[109] 261 290 326 315 347 370 363 380 387 414 426 476 472

[[86]]
  [1]   10    5    3    7    4    4    8    6    9   14    8    7   11   11   14
 [16]   15   10    8    5   10    8   13   13    9   13   17   18   15   13   15
 [31]   11    9   18   15   18   28   26   20   22   20   24   37   31   31   26
 [46]   41   48   41   39   36   48   61   75   64   83   72   77  110   96  112
 [61]  109  117  121  125  111  119  118  128  153  148  159  193  197  203  214
 [76]  243  241  239  262  232  266  308  314  359  321  343  352  372  418  459
 [91]  453  514  558  538  535  496  553  589  619  660  695  666  652  705  740
[106]  798  828  811  804  873 1003 1004 1012 1118 1081 1115 1119 1206 1296 1320
[121] 1318

[[87]]
  [1] 10  9  8 10  8  8 10  9 14 20 16 34 25 24 17 20 14 11 14 19 12 10  7  5  6
 [26] 10 10  7 11  5  4  4  4  4  7  5  4  9  3  2  2  1  1  1  1  1  1  1  1  2
 [51]  2  5  1  1  1  1  1  1  1  0  0  0  0  0  0  0  0  0  0  0  0  0  0  0  0
 [76]  0  0  0  0  0  0  0  0  0  0  0  0  0  0  0  0  0  0  0  0  0  0  0  0  0
[101]  0  0  0  0  0  0  0  0  0  0  0  0  0  0  0  0  0  0  0  0  0

[[88]]
  [1]  10  14  11  14   9   9  17  19  10   7   5   5   5   5  10  15  14  12
 [19]  15  14  14  16  19  20  23  29  21  28  23  26  27  27  29  28  49  39
 [37]  44  34  47  47  37  41  45  31  26  20  27  32  29  37  32  38  36  58
 [55]  46  30  28  43  39  49  56  45  45  54  50  55  41  39  64  71  75  64
 [73]  53  68  62  80  72  81  86  73  75  73  76  86  93  93 112  97 100  83
 [91]  83  89  99 112 123 124 145 173 168 171 192 204 205 204 218 227 215 250
[109] 269 283 277 289 335 334 336 314 336 368 402 395 368

[[89]]
  [1]   10   22   28   20   30   26   19   18   21   29   21   17   17   25   29
 [16]   27   44   42   31   25   18   25   20   17   30   45   57   45   55   54
 [31]   90   86   92   85   76   70   84   89   96   99   86  109  104  110  116
 [46]  108  107  107  129  167  153  142  153  170  176  194  179  217  240  245
 [61]  254  242  260  316  323  302  340  338  413  395  379  393  438  490  474
 [76]  502  553  574  627  593  594  618  667  680  688  720  750  794  827  825
 [91]  863  925  923  894  930  991 1000 1046 1131 1154 1254 1255 1255 1286 1374
[106] 1435 1511 1603 1714 1786 1777 1855 1904 2048 2148 2178 2145 2336 2540 2587
[121] 2592

[[90]]
  [1]   10   21   18   15   18   13   29   25   27   20   20   26   42   40   23
 [16]   28   30   32   42   53   36   36   31   32   33   37   39   38   31   27
 [31]   23   40   31   47   39   42   36   28   23   39   31   45   46   47   50
 [46]   78   78   78   76  100  121  116  130  107  119  103  114  121  131  146
 [61]  150  161  173  173  171  165  193  186  249  271  266  251  248  259  273
 [76]  271  300  321  318  357  390  435  433  496  479  526  519  545  581  588
 [91]  590  601  612  644  661  748  775  792  814  837  885  869  917 1005 1014
[106] 1026 1112 1119 1061 1143 1214 1235 1234 1377 1466 1510 1590 1628 1670 1853
[121] 1839

[[91]]
  [1] 10 11  6  5  4  7  5  9 13  9  8  6  5  4  9 11  7  9  3  3  6 11  4  3  3
 [26]  3  3  2  2  2  2  2  2  2  4  3  7  5  5  3  3  3  1  0  0  0  0  0  0  0
 [51]  0  0  0  0  0  0  0  0  0  0  0  0  0  0  0  0  0  0  0  0  0  0  0  0  0
 [76]  0  0  0  0  0  0  0  0  0  0  0  0  0  0  0  0  0  0  0  0  0  0  0  0  0
[101]  0  0  0  0  0  0  0  0  0  0  0  0  0  0  0  0  0  0  0  0  0

[[92]]
  [1]  10  13   8  13   7   9  13  14  15  15  13  15  15  16  13  19  26  24
 [19]  22  29  47  41  41  35  41  39  56  55  53  64  73  73  76  83  64  82
 [37]  78  72  74  71  72  90  91  90  65  69  82  65  56  68  72  83  82  60
 [55]  64  71  67  77  85  79  89  97 106 115 101  90  94  86 118 119 121 104
 [73] 120 142 144 136 146 143 134 141 179 171 159 176 216 208 197 212 213 185
 [91] 196 215 249 245 258 308 295 309 315 332 325 302 342 367 356 371 388 377
[109] 396 478 484 475 469 533 583 604 559 602 667 696 712

[[93]]
  [1]   10   17   14   17   13   16   12   11   22   35   22   25   29   29   29
 [16]   31   24   29   32   35   37   43   47   42   52   49   44   41   44   44
 [31]   37   36   52   51   56   49   44   43   46   52   59   61   75   60   59
 [46]   72   60   64   59   72   80   74   68   68   63   58   47   61   67   88
 [61]   84   79  109   97   97  101   96  109  126  124  134  148  138  146  142
 [76]  148  145  133  158  165  202  209  218  204  211  259  307  300  312  322
 [91]  376  375  427  397  432  461  470  459  486  480  488  514  536  589  598
[106]  611  638  663  729  755  760  750  795  824  849  882  867  972  986  990
[121] 1043

[[94]]
  [1]   10    9    6    8   14   10   23   15   12   13   19   15   19   17   13
 [16]   11   10   13    9   11   17   20   19   17   22   20   24   19   28   26
 [31]   28   30   44   47   49   48   52   39   38   51   57   42   49   54   67
 [46]   73   56   61   64   77   78   61   78   89   96  105  107   98  115  145
 [61]  138  152  166  163  156  157  185  213  255  274  259  262  295  305  278
 [76]  306  279  279  319  326  337  366  372  371  375  386  401  456  461  480
 [91]  476  480  504  490  550  543  557  554  565  595  662  636  680  714  775
[106]  820  817  847  868  908  904  992 1029 1004 1057 1094 1165 1194 1246 1325
[121] 1408

[[95]]
  [1]  10   8   6  11   6   5   5  13  12   7   6   6   5   5   4   4   3   3
 [19]   3   2   2   2   2   8   4   3   3  10   6   5   4   3   3   3   8  13
 [37]  10  12   5   4   6  14  14  12  10  14  10  13  14  20  23  29  27  29
 [55]  25  28  32  16  12   9  24  30  22  29  23  22  22  23  25  22  36  42
 [73]  41  49  38  40  38  56  56  44  63  58  72  60  59  70  72  74  72  88
 [91]  89  94  86  57  71  99 101 104  94  92 111 114 120 119 126 151 130 140
[109] 141 164 185 210 198 212 218 223 243 277 294 317 323

[[96]]
  [1] 10  7  4 11  6  6  6  5  4 12 12  8  8  8 11 11  6 13 10  7 11  9  7 10 10
 [26]  9  6  8  6  8  7  4  3  3  3  9  8  7  4  4  3  2  8  6  3  3  3  9 13 10
 [51]  5  5  5  5  5  3  3  4  3  2  2  2  2  2  2  2  2  2  1  1  1  1  1  1  0
 [76]  0  0  0  0  0  0  0  0  0  0  0  0  0  0  0  0  0  0  0  0  0  0  0  0  0
[101]  0  0  0  0  0  0  0  0  0  0  0  0  0  0  0  0  0  0  0  0  0

[[97]]
  [1] 10  7  1  1  1  1  1  1  1  1  1  0  0  0  0  0  0  0  0  0  0  0  0  0  0
 [26]  0  0  0  0  0  0  0  0  0  0  0  0  0  0  0  0  0  0  0  0  0  0  0  0  0
 [51]  0  0  0  0  0  0  0  0  0  0  0  0  0  0  0  0  0  0  0  0  0  0  0  0  0
 [76]  0  0  0  0  0  0  0  0  0  0  0  0  0  0  0  0  0  0  0  0  0  0  0  0  0
[101]  0  0  0  0  0  0  0  0  0  0  0  0  0  0  0  0  0  0  0  0  0

[[98]]
  [1] 10 18 21 18 18 15 14 21 17 14 12 11  7  5  8  9  7  5  4 13  8  8  6  5  6
 [26]  4  4  3  3  2  2  1  1  7 12 15 12  9  8  7  7  4  4  3  3  3  2  1  8  4
 [51]  3  3  1  1  1  0  0  0  0  0  0  0  0  0  0  0  0  0  0  0  0  0  0  0  0
 [76]  0  0  0  0  0  0  0  0  0  0  0  0  0  0  0  0  0  0  0  0  0  0  0  0  0
[101]  0  0  0  0  0  0  0  0  0  0  0  0  0  0  0  0  0  0  0  0  0

[[99]]
  [1]   10    7   11   15   18   17   12   11   16   16   16   13   13   17   18
 [16]   19   14   18   19   22   16   24   18   26   35   44   34   36   38   45
 [31]   40   52   57   40   69   64   61   73   68   71   85   91   92   98  109
 [46]   96   99   91   93  109  120  110  163  167  154  152  157  165  142  170
 [61]  166  169  169  172  190  177  174  197  208  200  240  233  232  217  212
 [76]  218  237  271  290  270  250  316  306  334  306  285  313  331  367  353
 [91]  359  374  373  365  424  425  429  418  461  533  487  511  529  575  588
[106]  622  665  718  689  751  779  720  803  842  856  880  943  982 1026  991
[121]  982

[[100]]
  [1]   10    6    6   17   16   11   11   13   23   35   26   25   23   20   27
 [16]   27   25   30   28   40   33   30   31   38   43   47   40   55   75   66
 [31]   74   71   68   55   72   72   83   89  103   96  110  101   91  114  133
 [46]  121  126  129  133  150  156  139  132  150  146  138  140  129  164  144
 [61]  160  158  162  166  165  183  188  204  218  201  225  249  277  292  317
 [76]  290  312  333  338  368  366  390  389  391  421  437  390  401  407  463
 [91]  463  455  487  530  537  534  578  616  704  659  671  634  643  720  795
[106]  857  824  883  895  921 1029 1058 1092 1196 1239 1284 1372 1464 1427 1473
[121] 1561

[[101]]
  [1]  10   7  28  22  17  13  13  17  23  15  17  15  14  14  23  30  21  18
 [19]  19  13  14  13  18  18  12  11  14  14  18  23  31  27  19  16  26  25
 [37]  31  30  26  30  36  27  28  21  23  33  33  36  26  24  27  29  30  29
 [55]  28  25  24  24  31  19  19  25  27  32  26  40  45  58  60  58  47  58
 [73]  57  80  88  85  72  69 115 142 112 104 119 138 119 138 126 137 122 132
 [91] 169 176 193 206 191 201 203 193 214 199 208 216 213 203 213 210 212 249
[109] 259 218 222 238 272 300 298 329 349 338 328 299 342

[[102]]
  [1] 10 11 12  9  5  5 14 21 22 14 13 14  8 17 13  9  4  3  3  1  1  1  0  0  0
 [26]  0  0  0  0  0  0  0  0  0  0  0  0  0  0  0  0  0  0  0  0  0  0  0  0  0
 [51]  0  0  0  0  0  0  0  0  0  0  0  0  0  0  0  0  0  0  0  0  0  0  0  0  0
 [76]  0  0  0  0  0  0  0  0  0  0  0  0  0  0  0  0  0  0  0  0  0  0  0  0  0
[101]  0  0  0  0  0  0  0  0  0  0  0  0  0  0  0  0  0  0  0  0  0

[[103]]
  [1] 10 14  9  6  6  5  6  4  4  3  2  1  1  1  2  2  1  1  1  1  0  0  0  0  0
 [26]  0  0  0  0  0  0  0  0  0  0  0  0  0  0  0  0  0  0  0  0  0  0  0  0  0
 [51]  0  0  0  0  0  0  0  0  0  0  0  0  0  0  0  0  0  0  0  0  0  0  0  0  0
 [76]  0  0  0  0  0  0  0  0  0  0  0  0  0  0  0  0  0  0  0  0  0  0  0  0  0
[101]  0  0  0  0  0  0  0  0  0  0  0  0  0  0  0  0  0  0  0  0  0

[[104]]
  [1] 10  6  4  2  2  1  1  1  1  1  1  0  0  0  0  0  0  0  0  0  0  0  0  0  0
 [26]  0  0  0  0  0  0  0  0  0  0  0  0  0  0  0  0  0  0  0  0  0  0  0  0  0
 [51]  0  0  0  0  0  0  0  0  0  0  0  0  0  0  0  0  0  0  0  0  0  0  0  0  0
 [76]  0  0  0  0  0  0  0  0  0  0  0  0  0  0  0  0  0  0  0  0  0  0  0  0  0
[101]  0  0  0  0  0  0  0  0  0  0  0  0  0  0  0  0  0  0  0  0  0

[[105]]
  [1]   10    9    8   11   19   15   24   22   25   19   31   27   21   30   21
 [16]   25   29   22   19   17   31   33   28   28   29   41   28   35   35   49
 [31]   51   60   43   39   33   39   54   58   63   50   44   46   68   88   76
 [46]   73   76   76   82   83   88   86  102  105  120  124  142  151  160  159
 [61]  184  178  181  221  212  229  215  223  223  241  264  281  261  301  325
 [76]  349  358  367  339  367  374  399  457  491  522  524  552  632  628  604
 [91]  608  660  682  738  750  758  815  835  823  896  928 1016 1088 1125 1203
[106] 1184 1205 1269 1361 1352 1380 1485 1537 1595 1669 1761 1944 1927 1939 2107
[121] 2175

[[106]]
  [1]  10   9  12  18  18  14  18  12  12  16  11  23  14  14  16  15  21  14
 [19]  12  11  19  21  25  20  14  11  13  23  22  16  19  13  19  12  10  18
 [37]  24  29  20  18  22  19  14  30  23  18  19  36  33  36  25  32  27  43
 [55]  34  25  19  26  43  43  35  34  32  28  24  17  17  28  37  28  23  24
 [73]  19  20  19  24  18  12  14  13   9  25  21  18  20  14  13  13  13  28
 [91]  35  31  30  19  15  22  35  25  41  32  33  33  28  38  44  42  50  53
[109]  46  41  48  51  58  64  65  75  83  95 104 110 104

[[107]]
  [1]  10  15  12  15  14  18  20  23  17  11  17  19  20  14  30  31  19  25
 [19]  26  31  31  27  30  24  31  26  32  30  29  23  27  26  30  26  30  32
 [37]  33  34  23  22  30  29  31  25  25  27  30  20  21  33  26  23  19  22
 [55]  25  31  24  24  29  42  43  42  42  30  56  64  70  49  44  54  61  66
 [73]  50  46  59  82  75  95  84  95  78  81  88 114 107  91  84  96  98 124
 [91] 149 156 143 137 155 163 161 211 196 207 193 214 206 235 238 229 231 236
[109] 239 242 256 233 245 262 292 332 334 348 336 345 391

[[108]]
  [1]   10   14   10   10   14   17   24   24   19   17   22   20   16   23   21
 [16]   24   26   22   22   17   22   17   18   25   28   26   23   23   23   29
 [31]   29   31   29   31   24   41   41   35   38   37   32   49   45   37   47
 [46]   38   51   41   43   46   54   50   59   61   65   62   64   95   90   95
 [61]  113  100  116  134  157  134  153  166  168  204  190  231  227  226  218
 [76]  235  261  260  262  242  278  272  298  300  323  339  352  362  390  418
 [91]  423  446  433  456  471  478  563  541  565  603  606  642  714  790  760
[106]  773  762  850  915  935  958  897  940 1048 1161 1194 1203 1212 1216 1325
[121] 1379

[[109]]
  [1]   10   11    7   10    8    5    5    7    9    6   15   10   10    8    8
 [16]    8    7   16    9    8   11   17   16   12   13   23   23   19   24   33
 [31]   47   57   53   52   50   54   63   60   75   81   83   78   93  101   99
 [46]  121  117  112  100   92  116  144  146  142  185  187  195  233  227  243
 [61]  249  270  284  264  291  333  346  340  328  371  372  407  395  419  443
 [76]  441  469  456  454  508  526  510  543  587  621  639  707  738  807  804
 [91]  768  826  898  874  824  854  914  882  888 1032 1112 1155 1153 1255 1331
[106] 1408 1391 1415 1467 1463 1583 1647 1698 1788 1869 1907 1925 1965 2236 2238
[121] 2263

[[110]]
  [1]   10   13   13   10    9   13   21   18   20   24   21   24   18   27   22
 [16]   18   16   14   13   28   22   19   19   31   40   46   44   35   41   41
 [31]   55   66   78   73   82   83   90   91   90   95   92   99  117   97  102
 [46]  130  121  137  142  159  147  140  129  140  147  155  198  186  208  221
 [61]  191  185  232  198  215  214  215  255  247  247  248  240  270  305  327
 [76]  302  320  305  344  340  374  394  402  435  436  478  495  518  500  603
 [91]  605  597  601  656  689  739  759  763  777  878  844  961 1056 1040 1095
[106] 1089 1118 1194 1248 1260 1313 1427 1518 1547 1673 1796 1809 1941 1967 1986
[121] 2090

[[111]]
  [1]  10  13  10  20  15  21  21  20  18  28  36  28  30  28  23  22  32  43
 [19]  42  37  34  30  51  52  53  56  62  65  57  48  54  76  69  77  67  65
 [37]  69  70  78  92  83  86  95  89  80 110 103 118 113 105  86 121 139 122
 [55] 126 158 193 175 169 172 172 192 202 216 212 219 232 214 206 203 183 219
 [73] 205 191 211 221 232 262 274 276 258 250 259 310 318 312 343 299 305 343
 [91] 396 372 401 380 428 410 396 406 445 426 434 413 401 418 423 456 481 457
[109] 476 470 524 519 525 597 602 614 630 671 700 809 804

[[112]]
  [1]   10   20   16   10   16   20   16   18   26   29   24   19   35   38   58
 [16]   45   50   55   52   67   69   67   78   72   75   57   89   72   75   75
 [31]   74   79   98   92   95   91  111   93  103  100  118  117   83  109  107
 [46]  105   98  107  140  125  114  109  128  126  121  123  146  140  153  154
 [61]  181  189  165  172  166  213  243  257  230  249  245  269  304  313  299
 [76]  300  289  324  359  340  399  411  444  430  441  455  490  508  526  537
 [91]  554  652  637  636  690  649  704  736  792  781  776  807  865  890  985
[106] 1025 1010  998 1028 1098 1145 1192 1232 1348 1401 1413 1393 1477 1526 1529
[121] 1570

[[113]]
  [1] 10  3  2  4  8  4  4  4 12  9 12  9  7  6  5  4  2  1  1  1  1  0  0  0  0
 [26]  0  0  0  0  0  0  0  0  0  0  0  0  0  0  0  0  0  0  0  0  0  0  0  0  0
 [51]  0  0  0  0  0  0  0  0  0  0  0  0  0  0  0  0  0  0  0  0  0  0  0  0  0
 [76]  0  0  0  0  0  0  0  0  0  0  0  0  0  0  0  0  0  0  0  0  0  0  0  0  0
[101]  0  0  0  0  0  0  0  0  0  0  0  0  0  0  0  0  0  0  0  0  0

[[114]]
  [1]  10  18  13   9   6   5   4   4   9  12   7   7  12   9  15  11  13  10
 [19]  22  31  24  18  21  16  20  29  24  29  24  21  29  33  27  25  29  30
 [37]  29  40  37  31  26  20  40  30  33  27  27  25  25  26  30  30  43  41
 [55]  49  51  37  38  47  58  53  52  46  51  68  68  73  69  68  64  60  76
 [73]  81  73  86  81  96 102  80  76  80  90 107 142 125 122 141 139 139 130
 [91] 161 163 172 165 154 167 187 204 201 203 223 256 259 255 241 276 283 276
[109] 294 329 348 332 357 353 397 442 441 422 453 460 532

[[115]]
  [1]   10    7   13   18   20   18   18   14   18   31   27   25   26   26   22
 [16]   29   32   30   33   42   34   46   38   36   35   48   45   47   40   35
 [31]   41   50   66   74   61   69   60   57   87   81   66   92   99   94   97
 [46]  112  144  180  158  155  165  185  177  167  195  205  195  170  181  198
 [61]  212  216  212  202  220  252  270  312  299  342  371  361  364  377  377
 [76]  404  394  434  462  484  472  502  593  612  612  645  616  605  624  649
 [91]  715  729  775  786  846  889  946  972 1025 1087 1112 1151 1159 1250 1266
[106] 1292 1264 1328 1447 1478 1564 1612 1553 1616 1768 1843 1939 1977 2051 1977
[121] 2151

[[116]]
  [1]  10  21  16  12   9   9  13  21  17  23  15  12  19  18  19  15  11  17
 [19]  16  12  15  22  19  14  21  21  23  21  21  24  24  23  16  25  35  31
 [37]  27  21  25  36  32  22  17  25  21  37  30  20  27  43  36  41  42  51
 [55]  49  41  53  49  46  42  55  44  63  62  67  79  72  64  86  80  96  94
 [73]  85  84  79  95  92  98 110 112 110 145 145 146 144 162 153 196 193 189
 [91] 193 231 240 257 271 280 333 339 335 371 391 395 432 405 456 461 456 524
[109] 538 529 587 609 614 660 707 736 787 838 840 846 893

[[117]]
  [1] 10  8  2  1  1  1  1  0  0  0  0  0  0  0  0  0  0  0  0  0  0  0  0  0  0
 [26]  0  0  0  0  0  0  0  0  0  0  0  0  0  0  0  0  0  0  0  0  0  0  0  0  0
 [51]  0  0  0  0  0  0  0  0  0  0  0  0  0  0  0  0  0  0  0  0  0  0  0  0  0
 [76]  0  0  0  0  0  0  0  0  0  0  0  0  0  0  0  0  0  0  0  0  0  0  0  0  0
[101]  0  0  0  0  0  0  0  0  0  0  0  0  0  0  0  0  0  0  0  0  0

[[118]]
  [1] 10 12 17 15 11 11 12  9 14 27 25 15 23 17 23 16 18 19 18 26 26 28 24 25 32
 [26] 35 35 39 29 26 28 32 30 31 36 26 21 25 27 23 23 13 16 12  9 16  7  7  6  4
 [51]  6  3  1  0  0  0  0  0  0  0  0  0  0  0  0  0  0  0  0  0  0  0  0  0  0
 [76]  0  0  0  0  0  0  0  0  0  0  0  0  0  0  0  0  0  0  0  0  0  0  0  0  0
[101]  0  0  0  0  0  0  0  0  0  0  0  0  0  0  0  0  0  0  0  0  0

[[119]]
  [1]   10   11    7    6   10   11   14   10    8    9   11    6    6   10   26
 [16]   19   27   18   20   23   29   25   34   28   39   38   36   46   40   27
 [31]   38   60   61   56   49   54   63   51   57   64   61   69   76   80   82
 [46]   92   93  100   93   87   98  119  111  111  108  112  122  133  117  139
 [61]  147  122  136  123  113  120  151  144  206  189  193  193  186  208  210
 [76]  245  274  266  236  236  258  308  316  346  351  351  309  347  341  337
 [91]  357  385  404  371  390  411  405  423  461  513  506  528  550  632  669
[106]  659  647  740  754  789  812  830  831  890  927  991 1032 1029 1069 1167
[121] 1244

[[120]]
  [1]  10  13  11  17  14  30  31  32  27  29  36  31  26  39  49  45  43  39
 [19]  28  46  37  52  39  42  40  31  42  42  35  34  37  32  33  48  37  54
 [37]  46  35  36  33  27  42  48  58  59  69  72  67  68  53  57  57  70  71
 [55]  72  66  72  60  77  78  98  97  71  81 119 106 106 106 110 112 115 115
 [73]  90 115 108 109 125 123 126 131 122 143 150 158 172 211 179 192 221 234
 [91] 209 210 208 203 249 239 233 249 255 270 281 303 326 292 301 302 304 361
[109] 351 321 366 396 415 403 441 477 509 474 506 540 592

[[121]]
  [1]   10   20   22   25   26   21   27   32   35   43   29   27   27   24   28
 [16]   20   22   27   32   36   44   39   35   47   38   59   68   51   55   43
 [31]   44   64   63   64   60   76   75   86  109  123  109   98   86  100  102
 [46]  133  135  156  160  155  165  165  188  212  228  228  245  239  277  291
 [61]  313  337  359  379  442  470  441  442  509  496  503  574  550  571  586
 [76]  616  589  574  563  605  616  610  704  721  780  783  827  825  853  859
 [91]  939  950  966  952 1062 1088 1118 1068 1143 1230 1166 1197 1297 1329 1365
[106] 1459 1517 1581 1776 1815 1883 1978 2002 2174 2284 2270 2424 2482 2567 2642
[121] 2760

[[122]]
  [1]   10    6    9   13   16   17   21   14   18   23   17   25   18   18   20
 [16]   24   31   38   26   32   29   43   39   29   31   50   49   51   39   48
 [31]   58   64   67   67   71   72   77   71   77   76   70   65   84   91   98
 [46]  114  120  110  125  109  123  143  151  139  158  184  211  194  177  179
 [61]  185  200  204  240  244  303  288  264  267  274  350  337  350  333  336
 [76]  377  389  386  394  439  463  465  462  495  522  539  535  546  551  560
 [91]  644  638  635  689  667  711  791  802  862  904  883  959  986 1060 1096
[106] 1183 1168 1266 1283 1310 1376 1454 1515 1572 1647 1712 1787 1969 2062 2085
[121] 2186

[[123]]
  [1] 10  6  9  8  6  7 10  6  5  5  5  4  4  2  1  1  2  2  1  1  1  1  1  1  1
 [26]  1  0  0  0  0  0  0  0  0  0  0  0  0  0  0  0  0  0  0  0  0  0  0  0  0
 [51]  0  0  0  0  0  0  0  0  0  0  0  0  0  0  0  0  0  0  0  0  0  0  0  0  0
 [76]  0  0  0  0  0  0  0  0  0  0  0  0  0  0  0  0  0  0  0  0  0  0  0  0  0
[101]  0  0  0  0  0  0  0  0  0  0  0  0  0  0  0  0  0  0  0  0  0

[[124]]
  [1] 10  7  5  8  5  4  4  4  3  2  2  1  1  1  1  1  1  1  1  1  1  1  1  2  0
 [26]  0  0  0  0  0  0  0  0  0  0  0  0  0  0  0  0  0  0  0  0  0  0  0  0  0
 [51]  0  0  0  0  0  0  0  0  0  0  0  0  0  0  0  0  0  0  0  0  0  0  0  0  0
 [76]  0  0  0  0  0  0  0  0  0  0  0  0  0  0  0  0  0  0  0  0  0  0  0  0  0
[101]  0  0  0  0  0  0  0  0  0  0  0  0  0  0  0  0  0  0  0  0  0

[[125]]
  [1] 10 16 21 26 22 28 28 29 25 27 17 15 12  9  7 13 14  9  8  7 15  9  5  4  8
 [26]  6 10  7  5  2  1  1  0  0  0  0  0  0  0  0  0  0  0  0  0  0  0  0  0  0
 [51]  0  0  0  0  0  0  0  0  0  0  0  0  0  0  0  0  0  0  0  0  0  0  0  0  0
 [76]  0  0  0  0  0  0  0  0  0  0  0  0  0  0  0  0  0  0  0  0  0  0  0  0  0
[101]  0  0  0  0  0  0  0  0  0  0  0  0  0  0  0  0  0  0  0  0  0

[[126]]
  [1]  10   8  11   9  15  14  16  16  16  17  14  12  11  15  15  12  30  26
 [19]  23  17  18  21  21  22  14  25  18  12  10  13  24  22  12  18  15  12
 [37]  11   9  16  13  14  16  13  11  23  21  18  13  12   9   7  11   8  14
 [55]  10   9  17  18  23  27  22  15  13  10  14  12  21  18  13  20  20  21
 [73]  29  20  28  29  26  30  50  47  45  52  47  61  52  60  60  64  72  64
 [91]  82  81  76  91  89  83  82  82  87  88  99 128 134 141 136 137 149 157
[109] 170 173 184 222 217 185 153 183 198 211 222 204 218

[[127]]
  [1]  10   7   4   2   1   1   1   1   5   2   2   2   3   7   5   3   3   2
 [19]   9  10   7  10  13  15  13  11  15  12  11  10   8   9  28  30  25  26
 [37]  23  20  27  39  26  27  30  25  21  22  24  40  38  45  37  31  43  32
 [55]  43  45  55  68  74  65  61  77  78 102 108  95 119 118 106  97  84  96
 [73] 100 106  94  88 127 114 116 124 153 133 152 179 214 255 250 276 279 280
 [91] 286 339 355 351 352 410 396 383 374 419 439 459 484 507 511 555 580 590
[109] 628 664 619 691 748 730 797 744 773 746 741 849 845

[[128]]
  [1] 10  8  8  5  6  6  5  6  1  0  0  0  0  0  0  0  0  0  0  0  0  0  0  0  0
 [26]  0  0  0  0  0  0  0  0  0  0  0  0  0  0  0  0  0  0  0  0  0  0  0  0  0
 [51]  0  0  0  0  0  0  0  0  0  0  0  0  0  0  0  0  0  0  0  0  0  0  0  0  0
 [76]  0  0  0  0  0  0  0  0  0  0  0  0  0  0  0  0  0  0  0  0  0  0  0  0  0
[101]  0  0  0  0  0  0  0  0  0  0  0  0  0  0  0  0  0  0  0  0  0

[[129]]
  [1]  10   6   3   2   2   8  15  15  12  10  14  10  19  23  17  16  13  18
 [19]  16  19  23  32  26  22  22  25  28  29  30  44  42  30  30  34  29  25
 [37]  24  28  47  41  35  35  33  53  66  56  61  62  43  56  45  58  67  58
 [55]  61  74  79  68  71  80  77  98  73  85  98 103  99  98  92 112 105 150
 [73] 164 151 143 132 146 166 173 193 184 191 193 189 192 210 231 231 255 266
 [91] 265 288 332 336 356 330 306 335 350 343 366 381 440 462 478 502 542 504
[109] 524 597 620 658 622 686 725 754 735 756 719 775 824

[[130]]
  [1] 10 12 12 15 11 10  9  6  9 12 10 11  7  4  4  4  2  2  0  0  0  0  0  0  0
 [26]  0  0  0  0  0  0  0  0  0  0  0  0  0  0  0  0  0  0  0  0  0  0  0  0  0
 [51]  0  0  0  0  0  0  0  0  0  0  0  0  0  0  0  0  0  0  0  0  0  0  0  0  0
 [76]  0  0  0  0  0  0  0  0  0  0  0  0  0  0  0  0  0  0  0  0  0  0  0  0  0
[101]  0  0  0  0  0  0  0  0  0  0  0  0  0  0  0  0  0  0  0  0  0

[[131]]
  [1]   10    9    6   13    9    7   15   17   12   14    9    6   13    8   12
 [16]   10   16   26   21   18   23   24   24   18   17   21   27   38   49   40
 [31]   54   55   78   57   63   77   71   70   70   69   86   75   75   56   60
 [46]   97  146  133  135  133  157  149  182  170  152  163  174  181  176  186
 [61]  231  228  235  236  217  223  229  218  226  227  228  262  250  291  299
 [76]  349  352  319  337  366  423  405  418  464  444  453  425  489  505  473
 [91]  507  519  521  524  530  524  577  625  589  660  649  691  766  761  793
[106]  812  845  887  860  876  921  958 1026 1061 1040 1137 1196 1275 1322 1324
[121] 1269

[[132]]
  [1]   10   19   13   19   22   29   21   27   39   43   49   45   39   37   36
 [16]   49   51   69   56   49   59   62   60   75   71   89   89   89   98   99
 [31]   73   67   90   72   82   86   99   94   79   83   89   98  104  110  121
 [46]  102   94  118  156  140  137  136  159  155  162  171  197  236  262  251
 [61]  269  270  326  342  335  338  401  405  455  466  486  472  535  566  611
 [76]  619  653  636  668  727  778  826  799  841  859  824  957 1014  953 1058
 [91] 1121 1127 1051 1125 1190 1332 1343 1358 1436 1493 1485 1527 1608 1760 1783
[106] 1879 2029 2190 2154 2156 2207 2274 2413 2511 2663 2736 2899 3002 3066 3159
[121] 3342

[[133]]
  [1]  10  13   7   5   5   3   7   9   7   6   4   4   7   3   3   3   3   3
 [19]   2   1   1   9   5   3   3   3   3  14  11   9  14  12  17  14  14  14
 [37]  10  14  28  21  27  22  29  27  24  20  23  26  34  47  53  49  40  53
 [55]  45  41  51  48  39  52  77  59  50  45  54  74  61  63  73  68  95  76
 [73]  77  71  86  92  77  62  58  72  68  69  56  70  68  74  84  69  74  65
 [91]  54  65  65  68  77 101 102  97 109  86  98  90  79  93 110 105 110 101
[109] 127 130 124 136 130 148 156 160 175 161 166 155 149

[[134]]
  [1]   10   18   12    9   11   16   20   22   13   17   22   15   13   20   29
 [16]   26   22   18   21   25   26   29   38   45   45   46   46   55   53   59
 [31]   54   48   63   64   65   68   65   60   68   52   50   62   88   73   74
 [46]   82   81  100  108   93  117  119  105  115  120  120  116  126  136  140
 [61]  111  113  132  153  172  171  176  169  200  245  240  219  238  222  212
 [76]  257  271  264  277  291  314  351  358  365  404  426  389  396  459  504
 [91]  474  488  526  560  581  657  617  647  681  677  715  717  748  761  799
[106]  789  822  901  894  903  957 1033 1043 1070 1105 1110 1099 1174 1260 1232
[121] 1352

[[135]]
  [1]  10   9   5   7  10   6   6   5   8   4   4  11  12  10  10   8   8  14
 [19]  20  22  23  19  33  36  37  29  31  35  27  32  40  44  48  38  55  53
 [37]  32  30  27  25  30  41  29  27  30  30  36  36  35  44  50  70  70  54
 [55]  54  52  81  72  66  69  55  65  72  58  66  74  77  94 100 103  97 109
 [73] 100 107  95 112 125 118  92  98 101 101 122 159 160 154 144 171 186 183
 [91] 171 170 156 186 185 183 157 185 184 201 209 202 196 201 182 185 171 160
[109] 179 197 198 211 230 229 219 218 253 247 253 282 258

[[136]]
  [1]  10   6   5   4   4  14   8  13  10   9   8   6  14  12   4  10   6   5
 [19]  12  16  13  11  20  23  17  18  18  15  10  14  15  10  10   9  12  12
 [37]  11  19  14   8   6   4   4  11  16  10  12  15  11  12  18  31  36  24
 [55]  26  22  28  28  24  26  30  28  51  34  35  34  43  38  50  42  53  48
 [73]  53  49  47  38  36  37  59  59  51  40  28  49  43  40  50  53  63  77
 [91]  65  56  60  73  73  77  71  81 105 113 123 113 135 162 164 162 177 217
[109] 207 208 226 231 234 250 293 300 319 316 332 306 319

[[137]]
  [1]   10   13   11   17   20   16   24   36   31   33   36   31   27   49   45
 [16]   41   47   55   40   39   38   38   28   37   40   37   49   66   60   47
 [31]   57   62   60   62   44   38   41   42   48   46   46   48   37   61   70
 [46]   67   52   60   56   64   76   84   62   68   78   96  111  101   89   90
 [61]  120  151  154  139  129  149  178  199  209  215  247  242  251  249  245
 [76]  208  227  212  227  222  249  271  300  303  346  341  345  381  397  370
 [91]  398  481  473  486  496  546  557  581  524  542  612  666  712  678  758
[106]  781  803  840  864  919  933  918 1053 1124 1102 1107 1182 1268 1241 1231
[121] 1282

[[138]]
  [1] 10 17 17 16 13 18 15 17 23 23 19 15 15  9 14 13 15 15  9  9 15 27 24 17 12
 [26] 12  9 15 17 14 15 13 12 10 15 13 10  6  3  2  2  1  1  1  1  1  1  0  0  0
 [51]  0  0  0  0  0  0  0  0  0  0  0  0  0  0  0  0  0  0  0  0  0  0  0  0  0
 [76]  0  0  0  0  0  0  0  0  0  0  0  0  0  0  0  0  0  0  0  0  0  0  0  0  0
[101]  0  0  0  0  0  0  0  0  0  0  0  0  0  0  0  0  0  0  0  0  0

[[139]]
  [1]   10   16   13   11   20   30   23   20   20   27   25   27   29   32   30
 [16]   33   27   27   35   43   57   38   57   55   74   65   70   69   75   65
 [31]   76   87   76   78  108  101  106  108  103  128  129  142  134  143  143
 [46]  138  148  145  158  191  176  197  185  206  239  219  248  216  242  246
 [61]  252  280  266  294  286  293  296  269  286  338  371  346  374  391  378
 [76]  403  393  393  441  417  450  483  528  481  498  564  564  630  620  597
 [91]  653  676  719  755  776  844  870  908  953  981 1089 1133 1169 1155 1114
[106] 1214 1334 1401 1463 1484 1601 1579 1714 1725 1784 1833 1937 2217 2190 2379
[121] 2432

[[140]]
  [1]   10   17   24   23   15   15   11   29   32   31   30   23   29   37   41
 [16]   40   49   42   58   44   44   63   51   67   63   58   54   51   53   62
 [31]   64   79   78   74  101   96   99  124  125  138  155  158  154  173  166
 [46]  187  184  179  182  193  181  184  190  200  200  203  216  243  265  307
 [61]  286  275  289  301  354  330  344  318  338  357  381  403  423  452  488
 [76]  491  460  460  524  550  583  604  615  650  685  724  712  784  782  795
 [91]  859  892  868  908  878  981 1031 1039 1068 1087 1153 1200 1263 1353 1450
[106] 1460 1484 1543 1657 1678 1751 1867 1992 1934 2118 2241 2283 2335 2482 2599
[121] 2817

[[141]]
  [1]   10   14    9   12   14   12   10   13   19   15   27   24   16   15   13
 [16]   13   12   20   16   19   20   16   20   16   25   20   24   26   23   33
 [31]   25   25   31   26   32   34   31   40   43   50   54   49   53   71   78
 [46]   90   86   94   98   96  107  103   84   97  115  126  123  127  110  130
 [61]  122  139  136  162  169  162  179  153  170  188  218  246  267  259  248
 [76]  285  303  312  333  370  357  344  387  379  440  472  478  502  528  536
 [91]  530  555  568  625  702  648  674  704  701  729  745  794  800  788  828
[106]  852  900  917  954 1026 1066 1150 1126 1126 1246 1299 1397 1508 1551 1560
[121] 1571

[[142]]
  [1]   10   12   10    8    6   14   17   26   20   15   13   16   23   21   29
 [16]   27   20   32   22   21   24   42   38   43   60   53   66   62   67   74
 [31]   71   67   84   76   91   82   66   69   79   71   63   53   85   92  100
 [46]  100   97   91   91   99  105  140  147  165  191  192  220  219  262  282
 [61]  304  323  348  368  422  448  492  502  528  566  558  595  685  678  718
 [76]  757  779  828  884  914 1046 1028 1041 1020 1122 1227 1259 1389 1418 1404
 [91] 1470 1516 1554 1608 1732 1723 1819 1876 1879 1895 2039 2136 2205 2323 2304
[106] 2399 2524 2687 2708 2654 2857 3051 3158 3284 3363 3468 3723 3758 3884 3999
[121] 4124

[[143]]
  [1]  10  10  16  12  10   6   6  12   8   8  10   9   7  15  19  14  23  16
 [19]  15  20  13  15  16  23  20  19  23  22  17  26  27  21  22  26  31  29
 [37]  22  29  38  33  46  50  51  38  40  57  54  51  50  55  78  80  70  54
 [55]  49  55  78  73  58  69  72  94  90 110 118 100  94 104 103  91  99 149
 [73] 177 165 164 175 162 168 163 190 214 234 226 217 273 287 316 302 331 306
 [91] 294 293 287 293 299 336 334 336 372 406 397 420 406 487 465 485 518 520
[109] 547 563 590 587 585 574 616 648 638 683 718 753 725

[[144]]
  [1]   10   13   12   16   12   12    9   13    9   25   15   14   18   19   13
 [16]   13   13   21   23   24   37   28   30   36   59   51   40   51   48   63
 [31]   76   73   59   61   66   60   63   58   58   84   83   81   81   83   83
 [46]  101   97   93   98  103  140  136  128  122  132  134  162  173  190  176
 [61]  181  204  210  235  239  251  244  227  268  311  315  364  424  450  443
 [76]  409  421  473  524  545  563  568  619  640  662  744  705  756  779  824
 [91]  873  895  923  964 1053 1122 1180 1129 1246 1194 1256 1375 1444 1470 1445
[106] 1485 1491 1617 1619 1765 1858 1824 1908 1967 2077 2327 2421 2523 2657 2736
[121] 2871

[[145]]
  [1]  10   6   5   5  11   5   3   3   2   5   4   3   3   2   2   3   7   5
 [19]   3   4   4   3   3   3  10  12   8  14   9   7   7   6  10   7   7   6
 [37]   9  15  11   8  13  17  12  16  17  16  16  21  22  19  20  27  33  22
 [55]  30  23  27  32  28  27  37  47  39  41  39  42  49  44  62  68  57 100
 [73] 105  86  86 107 118 120 123 133 120 134 138 163 175 175 201 209 177 183
 [91] 190 196 230 227 228 198 200 229 226 237 246 237 248 247 267 316 330 339
[109] 334 349 308 364 364 384 413 439 450 497 463 444 458

[[146]]
  [1]   10   11   14   18   21   22   17   22   28   31   32   34   47   39   33
 [16]   53   49   66   74   84   77   85   77   65   69   99   86   87   88   79
 [31]   75  108  100  110   97   85  100  123  142  154  153  161  148  187  189
 [46]  196  194  207  229  236  240  228  246  267  284  286  300  324  301  350
 [61]  365  408  454  463  479  475  520  500  548  566  559  571  622  643  684
 [76]  685  720  719  754  803  797  853  867  845  908 1009 1024 1051 1074 1144
 [91] 1296 1321 1344 1398 1417 1460 1583 1614 1602 1650 1668 1779 1898 1916 1941
[106] 2113 2039 2232 2270 2333 2405 2538 2607 2621 2794 2818 2954 3107 3229 3312
[121] 3414

[[147]]
  [1] 10 12 12  5  4 11  9  5  9  5  5  8 14 11 15 11  8 13 14 10  8  7  6 17 12
 [26] 14 18 16 20 24 12 14 17 25 33 20 30 15 16 14 16 21 17 10 10  9 24 25 18 17
 [51] 19 13 12 13 21 33 29 27 22 21 16 11 15  9 10  3  3  3  8  3  3  2  2  2 10
 [76]  6  3  3  3  2  1  1  6  5  5  4  3  3 10 15 17 12 10  8 14  7  6 10  3  1
[101]  0  0  0  0  0  0  0  0  0  0  0  0  0  0  0  0  0  0  0  0  0

[[148]]
  [1]  10  12  15   9  11   8  19  17  16  19  28  26  26  18  14  11  13   8
 [19]   5   4   7   6   6   6   7   7  10  10  13   8  13  14  12  13  16  15
 [37]   9   6   5   4   3   3   3   6   6   6   6  13  16  12  11  23  20  15
 [55]  12  22  14  13  10  21  16  12  11   9  17  26  24  21  21  28  19  14
 [73]  19  17  28  23  30  34  48  38  55  42  34  35  37  33  26  32  29  33
 [91]  35  32  32  30  46  31  37  47  53  57  54  50  71  88  77  79  69  82
[109] 101  80  78  91 121 135 120 103 128 110 112 107 119

[[149]]
  [1] 10 15 10  8  9  8 12  9  4  3  1  6  3  3  3  3  2  1  1  0  0  0  0  0  0
 [26]  0  0  0  0  0  0  0  0  0  0  0  0  0  0  0  0  0  0  0  0  0  0  0  0  0
 [51]  0  0  0  0  0  0  0  0  0  0  0  0  0  0  0  0  0  0  0  0  0  0  0  0  0
 [76]  0  0  0  0  0  0  0  0  0  0  0  0  0  0  0  0  0  0  0  0  0  0  0  0  0
[101]  0  0  0  0  0  0  0  0  0  0  0  0  0  0  0  0  0  0  0  0  0

[[150]]
  [1]   10   12    9   13   17    7    5    8   14   22   15   12   11   10   15
 [16]   11   10    9   13   23   16   15   35   29   26   24   33   28   34   38
 [31]   39   45   42   39   37   43   43   47   56   55   65   69   78   77   94
 [46]  103  121  121   97  116  127  138  148  161  154  169  165  182  178  196
 [61]  207  222  246  261  262  324  291  284  328  349  386  373  339  334  378
 [76]  436  412  457  427  447  469  499  496  479  518  600  675  683  722  740
 [91]  817  862  925  872  904  928 1011 1091 1141 1224 1243 1270 1357 1422 1451
[106] 1573 1534 1643 1646 1661 1789 1978 2041 2093 2247 2291 2420 2452 2675 2847
[121] 2914

> save(reslist, file=paste("output",iter,".rda",sep=""))
> 
> 
> ###############################################################
> 
> 
> # Clear the workspace and turn off graphics.
> #  Load all the functions you need by sourcing the provided demographic.R file
> #  Read in the job number from the cluster. To do this, your code should include a new
> # variable iter and should start with the line:
> # iter <- as.numeric(Sys.getenv(PBS_ARRAY_INDEX))
> #  Control the random number seeds so that each parallel simulation takes place with a
> # different seed. Your function should therefore set the random number seed as iter so that
> # each parallel simulation has a unique random seed.
> #  In each parallel run, select the initial condition to be used. Ensure that 25 of the parallel
> # simulations are allocated to each of the initial conditions.
> #  Create a variable which is the filename to store your results. The end of the filename
> # should be the number iter to ensure that simulation files do not overwrite one another on
> # the cluster.
> #  Initialise a list which will contain the results of your 150 simulations.
> #  Call the stochastic_simulation function to do the appropriate simulation 150 times,
> # appending the output to the results list, and then save the results list.
> 
> #four initial conditions (25 cluster runs per)
> #each cluster run runs simulation 150 times
> #1) large population of 100 adults
> #2) small population of 10 adults
> #3) 100 individuals spread
> #4) small population of 10 individuals
> 
R has finished running

============================================

        Job resource usage summary 

                 Memory (GB)    NCPUs
 Requested  :         1             1
 Used       :         0 (peak)   0.83 (ave)

============================================
