R is about to run

R version 4.4.1 (2024-06-14) -- "Race for Your Life"
Copyright (C) 2024 The R Foundation for Statistical Computing
Platform: x86_64-conda-linux-gnu

R is free software and comes with ABSOLUTELY NO WARRANTY.
You are welcome to redistribute it under certain conditions.
Type 'license()' or 'licence()' for distribution details.

R is a collaborative project with many contributors.
Type 'contributors()' for more information and
'citation()' on how to cite R or R packages in publications.

Type 'demo()' for some demos, 'help()' for on-line help, or
'help.start()' for an HTML browser interface to help.
Type 'q()' to quit R.

> 
> 
> growth_matrix <- matrix(c(0.1, 0.0, 0.0, 0.0,
+ 0.5, 0.4, 0.0, 0.0,
+ 0.0, 0.4, 0.7, 0.0,
+ 0.0, 0.0, 0.25, 0.4),
+ nrow=4, ncol=4, byrow=T)
> 
> reproduction_matrix <- matrix(c(0.0, 0.0, 0.0, 2.6,
+ 0.0, 0.0, 0.0, 0.0,
+ 0.0, 0.0, 0.0, 0.0,
+ 0.0, 0.0, 0.0, 0.0),
+ nrow=4, ncol=4, byrow=T)
> 
> clutch_distribution <- c(0.06,0.08,0.13,0.15,0.16,0.18,0.15,0.06,0.03)
> 
> #=========================================================================================
> rm(list=ls())
> graphics.off()
> source("Demographic.R")
> source("kl2621_HPC_2024_main.R")
[1] 0 0 0 0 3
[1] 3 3 2 2 2
[1] 2 2
 [1] 7 5 5 4 3 2 1 1 1 1 1 1 1 1 1 1 1 1 1 1 1
> 
> 
> ###4 initial conditions
> 
> ############################################################
> 
> 
> 
> #VVVVVVVVVVVV-------------COMMENT ME OUT WHEN RUNNING THE THING
> #iter <- 5
> #VVVVVVVVVVV--------------UNCOMMENT ME OUT
> iter <- as.numeric(Sys.getenv("PBS_ARRAY_INDEX"))
> set.seed(iter)
> 
> 
> if (iter <= 25) {
+ initial_state <- state_initialise_adult(4,100) #100 adults
+ } else if (iter >25 && iter <= 50) {
+ initial_state <- state_initialise_adult(4,10) #10 adults
+ } else if (iter >50 && iter <= 75) {
+ initial_state <- state_initialise_spread(4,100) #100 spread
+ } else {
+ initial_state <- state_initialise_spread(4,10) #10 spread
+ }
> 
> reslist <- list()
> 
> ####100 cluster runs
> ###################################################
> ####150 runs of stochastic_simulation per cluster run
> for (i in 1:150) {
+     #################################
+     ###120 steps of stochastic_simulation per simulation
+     stochasticresult <- stochastic_simulation(initial_state,growth_matrix,reproduction_matrix,clutch_distribution,120)
+     reslist[[i]] <- stochasticresult
+     #################################
+ }
> ###################################################
> 
> print(reslist)
[[1]]
  [1]   10   34   20   31   39   38   35   39   39   43   49   37   42   47   40
 [16]   46   45   40   53   59   69   71   73   67   61   56   65   80   84   82
 [31]   79   66   77   90   89   88   80   86   88  100  120  122  117  127  105
 [46]  124  150  151  148  153  191  199  222  229  250  268  261  272  317  334
 [61]  356  404  398  389  415  405  456  441  466  519  496  520  595  578  575
 [76]  572  622  664  645  685  681  711  710  704  803  843  877  908 1009 1071
 [91] 1089 1090 1129 1225 1351 1341 1307 1419 1476 1524 1686 1719 1711 1873 1950
[106] 2022 2062 2113 2106 2292 2481 2533 2628 2641 2779 2865 3063 3172 3169 3357
[121] 3395

[[2]]
  [1]   10   25   19    8    7    6   14   14   18   13   15   16   15   15   15
 [16]   27   23   25   25   36   32   39   49   48   59   57   78   83   71   66
 [31]   70   83   79   98   81   88   98   99  123  124  112  123  122  146  147
 [46]  184  179  192  176  199  189  186  190  199  249  231  250  221  262  267
 [61]  251  281  287  266  275  319  345  405  379  389  439  471  469  493  511
 [76]  567  625  597  623  632  658  649  727  762  809  767  784  908  941 1015
 [91] 1036 1115 1103 1184 1262 1284 1310 1421 1484 1578 1678 1687 1834 1873 2019
[106] 2106 2192 2224 2282 2489 2610 2723 2637 2767 2895 3003 3132 3299 3363 3470
[121] 3525

[[3]]
  [1]  10  18  16   8   6   5   5   4  10   8   7   6   6  18   9   6   6   8
 [19]   7  10  13  11   9   9  14  11  21  28  24  19  18  21  25  24  37  42
 [37]  31  35  33  41  62  54  44  44  43  47  82  81  84  72  89  79 100  89
 [55] 112 104 105 109 116 106 122 139 147 143 128 100 112 125 133 133 100 115
 [73] 115 128 135 137 145 140 144 152 137 157 157 148 159 168 168 165 188 192
 [91] 167 190 182 168 196 219 244 251 256 255 290 272 268 305 299 324 331 324
[109] 329 396 434 438 406 385 407 473 521 512 496 524 520

[[4]]
  [1]   10   35   31   30   24   29   29   53   52   40   44   39   41   54   72
 [16]   71   82   82   81   86   99  117   95   95   96  118  103  116  135  120
 [31]  140  155  145  139  152  151  156  185  151  175  174  158  187  209  184
 [46]  186  199  208  237  283  291  260  261  279  275  286  323  358  387  385
 [61]  356  430  450  494  570  557  563  584  597  586  628  659  784  779  749
 [76]  767  827  832  827  892  922 1013 1096 1099 1199 1281 1291 1329 1310 1408
 [91] 1472 1509 1621 1674 1729 1767 1825 1850 1930 2074 2144 2123 2123 2228 2407
[106] 2589 2756 2732 2730 2822 3083 3085 3251 3416 3618 3731 3794 4026 4249 4242
[121] 4355

[[5]]
  [1]  10  31  18  13  12  15  18  21  33  29  39  37  29  40  32  31  38  53
 [19]  41  33  33  38  46  41  36  37  30  30  23  23  19  32  38  30  27  33
 [37]  36  54  40  41  33  69  50  39  39  44  47  59  50  45  35  45  43  50
 [55]  41  54  43  37  48  38  60  57  61  60  52  70  63  66  54  67  72  79
 [73]  75 100  80 102 107 106 105  96  91 111 127 109 112 112 104 130 156 176
 [91] 159 144 142 149 161 140 144 189 168 170 182 195 184 208 194 221 226 228
[109] 258 289 278 286 276 271 283 314 328 377 369 354 369

[[6]]
  [1]   10   49   31   37   28   30   26   31   38   38   49   45   48   40   41
 [16]   45   54   51   56   73   77   53   66   69   85   85   91  110   93  101
 [31]  137  120  132  162  170  166  149  136  169  201  203  230  221  222  198
 [46]  229  241  284  279  275  278  279  276  296  281  295  327  314  382  332
 [61]  367  379  403  416  418  454  451  489  500  536  515  526  584  567  586
 [76]  628  642  634  654  713  761  778  770  772  872  918  984  998 1060 1047
 [91] 1077 1102 1176 1226 1266 1319 1361 1414 1412 1485 1577 1653 1696 1726 1825
[106] 1838 1995 2124 2195 2194 2238 2269 2562 2604 2846 2905 3039 3139 3343 3453
[121] 3553

[[7]]
  [1]   10   42   41   39   32   35   37   70   58   53   52   60   62   78   86
 [16]   71   71   85   60   80   84   81   73   64   73   87   85  115  105   96
 [31]   87   90  126  113  120  119  128  151  163  168  195  183  169  181  175
 [46]  195  177  205  203  208  215  245  241  257  263  242  241  268  326  352
 [61]  363  328  336  393  384  388  424  437  416  398  416  486  444  462  479
 [76]  504  494  520  567  557  604  615  644  670  692  664  717  724  809  797
 [91]  858  892  954  978  974  991 1065 1128 1197 1225 1352 1365 1303 1377 1506
[106] 1525 1720 1733 1811 1766 1883 2017 2155 2193 2276 2403 2466 2640 2725 2890
[121] 3062

[[8]]
  [1]   10   19   13   15   11   16   20   24   26   22   30   26   28   25   21
 [16]   17   17   25   28   23   24   27   47   43   40   33   31   28   24   26
 [31]   34   34   37   35   43   44   51   45   44   58   63   78   70   65   65
 [46]   58   66   72   78   82   79  102   84   80   99  106  129  155  160  148
 [61]  166  158  157  179  172  209  211  209  218  223  216  186  216  229  223
 [76]  233  235  252  254  254  270  259  244  214  224  294  296  309  290  332
 [91]  352  398  423  374  389  419  420  498  482  512  493  551  595  586  600
[106]  638  646  674  679  702  699  724  709  745  795  833  849  936 1023 1028
[121] 1111

[[9]]
  [1]   10   30   18   25   21   17   18   28   37   27   31   36   29   45   36
 [16]   33   33   33   34   46   58   60   57   55   53   57   77   81   88   70
 [31]   85   72   90   98  104   98  114  111  126  124  119  151  175  169  166
 [46]  174  207  180  185  214  210  232  242  252  311  311  327  323  312  344
 [61]  338  366  368  349  380  408  434  438  460  484  493  508  516  477  553
 [76]  538  601  618  623  638  636  712  789  722  717  820  856  889  901  915
 [91] 1018 1030 1069 1083 1140 1245 1244 1352 1399 1483 1512 1503 1608 1653 1809
[106] 1860 1892 1982 2082 2156 2233 2245 2374 2512 2618 2782 2869 2916 3092 3265
[121] 3362

[[10]]
  [1]   10   51   41   34   27   25   23   33   47   35   31   35   45   61   44
 [16]   35   30   43   47   57   54   48   45   43   50   51   50   53   68   75
 [31]   78  101  111  113  156  149  130  134  136  155  176  158  189  167  205
 [46]  189  206  215  185  215  242  278  290  291  289  303  328  279  305  355
 [61]  348  360  372  351  354  391  418  444  431  435  438  483  534  579  568
 [76]  581  621  639  697  751  793  805  807  840  915 1024 1032  982 1027 1121
 [91] 1244 1210 1267 1337 1392 1474 1518 1538 1621 1633 1785 1733 1788 1857 1977
[106] 2085 2120 2260 2281 2342 2469 2578 2674 2723 3029 3131 3235 3283 3340 3571
[121] 3608

[[11]]
  [1]   10   38   37   28   28   35   27   43   36   30   36   40   44   43   56
 [16]   41   59   57   65   50   62   55   58   47   59   54   74   64   58   51
 [31]   82  110  111   91   91   93   99  110   89   86   88  100   91  104  110
 [46]  125  141  113  122  122  146  149  135  141  128  160  146  133  134  140
 [61]  174  161  160  186  197  222  194  240  267  265  279  279  311  294  316
 [76]  331  372  354  372  398  400  413  415  435  413  424  455  465  519  574
 [91]  557  554  574  582  628  593  639  657  720  748  745  732  757  755  807
[106]  817  828  853  858  933  994 1091 1062 1076 1096 1180 1226 1188 1276 1313
[121] 1351

[[12]]
  [1]   10   15   14    9   16   14   18   13   21   25   18   32   26   24   39
 [16]   47   47   46   45   56   63   46   71   51   57   72   58   90   98   85
 [31]   87   77   97  107  103  100  105  110  123  126  141  128  145  162  149
 [46]  170  152  169  187  183  203  196  218  238  233  240  237  272  277  305
 [61]  295  323  326  372  348  355  400  429  436  428  449  498  475  524  563
 [76]  580  606  633  656  721  706  700  755  764  750  762  798  838  837  928
 [91] 1024 1112 1126 1210 1223 1130 1221 1313 1360 1423 1421 1399 1482 1551 1726
[106] 1711 1815 1893 1849 2027 2087 2172 2244 2338 2496 2669 2752 2875 2917 2895
[121] 3120

[[13]]
  [1]   10   22   23   24   17   30   25   22   23   33   26   33   27   24   28
 [16]   36   27   29   29   33   31   36   48   51   41   35   34   35   46   39
 [31]   49   56   54   55   52   63   57   58   59   55   53   68   75   86   81
 [46]  100   89   95   93  100   90   92   86   91   76   72   75   77   94   85
 [61]  104  117  129  130  130  142  148  173  158  155  160  173  173  162  151
 [76]  165  178  187  210  206  210  235  254  280  274  274  275  326  306  321
 [91]  315  314  326  343  345  350  349  390  421  484  454  482  519  594  583
[106]  568  586  680  676  665  691  722  788  782  808  828  938  976 1086 1056
[121] 1042

[[14]]
  [1]  10  36  18   9   6   5   5   4   3   9  10   9   7   7   7   6   9   9
 [19]  10   8  10   6   5   4   4  11  22  13  10   6   6   8   7   5   7   7
 [37]   8   9  11   8   6   5   8  10   6   4   4   2   2   2   1   7   6   6
 [55]   6  12  16  13  12  18  19  11  11  27  32  28  26  34  40  34  34  43
 [73]  58  70  67  56  62  67  85  90  84  92  89  90  79 106 115 118 119 122
 [91] 106 134 138 140 165 168 161 171 177 170 169 169 198 239 256 258 245 235
[109] 249 261 322 329 336 348 348 357 390 401 366 432 445

[[15]]
  [1]   10   31   37   27   21   26   18   26   25   26   21   27   24   31   33
 [16]   31   30   33   32   23   21   26   29   35   39   34   23   25   40   57
 [31]   67   53   44   54   66   59   62   66   62   66   72   63   63   80   84
 [46]  101   97   92   90  104  119  115  105  117  115   99  101  140  148  130
 [61]  120  104  122  115  123  121  128  116  115  121  114  157  150  156  144
 [76]  135  156  174  174  194  201  213  250  250  234  254  266  246  242  294
 [91]  317  333  356  357  391  405  409  460  466  465  488  545  546  584  552
[106]  554  595  622  672  744  821  841  896  893  943  989 1118 1189 1188 1217
[121] 1295

[[16]]
  [1]   10   21   26   25   15   10    8    7   10   14   16   17   12   10    8
 [16]    7    8   12   12   16   14   12   12   15   23   16   27   28   27   27
 [31]   19   26   34   40   61   60   66   82   88  104  107  146  118  122  102
 [46]  130  128  137  154  136  173  150  164  173  172  204  203  222  216  244
 [61]  252  249  277  262  281  293  301  364  315  335  331  393  444  437  432
 [76]  439  449  441  480  510  560  541  568  600  619  621  717  760  761  803
 [91]  764  761  872  951  936  980  985 1095 1091 1131 1213 1283 1313 1410 1424
[106] 1429 1515 1618 1609 1615 1668 1813 1889 1961 1971 2085 2155 2324 2380 2451
[121] 2523

[[17]]
  [1]  10  23  22  12   9   8   7   5   3   4   2   2   2   2   2   2   2   2
 [19]   2   2   8   5   4   4   4   5   5   4   4   3   2   2   9   9   7   6
 [37]   5   5   5  20  19  21  15  12  15  30  23  29  35  34  28  22  23  18
 [55]  29  31  29  31  21  20  18  13  20  23  17  14  16  14  23  31  21  19
 [73]  27  28  49  47  34  25  23  19  33  25  22  16  17  12  22  21  19  21
 [91]  21  27  23  31  30  32  38  40  53  39  40  42  59  77  65  65  64  73
[109]  65  74  91  95  87  86  74  91  90 103 108 122 114

[[18]]
  [1]   10   26   24   21   12   18   22   24   26   32   32   25   28   28   41
 [16]   45   49   40   29   32   38   46   48   43   36   41   32   32   36   35
 [31]   35   56   36   42   43   44   32   35   42   59   69   57   56   60   67
 [46]   65   85   80   89   83   84   95  120  135  107  115  133  127  128  136
 [61]  126  148  166  184  209  185  183  202  195  231  265  243  265  295  283
 [76]  303  335  355  366  361  398  433  455  448  464  441  489  527  582  567
 [91]  571  523  586  622  659  651  737  805  827  856  910  949  931 1043 1057
[106] 1063 1128 1207 1208 1313 1396 1458 1501 1552 1634 1700 1784 1981 2019 2094
[121] 2182

[[19]]
  [1]  10  31  33  21  19  20  21  18  24  21  20  19  17  23  27  27  26  32
 [19]  27  25  39  28  30  36  32  35  48  55  45  47  44  40  45  35  45  65
 [37]  59  61  46  43  59  67  60  44  34  29  30  30  47  47  37  38  66  57
 [55]  69  73  61  66  61  59  84  97 104 110 107  95 101 104 133 148 139 132
 [73] 134 168 178 141 165 138 121 151 184 183 175 182 176 202 209 224 233 237
 [91] 245 263 265 243 263 278 286 304 298 325 359 374 377 400 427 460 464 483
[109] 505 509 481 519 584 578 626 651 721 810 788 872 870

[[20]]
  [1]   10   31   34   27   22   21   17   24   22   29   30   39   30   27   23
 [16]   30   29   33   34   35   36   62   64   76   79   75   64   56   77   74
 [31]   61   56   77   76   81   86   86   84  112  109  133  120  109  117  104
 [46]   94  119  123  124  127  141  125  132  141  151  145  150  171  159  165
 [61]  160  196  173  174  168  194  177  194  211  193  203  193  200  249  218
 [76]  229  240  269  309  323  292  302  332  338  325  331  364  410  395  410
 [91]  389  381  448  487  509  505  520  516  606  596  623  625  652  653  604
[106]  561  577  664  686  681  748  723  752  804  842  930  931  962 1050 1033
[121]  991

[[21]]
  [1]  10  28  21  24  18  23  18  21  24  24  31  34  29  28  24  26  35  27
 [19]  25  31  40  30  34  25  44  48  42  35  37  36  41  38  38  56  49  40
 [37]  48  43  36  39  34  30  44  63  57  50  54  59  61  74  79  93  79  76
 [55]  67  73  64  53  64  82  91  87  71  77  79  79  91  96  89  79  74  96
 [73]  97 103 124 146 146 140 156 156 152 147 166 190 189 171 173 194 209 230
 [91] 222 246 251 261 287 297 308 331 340 388 373 364 317 319 350 351 378 388
[109] 387 400 413 458 440 468 455 460 528 518 600 645 640

[[22]]
  [1]   10   31   42   35   32   31   41   58   45   60   59   58   61   58   51
 [16]   64   55   54   45   67   65   65   65   78   86   67   73   83   90  103
 [31]  114  127  113  103  100  135  138  164  166  194  172  180  185  176  216
 [46]  241  244  236  244  247  292  300  321  333  356  415  391  411  444  409
 [61]  433  462  505  515  535  568  589  615  648  678  686  679  846  887  901
 [76]  892  895  898 1028 1021 1069 1036 1130 1301 1341 1258 1341 1376 1443 1543
 [91] 1523 1567 1660 1738 1886 1907 2002 2075 2159 2275 2326 2345 2533 2652 2786
[106] 2905 3044 3131 3256 3441 3592 3620 3782 3871 4199 4381 4521 4630 4962 5117
[121] 5360

[[23]]
  [1]   10   20   20   14   11    9   24   24   20   20   27   25   23   30   33
 [16]   24   20   32   19   32   34   28   22   20   37   43   45   42   40   34
 [31]   36   44   42   56   52   49   59   70   89  101   71   70   89   82   97
 [46]   94  103   81   85   97   98  114  112  122  120  118  131  126  168  190
 [61]  185  231  195  199  197  248  255  239  277  288  261  270  279  291  348
 [76]  356  366  375  406  439  489  481  498  499  516  555  575  569  624  610
 [91]  658  681  736  793  831  758  845  844  900  888  900  911  986 1049 1058
[106] 1067 1166 1337 1287 1312 1405 1474 1445 1480 1587 1621 1736 1835 1819 1906
[121] 1997

[[24]]
  [1]  10  24  34  21  23  20  26  29  32  34  32  32  44  35  28  33  31  29
 [19]  32  38  43  37  30  37  51  52  42  42  50  53  52  42  47  40  60  42
 [37]  47  45  44  58  44  59  38  38  26  43  41  35  37  45  39  51  54  42
 [55]  50  55  71  64  61  79  96  94  90  87  85  92  93 111  89  91 103  96
 [73]  96 106 120 132 127 130 123 153 146 160 162 155 149 178 208 190 174 181
 [91] 209 212 219 241 256 249 279 310 294 277 304 330 323 309 325 320 357 384
[109] 360 346 376 377 424 404 434 494 521 528 521 524 562

[[25]]
  [1]   10   23   15   14   10   16   20   33   32   24   17   17   20   24   26
 [16]   31   31   22   17   19   26   22   19   15   22   32   48   42   33   37
 [31]   32   36   53   48   63   64   64   79   68   65   77   59   62   81   71
 [46]   66   61   71   76   83   93  124  122  127  119  130  130  142  115  191
 [61]  169  173  176  180  175  166  164  166  178  205  219  232  216  230  254
 [76]  242  271  251  241  234  250  278  312  325  333  325  393  362  381  419
 [91]  352  377  441  469  480  534  503  536  584  664  666  690  699  762  831
[106]  811  865  910  882  895  928 1021 1013 1072 1106 1170 1176 1246 1241 1356
[121] 1375

[[26]]
  [1]   10   34   31   23   17   26   29   21   19   32   34   37   35   42   43
 [16]   44   54   43   58   44   43   38   40   53   43   39   38   57   51   61
 [31]   65   48   54   62   65   70   87  100   89  104   84   93   91   99  110
 [46]  111  103  112  133  138  141  154  141  155  164  201  163  193  213  215
 [61]  240  227  225  252  290  309  276  329  322  333  328  385  405  415  420
 [76]  466  428  444  450  476  473  508  526  587  574  585  573  581  577  617
 [91]  653  688  652  671  711  772  824  849  906  970 1035 1059 1071 1113 1186
[106] 1225 1212 1347 1372 1314 1430 1467 1538 1563 1612 1712 1800 1821 1905 1938
[121] 2122

[[27]]
  [1]   10   43   42   42   43   40   40   55   60   57   72   94  106   96   97
 [16]  104  117  129  144  138  138  153  175  175  195  177  161  194  217  205
 [31]  237  232  237  270  285  277  259  285  330  386  338  409  426  453  470
 [46]  505  511  511  495  523  546  586  592  615  721  750  730  825  862  952
 [61]  994  963  959 1094 1114 1167 1186 1234 1321 1312 1307 1374 1454 1456 1587
 [76] 1707 1846 1873 1993 2017 2122 2095 2354 2406 2516 2537 2617 2730 2923 3039
 [91] 3008 3145 3252 3504 3641 3681 3746 3908 4146 4289 4392 4541 4471 4761 4988
[106] 5298 5440 5360 5605 5898 6122 6377 6696 6840 7098 7263 7426 7686 7916 8328
[121] 8500

[[28]]
  [1]   10   46   46   33   35   33   34   34   44   41   32   34   34   52   40
 [16]   31   49   45   65   66   67   76   76   98   94   84   95   91  109  112
 [31]   98  106   92  104  104  116  127  120  111  115  128  131  146  125  142
 [46]  152  188  189  201  209  200  217  203  246  247  273  266  311  322  342
 [61]  389  387  405  429  460  516  499  496  560  544  560  563  525  565  604
 [76]  647  665  719  752  805  802  821  860  850  934  891  939 1039 1063 1031
 [91] 1075 1117 1245 1305 1377 1392 1323 1418 1433 1443 1522 1577 1708 1776 1846
[106] 1927 1999 2167 2220 2312 2530 2575 2722 2817 2960 3054 3231 3283 3335 3437
[121] 3640

[[29]]
  [1]   10   37   41   37   24   20   20   37   38   32   25   43   33   32   26
 [16]   40   36   47   43   49   28   23   28   23   27   26   39   41   45   42
 [31]   47   44   44   44   49   49   45   48   64   80   72   60   70   67   80
 [46]   68   78   88   86   96   84   91   83  102  100   91   88   93   91   97
 [61]  122  107  104  120  145  145  169  177  170  178  192  216  236  254  215
 [76]  266  237  318  307  343  344  351  330  382  360  412  444  483  468  505
 [91]  494  522  583  612  632  642  664  638  701  767  824  820  867  879  924
[106] 1007 1043 1068 1110 1101 1179 1251 1334 1331 1394 1398 1504 1508 1554 1574
[121] 1684

[[30]]
  [1]  10  22  42  31  31  25  18  23  29  32  26  28  29  27  37  38  34  30
 [19]  28  25  44  51  40  28  28  36  48  38  47  59  56  59  51  46  53  55
 [37]  63  50  48  47  48  38  33  41  49  41  40  43  57  61  50  50  46  44
 [55]  49  50  47  50  53  62  69  68  66  70  80 107 103  80 100  88  87  86
 [73]  95  99 100  97  80  87 109  99 108 116 102 108 105 113 110 125 141 122
 [91] 123 135 135 141 140 147 159 200 199 197 184 194 203 237 270 249 243 248
[109] 261 264 269 268 273 281 297 318 317 340 366 346 398

[[31]]
  [1]   10   35   34   23   22   15   19   13   19   34   37   46   33   39   44
 [16]   52   50   53   47   53   49   57   48   56   54   43   63   70   86   75
 [31]   63   64   78   78   85   64   65   83   71   83  112   95  103   89   96
 [46]   96   98  109  126  115  118  142  113  116  140  146  157  179  171  187
 [61]  189  173  194  204  198  203  202  214  238  235  242  258  301  316  294
 [76]  303  337  356  351  345  350  352  366  402  424  424  408  428  410  430
 [91]  435  452  501  497  564  614  658  709  703  763  790  874  953 1064 1041
[106] 1063 1212 1282 1253 1344 1417 1301 1352 1462 1496 1507 1560 1573 1653 1808
[121] 1793

[[32]]
  [1]   10   34   21   14   12   13   24   28   17   16   26   35   31   27   26
 [16]   20   33   32   40   42   39   35   50   41   45   44   40   57   54   56
 [31]   67   75   68   75   66   83   86   82   89  104  116  112  113  124  154
 [46]  182  169  164  189  187  212  170  206  195  244  250  250  243  275  296
 [61]  351  352  362  406  378  388  388  386  423  520  551  602  567  551  563
 [76]  621  713  757  825  825  820  886  912  973  938  972 1089 1123 1136 1206
 [91] 1241 1335 1364 1422 1416 1443 1481 1522 1555 1619 1588 1733 1810 1888 1924
[106] 1979 2023 2169 2314 2413 2538 2535 2772 2681 2802 2923 3105 3211 3311 3514
[121] 3662

[[33]]
  [1]   10   31   41   42   33   30   36   53   48   61   57   60   42   36   42
 [16]   39   23   45   46   40   50   35   41   43   45   52   49   59   65   62
 [31]   66   60   91   76   89   84  106   76   78   95  121  128  116  108  112
 [46]  107  116  131  119  110  122  141  130  133  122  108  101   98  108   95
 [61]   98  115  106  115   98  109   98  148  134  131  123  146  180  199  179
 [76]  197  177  196  212  227  260  263  243  254  285  323  331  311  344  384
 [91]  390  392  376  408  409  424  460  425  449  463  442  481  482  491  551
[106]  526  516  613  611  626  632  601  709  801  801  862  833  893  964 1012
[121] 1091

[[34]]
  [1]   10   45   32   27   33   37   45   48   44   41   46   43   45   39   34
 [16]   39   36   38   47   40   42   49   56   41   28   46   52   46   44   51
 [31]   64   67   63   58   69   77   72   69   79   75   87  103   78  104  108
 [46]  120  163  150  150  143  148  130  147  131  154  163  151  159  147  177
 [61]  156  169  170  166  167  159  222  231  180  165  164  221  221  228  214
 [76]  246  230  226  231  255  281  303  308  341  299  286  285  302  335  386
 [91]  403  442  397  414  397  446  471  537  564  549  570  552  546  587  637
[106]  697  668  707  731  794  873  903  867  881  947 1015 1087 1093 1131 1195
[121] 1257

[[35]]
  [1]   10   33   30   20   17   15   11   15   20   22   21   16   29   26   28
 [16]   35   26   29   42   47   45   36   37   56   45   69   68   70   64   52
 [31]   56   57   70   70  100   77   87  104  101  140  149  139  154  160  178
 [46]  180  194  195  212  220  227  225  233  215  237  260  256  300  312  315
 [61]  313  289  332  346  329  355  344  357  351  336  386  389  421  424  442
 [76]  442  459  506  509  576  604  608  619  659  714  717  792  752  774  815
 [91]  826  843  884  916  988 1017 1047 1046 1174 1175 1222 1260 1271 1370 1362
[106] 1476 1609 1646 1768 1826 1891 1891 2050 2160 2196 2309 2438 2534 2565 2591
[121] 2736

[[36]]
  [1]   10   21   24   16   13   11   15   14   12   10   20   20   16   12   16
 [16]   24   26   32   27   21   27   34   32   32   30   29   17   27   21   15
 [31]   22   29   50   44   44   45   38   50   51   59   72   64   61   60   60
 [46]   74   80   72   68   58   49   66   69   80   68   60   55   73   75   92
 [61]   75   84   96   86  119  128  135  154  153  170  170  158  174  226  193
 [76]  201  182  188  219  253  257  260  268  293  317  319  327  305  360  352
 [91]  363  349  361  418  423  440  425  490  499  536  533  540  554  645  646
[106]  725  744  735  793  773  791  822  863  816  847  847  937 1011 1055 1053
[121] 1049

[[37]]
  [1]   10   49   29   23   17   21   27   29   20   27   29   23   25   23   17
 [16]   21   28   31   33   41   41   42   52   46   47   61   59   64   80   89
 [31]  107   93  100   95   87   87  102  113  118  125  146  131  120  129  127
 [46]  141  127  135  171  191  191  183  174  177  177  190  226  236  229  225
 [61]  198  236  257  227  241  262  274  300  335  293  299  323  361  369  407
 [76]  393  419  406  406  405  418  450  530  557  617  638  632  637  695  718
 [91]  752  820  862  892  814  870  925  947  983  996  991 1104 1204 1178 1214
[106] 1246 1279 1321 1455 1477 1546 1587 1760 1794 1842 1912 2001 1980 2066 2198
[121] 2245

[[38]]
  [1]   10   34   24   18   16   18   27   27   19   35   31   36   25   27   27
 [16]   26   34   28   30   47   56   57   54   56   54   45   57   78   92   85
 [31]   62   60   80   85   69   67   62   82  101  104  128  126  130  111  122
 [46]  133  150  174  161  223  233  235  235  236  248  286  302  335  315  368
 [61]  341  340  355  356  381  430  487  525  537  531  579  577  600  630  654
 [76]  629  624  623  687  687  765  804  805  790  837  917  915 1015 1007 1112
 [91] 1146 1227 1194 1294 1285 1331 1366 1425 1567 1641 1694 1716 1755 1749 1896
[106] 1946 2024 2036 2136 2164 2298 2316 2474 2579 2686 2676 2809 2984 3182 3242
[121] 3341

[[39]]
  [1]  10  53  44  35  33  31  29  35  34  34  47  49  49  54  56  43  40  45
 [19]  47  38  36  31  32  57  48  37  32  27  44  35  40  38  36  42  49  46
 [37]  62  52  59  61  70  78  72  71  91  93  99 105  99  98 119 121 125 119
 [55] 128 140 116 141 143 146 153 146 161 169 186 176 165 185 212 187 203 227
 [73] 196 242 252 251 259 286 304 289 270 257 266 293 289 325 290 303 321 307
 [91] 378 388 402 404 441 450 455 440 472 548 512 473 497 524 618 609 617 641
[109] 683 721 757 821 795 820 837 841 844 893 920 958 966

[[40]]
  [1]   10   32   31   21   21   18   27   18   35   32   30   38   39   41   40
 [16]   52   40   54   55   58   66   65   61   88   70   83   88  105  108  108
 [31]  107   95  109  103  116  103  104  106  106  106  112  125  126  132  152
 [46]  161  153  179  190  218  204  216  220  245  262  278  295  312  341  352
 [61]  331  359  412  431  466  479  455  505  547  549  597  609  621  641  693
 [76]  719  712  734  744  766  847  906  853  931  891  981  973 1009 1069 1114
 [91] 1112 1172 1206 1159 1235 1317 1357 1354 1429 1495 1523 1564 1659 1732 1868
[106] 1948 1992 1994 2113 2214 2419 2363 2389 2492 2601 2630 2808 2835 2991 3170
[121] 3400

[[41]]
  [1]   10   30   23   21   20   21   28   24   21   32   31   36   37   31   27
 [16]   43   51   52   48   57   54   43   70   61   71   73   57   66   57   59
 [31]   66   74   74   68   64   64  102  114  110  100   80   91  125  135  114
 [46]  151  148  163  133  125  140  158  153  176  139  150  147  172  166  173
 [61]  224  249  273  271  314  369  399  393  420  450  479  482  503  511  611
 [76]  656  647  593  615  650  611  704  726  779  735  702  732  772  810  916
 [91]  943  950  947 1042 1080 1131 1160 1238 1275 1309 1375 1359 1599 1566 1578
[106] 1648 1713 1838 1893 1926 1958 2138 2265 2339 2372 2399 2550 2745 2844 3036
[121] 3172

[[42]]
  [1]   10   31   29   24   22   25   20   23   27   33   26   22   17   20   13
 [16]   22   24   17   20   22   17   26   19   23   20   17   18   25   22   23
 [31]   24   25   31   26   25   33   29   44   41   54   52   52   69   71   75
 [46]   69   63   88   91  104   95  121  118  114  108  107   87  105  107  111
 [61]   96   81  110  109   96   96  118  149  146  159  166  189  183  214  243
 [76]  246  268  269  293  339  332  325  317  310  364  435  377  360  376  405
 [91]  440  449  508  488  488  500  505  497  542  528  529  535  562  641  656
[106]  688  703  721  743  758  810  872  848  852  837  898  908  983 1025  981
[121]  994

[[43]]
  [1]   10   45   33   27   19   26   23   41   46   49   50   38   44   48   51
 [16]   51   53   49   61   65   59   65   73   73   71   81   86   74   90  102
 [31]  106  112  116  119  135  153  137  127  129  147  168  178  170  192  170
 [46]  196  218  226  210  241  229  230  269  269  265  259  284  315  343  398
 [61]  427  425  406  373  425  474  475  492  474  464  505  513  557  590  558
 [76]  539  589  638  661  717  731  768  754  754  770  798  814  824  795  815
 [91]  850  856  958  987  942  990 1049 1126 1138 1142 1189 1337 1434 1398 1453
[106] 1428 1409 1539 1562 1620 1748 1741 1825 1871 1924 1916 1965 1970 2152 2291
[121] 2373

[[44]]
  [1]   10   34   33   27   22   17   23   18   15   13   13   22   21   27   33
 [16]   29   31   44   45   51   55   59   87   81   71   70   75   96   91  106
 [31]  116   98  103  105  114  111  127  114  129  133  143  142  144  151  156
 [46]  165  165  178  177  219  245  244  242  271  272  265  277  260  245  279
 [61]  268  337  353  338  342  347  351  387  350  409  407  379  429  412  426
 [76]  487  482  478  517  513  505  494  567  577  534  527  570  584  626  582
 [91]  570  624  659  678  697  717  752  785  834  842  859  888  941 1067 1114
[106] 1141 1214 1214 1213 1220 1297 1394 1426 1537 1577 1623 1589 1668 1777 1828
[121] 1922

[[45]]
  [1]  10  36  31  20  17  22  26  26  38  32  42  40  43  38  33  52  42  42
 [19]  48  34  25  26  35  34  41  46  32  36  23  33  39  31  33  44  40  44
 [37]  47  46  50  46  55  47  54  53  51  56  64  51  43  48  73  70  78  70
 [55]  68 111 123 122 126 114 112 106 109 118 117 126 129 127 121 131 151 168
 [73] 164 146 161 159 175 181 195 225 226 228 241 239 256 264 230 305 294 319
 [91] 347 388 423 418 379 354 371 426 412 444 415 502 472 539 547 610 609 628
[109] 669 716 740 721 746 778 782 812 824 829 834 877 891

[[46]]
  [1]   10   40   22   16   15   19   24   26   23   23   24   26   23   24   28
 [16]   19   24   28   42   27   29   38   38   34   31   27   27   30   35   44
 [31]   61   60   60   51   53   46   61   72   96   79   84   92   95   99   92
 [46]   96   95  112  141  116  126  133  176  175  162  160  140  176  208  212
 [61]  224  224  237  232  257  270  298  294  282  298  285  327  370  357  363
 [76]  376  403  471  494  481  500  518  539  569  623  659  627  628  672  725
 [91]  722  771  772  760  851  946 1029  972  997 1067 1063 1100 1110 1199 1231
[106] 1307 1317 1369 1450 1460 1478 1538 1559 1643 1793 1901 2104 2178 2209 2226
[121] 2350

[[47]]
  [1]   10   40   32   24   21   29   38   37   41   40   42   53   53   58   53
 [16]   54   54   75   56   56   91   88   92   80   87   77   73  107  116  100
 [31]   97  116  144  161  123  112  125  115  106  114  135  126  125  145  161
 [46]  142  149  186  197  189  190  188  230  250  234  286  265  284  286  328
 [61]  311  325  362  379  373  379  354  332  358  395  428  441  498  551  600
 [76]  568  645  648  703  694  713  833  818  930  975  885  863 1014 1075 1093
 [91] 1078 1027 1132 1167 1241 1300 1286 1355 1485 1585 1677 1700 1688 1775 1806
[106] 1882 1982 2012 2097 2146 2240 2266 2415 2572 2670 2659 2779 2898 2937 3089
[121] 3288

[[48]]
  [1]   10   36   36   24   19   24   26   32   31   32   41   39   43   48   49
 [16]   51   50   59   48   53   74   82   85   86   83   93   94  101  103  112
 [31]  123  120  124  132  134  146  158  158  206  188  183  178  184  204  218
 [46]  219  194  229  236  242  278  302  305  312  351  346  340  366  389  426
 [61]  407  400  455  499  562  552  576  582  648  632  708  732  737  716  814
 [76]  835  825  852  912  951  984 1010 1025 1067 1222 1314 1309 1289 1345 1431
 [91] 1545 1608 1654 1689 1762 1823 1814 1960 1992 2027 2093 2113 2277 2377 2424
[106] 2538 2640 2814 2950 3007 2912 3069 3326 3375 3516 3636 3719 3947 4046 4168
[121] 4374

[[49]]
  [1]  10  23  25  18  16  15  12  12  14  11  11   9  15  15  19  14  12  18
 [19]  18  22  23  14  11  11  19  16  13  10   8   6  19  15  13   8   7   6
 [37]  12  21  22  17  12  14  14  16   8   6  15  20  28  20  16  13  11   8
 [55]  15  33  26  26  20  18  20  12   9  16  15  16  18  21  26  23  21  26
 [73]  34  42  35  35  39  38  37  37  53  35  45  56  47  53  64  68  69  71
 [91]  82  70  63  80  82  83  88 101 113  99 102 112 118 101  91 102  93 108
[109]  99 116 124 118 126 135 131 142 151 167 178 179 173

[[50]]
  [1]   10   35   45   34   22   20   16   35   27   26   26   30   23   21   15
 [16]   12   23   22   37   38   25   22   24   28   21   32   32   39   28   45
 [31]   50   42   43   64   67   65   81   82   91   90   92   88   82   73   90
 [46]  113  127  127  109   98  113  132  141  150  137  133  169  176  188  188
 [61]  182  200  225  209  217  200  211  202  236  250  280  299  285  313  317
 [76]  353  367  324  347  382  389  408  415  439  512  501  499  506  583  571
 [91]  583  599  647  695  737  714  766  792  855  921  971  962  980  989 1071
[106] 1170 1202 1216 1194 1234 1274 1326 1348 1367 1412 1505 1551 1668 1713 1780
[121] 1830

[[51]]
  [1]   10   31   26   15   11    9   15   16   16   12    9    5    5    4   10
 [16]    6    7    6    5    4    4   13    8    8    8    8    7    6    6   25
 [31]   32   29   27   27   23   40   39   35   34   41   38   43   49   54   56
 [46]   72   58   66   85   86   78   85   94   76   86   83  104  111  111  107
 [61]  106  125  122  138  127  138  135  146  152  163  172  204  217  205  204
 [76]  198  248  247  222  225  281  285  358  393  377  380  437  442  479  523
 [91]  492  528  588  602  622  658  699  724  778  822  795  836  910  898  908
[106]  944 1002 1062 1115 1202 1188 1226 1336 1361 1283 1360 1469 1528 1660 1686
[121] 1772

[[52]]
  [1]   10   47   33   26   24   33   25   19   17   16   18   13   21   23   29
 [16]   22   19   27   27   24   29   31   32   30   36   42   26   25   29   59
 [31]   53   43   42   69   67   55   56   44   61   61   68   54   43   66   62
 [46]   67   97   72   79   87  103   92  111  112  102  104  124  117  123  143
 [61]  148  162  170  180  159  170  153  177  198  211  214  216  247  258  273
 [76]  278  295  321  339  330  368  335  372  395  457  467  479  536  509  556
 [91]  566  600  688  675  702  720  764  790  803  838  954  962 1000 1054 1133
[106] 1125 1135 1110 1193 1172 1155 1191 1183 1302 1291 1351 1452 1405 1426 1471
[121] 1532

[[53]]
  [1]  10  27  26  13  12   9   7  19  13  12  16  18   8  14  16  12  19  29
 [19]  33  25  27  36  44  34  51  63  72  58  66  64  52  65  75  96  72  77
 [37]  81  81  71  86 103 105  98 118 111  95  88 111 114 122 141 120 115 127
 [55] 182 166 196 193 181 186 187 168 197 201 224 206 214 197 233 266 261 245
 [73] 245 237 243 268 293 287 282 316 338 335 329 300 321 333 384 357 381 389
 [91] 361 367 396 393 387 416 492 475 433 476 516 531 532 530 547 615 679 639
[109] 669 653 704 751 773 762 818 851 906 938 926 920 984

[[54]]
  [1]  10  33  38  38  25  31  33  28  18  17  29  17  16  27  28  22  19  19
 [19]  21  24  17  17  17  15  12  12  10  10   7  14  17  17  12  11   8  12
 [37]  14  16  16  12  21  18  19  14  13  15   9   9   7   6   7   7  10  11
 [55]   8   8   7  11  15  18  16  18  14  11  22  19  25  16  20  23  24  26
 [73]  35  34  43  29  46  45  42  58  60  66  61  45  44  58  74  76  69  66
 [91]  85 106  88  91 104 105 100 109 122  88  99 103 105  97  99 147 152 150
[109] 137 152 173 149 168 162 194 226 210 233 226 236 259

[[55]]
  [1]   10   28   16   12   11   23   33   26   31   24   21   21   33   27   30
 [16]   33   62   85   74   74   68   72   83   78   81   92   79  111  124  110
 [31]  112  133  130  143  140  139  158  145  167  163  165  175  202  184  185
 [46]  215  217  243  240  240  219  251  283  261  265  317  315  329  327  332
 [61]  311  391  406  381  385  391  420  421  474  467  480  514  565  563  562
 [76]  584  625  687  682  692  715  740  802  803  855  896  940  972  987 1057
 [91] 1161 1170 1151 1158 1219 1323 1382 1351 1394 1464 1491 1602 1668 1778 1788
[106] 1835 1952 1952 1960 2065 2283 2338 2375 2375 2557 2623 2611 2791 3057 3265
[121] 3366

[[56]]
  [1]  10  20  24  17  18  23  16  11  15   9   9   6   4   4   4   3   5   3
 [19]   2   2   1   1   1   1   1   1   7   6   5   5  11  16  10   8   5   8
 [37]   7   9   6   3   9  13  18  19  17  22  17  21  23  24  31  25  29  25
 [55]  27  24  37  42  49  51  58  54  59  52  52  54  54  60  69  74  63  88
 [73]  93  66  68  84 108 108 100  85  83 101 125 117 113 106 115  96 118 122
 [91] 119 122 148 130 132 126 166 160 178 149 134 172 192 200 191 210 201 207
[109] 214 236 294 283 327 318 342 347 340 355 397 427 435

[[57]]
  [1]   10   37   26   23   20   40   51   37   44   39   49   41   55   52   50
 [16]   44   54   56   61   60   61   82   71   63   57   52   56   67   97   72
 [31]   89   86  105  113  114   91   87  124  148  137  161  166  170  163  168
 [46]  166  191  225  185  184  193  193  215  260  248  275  245  256  260  254
 [61]  291  322  330  345  367  370  366  398  397  399  463  548  536  512  536
 [76]  554  559  598  665  720  783  793  831  885  884  894  995 1021 1075 1169
 [91] 1158 1176 1204 1313 1341 1386 1485 1494 1508 1533 1612 1646 1784 1834 1894
[106] 1926 2045 2146 2207 2356 2385 2535 2791 2819 2865 3055 3255 3273 3353 3509
[121] 3536

[[58]]
  [1]  10  32  19  12   9   8   8  15  21  16  14  16  24  27  18  17  22  35
 [19]  26  38  30  27  34  42  42  38  43  44  36  38  41  56  48  63  47  47
 [37]  47  59  60  67  64  53  58  60  77  83  84  79  84  98  90  86  82  69
 [55]  71  68  74  84  65  74  64  68 101 101  98  88 103  97 103  94  92  95
 [73] 116  99 115 118 124 121 126 138 145 144 132 149 154 175 141 132 130 168
 [91] 171 191 163 178 192 219 250 244 245 245 277 293 320 342 358 331 381 382
[109] 396 386 431 476 479 494 486 490 535 567 583 592 571

[[59]]
  [1]   10   29   22   13   11   11   10    9   17   30   24   27   20   22   24
 [16]   27   32   25   27   34   28   45   47   40   39   49   58   54   58   53
 [31]   49   44   51   54   94   76   80   66   72   72   82   99   80   85   88
 [46]   99  100  113  111  123  150  157  139  156  157  168  199  176  167  205
 [61]  216  203  215  201  253  261  277  248  274  290  268  286  314  324  333
 [76]  353  340  359  391  409  376  370  372  433  421  379  447  430  457  443
 [91]  460  484  532  515  517  565  574  571  576  581  650  648  682  702  735
[106]  722  811  904  939  968 1018 1058 1069 1106 1143 1244 1305 1344 1393 1478
[121] 1466

[[60]]
  [1]  10  35  32  18  14  15  17  10  10  14  13   9  13   9   6   4   4   3
 [19]   3  17  18  15  13  13  12  23  18  19  15  16  35  29  17  14  13  23
 [37]  16  18  15  22  19  16  20  30  24  31  35  37  32  33  47  34  36  47
 [55]  51  44  43  39  38  52  54  53  56  56  57  61  55  50  76  81  87  81
 [73]  86  82  92 101 105 100  97  93  94  96  96  91 112  96  87  87  86 106
 [91] 107 115  92 103 120 133 143 144 140 125 145 124 135 150 177 195 191 228
[109] 223 245 277 256 237 265 242 241 293 255 262 287 289

[[61]]
  [1]  10  13  14  10   8   7   7  24  31  27  23  25  21  20  19  25  29  24
 [19]  21  18  18  16  25  33  26  20  19  18  22  21  17  13  19  30  45  40
 [37]  33  37  49  57  60  49  46  58  75  71  70  51  55  67  59  71  72  71
 [55]  72  82  84  87 101  99 112 101 109 112 133 138 143 135 115 118 105 107
 [73] 141 130 114 128 146 138 157 162 141 130 143 160 141 179 199 208 181 192
 [91] 214 223 215 232 247 272 282 307 298 307 319 305 303 318 341 332 361 415
[109] 426 443 441 512 523 516 555 549 611 584 643 660 714

[[62]]
  [1]  10  15  20  13  11  10  13  20  19  20  18  12  10  12   9   6  11   5
 [19]   4  10   8   5   3   3   3   5   2   2   2   2   2   2   4  10   7   6
 [37]   6  13  13  10   7   7  10   6   6   8   7   4   4   6   3   2   2   2
 [55]   2  11   6   3   3   3   3   3   8  12  13  11  10   9  14  12   8   5
 [73]   4   3  11   7   7   6   6   8  10   8  15  24  33  38  32  40  55  44
 [91]  39  41  39  38  45  48  62  50  48  58  77  98  86  89  82  95  93 130
[109] 142 124 118 136 168 141 157 165 174 167 186 166 159

[[63]]
  [1]   10   32   29   33   27   32   30   36   32   28   52   45   49   38   34
 [16]   30   30   30   34   55   61   55   54   61   62   53   51   52   64   78
 [31]   65   76   73  102  103  113  126  127  116  128  150  159  152  149  178
 [46]  181  158  174  189  216  215  215  247  243  266  285  324  294  333  377
 [61]  422  427  391  405  401  444  430  463  455  523  539  574  565  549  575
 [76]  615  633  634  628  662  719  857  829  747  866  863  922 1030 1033 1037
 [91] 1133 1123 1207 1295 1287 1330 1377 1448 1500 1541 1626 1683 1728 1873 1884
[106] 1971 2097 2144 2301 2299 2362 2554 2623 2798 2852 2979 3203 3407 3567 3639
[121] 3710

[[64]]
  [1]  10  29  27  29  19  20  31  21  18  18  21  19  23  22  26  32  43  39
 [19]  32  35  35  45  50  46  32  26  25  35  34  32  36  37  33  24  29  26
 [37]  29  30  35  38  33  28  19  29  19  19  21  28  31  22  25  22  27  40
 [55]  43  37  46  41  45  40  55  61  54  63  67  71  78  94 101  93 101 101
 [73] 128 172 166 169 173 199 194 216 211 232 246 237 269 264 227 238 297 308
 [91] 304 310 314 347 354 380 396 367 360 379 443 465 470 515 516 547 547 577
[109] 616 644 677 703 704 752 774 785 791 804 890 904 949

[[65]]
  [1] 10 24 16 10  9 10 15 16  8  6  6  7  4  4  4  2  2  2  2  1  0  0  0  0  0
 [26]  0  0  0  0  0  0  0  0  0  0  0  0  0  0  0  0  0  0  0  0  0  0  0  0  0
 [51]  0  0  0  0  0  0  0  0  0  0  0  0  0  0  0  0  0  0  0  0  0  0  0  0  0
 [76]  0  0  0  0  0  0  0  0  0  0  0  0  0  0  0  0  0  0  0  0  0  0  0  0  0
[101]  0  0  0  0  0  0  0  0  0  0  0  0  0  0  0  0  0  0  0  0  0

[[66]]
  [1]  10  20  22  21  17  13  10  12  10  11  11   8  13   9   6   6   5  24
 [19]  17  13  10   8   8  17  20  15   9  19  10  12  10  10  13  17  10   9
 [37]   9   8  14  16  14  12  18  10   9  13  15  12  12  17  23  20  29  27
 [55]  23  17  18  22  31  25  19  26  20  16  20  26  25  22  27  18  26  37
 [73]  28  28  23  22  24  24  24  35  30  24  26  36  55  48  53  44  38  45
 [91]  54  52  57  45  51  49  68  70  72  94  91  90  70  87  91 115 121 140
[109] 142 137 128 122 111 149 156 174 184 182 177 203 200

[[67]]
  [1]   10   38   29   36   30   47   40   40   36   51   48   63   56   54   58
 [16]   48   67   58   55   69   82   72   80   84   93   77   80   86   87  113
 [31]  111  117  119  124  130  161  146  159  185  214  202  217  221  212  234
 [46]  249  295  293  266  278  318  321  320  384  392  413  454  511  497  511
 [61]  522  552  608  612  647  732  735  726  765  815  816  834  903  898  883
 [76]  915  992 1124 1220 1263 1210 1244 1283 1363 1413 1457 1502 1584 1621 1747
 [91] 1846 1844 1806 1979 2066 2155 2150 2259 2362 2556 2640 2639 2642 2745 2849
[106] 2830 2889 3127 3389 3572 3691 3692 3721 4152 4289 4367 4639 4745 4850 5299
[121] 5455

[[68]]
  [1]  10  26  24  24  22  26  24  22  16  15  17  22  27  18  12  11  16  18
 [19]  16  13  12   8   8   9  13  17  12  10  13  17  17  15  19  15  18  22
 [37]  19  30  40  30  30  19  25  18  16  27  27  24  24  30  34  22  22  20
 [55]  31  28  26  27  34  25  34  39  50  45  36  32  39  45  36  52  60  57
 [73]  51  47  47  47  41  43  44  45  41  49  40  57  42  48  55  55  53  54
 [91]  42  40  51  52  51  67  47  52  47  43  52  44  53  52  63  75  74  74
[109]  57  69  96  80  91  73  75  77  89  97  95 105 114

[[69]]
  [1]  10  27  16  14  11  19  22  29  28  24  25  13  24  43  44  35  40  30
 [19]  32  33  33  37  27  43  36  42  36  36  37  41  45  64  57  56  64  61
 [37]  61  77  70  73  87  93  80  74  65  71  68  65  94  97  79  82  91  92
 [55]  96  85  67  90 107  92  97  79 102 102  98  95  98 110 106 112 123 115
 [73] 106 111 120 138 159 137 135 135 166 170 171 177 217 201 200 197 193 199
 [91] 223 211 190 193 197 207 184 206 223 202 202 226 242 238 247 283 285 287
[109] 309 305 340 355 392 381 348 366 388 432 411 438 475

[[70]]
  [1]   10   40   27   17   15   19   17   33   33   39   38   27   28   37   41
 [16]   36   37   41   39   39   40   47   60   77   69   95   85  109  104  126
 [31]  116  121  100  120  144  147  123  134  151  145  130  164  156  162  165
 [46]  171  185  175  170  198  180  234  223  235  279  261  301  310  306  308
 [61]  325  388  390  369  376  387  441  462  481  441  451  483  500  554  473
 [76]  536  564  587  637  640  688  725  791  819  819  792  856  875  897  906
 [91]  912  917  971 1028 1125 1119 1037 1135 1239 1251 1350 1404 1438 1518 1461
[106] 1534 1583 1638 1797 1815 1847 1986 2064 2082 2286 2312 2359 2434 2626 2728
[121] 2920

[[71]]
  [1]   10   32   26   22   20   27   31   29   32   36   32   46   44   40   45
 [16]   51   46   47   66   70   72   67   85   77   99   74   74   87   96   79
 [31]   82  101  105  114  108   96   95  103  111  111  131  145  172  166  178
 [46]  176  162  159  165  170  181  179  178  205  223  210  215  264  289  282
 [61]  271  294  305  314  363  411  352  391  453  488  475  477  466  538  564
 [76]  592  674  674  713  735  756  775  833  885  869  903  934  979 1079 1120
 [91] 1127 1117 1169 1247 1304 1395 1470 1448 1525 1534 1669 1710 1754 1815 1968
[106] 1883 1945 2031 2141 2212 2299 2322 2423 2436 2646 2637 2831 2959 3008 3074
[121] 3239

[[72]]
  [1]  10  35  24  20  16  17  20  27  30  34  34  25  24  28  25  22  26  28
 [19]  25  19  18  13  16  15  13  16  15  21  20  17  15  18  22  24  19  17
 [37]  23  32  27  35  37  40  42  38  36  32  36  48  41  46  51  45  36  38
 [55]  35  35  27  37  42  37  34  31  33  47  44  41  39  43  43  47  53  65
 [73]  71  56  57  60  53  62  59  61  65  56  78 108  95  98  90 112 106 119
 [91] 117 127 124 145 130 131 146 154 173 161 150 149 153 165 188 193 213 242
[109] 230 226 217 241 254 287 302 283 318 341 332 308 344

[[73]]
  [1]   10   43   36   34   26   28   16   15   27   36   29   30   28   27   23
 [16]   23   35   43   44   41   35   56   49   51   65   61   60   61   46   60
 [31]   77   76   66   66   67   69   77   79   80  106   96   98   84   91   83
 [46]   79   88  112  105   98   98  105  112  102   96  112  114  125  128  133
 [61]  124  139  128  132  134  146  125  160  172  161  175  194  203  209  232
 [76]  234  214  228  254  277  258  261  334  397  402  381  392  420  393  375
 [91]  393  388  472  499  501  450  492  492  516  502  555  572  603  636  628
[106]  630  665  723  745  748  752  828  833  908  994  982 1005 1056 1157 1177
[121] 1237

[[74]]
  [1] 10 22 25 18 13 13  8  9  7 12  8  7  4  2  2  2  2  2  2  2  2  6  3  2  2
 [26]  1  0  0  0  0  0  0  0  0  0  0  0  0  0  0  0  0  0  0  0  0  0  0  0  0
 [51]  0  0  0  0  0  0  0  0  0  0  0  0  0  0  0  0  0  0  0  0  0  0  0  0  0
 [76]  0  0  0  0  0  0  0  0  0  0  0  0  0  0  0  0  0  0  0  0  0  0  0  0  0
[101]  0  0  0  0  0  0  0  0  0  0  0  0  0  0  0  0  0  0  0  0  0

[[75]]
  [1]   10   42   45   38   35   31   24   26   24   26   34   32   54   33   42
 [16]   34   29   34   51   50   60   51   46   48   76   93   86   81   76  102
 [31]  111  114  113  121  136  130  130  136  138  144  143  142  141  168  167
 [46]  171  178  175  217  222  234  254  248  281  306  339  339  329  344  363
 [61]  369  400  448  462  447  453  472  558  512  497  505  534  602  598  611
 [76]  675  732  716  787  833  859  920  943  966  970  980 1007 1079 1118 1148
 [91] 1228 1277 1325 1383 1463 1517 1560 1564 1646 1724 1761 1797 1939 2205 2246
[106] 2251 2333 2504 2712 2644 2781 2835 3002 3165 3244 3289 3366 3590 3745 3825
[121] 3928

[[76]]
  [1] 10 27 16 12  9  8 14 14 14 14 12  8  5  9  8  5  4  5  3  2  1  0  0  0  0
 [26]  0  0  0  0  0  0  0  0  0  0  0  0  0  0  0  0  0  0  0  0  0  0  0  0  0
 [51]  0  0  0  0  0  0  0  0  0  0  0  0  0  0  0  0  0  0  0  0  0  0  0  0  0
 [76]  0  0  0  0  0  0  0  0  0  0  0  0  0  0  0  0  0  0  0  0  0  0  0  0  0
[101]  0  0  0  0  0  0  0  0  0  0  0  0  0  0  0  0  0  0  0  0  0

[[77]]
  [1]  10  28  26  25  23  20  24  20  27  33  34  34  35  35  32  27  38  30
 [19]  26  30  38  27  20  46  31  33  23  38  39  40  29  24  37  31  42  42
 [37]  38  39  30  33  23  26  38  44  43  31  42  31  45  56  59  60  46  48
 [55]  54  73  69  78  70  70  89  74 108 101  88 106  99  91  76  83 113 109
 [73] 102 104 105 106 113 138 129 139 123 125 131 165 175 182 179 154 186 208
 [91] 236 214 221 230 247 263 277 298 326 337 351 339 374 369 391 423 427 455
[109] 458 462 530 532 561 552 525 539 608 654 672 673 673

[[78]]
  [1]   10   23   29   22   16   14   17   28   28   27   39   32   25   23   29
 [16]   36   26   30   25   28   42   41   44   52   64   57   67  100   90   82
 [31]   86   85   79  102   97   91   76   73   98  108  130  115  117  139  134
 [46]  152  139  145  149  164  195  180  181  200  186  192  204  201  222  222
 [61]  256  258  279  260  301  345  342  341  396  404  392  382  432  421  419
 [76]  454  435  493  488  521  482  477  536  615  632  593  559  576  619  697
 [91]  731  696  717  770  821  827  794  909  934  980  997 1092 1086 1109 1137
[106] 1236 1264 1283 1346 1372 1472 1527 1592 1692 1692 1745 1835 1832 1981 1994
[121] 2033

[[79]]
  [1]   10   53   42   30   27   26   24   29   27   28   45   42   36   47   38
 [16]   31   45   48   40   41   41   40   35   38   57   40   39   61   63   62
 [31]   66   69   59   80   92   96   87   94   88  107  127  163  148  133  133
 [46]  142  160  150  188  191  164  168  196  216  192  225  217  203  244  227
 [61]  231  257  264  265  218  245  258  287  291  276  257  256  279  324  344
 [76]  344  382  370  371  387  416  438  419  412  458  498  537  572  581  624
 [91]  601  611  563  632  670  692  763  747  723  778  760  764  755  779  859
[106]  900  929  951  984 1074 1029 1110 1233 1275 1320 1347 1359 1463 1551 1561
[121] 1610

[[80]]
  [1]   10   29   27   21   17   27   32   27   22   22   21   25   44   47   45
 [16]   38   38   38   38   34   48   47   44   52   58   50   75   81   94   97
 [31]   88  101   94  113  136  135  128  126  142  129  138  180  181  187  183
 [46]  227  238  227  263  264  288  310  288  341  363  384  342  384  388  401
 [61]  388  391  441  459  454  514  510  561  506  481  516  561  587  616  614
 [76]  585  622  753  792  826  820  843  861  889  934 1049 1098 1076 1085 1148
 [91] 1239 1318 1299 1363 1385 1492 1573 1614 1715 1791 1790 1800 1840 2036 2054
[106] 2264 2410 2500 2533 2605 2689 2890 3061 3103 3187 3330 3433 3470 3528 3699
[121] 3822

[[81]]
  [1]   10   31   21   18   18   17   25   18   14   11   10   18   12   11   16
 [16]   14   20   18   26   23   17   13   29   28   31   30   32   40   38   46
 [31]   37   37   28   56   50   57   50   43   42   42   58   65   62   54   73
 [46]   85   92   99  115  123  108  122  124  122  133  142  145  140  164  164
 [61]  182  177  185  162  234  218  245  285  286  327  332  334  353  365  367
 [76]  390  443  446  398  437  431  428  461  502  492  523  536  573  603  638
 [91]  638  667  703  779  787  779  838  888  974 1001  996 1041 1084 1099 1178
[106] 1244 1263 1285 1352 1351 1346 1502 1576 1594 1672 1624 1767 1802 1919 2053
[121] 2181

[[82]]
  [1]  10  42  31  25  21  22  32  35  34  35  31  36  39  38  49  46  47  41
 [19]  41  38  36  37  32  24  24  29  24  26  23  19  17  25  41  31  25  27
 [37]  29  36  32  26  47  52  54  41  37  37  40  45  54  44  50  47  50  50
 [55]  42  65  94  85  71  78  83  89  78  92 108 128 137 133 179 164 158 164
 [73] 169 157 161 175 148 152 144 192 173 157 192 216 235 249 230 234 302 302
 [91] 313 314 303 360 380 440 437 450 439 456 458 492 491 505 532 576 581 603
[109] 640 656 704 738 782 834 849 910 876 855 927 981 939

[[83]]
  [1]   10   29   17   12   11   10   13   12   17   16   12   15   14   14   19
 [16]   15   18   14   15   21   22   21   37   32   35   25   19   28   49   50
 [31]   49   42   40   33   34   66   58   61   73   64   65   95  118  111  105
 [46]   98   81   82  116  106  125  124  133  125  122  138  148  144  140  166
 [61]  150  131  140  147  167  170  169  173  155  169  160  184  170  198  214
 [76]  200  184  205  239  267  262  284  282  293  298  329  367  364  387  414
 [91]  438  513  519  563  525  515  519  539  562  600  667  650  685  719  690
[106]  687  687  700  772  818  830  817  878  920  981 1040 1063 1109 1120 1181
[121] 1218

[[84]]
  [1] 10 31 34 24 17 12 11 10 15 19 23 17 16 16 15 24 17 20 16 16 13 18 11  9  6
 [26] 10  9  9  8  7  6  6 13  7  5 11 11  7  3  3  3  3  8 11 14 14 13 15 15 10
 [51]  9 11  7  4  2  1  1  6  4  2  2  3  2  2  1  0  0  0  0  0  0  0  0  0  0
 [76]  0  0  0  0  0  0  0  0  0  0  0  0  0  0  0  0  0  0  0  0  0  0  0  0  0
[101]  0  0  0  0  0  0  0  0  0  0  0  0  0  0  0  0  0  0  0  0  0

[[85]]
  [1]   10   34   23   17   22   31   32   27   28   31   44   41   43   45   40
 [16]   35   36   27   24   42   49   57   55   71   55   51   50   61   61   44
 [31]   40   50   56   59   48   48   48   43   52   42   46   50   56   53   57
 [46]   80   71   83   67   60   80   70   61   72   77   84   86   78   92   93
 [61]   90   91   95  112  117  144  131  142  144  131  139  145  119  131  147
 [76]  174  186  162  167  211  215  237  231  228  249  253  251  293  348  365
 [91]  380  399  390  398  436  428  487  510  478  570  583  628  629  674  632
[106]  633  681  680  716  721  794  812  800  819  850  881  863  906  952  958
[121] 1040

[[86]]
  [1]   10   35   55   43   32   31   35   52   52   46   39   51   59   64   62
 [16]   75   76   96   91  100   90   96   93   90   96  104   95  115  103  103
 [31]  116  131  142  132  156  147  146  164  170  162  171  179  168  203  198
 [46]  194  187  187  229  248  264  250  240  247  327  344  318  332  382  413
 [61]  389  393  379  414  432  459  491  527  493  453  509  595  614  650  582
 [76]  628  672  700  701  825  829  858  924  982 1049 1006 1023 1049 1054 1122
 [91] 1222 1265 1302 1408 1431 1483 1526 1666 1715 1918 1938 1894 2006 2088 2077
[106] 2179 2252 2375 2484 2689 2810 2788 2928 2893 2960 3005 3048 3301 3367 3450
[121] 3694

[[87]]
  [1]  10  25  25  36  29  22  19  15  16  30  30  35  41  35  32  22  37  36
 [19]  36  33  29  23  40  53  52  47  40  46  62  71  80  93  76  88  93 110
 [37]  93 106 105 107  85  85 110  85  75  82  69  65  57  77  89  74  79  81
 [55]  94 129 153 131 116 129 138 138 137 143 142 192 169 161 158 142 161 169
 [73] 171 162 168 205 181 187 182 171 170 200 225 256 204 253 256 268 288 273
 [91] 267 276 307 295 272 290 295 276 281 360 372 356 328 361 384 395 361 376
[109] 387 371 389 412 420 443 432 419 473 471 485 477 508

[[88]]
  [1]  10  34  29  28  24  15  13  20  19  20  21  21  14  22  19  19  14  14
 [19]  17  12  19  19  22  18  15  21  30  21  21  25  24  22  24  28  27  26
 [37]  38  30  25  24  15  19  25  27  23  24  32  32  23  24  23  45  45  41
 [55]  46  54  59  56  49  54  57  62  63  82  72  80  95  89  84  79  61  79
 [73]  87 111 107 118 105 127 138 136 152 141 161 169 170 156 159 182 177 192
 [91] 232 250 219 192 244 258 234 247 246 263 266 273 291 303 344 327 298 341
[109] 374 393 448 426 426 404 434 429 454 479 491 498 520

[[89]]
  [1]  10  11  22  12  11   8   7  12   8  14  10  14  18  20  15  16  12  13
 [19]  14  11  19  21  18  17  18  20  26  27  19  15  14  13  11  21  17  15
 [37]  12  21  31  23  17  18  19  19  40  46  43  37  41  43  44  40  41  67
 [55]  75  64  65  78  75  62  75  76  84 101 108 107  93 120 119 116 139 135
 [73] 131 160 153 155 161 159 176 212 202 237 253 203 218 247 261 253 255 277
 [91] 323 345 402 353 341 323 368 417 394 400 438 485 480 480 511 520 555 541
[109] 577 573 557 614 626 621 662 708 772 837 860 819 888

[[90]]
  [1]   10   32   29   25   19   19   21   34   28   26   21   16   27   38   30
 [16]   20   26   17   13   21   20   18   26   22   19   14   16   25   27   17
 [31]   22   18   17   16   24   18   24   29   37   32   37   34   31   48   48
 [46]   46   46   46   40   43   42   40   56   64   65   53   61   70   64   72
 [61]   84   81   73  105   92  100  113  102  136  157  169  193  160  157  182
 [76]  198  211  208  239  259  254  259  258  261  282  327  332  332  381  390
 [91]  414  400  403  444  479  553  593  589  643  642  688  697  696  729  754
[106]  776  794  857  857  846  856  865  942 1004 1036 1053 1096 1162 1278 1260
[121] 1265

[[91]]
  [1]   10   43   54   43   40   34   32   38   53   55   54   43   48   56   81
 [16]   84   66   77   86  109  112  111  120  123  131  143  165  171  161  162
 [31]  185  188  215  217  217  215  230  238  238  240  257  260  261  297  311
 [46]  287  308  327  363  327  336  348  377  388  447  458  484  454  470  469
 [61]  524  590  541  545  579  583  646  614  612  643  644  683  698  746  779
 [76]  850  798  852  880  890 1028 1032 1078 1086 1150 1158 1290 1235 1258 1266
 [91] 1432 1432 1498 1577 1648 1698 1785 1839 1922 1984 2037 2106 2207 2306 2397
[106] 2464 2630 2687 2801 2913 2920 3169 3295 3517 3667 3827 3946 4190 4274 4375
[121] 4713

[[92]]
  [1]   10   41   43   27   27   23   24   26   30   36   24   29   33   30   30
 [16]   25   26   36   38   48   44   40   36   51   50   53   66   66   62   77
 [31]   66   69   70   68   74   67   66   75   93   97   92   81   83   98  105
 [46]  108  106  103   93  119  130  131  125  123  131  153  180  205  183  162
 [61]  174  188  188  198  209  220  253  239  222  236  252  255  245  282  240
 [76]  268  283  303  297  320  314  351  335  378  383  402  356  363  367  399
 [91]  403  425  444  465  456  435  439  477  519  501  519  565  624  653  652
[106]  654  668  788  813  908  867  907  949  993 1088 1083 1131 1189 1223 1275
[121] 1346

[[93]]
  [1]   10   51   43   43   28   33   42   44   40   33   46   59   56   55   52
 [16]   57   68   68   81   76   75   90   82   86   77   74   88   94   88   81
 [31]   99  103  105   91   96  107  106   99  110  126  118  136  135  131  128
 [46]  119  129  138  134  121  149  144  143  127  135  142  162  160  157  172
 [61]  168  174  185  175  180  182  184  165  166  191  187  198  211  236  235
 [76]  301  286  270  249  299  332  368  370  390  380  406  439  436  517  519
 [91]  560  541  544  565  579  641  673  802  788  851  843  870  925  970 1059
[106] 1081 1086 1097 1219 1264 1289 1314 1346 1403 1554 1552 1567 1575 1661 1769
[121] 1773

[[94]]
  [1]   10   20   12    9    7   13   18   20   20   17   18   21   23   23   28
 [16]   31   33   24   37   49   40   36   39   45   42   43   36   57   60   62
 [31]   63   67   80   75   79   71   62   70   87  116  105   98   96   79  100
 [46]   98   96   91   92   89  112   95  135  119  119  124  156  165  159  164
 [61]  184  226  257  213  217  233  241  272  249  240  244  237  245  266  289
 [76]  309  323  347  347  361  383  358  381  400  435  429  449  436  428  436
 [91]  418  449  451  468  481  519  558  556  629  663  769  713  665  723  746
[106]  729  791  886  877  915  908  945  935 1014 1020 1054 1072 1103 1221 1250
[121] 1309

[[95]]
  [1]  10  27  23  18  13  11   9  13  23  17  29  28  35  37  42  44  35  38
 [19]  28  22  25  21  18  30  38  43  34  39  37  48  43  41  47  41  39  49
 [37]  53  44  33  53  39  42  37  44  46  60  66  59  75  72  66  56  68  54
 [55]  56  63  69  75  74  66  76  69  67  71  72  81  78  89  91  91 119 102
 [73] 113 123 110 109 129 122 123 166 199 155 175 217 239 278 255 256 258 251
 [91] 264 279 290 304 300 304 344 379 377 392 405 414 451 461 443 464 468 589
[109] 550 529 586 627 660 641 672 716 795 809 799 861 910

[[96]]
  [1]  10  43  26  22  17  14  22  14  19  19  17  15  16  17  23  18  16  11
 [19]  13  11   6   5   6   5   4   4   8   4   3   2   2   1   1   1   1   1
 [37]   1   1   1   8   5   4   3   8   5  14   9  12   9  10   8   8  12  16
 [55]   9  14  12  22  20  10   8   8  10   6   6   4   4   4   3   8   7   4
 [73]   4   2   7   9   6   5   5   4  10  18  20  24  23  20  31  28  44  41
 [91]  45  47  53  44  52  55  60  91  92  72  83  91  99 109 101 110 121 116
[109] 139 156 178 158 162 181 155 190 202 180 176 207 234

[[97]]
  [1]   10   27   24   15   18   15   19   30   38   33   27   23   39   39   37
 [16]   32   24   26   44   39   45   50   62   63   72   82   73   67   74   67
 [31]   72   89   93  115  129  149  146  130  129  134  145  155  173  165  152
 [46]  173  166  174  192  251  251  252  249  264  269  313  321  298  333  367
 [61]  371  343  347  403  421  479  522  473  496  479  536  539  565  583  638
 [76]  608  624  643  693  682  688  697  763  863  883  924  942  992  976 1038
 [91] 1085 1105 1150 1245 1353 1330 1404 1461 1534 1553 1570 1646 1681 1815 1872
[106] 1973 2041 2024 2162 2308 2353 2600 2566 2695 2882 2939 3014 3189 3315 3447
[121] 3558

[[98]]
  [1]   10   29   28   23   17   14   22   16   13   25   21   18   14   18   15
 [16]   21   17   26   34   33   34   32   39   49   44   46   62   71   67   62
 [31]   76   87   88   89  106  109  103   92  111   95  114  104   94  109  113
 [46]  109  115  115  140  147  163  152  147  169  172  170  170  160  184  191
 [61]  180  206  231  234  234  261  276  291  297  304  287  288  309  302  332
 [76]  387  412  415  417  366  380  416  493  514  507  513  545  569  532  556
 [91]  589  611  595  639  673  721  766  798  772  813  834  860  892  937 1007
[106]  979  984  993 1108 1049 1131 1151 1229 1257 1249 1277 1258 1323 1360 1428
[121] 1479

[[99]]
  [1]  10  23  28  17  15  27  33  24  21  14  10  23  16  23  21  16  16  13
 [19]  11  13  17  20  20  12  16  20  24  17  18  21  20  20  16  15  16  13
 [37]  36  41  35  20  18  25  17  20  16  27  34  27  36  45  39  46  46  70
 [55]  45  48  46  50  57  79  59  65  66  94 116 108 108 108 109 106 115 128
 [73] 131 133 125 116 120 120 147 165 143 152 180 175 207 175 178 211 231 224
 [91] 234 246 245 229 237 258 287 295 322 339 325 333 316 330 343 385 384 407
[109] 431 435 432 476 484 442 520 546 522 493 524 568 600

[[100]]
  [1]   10   34   36   36   33   31   22   20   29   22   29   27   43   34   30
 [16]   24   33   38   37   24   38   44   48   57   56   48   45   68   73   74
 [31]   75   70   89  101  107  112  130  131  155  137  133  141  150  160  178
 [46]  207  174  161  185  224  239  215  250  273  228  248  278  271  277  268
 [61]  331  344  381  358  335  351  400  401  445  468  503  490  518  572  612
 [76]  682  649  689  706  715  770  854  953  932  875  876  927  922 1063 1111
 [91] 1190 1164 1195 1224 1186 1240 1245 1338 1444 1439 1501 1601 1643 1766 1896
[106] 1899 1907 2031 2120 2156 2222 2356 2504 2620 2731 2736 2774 2813 2948 3080
[121] 3267

[[101]]
  [1]   10   33   31   38   35   34   46   37   36   40   39   40   52   55   40
 [16]   67   70   74   71   68   58   74   67   81   95   74  108  115  120  108
 [31]  122  117  133  139  154  177  167  168  211  204  199  216  253  278  253
 [46]  268  273  270  294  325  324  345  326  337  378  423  441  434  477  546
 [61]  646  657  683  660  718  737  766  821  865  881  841  894  957 1028 1020
 [76] 1070 1153 1185 1218 1222 1298 1378 1427 1434 1618 1727 1756 1750 1860 2054
 [91] 2221 2301 2401 2298 2448 2495 2559 2775 2828 3078 3174 3255 3341 3589 3651
[106] 3960 4012 4213 4302 4295 4458 4640 4944 5031 5109 5490 5561 5753 5920 6099
[121] 6336

[[102]]
  [1]   10   32   32   17   15   19   16   26   24   31   31   48   42   52   63
 [16]   54   77   81   81   89   81   59   84   71   90   72   80   88   77   88
 [31]   83   96   86   93  101   79   81   98  100  105  113  119  133  135  126
 [46]  152  144  148  162  171  180  195  229  251  231  237  234  233  252  258
 [61]  291  267  259  262  252  276  264  276  295  298  316  299  320  353  333
 [76]  377  431  444  463  499  548  585  590  638  597  683  731  766  791  785
 [91]  791  827  887  849  916  983  978 1024 1059 1250 1240 1264 1189 1332 1369
[106] 1389 1399 1436 1552 1574 1573 1625 1654 1756 1868 1816 1878 1949 1995 1939
[121] 2111

[[103]]
  [1]   10   19   38   25   20   18   16   25   40   36   43   32   48   64   43
 [16]   48   46   55   46   44   63   62   69   53   53   51   90   71   94   97
 [31]   79   77   90   91   80   85  103  103  117   95   80   80   79  102  104
 [46]  124  121  124  149  137  155  154  147  157  175  173  216  241  247  245
 [61]  231  213  227  248  291  277  251  239  288  321  332  365  445  426  402
 [76]  400  408  456  528  453  461  484  532  533  580  577  555  558  591  639
 [91]  656  686  682  661  729  746  783  834  952  954  978 1022 1048 1166 1328
[106] 1339 1338 1406 1546 1581 1676 1777 1825 1819 1824 1869 1911 2126 2218 2283
[121] 2298

[[104]]
  [1]  10  11  30  26  29  28  26  21  25  25  27  23  27  32  24  20  47  40
 [19]  33  25  18  21  16  26  26  23  24  21  19  23  34  25  28  33  37  40
 [37]  44  48  37  40  35  29  39  45  32  34  32  30  36  31  24  20  27  43
 [55]  35  36  32  27  39  34  40  43  43  45  43  31  37  28  37  31  36  38
 [73]  46  72  66  75 105  95  85  85  96 114 105 135 123 147 145 136 130 139
 [91] 146 150 147 175 173 175 185 189 200 236 240 228 231 233 301 319 297 272
[109] 249 282 320 338 313 304 347 350 361 386 392 413 432

[[105]]
  [1]   10   26   32   23   23   22   26   28   24   28   49   58   40   41   42
 [16]   37   48   52   52   51   53   56   65   67   64   66   54   54   51   61
 [31]   53   48   48   62   65   60   65   85   89   78   71   80  110   93  114
 [46]  123  147  157  147  147  150  160  172  180  176  180  244  237  222  222
 [61]  248  249  237  271  261  261  243  273  253  304  293  363  370  368  354
 [76]  354  427  473  499  525  514  566  592  671  684  695  745  825  792  868
 [91]  973 1025 1028 1037 1121 1187 1204 1250 1211 1342 1401 1493 1565 1576 1637
[106] 1716 1713 1829 1938 1966 1961 2058 2152 2186 2241 2322 2356 2481 2533 2613
[121] 2774

[[106]]
  [1]  10  37  23  22  17  15  19  22  18  13   9  13  11  15  17  16  18  14
 [19]  11  11  10  17  19  15  17  21  24  23  19  19  23  23  13  24  21  19
 [37]  33  29  26  20  25  38  63  69  67  65  67  63  60  70  94  75  68  71
 [55]  78  95  99  96  98  96 116  91  99  93 118 109 115 131 136 144 122 131
 [73] 141 147 172 195 203 183 195 181 229 220 232 243 227 245 229 246 275 299
 [91] 322 302 288 330 297 302 337 368 372 358 390 407 436 492 511 490 533 611
[109] 640 640 636 655 700 667 751 759 785 826 809 824 848

[[107]]
  [1]   10   25   29   30   28   18   24   14   12   14   15    6    9   15   15
 [16]   10   10   10   14   20   21   17   26   19   31   21   13   12   11   20
 [31]   31   33   27   21   21   25   23   26   35   34   28   35   32   45   44
 [46]   40   38   38   39   51   49   57   59   52   61   65   69   75   79   76
 [61]   86  115  115  100  108  105  103  120  121  158  170  188  166  171  175
 [76]  192  252  237  212  241  249  269  299  288  341  347  320  337  354  379
 [91]  386  399  406  408  456  472  468  487  556  558  560  567  529  597  621
[106]  678  636  687  743  766  789  788  845  878  894  940  944  972 1043 1154
[121] 1182

[[108]]
  [1]   10   22   17   15   12   15   17   18   17   19   28   32   29   29   22
 [16]   19   32   27   26   32   25   33   63   91   80   63   56   57   92   85
 [31]   67   66   78   89   80  102   88   88  108  102  101  109  106  118  102
 [46]  134  132  137  135  143  152  158  167  164  188  197  198  232  196  195
 [61]  181  209  223  228  215  237  227  227  221  260  288  295  301  339  320
 [76]  319  355  354  344  347  370  427  482  505  489  517  514  565  573  592
 [91]  640  676  701  762  710  722  801  863  894  891  908 1064 1086 1093 1141
[106] 1143 1218 1267 1294 1364 1345 1379 1460 1663 1744 1798 1820 1885 1947 2127
[121] 2305

[[109]]
  [1]   10   39   22   22   17   18   20   22   19   32   32   22   18   30   22
 [16]   26   30   42   34   29   28   33   29   34   40   37   41   35   41   40
 [31]   38   48   57   59   39   41   38   43   30   40   52   59   63   58   56
 [46]   50   77   83   82   68   68   70   91   94  101   86   91  105  103   92
 [61]   97  128  140  116  112  125  125  106  130  126  122  122  115  142  139
 [76]  116  142  162  156  152  152  151  198  209  205  230  259  250  255  281
 [91]  261  320  316  325  303  354  359  390  395  388  406  433  440  482  520
[106]  535  548  554  569  650  675  710  698  726  815  800  852  853  866 1027
[121] 1055

[[110]]
  [1]   10   32   35   30   24   23   31   38   32   23   17   18   22   20   22
 [16]   19   25   28   39   46   49   41   51   71   70   55   51   57   59   75
 [31]   90   99   93   89   88   95  104   91   95  138  147  145  124  165  138
 [46]  150  131  131  147  156  167  166  162  192  183  173  169  179  183  194
 [61]  196  205  225  220  236  221  251  219  238  234  269  241  269  293  310
 [76]  293  301  326  327  351  375  403  400  448  509  480  505  536  543  567
 [91]  562  579  598  657  637  656  670  727  745  773  792  766  807  863  922
[106]  948  972  999 1083 1148 1152 1196 1174 1183 1354 1474 1556 1675 1633 1638
[121] 1684

[[111]]
  [1]   10   31   39   31   25   19   17   18   15   19   26   22   29   22   27
 [16]   21   24   20   41   39   56   40   51   55   74   65   63   67   70   69
 [31]   86   81   83   94   84   80   79   92   89   81   81   85  101  126  123
 [46]  108  103  116  133  134  147  165  172  165  162  173  186  193  207  203
 [61]  232  212  245  266  297  343  364  391  408  391  419  448  435  473  437
 [76]  433  473  490  515  524  578  570  597  604  629  678  669  696  756  750
 [91]  801  795  852  853  899  935  949  942  988 1085 1164 1179 1180 1158 1257
[106] 1308 1354 1436 1492 1599 1631 1688 1766 1891 1973 1949 2135 2225 2285 2418
[121] 2462

[[112]]
  [1]   10   35   27   25   17   12   26   28   21   18   21   27   37   56   34
 [16]   27   48   44   58   38   51   62   55   57   63   88   98   92   92  105
 [31]  119  133  117  119  130  125  127  115  127  127  152  174  171  158  166
 [46]  181  213  202  202  209  211  240  228  246  273  264  272  264  285  302
 [61]  313  339  347  338  339  323  343  350  341  342  354  419  430  418  436
 [76]  453  490  500  565  533  572  594  656  699  724  685  730  789  874  916
 [91]  902  920  997  963 1034 1129 1195 1197 1189 1271 1271 1372 1426 1459 1485
[106] 1425 1514 1582 1631 1584 1642 1718 1778 1823 1863 1845 1936 1976 2048 2248
[121] 2256

[[113]]
  [1]   10   24   20   20   16   15   10   18   13   15   15   13   20   28   29
 [16]   43   33   29   32   24   24   29   34   41   36   35   43   43   55   52
 [31]   50   52   63   64   55   53   56   53   62   72   59   50   52   58   53
 [46]   54   59   59   56   69   65   73   88   83   85   78   87  116  140  139
 [61]  136  137  167  174  178  202  179  196  236  226  208  227  243  236  261
 [76]  307  297  308  326  355  336  335  324  342  428  374  368  366  433  421
 [91]  441  453  415  469  466  474  495  575  570  603  621  679  691  666  764
[106]  758  810  780  872  917  977  996  996 1019 1083 1123 1131 1148 1112 1195
[121] 1276

[[114]]
  [1]  10  29  14  18  16  22  20  16  17  25  29  24  21  34  36  34  34  55
 [19]  42  45  48  54  38  47  52  69  53  53  62  64  41  51  46  53  56  77
 [37]  86  65  68  69  70  72  73  79  82  87  87  87  71  98  86  82  74  69
 [55]  92  87 105 100  97 101 103  90 102 106  78 103 157 164 136 134 145 152
 [73] 148 154 171 203 190 188 183 192 211 195 227 205 236 220 220 239 258 277
 [91] 286 304 332 345 402 425 425 374 403 446 503 529 480 523 576 547 589 623
[109] 584 606 642 672 678 750 762 775 787 817 900 888 913

[[115]]
  [1]   10   38   35   31   22   20   17   31   26   26   23   19   20   40   45
 [16]   30   28   35   56   55   57   58   46   54   54   53   50   52   51   56
 [31]   48   67   81   81   88   80   89   92   95   86   97  109  107  129  126
 [46]  146  167  156  161  176  169  154  170  168  216  191  179  193  197  201
 [61]  193  194  198  230  246  244  248  232  246  245  283  320  379  342  320
 [76]  348  355  427  428  427  445  452  507  526  519  549  632  601  652  687
 [91]  714  699  730  762  741  827  894  892  847  942 1010 1113 1204 1269 1378
[106] 1433 1495 1501 1597 1602 1681 1793 1874 1997 2106 2223 2251 2342 2416 2412
[121] 2550

[[116]]
  [1]  10  32  19  16  14  12  14  13  20  34  26  22  30  39  35  45  43  31
 [19]  41  42  41  31  29  29  27  26  24  28  20  22  20  24  22  16  26  31
 [37]  28  30  29  44  38  39  31  43  43  32  36  51  39  50  33  33  28  27
 [55]  32  37  52  60  56  52  53  74  78  68  64  82  88  70  84 100 101  97
 [73]  97  85  77  93  93  90  98 115 123 121 113 105 116 134 136 118 152 134
 [91] 127 137 150 130 127 124 116 142 138 141 141 144 132 131 150 162 193 154
[109] 134 141 140 139 163 176 223 205 180 182 220 263 287

[[117]]
  [1]   10   44   26   19   18   18   15   41   44   31   24   29   33   29   26
 [16]   27   35   43   39   36   41   53   57   53   58   75   74   82   77   56
 [31]   79   90   79   88   82   85   82   87  111  123  161  147  145  164  196
 [46]  192  202  221  245  279  266  263  322  302  306  365  371  369  371  389
 [61]  410  451  476  463  482  504  543  581  628  637  694  727  821  832  864
 [76]  874  887  892  929  952 1032 1035 1088 1116 1195 1306 1258 1326 1347 1364
 [91] 1528 1633 1778 1845 1813 1825 1971 2024 2170 2348 2404 2399 2447 2581 2616
[106] 2641 2734 2895 2977 2904 3008 3158 3440 3563 3562 3799 3961 4036 4127 4379
[121] 4724

[[118]]
  [1]   10   38   37   27   24   36   24   20   18   29   30   35   28   19   31
 [16]   25   35   30   21   17   24   39   31   25   28   29   36   26   37   46
 [31]   63   48   58   59   69   69   73   75   90   82   84   93  108  130  145
 [46]  139  160  144  146  154  133  146  168  160  155  181  198  229  236  233
 [61]  228  236  228  286  282  284  287  277  283  299  326  335  311  350  344
 [76]  351  359  360  360  351  370  421  424  440  503  467  534  570  621  656
 [91]  672  719  729  779  775  786  802  865  881  880  949  945  992  979 1005
[106] 1059 1126 1170 1239 1232 1315 1310 1433 1475 1560 1634 1736 1730 1689 1713
[121] 1801

[[119]]
  [1]  10  35  27  20  16  11  36  33  33  24  17  15  25  29  32  23  37  43
 [19]  47  40  45  46  37  31  28  33  43  33  29  39  37  39  34  26  28  33
 [37]  29  26  15  24  17  17  14  17  20  15  19  22  22  18  37  36  28  18
 [55]  24  32  27  23  23  28  31  34  40  40  46  53  63  55  56  72  63  77
 [73]  85  99 116 111 134 121  99 116 117 124 135 146 193 194 178 184 180 203
 [91] 211 231 229 230 239 258 301 340 342 353 383 357 390 374 382 375 412 424
[109] 461 441 424 473 511 519 529 553 576 589 551 621 631

[[120]]
  [1]   10   36   36   31   30   33   37   38   47   43   48   57   54   48   48
 [16]   55   64   51   62   56   79   76   63   63   55   70   74   87   62   66
 [31]   73   81   77   93   90   88   90  100   98   93  101   76   93   96   94
 [46]   94   94  100  104  112  116  126  145  164  157  178  164  174  158  186
 [61]  222  224  209  223  221  275  280  322  311  289  254  288  365  382  403
 [76]  396  428  411  462  461  465  452  521  584  576  578  571  581  610  583
 [91]  664  713  707  676  680  717  771  787  780  812  797  828  856  911  950
[106]  986 1020 1098 1068 1042 1093 1178 1212 1152 1229 1293 1267 1373 1327 1431
[121] 1478

[[121]]
  [1]   10   34   32   21   16   30   23   18   16   15   30   29   26   28   28
 [16]   29   26   27   32   35   30   33   38   45   32   23   30   26   41   37
 [31]   47   57   43   49   55   56   53   59   71   82   70   71   76   65   84
 [46]   77   72   76   74   61   78   66   84   75  101   99   93   90   90  102
 [61]  102  104   95   91  122  125  140  134  124  126  154  179  164  166  192
 [76]  177  174  173  177  187  218  228  220  226  237  224  246  300  292  288
 [91]  354  348  391  398  416  415  462  472  510  527  544  613  612  606  598
[106]  687  699  732  756  839  848  886  910 1014  984  965 1024 1052 1093 1193
[121] 1233

[[122]]
  [1]   10   20   28   21   21   19   15   15   22   50   33   40   31   36   35
 [16]   47   43   42   43   32   45   55   75   63   60   60   58   81   81   85
 [31]   96  100   95  110  123  123  132  142  156  138  180  179  205  197  200
 [46]  225  214  225  258  249  229  197  248  281  259  288  269  308  338  341
 [61]  354  334  418  449  449  474  505  511  576  609  603  590  574  634  663
 [76]  674  735  708  717  750  773  781  801  850  844  834  872  959 1067 1071
 [91] 1033 1084 1134 1300 1301 1306 1375 1471 1480 1543 1604 1656 1768 1867 1966
[106] 1914 1993 2127 2299 2316 2433 2586 2623 2754 2859 3033 3199 3323 3433 3535
[121] 3666

[[123]]
  [1]  10  40  27  26  19  24  24  44  31  25  25  26  23  18  17  25  24  27
 [19]  23  32  18  13  15  21  38  27  29  29  36  33  40  34  24  31  16  18
 [37]  31  27  24  24  27  36  52  42  50  42  40  45  44  39  43  41  52  41
 [55]  36  47  44  70  48  38  59  58  45  55  53  65  51  54  54  57  72  75
 [73]  61  62  59  62  75  57  54  56  56  64  78  52  68  69  74  67  70  73
 [91] 101 106  89  81  74  82 100  98  95 132 107 102 113 129 160 150 150 184
[109] 161 187 193 177 172 199 228 217 232 285 298 286 302

[[124]]
  [1]   10   43   30   26   25   23   21   27   24   28   29   37   30   32   42
 [16]   60   55   46   39   40   56   69   63   77   79   64   58   66   81   72
 [31]   83   67   92   85  103  106  107  105  104  115  110   93  112  100  107
 [46]  118  110   83   86   82   84   84   78  106   98   97   97   85  101  112
 [61]  134  135  149  162  189  185  199  177  173  200  236  232  281  248  253
 [76]  235  279  277  326  326  326  367  399  425  431  444  433  453  503  533
 [91]  498  535  517  517  604  576  571  635  630  601  615  667  655  666  713
[106]  715  749  746  779  789  845  919  957 1096 1141 1060 1109 1210 1334 1410
[121] 1400

[[125]]
  [1]   10   25   16   21   15   14   24   23   28   21   24   19   16   10   19
 [16]   11   11   22   25   24   29   32   26   24   23   30   33   35   37   46
 [31]   35   47   48   50   49   58   51   65   55   66   71   82   81   70   83
 [46]   84   83   90   89   88  113  114  111  117  133  152  149  145  167  178
 [61]  191  176  188  193  215  195  177  223  236  252  294  297  270  296  337
 [76]  322  343  325  345  323  378  365  379  378  398  411  403  416  469  449
 [91]  496  543  523  522  535  569  607  600  619  652  712  734  755  752  786
[106]  819  868  897  905  869  921  969 1032 1014 1050 1051 1115 1117 1147 1212
[121] 1250

[[126]]
  [1]  10  43  49  36  30  23  26  29  26  22  17  23  34  31  22  20  24  16
 [19]  20  13  13  12  10  10  10   8   7   5   4   9   6   6  13  11  17  15
 [37]  24  24  22  15  12  15  12  18  16  18  15  30  24  25  24  19  31  34
 [55]  22  21  29  28  34  41  36  45  58  48  37  46  36  45  41  47  42  43
 [73]  61  49  46  39  64  72  66  65  65  71  89 104 101 113 106 128 150 136
 [91] 140 141 145 145 206 183 168 181 200 188 204 212 211 202 196 245 253 254
[109] 266 261 270 306 323 347 317 333 345 315 317 318 329

[[127]]
  [1]   10   45   36   33   24   14   19   16   23   20   17   29   23   23   22
 [16]   29   25   25   19   17   30   34   32   28   26   20   33   42   50   53
 [31]   42   35   52   51   63   48   45   39   67   91   93   90   81   63   55
 [46]   72   74   82   78   90  106  111  125  143  130  125  142  163  169  123
 [61]  136  175  175  201  207  230  216  213  254  270  277  287  270  324  331
 [76]  330  367  440  417  456  492  509  539  561  534  530  585  610  679  734
 [91]  788  793  787  831  875  860  902  960 1019 1049 1106 1195 1267 1328 1405
[106] 1522 1588 1596 1612 1655 1733 1811 1967 2020 2047 2195 2255 2338 2435 2489
[121] 2602

[[128]]
  [1]   10   16    9   13   15   17   21   29   21   22   23   45   44   41   41
 [16]   32   43   45   37   35   41   45   48   74   75   78   73   71   99   94
 [31]  113  104  107  102  118  121  132  156  151  156  165  183  159  177  190
 [46]  189  186  209  218  230  254  264  276  278  309  359  322  355  379  455
 [61]  447  458  473  456  492  518  586  619  615  587  666  681  751  797  862
 [76]  862  821  829  901  878  894  940 1031 1143 1125 1205 1234 1303 1328 1410
 [91] 1441 1482 1541 1625 1698 1766 1820 1879 1983 2064 2135 2208 2238 2361 2515
[106] 2599 2619 2808 3025 3079 3192 3330 3548 3728 3649 3977 4215 4436 4658 4957
[121] 5073

[[129]]
  [1]   10   40   33   34   26   34   25   23   25   42   51   38   40   38   52
 [16]   64   68   85   85   77   65   80   91   94   94  114   97  106  112  116
 [31]  142  149  127  133  148  144  145  147  152  160  164  198  180  174  187
 [46]  196  220  221  258  278  268  281  266  265  292  332  336  378  369  342
 [61]  375  366  411  440  423  452  453  447  507  539  568  578  580  564  576
 [76]  649  672  674  704  702  819  817  838  900  940  980  973 1017 1108 1093
 [91] 1065 1130 1205 1247 1223 1307 1289 1268 1386 1406 1384 1540 1616 1657 1667
[106] 1735 1777 1830 1804 1951 2063 2082 2296 2301 2392 2388 2536 2722 2794 2898
[121] 3039

[[130]]
  [1]   10   18   10    7    6    5   16   12   12   11    9   13   15    9   12
 [16]    9    9    7   10   37   34   27   24   26   34   32   29   24   29   23
 [31]   29   29   58   66   57   55   57   48   52   61   60   63   54   59   79
 [46]   64   77   63   57   68   80   92   99   84  117  118  118  129  141  144
 [61]  137  134  166  207  195  177  176  216  233  220  241  273  297  333  337
 [76]  374  378  379  398  407  470  505  555  547  557  622  636  663  642  717
 [91]  736  723  742  762  818  878  945  958 1026 1077 1093 1131 1170 1220 1204
[106] 1206 1323 1288 1354 1433 1480 1463 1565 1595 1650 1676 1843 1833 1908 1963
[121] 2021

[[131]]
  [1]  10  39  42  38  31  36  28  27  26  19  24  27  25  38  29  32  41  55
 [19]  62  52  42  52  57  53  67  63  67  72  57  57  73  75  90  74  80  68
 [37]  62  61  67  62  63  60  61  68  96  89  76  75  62  79  91  86  76  77
 [55]  65  71  75  72  79  86  79  94  93  78 103  91  90  97  91 109  99  98
 [73] 112 113 113 132 126 133 131 149 168 166 149 169 138 145 172 172 169 173
 [91] 164 170 203 210 234 248 284 258 260 240 252 275 264 306 290 295 315 331
[109] 361 389 418 446 450 441 455 439 483 552 533 527 608

[[132]]
  [1]   10   31   35   38   31   23   21   25   21   35   32   31   34   43   48
 [16]   39   38   52   40   39   43   52   57   49   44   39   49   69   53   67
 [31]   59   61   64   84   70   75  110  110  114  110  116  118  124  134  131
 [46]  166  179  143  154  177  146  163  190  156  190  187  187  175  190  209
 [61]  183  203  215  226  284  265  255  286  322  299  313  326  327  375  411
 [76]  407  398  391  445  461  490  496  522  530  541  579  626  562  628  655
 [91]  681  705  702  720  756  826  835  845  871  930  956  983 1009 1122 1121
[106] 1195 1305 1402 1477 1456 1548 1559 1626 1738 1886 1908 2034 2090 2169 2227
[121] 2330

[[133]]
  [1]   10   38   19   16   20   22   29   37   35   40   37   34   38   33   41
 [16]   30   42   42   46   44   54   42   28   31   34   30   40   32   31   48
 [31]   48   39   42   40   36   50   55   51   66   61   73   59   66   55   62
 [46]   52   65   87   77   84   87   96  114  104   92   81   84  123  135  145
 [61]  133  135  137  151  166  164  175  187  170  230  226  232  238  231  249
 [76]  286  277  275  306  325  390  378  387  428  452  461  455  498  481  512
 [91]  541  589  590  635  689  732  743  710  714  836  856  885  901  926  935
[106]  988  960 1079 1159 1176 1182 1253 1375 1410 1396 1449 1507 1536 1572 1678
[121] 1698

[[134]]
  [1]  10  18  11  11   9   8  14  27  27  20  17  20  13  14  24  20  26  24
 [19]  18  16  20  19  26  33  24  30  25  34  35  24  21  24  36  29  39  44
 [37]  47  40  33  25  29  27  26  28  31  27  32  34  36  31  34  35  50  58
 [55]  39  30  30  53  47  42  51  49  43  55  48  67  86  90 100  98  86 103
 [73] 111 135 160 151 164 167 154 161 164 189 148 213 210 197 179 185 218 242
 [91] 222 216 245 258 283 269 292 326 329 343 345 390 350 400 405 449 446 464
[109] 515 491 498 546 603 586 602 628 659 718 740 750 798

[[135]]
  [1]   10   33   23   15   14   10   13   10   16   11    6   12   15   16   21
 [16]   26   31   31   26   33   39   33   26   30   28   25   38   29   24   17
 [31]   25   23   29   29   34   29   23   45   53   49   47   39   50   53   57
 [46]   46   48   60   75   62   60   63   63   75   90   82   85   75   84  105
 [61]  118  119  121  143  128  130  130  136  184  190  189  183  188  212  201
 [76]  249  274  319  329  324  317  341  340  360  392  382  387  454  446  436
 [91]  490  505  534  548  624  617  594  585  627  644  665  656  687  725  845
[106]  883  939  904 1001 1025  996  986 1083 1190 1287 1298 1317 1364 1401 1433
[121] 1496

[[136]]
  [1]   10   26   28   23   20   16   10   15    7    5   12   19   21   15   19
 [16]   17   21   14   17   24   16   24   37   32   35   31   42   59   51   57
 [31]   66   82   73   79   71   78   73   75   75   96   92  116  106  104  107
 [46]   98  116  138  131  126  120  137  147  144  157  160  161  150  162  197
 [61]  210  208  210  228  221  225  204  212  261  315  315  324  327  302  313
 [76]  345  401  358  390  401  357  384  399  434  460  471  493  536  533  508
 [91]  521  546  567  578  653  640  655  666  687  759  801  811  797  814  865
[106]  913  929  943 1072 1120 1189 1133 1240 1217 1366 1449 1521 1558 1443 1535
[121] 1589

[[137]]
  [1]   10   30   37   24   20   19   20   27   28   24   34   28   28   37   30
 [16]   35   29   49   45   38   30   47   52   50   58   56   59   52   52   56
 [31]   49   44   40   44   59   60   61   54   54   60   57   61   59   68   83
 [46]   82   92   88   98   98   96  106  139  143  130  132  142  142  161  161
 [61]  143  126  130  143  179  193  219  193  216  261  262  269  258  264  259
 [76]  269  298  325  310  378  378  394  364  376  402  432  477  453  505  494
 [91]  523  543  532  570  591  624  665  727  711  760  688  781  803  847  859
[106]  869  946  967 1055 1183 1154 1179 1200 1276 1383 1385 1416 1572 1580 1679
[121] 1697

[[138]]
  [1]  10  39  31  22  20  17  23  24  17  15  20  18  13  13  20  15  11  22
 [19]  21  19  20  35  26  31  36  31  48  44  48  35  30  44  43  48  46  62
 [37]  59  58  50  55  53  48  52  52  60  53  56  81  82  60  82  79  61  79
 [55]  78  84  91  90  97 101 110 109 114 127 132 128 111 124 127 121 133 167
 [73] 153 182 189 219 179 190 195 207 227 242 272 288 278 325 313 316 292 311
 [91] 392 401 389 391 416 414 487 452 491 525 501 461 511 510 541 508 516 499
[109] 570 533 591 621 682 682 694 696 737 748 838 788 851

[[139]]
  [1]   10   44   53   38   36   36   37   25   34   42   49   52   44   45   51
 [16]   52   52   51   47   43   53   72   86   68   71   82   89   98   95   83
 [31]   72   76   98  102   96  108  132  139  146  145  147  175  151  178  182
 [46]  198  204  216  206  243  279  279  269  254  264  275  273  270  261  310
 [61]  308  306  324  336  369  368  373  381  387  439  441  444  500  557  562
 [76]  604  643  605  594  589  631  666  725  717  736  754  797  834  850  867
 [91]  905  948  976  998  990 1051 1046 1128 1183 1222 1322 1436 1421 1493 1552
[106] 1560 1709 1758 1805 1918 1979 2067 2079 2107 2192 2373 2523 2524 2723 2897
[121] 2909

[[140]]
  [1]  10  18  20  14  13  17  19  17  22  25  21  13   8   7   5  13   9   9
 [19]   7   7   6   5  11  12  14  16  21  20  22  19  16  24  25  17  24  28
 [37]  27  30  38  25  20  23  26  23  24  23  29  33  27  29  21  26  36  30
 [55]  26  29  48  51  42  36  32  42  29  45  37  36  33  31  32  45  48  52
 [73]  57  60  57  68  72  78  72  55  68  73  85 122 106 104 108 119 109 101
 [91] 104 125 146 154 157 145 185 201 187 199 199 212 207 230 227 231 230 258
[109] 257 273 270 285 292 288 304 315 365 346 342 357 341

[[141]]
  [1]  10  23  22  15  12  17  13  13  22  24  22  26  28  25  24  16  20  19
 [19]  22  33  27  22  28  29  24  24  27  31  40  37  30  34  37  39  45  49
 [37]  56  47  55  56  75  66  76  69  62  73  67  72  64  54  59  56  76  61
 [55]  72  56  90  75  75  86  81  97  82  80  76  78  97  91  94 111 106  92
 [73]  97 117 144 143 144 151 144 139 138 150 164 172 195 216 237 253 263 254
 [91] 255 269 326 301 338 349 349 358 366 399 377 373 442 474 472 512 491 522
[109] 578 615 611 630 703 681 703 769 772 771 784 823 854

[[142]]
  [1]   10   39   27   23   21   19   22   24   23   18   14   17   23   29   21
 [16]   21   17   31   28   26   34   41   40   35   39   34   50   49   49   43
 [31]   53   52   58   66   67   56   68   67   75   70   65   63   53   58   62
 [46]   56   63   86   98   98   85  107  119  147  137  146  171  176  165  159
 [61]  162  154  184  203  221  223  238  236  249  247  295  329  334  331  361
 [76]  393  419  407  437  465  553  552  575  558  544  628  669  685  691  693
 [91]  712  758  733  860  908  877  916  913 1036 1050 1057 1078 1087 1139 1190
[106] 1211 1242 1357 1422 1522 1603 1585 1664 1753 1809 1896 1983 2021 2155 2256
[121] 2231

[[143]]
  [1]   10   17   19   21   18   15   14   28   28   18   22   19   29   38   36
 [16]   33   28   48   35   48   49   57   48   60   71   67   77   83   89   88
 [31]   88   85  100  115   90  109  107  122  135  147  148  147  162  172  164
 [46]  161  186  217  193  221  232  227  254  270  219  228  231  275  304  302
 [61]  330  303  308  338  379  398  408  389  358  373  418  399  414  408  442
 [76]  430  438  489  524  567  595  621  632  611  651  687  737  777  833  894
 [91]  899  914  937 1013 1051 1209 1249 1275 1303 1364 1472 1439 1463 1501 1537
[106] 1634 1668 1757 1900 1890 1946 2044 2084 2205 2303 2450 2597 2666 2788 2886
[121] 3006

[[144]]
  [1] 10 17 15 15 12  9 10 13 16 18 12 11 15 10 11 17 22 22 18 16 15 14 14 15 16
 [26]  9 12  6  4  4  9  8 12 10  8 12  9  8  8 10 11  8  5  3  1  0  0  0  0  0
 [51]  0  0  0  0  0  0  0  0  0  0  0  0  0  0  0  0  0  0  0  0  0  0  0  0  0
 [76]  0  0  0  0  0  0  0  0  0  0  0  0  0  0  0  0  0  0  0  0  0  0  0  0  0
[101]  0  0  0  0  0  0  0  0  0  0  0  0  0  0  0  0  0  0  0  0  0

[[145]]
  [1]   10   29   30   26   20   21   32   31   36   47   45   38   35   40   38
 [16]   55   45   49   53   57   54   53   78   81   68   77   67   61   86   94
 [31]   83   78   77   85   93   89  101  102   96  107  121  130  137  151  179
 [46]  182  192  195  193  199  207  225  242  231  230  266  257  250  258  292
 [61]  316  306  335  309  336  369  371  383  396  424  419  431  450  534  514
 [76]  539  595  555  521  591  617  615  681  696  754  761  853  921  923  952
 [91]  960 1025 1073 1058 1063 1170 1161 1234 1261 1380 1409 1474 1551 1603 1674
[106] 1737 1820 1845 1886 2059 2100 2182 2188 2335 2458 2512 2657 2694 2720 2880
[121] 3078

[[146]]
  [1]  10  32  16  18  15  14  15  22  23  17  15  17  31  21  21  16  14  19
 [19]  10  15  21  22  20  19  26  24  32  37  38  44  53  47  52  62  55  56
 [37]  58  50  43  52  80  75  79  66  77  72  67  68  66  63  92  95  86  90
 [55]  79 102  92  87  81 120 108 112 109 129 139 154 152 143 147 161 160 153
 [73] 163 175 164 177 155 167 171 186 187 168 182 200 237 241 264 249 252 259
 [91] 290 298 332 350 304 327 357 380 409 393 378 453 450 490 512 522 582 588
[109] 582 622 666 679 748 739 765 826 824 868 883 999 930

[[147]]
  [1]   10   22   25   22   18   22   29   29   24   40   23   25   32   32   32
 [16]   39   47   35   35   46   42   51   56   57   59   61   57   55   59   78
 [31]   71   83   83   71   88  114  102  103   92   93  104   99   90   87   97
 [46]  119  111  109  111   96  114  117  120  152  154  132  143  152  154  149
 [61]  154  168  154  191  161  164  196  184  181  166  190  194  197  198  200
 [76]  235  261  244  261  239  260  279  295  296  297  330  332  360  397  388
 [91]  440  450  454  428  444  449  437  459  471  485  555  542  595  616  606
[106]  601  681  710  797  804  853  837  882  930  939  957 1009 1042 1006 1054
[121] 1112

[[148]]
  [1]   10   24   28   23   18   28   23   26   26   29   43   35   42   36   36
 [16]   38   37   75   72   85   81  105  101  107   93   93  120  151  162  145
 [31]  164  174  210  193  192  189  199  206  237  223  232  219  229  276  307
 [46]  291  290  319  300  313  379  359  415  400  414  434  411  412  475  523
 [61]  528  499  520  582  577  602  644  677  692  727  778  792  781  851  834
 [76]  892  924 1018 1036 1017 1063 1116 1177 1225 1353 1410 1532 1486 1582 1722
 [91] 1833 1927 1957 1975 2155 2258 2324 2339 2407 2556 2586 2691 2763 2796 2866
[106] 2915 3044 3088 3228 3563 3657 3791 3916 4156 4183 4247 4498 4572 4807 4935
[121] 5165

[[149]]
  [1]   10   29   28   34   39   33   36   52   65   58   62   58   67   76  100
 [16]   96   87   73   91  103  113  110   96   87   94   99  100  126   91  106
 [31]  101   83   98  114  128  106  136  132  130  117  133  141  143  147  146
 [46]  160  163  151  171  194  188  199  193  197  217  220  221  236  219  256
 [61]  267  259  257  257  325  364  385  350  374  459  457  459  473  514  556
 [76]  533  498  524  530  566  604  653  666  653  682  704  732  765  774  825
 [91]  820  857  866  880  927  997 1052 1154 1158 1164 1206 1290 1272 1375 1380
[106] 1415 1533 1599 1593 1683 1822 1866 1939 2026 2173 2278 2351 2381 2475 2553
[121] 2693

[[150]]
  [1]   10   33   19   22   23   24   24   32   35   40   34   46   60   58   44
 [16]   42   59   68   54   47   41   49   56   44   61   67   57   72   77   79
 [31]   80   83   87   88  109  126  132  139  152  155  154  183  155  148  147
 [46]  203  165  184  212  198  186  218  243  260  257  250  232  259  266  267
 [61]  332  348  369  377  347  330  362  347  396  417  459  447  493  479  504
 [76]  514  495  605  634  634  674  673  764  798  803  795  854  837  912  970
 [91]  983 1046 1109 1194 1231 1283 1347 1467 1488 1493 1560 1725 1727 1802 1862
[106] 1908 1980 2151 2281 2408 2515 2581 2680 2853 2930 2989 3087 3247 3316 3548
[121] 3542

> save(reslist, file=paste("output",iter,".rda",sep=""))
> 
> 
> ###############################################################
> 
> 
> # Clear the workspace and turn off graphics.
> #  Load all the functions you need by sourcing the provided demographic.R file
> #  Read in the job number from the cluster. To do this, your code should include a new
> # variable iter and should start with the line:
> # iter <- as.numeric(Sys.getenv(PBS_ARRAY_INDEX))
> #  Control the random number seeds so that each parallel simulation takes place with a
> # different seed. Your function should therefore set the random number seed as iter so that
> # each parallel simulation has a unique random seed.
> #  In each parallel run, select the initial condition to be used. Ensure that 25 of the parallel
> # simulations are allocated to each of the initial conditions.
> #  Create a variable which is the filename to store your results. The end of the filename
> # should be the number iter to ensure that simulation files do not overwrite one another on
> # the cluster.
> #  Initialise a list which will contain the results of your 150 simulations.
> #  Call the stochastic_simulation function to do the appropriate simulation 150 times,
> # appending the output to the results list, and then save the results list.
> 
> #four initial conditions (25 cluster runs per)
> #each cluster run runs simulation 150 times
> #1) large population of 100 adults
> #2) small population of 10 adults
> #3) 100 individuals spread
> #4) small population of 10 individuals
> 
R has finished running

============================================

        Job resource usage summary 

                 Memory (GB)    NCPUs
 Requested  :         1             1
 Used       :         0 (peak)   0.71 (ave)

============================================
