R is about to run

R version 4.4.1 (2024-06-14) -- "Race for Your Life"
Copyright (C) 2024 The R Foundation for Statistical Computing
Platform: x86_64-conda-linux-gnu

R is free software and comes with ABSOLUTELY NO WARRANTY.
You are welcome to redistribute it under certain conditions.
Type 'license()' or 'licence()' for distribution details.

R is a collaborative project with many contributors.
Type 'contributors()' for more information and
'citation()' on how to cite R or R packages in publications.

Type 'demo()' for some demos, 'help()' for on-line help, or
'help.start()' for an HTML browser interface to help.
Type 'q()' to quit R.

> 
> 
> growth_matrix <- matrix(c(0.1, 0.0, 0.0, 0.0,
+ 0.5, 0.4, 0.0, 0.0,
+ 0.0, 0.4, 0.7, 0.0,
+ 0.0, 0.0, 0.25, 0.4),
+ nrow=4, ncol=4, byrow=T)
> 
> reproduction_matrix <- matrix(c(0.0, 0.0, 0.0, 2.6,
+ 0.0, 0.0, 0.0, 0.0,
+ 0.0, 0.0, 0.0, 0.0,
+ 0.0, 0.0, 0.0, 0.0),
+ nrow=4, ncol=4, byrow=T)
> 
> clutch_distribution <- c(0.06,0.08,0.13,0.15,0.16,0.18,0.15,0.06,0.03)
> 
> #=========================================================================================
> rm(list=ls())
> graphics.off()
> source("Demographic.R")
> source("kl2621_HPC_2024_main.R")
[1] 0 0 0 0 3
[1] 3 3 2 2 2
[1] 2 2
 [1] 7 4 3 3 2 2 2 2 2 2 2 2 1 1 1 1 1 1 1 1 1
> 
> 
> ###4 initial conditions
> 
> ############################################################
> 
> 
> 
> #VVVVVVVVVVVV-------------COMMENT ME OUT WHEN RUNNING THE THING
> #iter <- 5
> #VVVVVVVVVVV--------------UNCOMMENT ME OUT
> iter <- as.numeric(Sys.getenv("PBS_ARRAY_INDEX"))
> set.seed(iter)
> 
> 
> if (iter <= 25) {
+ initial_state <- state_initialise_adult(4,100) #100 adults
+ } else if (iter >25 && iter <= 50) {
+ initial_state <- state_initialise_adult(4,10) #10 adults
+ } else if (iter >50 && iter <= 75) {
+ initial_state <- state_initialise_spread(4,100) #100 spread
+ } else {
+ initial_state <- state_initialise_spread(4,10) #10 spread
+ }
> 
> reslist <- list()
> 
> ####100 cluster runs
> ###################################################
> ####150 runs of stochastic_simulation per cluster run
> for (i in 1:150) {
+     #################################
+     ###120 steps of stochastic_simulation per simulation
+     stochasticresult <- stochastic_simulation(initial_state,growth_matrix,reproduction_matrix,clutch_distribution,120)
+     reslist[[i]] <- stochasticresult
+     #################################
+ }
> ###################################################
> 
> print(reslist)
[[1]]
  [1]   10   26   13   10    9   15   20   18   16   22   22   30   37   43   34
 [16]   44   39   47   63   57   52   55   52   56   56   56   69   87   85   81
 [31]   71  100   86   91   85   82   86   82  106  113  118  114   91  107  131
 [46]  143  147  121  134  128  171  202  170  153  198  228  213  198  193  193
 [61]  196  235  234  237  262  310  338  323  344  351  356  364  347  360  365
 [76]  401  383  399  412  471  450  445  428  479  508  553  557  565  545  557
 [91]  618  598  674  683  708  730  801  853  875  850  852  914  919 1039 1051
[106] 1033 1047 1074 1199 1244 1222 1243 1319 1380 1369 1374 1492 1542 1608 1709
[121] 1817

[[2]]
  [1] 10 39 42 24 20 19 19 23 33 23 25 20 16 13 13 14 15 16 22 11  7 10  5  5  6
 [26]  5  9 10  3  2  1  0  0  0  0  0  0  0  0  0  0  0  0  0  0  0  0  0  0  0
 [51]  0  0  0  0  0  0  0  0  0  0  0  0  0  0  0  0  0  0  0  0  0  0  0  0  0
 [76]  0  0  0  0  0  0  0  0  0  0  0  0  0  0  0  0  0  0  0  0  0  0  0  0  0
[101]  0  0  0  0  0  0  0  0  0  0  0  0  0  0  0  0  0  0  0  0  0

[[3]]
  [1]   10   25   36   27   22   34   29   29   35   37   45   28   34   30   44
 [16]   46   39   54   57   59   45   34   25   34   45   63   70   71   56   56
 [31]   84   93   90   92   80   83  112  113  107  108  120  108  121  156  149
 [46]  164  175  192  193  185  189  239  215  186  193  223  275  277  240  291
 [61]  281  289  271  260  286  367  338  376  373  376  362  375  426  455  443
 [76]  453  411  421  493  522  538  501  549  548  545  647  706  743  808  816
 [91]  842  902  946  894  918  976  919  986 1035 1051 1041 1128 1180 1231 1238
[106] 1402 1536 1505 1531 1554 1643 1790 1782 1956 2107 2123 2085 2193 2367 2431
[121] 2476

[[4]]
  [1]   10   44   42   37   26   39   30   28   30   33   38   34   41   37   38
 [16]   49   48   36   41   49   44   45   36   54   47   47   48   46   39   50
 [31]   49   41   43   43   47   47   44   52   42   56   53   62   53   39   73
 [46]   71   74   75   83   74   95   96  110  100  101  111  131  116  117  150
 [61]  185  190  148  160  183  175  194  164  197  224  248  258  271  283  287
 [76]  284  276  305  324  336  373  343  401  450  453  447  493  489  516  520
 [91]  493  570  634  619  671  672  685  753  849  845  901  926  934 1073 1047
[106] 1091 1131 1052 1192 1215 1216 1264 1313 1303 1407 1477 1460 1558 1736 1697
[121] 1717

[[5]]
  [1]   10   28   25   31   34   26   23   23   30   22   15   14   21   33   26
 [16]   29   33   34   28   35   38   49   47   44   42   47   55   48   58   50
 [31]   58   65   59   63   77   92  101  102   97  106   96   87  104  108  108
 [46]  103  121  133  122  125  128  150  159  173  175  206  204  227  205  227
 [61]  247  293  313  319  313  347  334  369  378  362  409  441  456  482  486
 [76]  521  544  595  576  603  614  688  710  758  793  794  775  851  832  913
 [91]  971 1036 1109 1079 1129 1178 1224 1201 1272 1312 1371 1378 1435 1451 1571
[106] 1613 1699 1725 1735 1823 1853 1977 1990 2193 2271 2323 2441 2479 2581 2794
[121] 2843

[[6]]
  [1]  10  28  21  11   9   8  12   8   8   5   3   2   2   2   6   4   4   3
 [19]   3   2   2   2   6   7   4   4   4   8  10   6   5  10  16  16  17  19
 [37]  22  18  20  17  16  29  17  13  12  11  13  12  12   9   5   4   4   4
 [55]  13  12  11  10  14  17  21  21  24  19  21  28  18  15  11  12   7  16
 [73]  12  12   9   8  13  29  28  22  21  21  31  41  59  36  29  31  55  47
 [91]  34  36  59  73  67  52  50  72  70  69  61  64  66  65  85  97  88  90
[109] 104 112 123 153 152 168 174 159 165 162 152 172 166

[[7]]
  [1]  10  22  16   9   8  13   8  11   9  12  15  14   9  10  17  11   7   5
 [19]   5   8   8   9   9  11  14  29  26  20  25  17  19  22  32  24  22  18
 [37]  18  19  16   9   7  19  11   8   5   5  10   7  10   8   8  15  11  20
 [55]  28  24  17  19  32  27  37  25  22  20  24  36  25  21  28  43  51  40
 [73]  39  48  45  56  57  45  58  66  60  65  78  71  66  57  58  89  81  78
 [91]  87  71  92  99  98  97 108 102 111 132 137 131 146 145 188 169 152 146
[109] 147 157 161 154 142 158 208 206 223 188 211 234 214

[[8]]
  [1]   10   28   33   24   20   14   19   22   17   13   13   15   14   18   11
 [16]    9    7    5    8    4    6   11   12   10   14   12   12   19   21   17
 [31]   25   21   19   18   18   33   31   38   38   32   26   27   23   16   25
 [46]   53   42   47   45   52   50   58   65   83   81  102   81   99  109  116
 [61]  124  146  166  154  149  163  146  193  201  211  219  212  215  228  251
 [76]  254  252  283  268  317  323  354  342  357  358  372  392  390  387  368
 [91]  408  406  415  442  439  442  442  466  544  517  592  587  647  633  633
[106]  729  790  840  854  890  934  993  963  911  895 1027 1104 1208 1214 1222
[121] 1314

[[9]]
  [1] 10 26 23 15 11 11  9 14  8 13  7  5  4  4  4 10  6  5  5  5 10 12 10 13  7
 [26]  5  5  4  4  7  9  3  2  2  1  1  1  0  0  0  0  0  0  0  0  0  0  0  0  0
 [51]  0  0  0  0  0  0  0  0  0  0  0  0  0  0  0  0  0  0  0  0  0  0  0  0  0
 [76]  0  0  0  0  0  0  0  0  0  0  0  0  0  0  0  0  0  0  0  0  0  0  0  0  0
[101]  0  0  0  0  0  0  0  0  0  0  0  0  0  0  0  0  0  0  0  0  0

[[10]]
  [1]   10   42   36   32   27   33   29   32   42   48   56   53   49   43   31
 [16]   28   28   47   45   38   44   40   52   51   69   56   83   78   77   66
 [31]   81   81   76   72   74   87   85   90   79   73   72   78   85  103  101
 [46]  118  109  116  122  126  137  150  135  119  121  131  146  133  123  148
 [61]  155  156  141  175  187  223  211  210  237  249  247  274  290  285  344
 [76]  346  327  316  317  416  393  448  481  465  481  497  577  548  517  563
 [91]  611  663  681  737  715  714  789  817  873  902  908  897  953  915  985
[106] 1093 1063 1089 1131 1199 1151 1253 1297 1270 1413 1418 1474 1573 1649 1698
[121] 1756

[[11]]
  [1]  10  33  34  27  29  33  37  29  26  28  22  15  17  12  13  18   8  24
 [19]  20  17  15  20  32  38  45  30  26  22  31  46  50  38  35  32  29  29
 [37]  28  31  30  30  26  54  45  48  40  38  42  38  47  54  66  65  60  55
 [55]  80  97  81  80 108 110 101  94  99  80  60  84  81 111  91  88  88  94
 [73] 111 125 119 106 121 162 154 152 158 188 206 222 213 202 233 229 275 216
 [91] 243 295 264 268 283 307 329 298 352 379 375 372 377 384 416 410 429 455
[109] 456 477 543 565 540 540 586 603 709 698 688 739 796

[[12]]
  [1]   10   32   26   26   20   21   14   21   15   25   38   30   26   40   27
 [16]   24   23   29   54   38   36   27   33   52   53   45   44   45   48   48
 [31]   55   58   52   59   73   90   63   63   74   76   86  104   97  111  102
 [46]  114  141  173  164  152  157  155  168  177  218  192  187  227  255  244
 [61]  260  251  291  283  277  291  294  315  294  300  340  343  386  454  463
 [76]  433  426  512  535  529  541  605  626  645  685  733  737  817  883  950
 [91]  993 1046 1077 1069 1088 1096 1059 1144 1169 1211 1229 1342 1519 1521 1568
[106] 1685 1694 1875 1832 1884 2000 2011 2095 2171 2265 2394 2662 2810 2815 2954
[121] 3040

[[13]]
  [1]   10   28   20   16   12   12   13   30   25   23   19   24   21   16   11
 [16]   10    9    6    8    7    7   10   24   18   12   10   10   18   21   21
 [31]   18   15   15   23   34   26   27   32   40   38   43   48   49   37   40
 [46]   44   57   69   86   66   74   61   80   81   75   79   88   89  101  109
 [61]  116  119  132  141  127  160  156  156  183  222  213  204  231  265  282
 [76]  279  286  290  276  273  296  290  271  325  339  320  302  291  348  394
 [91]  383  414  429  456  493  541  543  566  534  573  594  634  684  755  749
[106]  821  816  830  858  874  878  938 1007 1049 1111 1286 1246 1299 1313 1361
[121] 1478

[[14]]
  [1]   10   22   26   25   25   28   29   27   32   39   51   48   55   44   41
 [16]   49   37   45   58   52   56   54   48   47   53   49   55   67   70   68
 [31]   83   76   73   80   94   78   96  115  121  123  123  109  101  130  151
 [46]  152  139  127  175  157  172  178  164  157  178  193  216  180  179  195
 [61]  235  224  237  257  248  260  272  275  314  349  351  349  331  321  363
 [76]  363  401  431  404  421  482  475  472  517  568  605  620  617  621  703
 [91]  745  779  828  839  877  949 1001 1007  984 1079 1143 1208 1232 1346 1369
[106] 1370 1402 1484 1594 1642 1737 1805 1854 1821 1868 1952 2075 2233 2326 2330
[121] 2437

[[15]]
  [1]   10   24   17   22   16   22   26   44   38   31   30   33   47   34   34
 [16]   28   36   44   49   41   35   34   43   56   75   61   53   58   70   81
 [31]   75   68   71   68   72   65   80   87   85   95   86   91  108   99   93
 [46]  101  150  137  123  160  159  175  162  162  178  167  161  163  181  191
 [61]  222  246  227  229  267  256  253  244  268  292  290  286  307  370  366
 [76]  389  408  410  410  438  471  453  447  481  538  575  585  593  590  631
 [91]  699  764  759  791  823  845  869  850  937 1024 1080 1117 1131 1183 1146
[106] 1228 1326 1298 1341 1335 1453 1455 1535 1597 1694 1818 2003 2053 2215 2152
[121] 2309

[[16]]
  [1]  10  23  23  18  23  19  18  23  31  35  26  37  31  52  36  47  34  37
 [19]  47  56  46  47  51  49  56  56  60  48  55  53  53  70  71  73  84  87
 [37]  83  82 100 113  91  86 106 110 113  94  80  68  76  79  88  96  90  95
 [55] 123 115 121 130  98 105 133 160 149 142 143 137 145 142 152 154 157 156
 [73] 165 180 227 222 208 202 213 224 241 237 272 265 283 254 235 253 284 317
 [91] 296 296 294 301 295 288 299 371 385 362 383 338 372 374 443 471 456 435
[109] 470 520 558 576 587 584 581 628 696 678 748 726 813

[[17]]
  [1]   10   37   39   24   17   14   21   28   26   25   26   39   40   37   42
 [16]   43   44   54   60   53   55   55   66   79   76   82   74   62   62   74
 [31]   86   75   92   86   77   92  111   86   89  100   98  104  105  106  105
 [46]  114  121  117  123  108  123  117  136  136  148  158  139  162  155  174
 [61]  149  154  188  183  218  221  215  234  223  250  253  270  295  325  309
 [76]  328  313  348  371  400  420  425  467  461  491  513  537  609  612  660
 [91]  649  674  696  691  710  709  828  804  849  858  869  911  939  959  955
[106] 1023 1067 1174 1116 1228 1294 1398 1372 1565 1596 1589 1590 1742 1885 1928
[121] 2036

[[18]]
  [1]   10   38   32   26   23   20   21   35   31   34   22   21   19   22   21
 [16]   29   26   22   21   17   29   30   43   43   33   37   53   59   57   63
 [31]   61   58   50   58   59   62   70   63   70   65  104   80   67   65   81
 [46]  110   84   92   84   89  105   94   93   94   86   79   91  112  117  128
 [61]  125  126  146  178  170  164  152  171  213  195  234  215  203  216  274
 [76]  312  316  301  310  339  355  381  382  381  423  444  452  484  465  444
 [91]  496  501  599  603  611  614  664  746  791  803  825  876  849  887  932
[106]  959  976 1066 1141 1177 1282 1391 1477 1525 1508 1607 1730 1775 1911 2004
[121] 2102

[[19]]
  [1]   10   41   43   32   26   25   29   20   27   15   21   22   27   27   24
 [16]   22   37   36   35   36   31   31   35   27   37   43   33   36   38   41
 [31]   37   43   54   45   48   38   39   37   70   69   67   58   51   79   87
 [46]   95   80   93  128  114  132  119  131  135  144  151  158  169  164  178
 [61]  170  182  198  197  203  216  197  176  197  212  219  268  245  275  279
 [76]  311  327  362  356  419  388  414  428  453  428  420  442  493  496  520
 [91]  512  497  529  577  632  654  677  650  701  692  716  742  767  801  890
[106]  873  883  925  931  938  998 1007 1048 1112 1142 1190 1166 1256 1268 1321
[121] 1329

[[20]]
  [1] 10 17 20 11  9  8 11  7  4  6  5  3  6  5  4  6  3  2  1  0  0  0  0  0  0
 [26]  0  0  0  0  0  0  0  0  0  0  0  0  0  0  0  0  0  0  0  0  0  0  0  0  0
 [51]  0  0  0  0  0  0  0  0  0  0  0  0  0  0  0  0  0  0  0  0  0  0  0  0  0
 [76]  0  0  0  0  0  0  0  0  0  0  0  0  0  0  0  0  0  0  0  0  0  0  0  0  0
[101]  0  0  0  0  0  0  0  0  0  0  0  0  0  0  0  0  0  0  0  0  0

[[21]]
  [1]   10   34   26   24   17   20   23   27   31   37   32   22   20   21   24
 [16]   23   23   26   31   28   28   27   34   52   52   50   49   54   49   52
 [31]   53   56   54   66   54   62   76   81   70   78   85   73  106  123   91
 [46]   98  108   94  105  118  115  130  107  117  117  121  142  117  104  148
 [61]  164  181  181  174  173  175  180  194  196  186  178  159  164  167  189
 [76]  196  194  201  204  212  239  267  279  277  327  365  393  399  401  439
 [91]  466  477  536  561  513  517  549  566  595  645  623  666  685  711  743
[106]  709  742  816  931 1006 1022 1044 1064 1109 1168 1229 1277 1342 1384 1523
[121] 1544

[[22]]
  [1]   10   39   36   33   22   17   28   24   26   23   28   20   17   16   17
 [16]   23   22   16   15   22   14   23   24   24   22   39   35   37   54   65
 [31]   70   65   71   71   83   82  116   88   95  110  133  128  123  130  136
 [46]  138  133  142  124  143  166  142  158  164  150  157  177  209  177  161
 [61]  172  204  212  232  255  251  242  272  291  346  389  385  389  364  414
 [76]  415  453  499  483  519  515  495  596  610  612  675  661  703  674  749
 [91]  739  756  741  786  797  828  958 1019 1031 1032 1147 1161 1157 1196 1228
[106] 1324 1389 1423 1450 1488 1577 1616 1676 1681 1804 1897 1894 1951 2024 2152
[121] 2223

[[23]]
  [1]   10   31   44   33   25   22   24   18   22   20   16   15   14   23   33
 [16]   35   30   20   30   47   52   58   77   81   90   86   85   86  107   87
 [31]   93   87  105   88   82   74   85  116  128   96   91   88  117  111  111
 [46]   98  105  109   96  109  117  126  132  144  138  143  144  158  163  201
 [61]  192  192  224  223  211  249  241  231  220  254  262  272  269  269  279
 [76]  327  327  343  347  361  384  427  423  497  488  499  572  567  524  527
 [91]  558  597  620  627  678  703  680  732  819  778  871  916  932  998  985
[106] 1012 1110 1130 1195 1303 1279 1290 1357 1464 1535 1531 1530 1506 1535 1559
[121] 1718

[[24]]
  [1]  10  26  26  25  17  16  26  25  27  28  25  34  32  23  35  21  34  33
 [19]  37  37  31  31  34  41  51  54  51  48  52  57  52  63  64  63  68  72
 [37]  72  66  53  57  57  68  71  75  69  63  68  77  74  75  68  84 104  90
 [55]  86  82  87  82  83  97  90 116  94  81  96  82  96  97 104  90  88  75
 [73]  97 111 112 105 100  84 105 106  90 112 154 149 135 139 150 165 182 154
 [91] 159 194 190 198 175 166 212 226 227 212 207 224 201 214 254 264 263 254
[109] 274 298 285 282 313 380 399 383 357 363 362 348 379

[[25]]
  [1]   10   28   22   20   19   34   34   23   18   19   32   31   33   37   28
 [16]   29   34   46   37   34   40   32   34   44   50   49   49   36   40   40
 [31]   46   49   51   45   53   53   53   80   95   73   59   64   85   90  115
 [46]  132  127  111  113  108  118  106  112  106  120  116  110   94   96  120
 [61]  147  149  146  156  168  200  206  218  244  239  254  260  275  291  335
 [76]  331  299  280  275  308  306  343  359  386  382  407  434  445  487  490
 [91]  507  545  568  621  693  699  722  770  851  845  866  946  973 1033 1086
[106] 1187 1303 1314 1243 1309 1440 1478 1524 1655 1661 1697 1872 1926 1934 1966
[121] 2036

[[26]]
  [1]   10   48   43   32   27   25   33   34   39   40   41   35   42   50   47
 [16]   70   75   79   69   98   97  105  108  110  100   89  114  133  132  105
 [31]   94  106  131  132  122  147  126  148  137  149  150  142  169  175  190
 [46]  205  191  183  210  236  229  211  237  233  193  196  224  232  286  275
 [61]  265  316  299  340  344  371  350  389  439  462  451  474  504  447  460
 [76]  505  539  605  642  631  601  650  660  693  767  779  804  838  862  903
 [91]  865  960 1010 1048 1100 1123 1197 1328 1402 1517 1579 1662 1690 1747 1825
[106] 1967 2046 2259 2373 2418 2538 2640 2707 2701 2900 2925 3016 3182 3303 3426
[121] 3637

[[27]]
  [1]   10   35   51   45   46   50   51   53   47   39   46   47   53   43   59
 [16]   51   40   39   46   47   54   44   46   68   65   76   67   73   89   96
 [31]   92   96  115  120  118  122  153  157  153  171  163  153  171  203  228
 [46]  228  237  246  248  221  244  263  249  260  289  317  346  358  376  376
 [61]  379  368  375  398  375  398  400  405  432  423  424  471  545  557  621
 [76]  635  650  674  718  753  836  871  865  893  936  993 1073 1132 1161 1196
 [91] 1281 1370 1444 1418 1496 1550 1652 1765 1759 1893 1934 2047 2175 2241 2288
[106] 2340 2461 2505 2606 2785 2965 3175 3325 3503 3521 3708 3928 4107 4130 4321
[121] 4410

[[28]]
  [1] 10 26 25 18 16 19  9 13 10  9  8  7 12 10  9  8  6  6  7  9  7  7  6 11 12
 [26]  9  7  7  6  5  8  5  8  9  5  5  4  4  3  8  3  2  2  2  1  6  4  4  3  3
 [51]  3  9  4  4 12  8  6  6  5  4 11 12 14 13 12 11 13 15 15 13 16 16 12 20 12
 [76] 16 17 27 27 38 36 23 22 25 34 28 31 30 32 34 29 24 31 28 36 33 30 30 33 50
[101] 50 49 45 43 40 42 47 42 46 46 45 52 51 58 55 48 58 82 79 91 90

[[29]]
  [1]   10   29   35   35   23   20   26   37   33   28   38   44   49   43   37
 [16]   31   36   34   19   23   31   27   22   22   27   33   44   41   39   49
 [31]   49   64   52   57   66   68   82   65   66   60   76   86   79   69   75
 [46]   86  102  114   99   85  110  136  144  130  126  160  190  191  178  177
 [61]  148  153  174  173  173  190  219  232  246  228  246  242  246  267  269
 [76]  301  312  333  323  392  361  396  388  402  422  420  413  457  497  476
 [91]  531  553  592  580  604  607  629  633  719  698  764  804  821  854  899
[106] 1015 1094 1073 1144 1130 1119 1288 1328 1390 1328 1368 1431 1469 1479 1506
[121] 1532

[[30]]
  [1]   10   36   20   17   19   18   20   20   28   29   26   29   30   27   25
 [16]   40   47   59   56   56   60   76   95   89   75   78   82   85   84  110
 [31]  113  133  148  151  149  165  157  166  195  210  229  229  284  317  341
 [46]  320  319  325  336  391  370  399  416  474  442  475  444  437  497  559
 [61]  551  522  532  490  544  613  611  582  663  747  711  721  745  751  798
 [76]  762  802  789  839  919  937  935  937 1027 1123 1246 1273 1355 1468 1526
 [91] 1551 1501 1680 1703 1789 1864 1872 2014 2073 2174 2314 2338 2362 2537 2757
[106] 2925 3057 3178 3248 3429 3438 3761 3864 4033 4192 4443 4604 4782 5104 5376
[121] 5586

[[31]]
  [1]  10  24  37  21  17  10  14  23  13  10   9   9  21  16  11  14  13  19
 [19]  30  20  26  30  26  20  17  27  39  33  33  28  32  35  37  26  37  38
 [37]  34  29  21  22  32  44  44  56  37  41  52  56  74  74  80  78  92  75
 [55]  74  58  78  62  60  74  69  95  83  81  90  98  93  87  82  92  79 104
 [73] 139 133 140 131 141 169 178 207 193 176 219 235 212 197 211 244 282 254
 [91] 248 272 303 261 279 352 354 333 362 417 464 482 478 492 481 552 557 616
[109] 609 668 762 789 778 713 774 775 849 880 894 949 998

[[32]]
  [1]   10   33   55   39   43   37   49   51   62   58   59   57   66   70   72
 [16]   65   57   67   70   73   93   93   80   73  102  114  124  142  122  144
 [31]  129  177  159  158  194  194  218  232  203  226  241  228  229  243  255
 [46]  262  273  302  295  290  317  353  347  370  363  376  414  455  477  463
 [61]  473  482  538  625  629  619  687  718  728  741  848  883  939  984 1062
 [76] 1018 1048 1138 1141 1216 1226 1284 1224 1390 1542 1605 1638 1767 1785 1740
 [91] 1720 1845 1830 1943 1944 2187 2252 2303 2365 2451 2639 2714 2796 2893 2995
[106] 3191 3250 3396 3488 3637 3742 3887 4083 4300 4394 4690 4940 5138 5118 5384
[121] 5508

[[33]]
  [1]   10   34   26   35   23   18   29   36   36   32   30   36   36   46   34
 [16]   38   45   52   49   44   40   43   56   78   82   76   71   55   93  109
 [31]  111   88   93  114  139  135  151  157  142  133  115  118  146  164  193
 [46]  191  203  227  235  270  291  290  293  323  344  345  396  418  406  444
 [61]  481  516  554  578  543  547  551  560  618  666  751  724  784  780  826
 [76]  833  909  936  989 1016 1090 1074 1116 1263 1313 1255 1327 1437 1548 1583
 [91] 1694 1728 1762 1855 1968 1982 2095 2219 2297 2295 2462 2479 2647 2721 2988
[106] 3064 3082 3251 3216 3443 3625 3618 3909 3900 4189 4331 4514 4744 5009 5250
[121] 5526

[[34]]
  [1]  10  33  28  27  22  27  31  34  34  27  48  61  54  51  45  43  42  32
 [19]  32  28  33  38  43  43  42  45  40  35  30  31  43  41  45  38  42  44
 [37]  46  37  30  49  49  43  61  50  44  50  52  49  59  43  35  44  52  48
 [55]  41  36  39  41  52  41  43  64  79  74  68  66  81  91  84  99 100 107
 [73] 123 132 124 146 133 148 166 190 181 193 221 200 238 251 241 229 223 213
 [91] 226 245 233 262 275 273 256 296 317 353 353 357 377 373 399 440 450 459
[109] 491 546 516 579 618 586 622 652 669 763 793 746 749

[[35]]
  [1]  10  27  17  10   8   6   8  11  13   9   9  17  23  31  30  31  37  31
 [19]  25  32  33  39  46  52  52  60  50  50  51  61  86  90  79  75  71  71
 [37]  72  77  73  83  74  73  84  72  62  72  97 104  86  76  84  97  93  96
 [55]  88 111 121 123 120 112 119 139 142 125 132 143 159 184 207 226 204 164
 [73] 184 203 208 194 200 196 179 195 215 223 255 221 205 217 257 274 283 273
 [91] 274 270 279 279 262 286 286 315 334 372 311 359 356 399 411 407 439 406
[109] 422 413 484 463 492 505 538 507 497 572 660 670 684

[[36]]
  [1]  10  11  18  17  21  17  14  25  30  25  28  27  25  26  26  25  24  26
 [19]  25  20  21  21  14  13  23  24  30  21  22  20  25  18  24  37  41  34
 [37]  27  18  21  19  15  18  23  21  27  19  33  24  25  22  17  14  17  18
 [55]  13  23  21  27  29  31  26  19  31  33  30  25  36  36  37  34  41  30
 [73]  26  39  38  30  25  32  29  37  30  30  34  34  40  46  46  44  48  56
 [91]  54  45  36  47  56  51  57  61  47  59  52  50  54  49  56  42  47  71
[109]  72  80  76  82  75  71 104 102 101  99 115 119 107

[[37]]
  [1]   10   26   20   23   16   14   19   22   30   43   44   39   30   47   42
 [16]   30   51   52   55   50   53   55   51   57   55   36   35   39   32   48
 [31]   51   48   50   47   58   44   72   71   65   72   69   64   79   75   67
 [46]   63   77   76   77   81   91   80  108  105  111  103  126  110  136  140
 [61]  164  175  205  217  221  221  230  258  259  267  281  279  337  346  350
 [76]  400  429  419  461  474  519  500  508  590  565  624  697  730  720  701
 [91]  754  812  809  841  871  908  921  977 1069 1061 1124 1168 1153 1247 1308
[106] 1398 1454 1458 1490 1550 1624 1632 1731 1843 1995 2146 2147 2134 2319 2416
[121] 2430

[[38]]
  [1]   10   26   31   22   17   12   16   17   20   14   22   28   35   35   32
 [16]   26   26   47   54   53   53   59   68   91   80   73   76   74   74   68
 [31]   70   76   80   80  109   93   72   98   98  120  134  132  149  174  137
 [46]  143  147  147  177  171  145  133  169  187  189  206  205  240  244  252
 [61]  224  224  292  303  291  289  318  337  303  326  341  378  380  384  371
 [76]  375  401  447  419  454  502  507  496  520  615  600  685  638  685  700
 [91]  702  759  807  820  794  843  905  940 1003 1030 1124 1140 1186 1232 1256
[106] 1301 1382 1367 1422 1509 1545 1574 1608 1706 1777 1797 1808 1842 1914 2047
[121] 2171

[[39]]
  [1]  10  23  22  22  16  18  22  15  11  16  18  17  20  14  16  21  28  34
 [19]  22  19  14  18  25  27  27  27  31  22  30  31  31  32  25  22  18  22
 [37]  25  29  26  28  18  21  19  29  33  28  27  42  46  56  50  55  48  39
 [55]  48  65  77  66  81  65  72  69  93 114 101  82 117 111 120 119 117 143
 [73] 155 172 134 135 137 154 135 143 141 153 181 206 218 232 239 246 271 296
 [91] 294 301 287 287 300 346 309 357 348 372 402 454 442 450 452 498 518 531
[109] 540 525 556 571 601 654 678 697 706 707 779 795 814

[[40]]
  [1]  10  34  31  17  15  12  18  11   9  14  11  13  11  12  12  11  16  23
 [19]  18  16  24  23  17  13  12  12  17  17  24  23  25  18  25  22  23  17
 [37]  24  25  20  16  20  21  20  18  25  25  21  19  21  24  26  28  26  28
 [55]  32  32  27  28  26  31  31  42  37  37  43  47  40  35  25  31  28  32
 [73]  36  49  49  47  44  39  42  55  63  62  46  45  47  52  52  68  58  50
 [91]  52  62  92  98  87  81  82  84  81  90 126 127 120 140 138 143 159 164
[109] 147 142 161 164 171 182 203 202 229 286 251 260 253

[[41]]
  [1]   10   28   17   18   16   13   19   24   21   31   27   27   21   26   38
 [16]   33   24   29   23   22   24   18   18   19   23   29   21   30   32   30
 [31]   38   39   45   42   35   51   63   47   44   49   52   55   49   56   69
 [46]   51   52   68   65   65   78   81   80   68   63   72   55   78   99  101
 [61]   83   88  106  120  151  167  159  131  138  143  153  161  170  192  179
 [76]  152  171  207  213  246  229  249  271  267  282  275  326  335  315  349
 [91]  361  420  420  420  431  454  466  540  531  546  535  537  588  605  642
[106]  729  753  709  783  847  855  830  829  825  824  842  869  933  932 1001
[121] 1060

[[42]]
  [1]   10   29   25   15   17   19   17   16   19   24   26   34   45   46   40
 [16]   48   43   46   47   41   33   38   31   28   35   46   41   49   53   48
 [31]   49   40   35   38   39   51   50   44   37   69   73   63   66   63   79
 [46]   68   64   78   86   84   83   88   73   82   75   77   80   95  107  107
 [61]  106  111  112  151  163  139  127  129  127  135  157  157  154  171  164
 [76]  193  204  209  223  235  262  257  268  296  302  329  371  381  402  412
 [91]  429  452  450  494  474  481  507  537  558  606  675  646  660  677  716
[106]  776  825  840  889  846  954  995 1041 1096 1101 1214 1266 1273 1368 1422
[121] 1450

[[43]]
  [1]   10   22   15   18   15   18   20   19   30   30   36   24   40   30   31
 [16]   23   43   46   41   38   49   69   56   62   77   62   62   60   54   45
 [31]   60   66   71   81   75   96   93   93   85  100  112  105  111   90  104
 [46]  129  140  137  130  142  126  158  172  179  177  177  164  176  185  216
 [61]  213  229  230  235  202  237  254  264  253  292  293  302  281  260  291
 [76]  289  269  274  282  291  289  341  395  374  359  347  347  340  398  383
 [91]  411  417  449  483  485  515  588  579  625  634  663  637  705  736  749
[106]  807  789  807  862  921  932  952  951 1058 1083 1121 1159 1182 1255 1296
[121] 1377

[[44]]
  [1]  10  26  29  24  13  12  16  25  23  21  12  22  27  26  22  23  29  25
 [19]  27  22  22  31  19  20  19  15  25  23  24  23  27  33  35  29  31  37
 [37]  42  37  31  50  38  29  22  38  42  31  27  28  35  26  37  50  44  40
 [55]  33  52  47  50  49  53  60  68  66  77  76  85  92  88  93  90 103 113
 [73] 106 121 126 114 114 146 203 188 197 153 166 167 185 230 216 227 204 208
 [91] 241 222 229 212 196 227 240 267 270 267 228 233 273 336 350 338 379 391
[109] 416 412 440 467 494 549 554 566 622 652 695 710 713

[[45]]
  [1]   10   25   23   30   22   30   18   16   18   14   26   25   22   18   17
 [16]   25   33   45   32   34   37   33   32   29   47   43   34   34   32   27
 [31]   38   38   49   47   49   60   59   66   69   75   56   58   59   61   60
 [46]   66   56   69   93   92   84   89   81   95  100  127  127  120  133  137
 [61]  136  137  162  176  185  196  194  173  206  206  209  222  235  279  282
 [76]  267  293  314  313  341  371  450  448  462  520  568  547  586  583  659
 [91]  666  707  731  770  796  850  874  885  861  906 1037 1101 1110 1145 1196
[106] 1273 1403 1416 1376 1427 1522 1626 1686 1836 1975 2006 2093 2126 2263 2270
[121] 2427

[[46]]
  [1]   10   45   31   29   25   31   24   31   32   36   48   38   26   32   32
 [16]   38   35   46   33   29   37   64   61   58   67   83   86  104  108  106
 [31]  113  129  121  121  120  122  129  132  141  175  185  185  185  181  166
 [46]  176  204  201  206  181  194  202  218  251  222  243  288  293  310  330
 [61]  329  313  343  367  456  479  473  487  487  554  583  576  585  558  632
 [76]  609  671  710  762  751  824  788  827  891  991 1049 1014  990 1026 1153
 [91] 1197 1287 1314 1409 1359 1406 1421 1489 1621 1749 1717 1837 1885 1930 1991
[106] 2017 2154 2296 2387 2475 2569 2671 2655 2800 2895 3125 3190 3190 3394 3640
[121] 3877

[[47]]
  [1]   10   19   15   10    8    5    4    4    8   11    4    4   10    8   16
 [16]   20   23   25   37   40   39   37   30   30   26   37   39   26   50   61
 [31]   53   58   51   50   57   72   56   61   72   79   68   81   86   98  116
 [46]  115  139  140  148  155  158  153  164  161  193  203  232  220  267  271
 [61]  270  270  292  272  316  308  330  335  348  347  344  346  337  350  407
 [76]  436  418  437  489  453  437  485  486  512  516  581  581  580  589  635
 [91]  709  659  660  703  714  749  794  825  922  941  948  925  990 1027 1037
[106] 1098 1155 1188 1229 1267 1299 1361 1489 1560 1569 1714 1727 1736 1837 1971
[121] 1931

[[48]]
  [1]   10   31   26   17   14   12   15   16   21   21   21   30   34   32   25
 [16]   28   27   33   44   46   30   25   33   34   33   44   41   48   45   59
 [31]   50   45   45   65   53   60   57   69   68   66   70   74   76   68   83
 [46]   70   69   80   69   71   69   63  107  106   95  101   97  115  113  113
 [61]  147  134  134  144  128  130  161  161  171  155  184  193  196  202  224
 [76]  213  214  256  278  264  265  299  321  356  344  356  368  381  382  385
 [91]  383  473  482  486  509  586  613  577  608  668  642  670  704  689  791
[106]  850  830  859  894  885  912  951 1028 1082 1087 1128 1162 1255 1290 1287
[121] 1403

[[49]]
  [1]   10   23   26   26   23   19   20   24   24   32   26   26   21   22   21
 [16]   17   19   29   17   17   21   22   38   41   33   33   33   40   36   38
 [31]   52   55   57   57   46   48   48   64   66   70   63   67   63   75   83
 [46]   91   76   74   91  111  117  134  156  133  159  147  155  149  162  186
 [61]  191  174  181  206  241  251  263  264  247  281  285  297  335  362  373
 [76]  426  444  409  411  447  482  521  496  508  511  544  568  570  593  560
 [91]  552  583  603  609  687  724  658  691  712  774  732  765  751  828  845
[106]  911  967  977 1045 1000 1055 1104 1206 1235 1297 1305 1415 1395 1553 1630
[121] 1737

[[50]]
  [1]   10   31   32   29   23   24   23   23   32   38   40   36   44   32   32
 [16]   43   49   51   52   63   63   64   76   88   79   91   87   78   85   61
 [31]   78   94  114   90   93  113  107   94  101   97   99  112  144  159  189
 [46]  189  188  178  188  201  207  188  213  233  240  244  230  247  242  245
 [61]  273  242  287  311  327  319  323  338  397  404  423  471  502  508  512
 [76]  504  528  613  600  652  631  679  690  721  789  802  866  837  838  930
 [91]  996 1039 1110 1126 1228 1238 1257 1278 1363 1404 1513 1568 1664 1825 1852
[106] 1999 2041 2158 2135 2244 2368 2437 2522 2711 2819 2908 3034 3216 3424 3638
[121] 3731

[[51]]
  [1]   10   29   31   35   31   27   26   38   28   31   42   43   51   51   55
 [16]   59   54   53   77   85  101   88  103  108  114  105  115  103  113  148
 [31]  141  157  145  160  190  215  210  197  215  259  270  268  254  298  294
 [46]  347  358  392  383  403  391  392  486  527  487  529  528  573  632  651
 [61]  633  656  660  713  742  754  787  843  896  954  995 1005 1009 1001 1063
 [76] 1145 1253 1288 1341 1368 1462 1536 1588 1691 1747 1716 1776 1935 1966 2002
 [91] 2035 2200 2322 2473 2500 2571 2697 2880 2937 3142 3197 3405 3677 3745 3793
[106] 3910 4226 4353 4574 4761 5088 5311 5433 5751 5867 6217 6614 6895 7098 7529
[121] 7564

[[52]]
  [1]  10  47  41  32  34  30  44  38  41  53  50  64  55  66  53  61  57  87
 [19]  69  69  67  68  72  64  74  86  79  74  69  68  76  78  85  82  84  95
 [37]  84  86  71  96  76  74  77  78  69  81  75  73  90  86 111 119 117 125
 [55] 125 122 138 130 121 133 148 126 120 132 130 145 116 119 127  99 131 123
 [73] 144 133 143 123 144 143 128 117 114 128 170 178 166 154 161 185 196 179
 [91] 208 200 238 251 260 259 268 292 316 299 350 325 343 367 451 451 470 489
[109] 499 503 519 543 576 635 603 660 624 670 705 783 805

[[53]]
  [1]   10   30   28   19   17   24   16   25   23   18   14   14   27   37   23
 [16]   23   23   25   30   30   26   43   48   41   31   55   47   53   47   41
 [31]   51   54   67   80   88   73   75   92   88  106  133  123  133  143  140
 [46]  133  161  177  179  193  214  204  224  227  248  258  249  257  313  286
 [61]  305  315  327  343  355  386  413  424  424  461  455  494  494  505  498
 [76]  458  486  485  558  534  537  548  555  563  615  677  672  737  705  765
 [91]  774  715  828  803  833  865  853  917  962 1013  958 1036 1165 1204 1209
[106] 1224 1348 1399 1476 1529 1500 1573 1540 1647 1691 1762 1817 1981 2024 2180
[121] 2158

[[54]]
  [1]  10  16  10  14  10  10  16  21  21  24  23  15  18  19  15  20  14  11
 [19]  10   8  12   8  18  15  23  26  19  14  13  15  12  10   8  13  17  12
 [37]   9  14  11  10  21  15  13  15  13  25  29  18  16  19  18  11  13  18
 [55]  12  17  13  11  21  21  16  24  20  24  23  27  24  29  24  25  34  42
 [73]  42  44  39  34  40  73  78  66  68  68  73  92  83  83  77  99 122 111
 [91] 114 118 101 104  89 117 118 149 124 154 140 145 155 139 180 221 220 205
[109] 256 239 227 246 267 297 279 322 332 326 384 401 383

[[55]]
  [1]   10   27   24   22   23   19   15   16   28   31   24   21   22   23   20
 [16]   18   15   22   17   32   45   43   38   43   37   36   64   57   62   65
 [31]   69   71   65   65   74   84   89   78   74   71   94   89  102  143  123
 [46]  113  110  140  150  164  148  126  133  141  147  130  121  147  143  128
 [61]  126  144  168  175  175  193  191  200  257  258  269  279  284  287  301
 [76]  351  384  375  380  386  389  427  500  489  481  533  530  574  527  567
 [91]  603  685  711  749  751  792  852  918  932  942 1020 1086 1119 1081 1156
[106] 1139 1270 1449 1488 1495 1537 1593 1620 1731 1668 1880 2015 2022 2143 2252
[121] 2328

[[56]]
  [1]   10   28   22   14   10    8    8   20   13   15   13   21   18   24   24
 [16]   36   47   43   49   47   39   43   52   52   38   32   49   71   64   59
 [31]   47   44   49   53   47   44   42   48   72   56   67   74   73   82   77
 [46]   83   65   71   95   97  110   87   85  100  123  133  124  119  119  128
 [61]  118  134  139  154  161  185  214  206  197  187  178  195  187  176  218
 [76]  221  221  246  262  276  247  282  313  317  326  338  345  375  413  434
 [91]  443  476  494  502  532  588  650  587  581  585  643  708  702  745  729
[106]  800  822  938  916  985 1093 1131 1197 1193 1276 1305 1442 1487 1458 1519
[121] 1584

[[57]]
  [1]  10  24  17  10   9  10  14   9   5   9  10  14  17  12  11  10  17  28
 [19]  22  19  13  22  23  29  22  17  21  17  33  32  35  34  28  30  23  23
 [37]  30  29  31  22  24  23  24  23  24  30  26  26  34  34  31  27  43  33
 [55]  35  39  38  53  62  61  54  50  58  55  59  58  66  56  72  60  69  60
 [73]  72  81  71  71  65  79  73  77  75  71  64  66  67  78  94 111  95  90
 [91]  91  87  90  75  81  98  85 107  98  86  81  80  86  87 100 124 122 117
[109]  97  97 135 156 144 146 153 156 167 180 195 191 175

[[58]]
  [1]   10   36   31   21   21   16   30   33   29   32   28   37   51   48   41
 [16]   41   37   68   72   79   77   80   76   75   78   75   96  105  104   96
 [31]  117  123  173  152  157  157  178  188  208  237  246  241  295  325  306
 [46]  313  322  335  363  410  408  398  452  447  492  511  546  529  646  660
 [61]  638  695  786  822  863  842  860  888  896  983 1019 1016 1077 1117 1146
 [76] 1191 1268 1334 1349 1412 1499 1523 1571 1581 1678 1797 1930 1987 1972 1976
 [91] 2018 2131 2281 2417 2494 2650 2674 2886 2973 3171 3422 3366 3414 3531 3828
[106] 3962 3978 4180 4255 4310 4589 4781 4870 5204 5409 5467 5661 5918 6288 6696
[121] 6906

[[59]]
  [1]   10   32   28   26   25   24   30   25   32   31   38   29   37   37   47
 [16]   59   65   46   52   71   90   82   80   66   60   62   87  101   95   90
 [31]   89  101  104  101  101   94  112  119  118  101  107  143  147  161  156
 [46]  150  159  179  189  188  167  162  191  208  192  211  197  231  197  231
 [61]  212  233  230  229  266  258  270  268  302  330  309  332  318  338  367
 [76]  372  379  380  459  454  463  466  473  545  602  593  578  577  651  675
 [91]  697  687  799  833  847  844  854  956 1027 1125 1100 1125 1206 1191 1289
[106] 1341 1288 1299 1342 1425 1405 1470 1578 1587 1688 1737 1752 1773 1972 2108
[121] 2154

[[60]]
  [1]  10  10  19  13  17  13  10   8  14   8  13  15  14  14  12  11  10  12
 [19]   9   8  17  20  24  17  17  21  18  25  16  15  28  26  26  19  20  20
 [37]  21  19  13  21  44  39  34  41  30  31  41  33  43  49  53  50  48  54
 [55]  67  55  65  87  70  69  81  80  83  84 117  89  94 105 112 113 119 111
 [73] 119 138 160 147 184 196 163 170 179 199 217 217 235 235 267 270 307 345
 [91] 332 337 343 343 333 332 360 375 398 426 416 403 433 404 433 510 525 518
[109] 480 551 589 581 592 614 717 772 827 831 850 909 915

[[61]]
  [1]  10  34  31  20  15  16  17  17  11  22  21  23  17  20  15  30  42  36
 [19]  38  31  34  38  34  37  45  32  34  37  41  46  39  38  39  48  35  27
 [37]  38  41  41  52  56  58  68  58  68  75  78  76  76  69  59  55  63  63
 [55]  79  73  79  74  87  79  86  98  88  80 103 115 133 125 151 172 172 190
 [73] 185 183 176 173 200 185 217 220 215 223 228 278 251 283 269 265 283 253
 [91] 301 327 360 378 421 433 431 410 480 448 437 434 471 469 516 518 501 541
[109] 597 625 674 682 697 760 782 775 884 856 908 931 924

[[62]]
  [1]  10  29  32  25  24  21  24  18  23  19  16  23  34  45  44  42  48  49
 [19]  35  33  37  44  43  34  57  62  50  61  45  56  48  48  54  53  65  72
 [37]  68  72  56  61  62  58  61  63  55  58  82  72  80  83  71  84  90  78
 [55]  84  83  94  73  84  92  98 137 133 141 130 132 128 120 132 128 125 127
 [73] 126 141 127 112 111 124 147 172 148 149 179 180 180 176 217 209 189 195
 [91] 209 220 214 218 228 249 278 288 285 283 277 331 337 415 374 392 443 470
[109] 452 452 443 544 508 521 587 611 590 608 649 661 703

[[63]]
  [1]   10   27   24   21   13   12   14   21   20   20   21   13   14   15   25
 [16]   28   32   26   20   28   32   29   37   26   32   28   26   35   46   30
 [31]   27   48   46   58   48   54   39   35   28   28   34   31   48   47   60
 [46]   58   55   69   83   60   80   79   85   85   70   85   93   76  122  111
 [61]  113  111  123  139  132  126  136  158  175  175  170  180  197  178  168
 [76]  177  179  203  201  228  202  182  187  215  215  249  241  271  271  326
 [91]  287  309  321  359  412  422  410  440  472  484  540  536  513  557  605
[106]  628  640  690  639  688  744  786  791  866  900  914 1009 1016 1025 1070
[121] 1054

[[64]]
  [1] 10 21 26 15 12 11 12 10  9  7 12 12 20 13 10  7 10  5  9  7 10  6  5  5  8
 [26]  5  5  3  8 10 13 18 13 11  9 18 13 11 17 15 13 21 16 18 27 25 15 19 25 31
 [51] 25 19 21 43 35 31 33 24 23 22 13  9 13 12 13 10  7  4  4  3  3  3  3  3  6
 [76]  6  6  5  5  3  1  1  1  1  1  1  1  1  1  1  1  1  1  1  1  1  1  1  1  1
[101]  1  1  1  1  1  6  4  4  3  3  9  9  7 10 10  7 11  8  6  5 13

[[65]]
  [1]   10   22   30   30   26   27   24   33   30   24   36   34   32   41   39
 [16]   38   42   50   56   50   65   76   65   72   86   78   91   93   75   82
 [31]   80   96   91  108  127  139  136  144  154  152  176  164  156  151  169
 [46]  153  160  196  181  162  167  188  187  193  245  254  302  310  316  314
 [61]  314  292  361  366  327  332  373  348  399  397  395  405  504  509  501
 [76]  529  551  529  599  657  660  688  703  743  745  761  837  915  970  941
 [91]  976 1043 1105 1175 1133 1193 1280 1327 1349 1430 1470 1627 1625 1640 1736
[106] 1777 1753 1813 1902 2101 2245 2353 2459 2487 2847 2845 2871 2898 3102 3233
[121] 3421

[[66]]
  [1] 10 21 15  7  6  6 11 18 12 14 11 10 15 19 17 17 12 19 26 17 21 15 20 14 12
 [26] 21 14 16 15 20 19 14 20 16 19 16 12 15 11  9 11 11 10  9  8 14  9  9  9 12
 [51]  7  5  5  8  6  5  9  8  8  4  3  3  2  7  5  1  1  1  1  1  0  0  0  0  0
 [76]  0  0  0  0  0  0  0  0  0  0  0  0  0  0  0  0  0  0  0  0  0  0  0  0  0
[101]  0  0  0  0  0  0  0  0  0  0  0  0  0  0  0  0  0  0  0  0  0

[[67]]
  [1]   10   34   25   26   23   19   13   12   17   14   12   23   27   20   25
 [16]   17   15   16   10   13   26   17   19   23   22   25   20   20   18   13
 [31]   17   23   33   24   17   17   29   30   29   23   32   32   41   40   69
 [46]   65   62   69   74   78   76   84   92   92   98   81  106   98   83   96
 [61]  108  108   97  126  120  134  127  164  169  168  156  168  172  172  224
 [76]  199  188  208  225  237  265  278  305  272  283  291  279  296  343  394
 [91]  400  397  418  439  459  463  502  515  510  491  528  526  579  620  688
[106]  663  664  633  690  753  732  785  814  829  884  930  953 1033 1039 1127
[121] 1215

[[68]]
  [1]  10  25  20  14  11  10  10  16  10   8   8   8  21  22  16  16  13  16
 [19]  22  18  16  17  15  17  17  14  19  13  17  13  12  12  14  17  12  12
 [37]  14  13  25  29  36  50  58  55  54  49  55  62  73  60  72  65  66  86
 [55]  84  79  79  95 114 114 102 113 125 121 101 126 150 156 186 183 190 159
 [73] 179 190 217 198 205 176 211 238 248 263 248 263 253 237 295 316 333 337
 [91] 361 340 373 363 387 396 410 423 459 479 465 472 487 502 504 557 556 620
[109] 623 643 714 763 721 749 847 869 920 937 900 923 995

[[69]]
  [1]   10   17   25   27   19   18   18   30   30   20   23   31   37   58   38
 [16]   35   36   38   24   22   25   31   55   49   52   56   66   56   54   60
 [31]   63   63   85   98   98  102  108  143  154  145  158  181  188  182  163
 [46]  173  165  208  227  257  245  221  234  255  260  252  258  269  281  314
 [61]  298  349  329  339  382  378  362  404  432  438  446  427  461  444  459
 [76]  500  481  566  543  551  645  648  643  682  699  754  727  811  827  814
 [91]  883  940  975  972 1021 1136 1208 1274 1307 1374 1326 1341 1408 1540 1670
[106] 1624 1664 1829 1963 1988 2112 2198 2283 2390 2400 2487 2637 2629 2758 2873
[121] 2990

[[70]]
  [1]  10  19  25  18  14  17  16  19  15  18  21  26  19  21  18  26  38  37
 [19]  39  29  43  51  44  35  30  30  39  47  38  44  37  33  52  45  59  41
 [37]  40  44  47  56  59  72  65  61  52  47  75 105  99  75  67  62  90  97
 [55]  66  71  76  97  79  82 102 104 109 113 103 108  99  98  77  75  80  99
 [73] 102 103  79  96 122 138 128 128 112 142 158 158 160 160 165 135 167 172
 [91] 162 165 172 181 192 239 227 246 260 279 307 324 303 367 381 389 405 441
[109] 428 430 430 460 473 467 543 521 529 547 559 574 593

[[71]]
  [1]   10   23   26   27   20   34   33   29   34   25   31   45   34   34   43
 [16]   40   31   30   35   45   43   36   43   51   62   64   55   58   70   69
 [31]   64   68   58   68   66   72   95   93   97  111  119  127  128  133  146
 [46]  145  151  149  138  147  162  160  160  170  209  195  197  185  218  245
 [61]  195  219  250  284  318  303  310  335  361  374  433  454  459  449  441
 [76]  449  491  514  524  490  601  594  575  641  602  590  691  702  724  709
 [91]  800  885  910  952 1031 1039 1057 1156 1191 1214 1298 1291 1361 1469 1500
[106] 1542 1678 1751 1860 1961 1995 2012 1988 2152 2299 2366 2499 2569 2595 2748
[121] 2915

[[72]]
  [1]   10   38   35   30   25   22   24   38   30   29   31   40   36   26   30
 [16]   37   31   32   43   37   44   40   43   37   37   43   46   44   44   56
 [31]   43   54   60   65   79   89   74   61   90   78   90  101   85   82  105
 [46]   94   98  104   99   95  101  124  117  141  113  114  116  128  141  135
 [61]  134  143  166  199  190  203  177  212  245  248  258  279  293  293  260
 [76]  238  273  284  299  309  309  316  310  338  328  333  331  394  403  443
 [91]  471  460  440  450  507  538  581  613  606  596  701  725  716  703  743
[106]  800  851  777  819  871  873  929  930  985 1034  967 1018 1098 1098 1173
[121] 1158

[[73]]
  [1]   10   41   36   24   26   22   19   14   31   25   20   17   18   18   15
 [16]   20   19   24   34   24   25   28   35   32   38   39   38   30   35   39
 [31]   51   49   51   45   47   49   41   36   51   60   61   51   48   47   68
 [46]   62   71   60   65   83   73   69   73   62   60   55   74   94  105  106
 [61]  130  115  120  116  134  157  173  180  189  170  186  189  175  198  233
 [76]  276  296  293  281  323  330  390  371  411  368  397  415  458  444  431
 [91]  495  503  532  547  618  584  627  604  674  729  728  740  798  830  829
[106]  834  861  868  943  998 1022 1025 1044 1120 1094 1133 1206 1244 1316 1325
[121] 1436

[[74]]
  [1]  10   8  13   8   6   5   4   4   9   7  11  10  11  12   9   8  13   9
 [19]   7   5   4   4   3   2   2   4   2   2   2   7   3   2   1   1   1   1
 [37]   1   1   8  11  11  10  16   9  21  22  25  32  33  24  35  23  21  19
 [55]  28  35  39  42  49  42  46  54  34  41  52  58  54  56  53  69  91  90
 [73]  87  89  80 108 121 106 109 104 114 106 127 124 118 115 129 154 140 137
 [91] 148 150 134 143 161 176 172 177 175 185 202 190 208 200 205 214 197 245
[109] 250 251 263 263 271 238 291 305 372 351 374 386 409

[[75]]
  [1]   10   26   33   27   21   21   32   40   41   35   33   35   38   37   46
 [16]   48   63   60   47   51   38   41   45   58   56   56   58   66   79   67
 [31]   70   53   57   64   61   93   87   81   98   96  112  113   91  118  125
 [46]  126  126  149  132  155  158  153  156  176  178  183  168  189  231  219
 [61]  222  239  299  320  321  345  352  368  391  397  469  472  447  446  458
 [76]  484  489  541  533  518  511  557  612  679  669  709  725  746  791  807
 [91]  803  793  870  922  982  969 1029 1100 1123 1128 1125 1234 1285 1375 1359
[106] 1406 1437 1546 1608 1690 1753 1931 1980 2091 2124 2181 2205 2310 2379 2361
[121] 2493

[[76]]
  [1]   10   31   31   31   38   38   41   38   45   39   65   71   81   84   84
 [16]   75   74   82   79  113  112  114  119  108  120  121  122  139  144  187
 [31]  201  175  155  177  223  222  235  253  256  243  239  270  277  271  259
 [46]  258  303  316  397  382  425  384  434  475  429  448  530  536  576  573
 [61]  572  601  624  663  643  653  680  738  794  814  858  852  911  988 1057
 [76] 1094 1053 1006 1078 1208 1289 1339 1351 1449 1524 1588 1620 1656 1707 1740
 [91] 1771 1759 1818 1897 2036 2029 2070 2131 2282 2389 2481 2566 2641 2745 2886
[106] 3031 3104 3216 3263 3597 3847 4007 3962 4092 4222 4579 4798 4979 5015 5139
[121] 5360

[[77]]
  [1]   10   37   40   33   26   24   41   53   51   61   50   48   53   41   41
 [16]   51   54   45   43   52   50   58   58   47   54   58   62   93   95  100
 [31]  103   83   71   67   62   76   71   63   76   67   90   85   79   61   84
 [46]  101  125  111  105  124  168  169  209  182  174  194  195  222  213  233
 [61]  237  260  294  289  284  317  360  365  314  309  356  365  377  389  372
 [76]  351  385  374  415  430  467  518  475  497  522  565  538  599  623  670
 [91]  708  659  665  727  719  732  807  831  796  784  882  907  919 1041 1073
[106] 1073 1148 1308 1334 1364 1412 1543 1693 1637 1650 1713 1897 1982 2102 2180
[121] 2267

[[78]]
  [1]   10   21   28   19   15   22   21   18   30   27   24   41   25   37   35
 [16]   42   40   50   44   42   33   47   44   49   45   43   57   51   53   79
 [31]   54   52   58   73   81   71   79   69   83   95   89   94   75   94   83
 [46]   92  116  126  122  146  156  149  148  166  177  191  167  169  151  209
 [61]  224  210  217  218  248  277  280  285  279  302  353  367  392  362  401
 [76]  470  458  455  475  531  533  601  652  618  585  580  635  672  686  675
 [91]  744  781  785  845  858  867  883  980 1044 1076 1150 1208 1302 1295 1279
[106] 1326 1503 1528 1596 1658 1746 1938 1876 1911 2034 2191 2222 2349 2280 2396
[121] 2446

[[79]]
  [1]  10  21  17  20  10  17  13  29  37  39  28  30  20  21  22  30  38  32
 [19]  29  23  35  30  34  32  35  24  24  28  28  26  27  32  33  25  23  20
 [37]  20  27  27  22  31  24  40  36  28  24  28  40  46  52  38  36  35  45
 [55]  45  39  35  35  43  59  62  52  55  46  42  46  47  33  43  58  52  56
 [73]  67  70  59  66  77  99  76  78  76  57  66  75  83  92 107 101 130 136
 [91] 159 171 155 147 159 182 194 187 211 218 226 253 294 277 313 317 306 370
[109] 375 397 414 465 420 461 468 497 453 456 502 508 534

[[80]]
  [1]   10   44   49   38   31   26   41   41   33   37   54   53   44   37   43
 [16]   43   58   59   66   68   79   86   70   80   98   80   83   83   92   82
 [31]   92  124  120  161  131  134  144  149  137  135  136  168  190  185  195
 [46]  214  188  210  250  271  287  247  279  313  329  334  347  371  348  379
 [61]  434  442  461  472  506  472  486  544  568  603  661  684  686  707  705
 [76]  742  820  902  969  907  973 1031 1066 1137 1215 1173 1204 1293 1402 1464
 [91] 1549 1576 1583 1616 1653 1742 1901 1939 2044 2127 2099 2299 2321 2418 2553
[106] 2652 2813 2906 2968 3059 3244 3320 3507 3490 3757 4020 4160 4297 4430 4658
[121] 4728

[[81]]
  [1]   10   37   28   22   19   24   21   18   25   26   27   23   27   28   40
 [16]   26   32   38   25   47   41   29   32   25   21   22   15   28   27   35
 [31]   30   41   37   40   44   38   31   27   39   45   53   51   65   71   72
 [46]   52   73   85   88   81   71   80   91   95   85   86   82  102  115  108
 [61]  115  128  125  151  140  168  151  173  172  184  179  179  171  210  191
 [76]  177  189  213  243  225  221  247  236  221  275  277  270  283  277  318
 [91]  316  299  315  373  420  413  415  407  426  477  530  536  548  563  568
[106]  593  573  674  687  763  776  802  833  898  985  940  921  946  944 1012
[121] 1061

[[82]]
  [1]   10   27   27   21   19   22   26   26   22   21   19   18   23   20   17
 [16]   12   16   26   27   27   20   23   28   39   29   42   47   44   41   57
 [31]   53   48   45   49   52   50   61   63   71   72   63   59   72   79   97
 [46]  101  106   96   83   84  107  130  144  131  124  128  150  158  137  157
 [61]  175  185  149  176  162  182  198  192  196  209  290  286  278  288  312
 [76]  253  273  294  360  363  385  394  408  397  387  440  414  406  394  447
 [91]  451  457  486  535  537  554  621  695  682  723  727  752  785  799  846
[106]  956 1017 1013 1026 1092 1106 1142 1190 1254 1347 1444 1487 1472 1526 1497
[121] 1619

[[83]]
  [1]  10  43  29  22  26  23  22  15  13  27  16  12   9   8  10  14  21  16
 [19]  11   9  10   9   8   8  18  24  27  34  36  34  43  28  29  28  32  28
 [37]  39  42  50  38  47  52  51  47  57  62  69  54  58  54  72  79  74  78
 [55]  68  85  77  82  90  89  75  76  76  82  74  98  95  82  80  82  92  83
 [73]  99  82  98 101  99 113 151 166 138 150 149 164 161 175 188 190 189 193
 [91] 203 225 229 215 225 228 240 226 260 266 246 263 271 281 286 273 263 272
[109] 303 295 343 360 380 372 387 437 448 437 477 497 511

[[84]]
  [1]   10   33   20   13   15   11    8    8   11   10   19   15   14   13   10
 [16]   10   24   22   21   26   27   28   49   45   40   38   48   42   49   85
 [31]   82   75   63   70   77   77   61   74   74   72   64   82   94   91   97
 [46]   88   96   98   90  107  125  150  175  165  150  172  195  206  213  201
 [61]  191  201  254  266  251  248  278  291  329  304  309  319  334  350  368
 [76]  397  435  448  475  477  479  559  562  585  594  637  685  689  778  778
 [91]  845  787  894  884  936  902  925  925  984 1079 1110 1174 1235 1294 1323
[106] 1336 1349 1414 1514 1505 1697 1779 1893 1898 1970 2076 2211 2177 2300 2298
[121] 2261

[[85]]
  [1]  10  18  34  32  26  20  26  21  25  25  23  36  33  28  31  38  33  32
 [19]  31  43  42  48  39  52  58  43  59  41  39  52  55  48  50  61  58  50
 [37]  54  48  57  71  76  61  75  70  74  67  51  41  46  40  42  50  56  64
 [55]  55  53  70  64  61  64  68  76  83  99  70  73  76 100  98  92 108 110
 [73] 126 125 104 103  87 118 134 136 138 137 138 168 166 177 166 203 213 212
 [91] 197 199 212 225 269 243 250 252 269 262 271 306 361 354 400 421 433 408
[109] 388 404 418 441 500 512 562 548 563 604 652 664 666

[[86]]
  [1]  10  32  29  22  19  23  24  32  29  36  31  19  21  35  34  26  29  24
 [19]  29  29  28  23  23  31  32  26  24  27  29  29  24  22  25  31  25  19
 [37]  20  18  17  26  33  31  19  23  33  33  39  45  42  43  31  25  33  37
 [55]  38  33  37  41  48  61  67  66  93  69  55  76  82 100  89 110 118 126
 [73] 113 107 106 106 139 136 124 175 178 185 198 191 177 163 180 196 205 204
 [91] 210 247 256 232 248 280 336 320 340 364 350 350 382 408 431 451 464 498
[109] 504 555 579 585 662 703 782 751 779 830 852 862 874

[[87]]
  [1]   10   16   19   13   13   17   33   26   25   26   24   24   25   24   28
 [16]   30   34   31   19   17   14   45   39   45   35   46   38   43   38   42
 [31]   49   48   40   45   41   50   61   72   74   85   82   71   79   94  116
 [46]  121  123  120  110  109  134  158  152  154  141  160  203  199  184  196
 [61]  229  225  246  234  225  222  227  263  272  269  247  258  320  322  312
 [76]  303  331  357  366  353  319  350  364  365  372  419  433  405  478  454
 [91]  434  454  473  485  511  515  561  633  647  660  701  801  762  749  806
[106]  814  806  922  987  952 1000 1133 1138 1122 1152 1226 1290 1285 1237 1371
[121] 1452

[[88]]
  [1]   10   30   18   16   14   18   17   18   19   34   27   23   22   22   19
 [16]   26   27   17   14   11   17   12   11   17   19   21   15   20   15   17
 [31]   21   26   39   36   22   27   29   27   25   35   38   39   46   52   63
 [46]   66   71   51   64   55   59   92  102   85   70   77   89   87  104  113
 [61]  120  120  112  139  119  156  148  151  155  150  147  176  176  171  173
 [76]  173  209  221  236  238  246  216  241  254  275  313  303  340  351  340
 [91]  344  378  438  429  452  444  449  492  542  598  566  592  579  583  645
[106]  708  827  761  895  916  963 1029 1054 1075 1064 1104 1063 1289 1311 1359
[121] 1396

[[89]]
  [1]   10   39   24   26   28   30   38   32   27   33   33   27   30   28   27
 [16]   47   47   35   46   52   67   75   57   67   73   67   55   52   49   48
 [31]   54   49   58   57   58   55   59   68   65   61   52   54   81   87   78
 [46]   79   69   82  105   96   95   84  112  111  112  102  118  134  130  127
 [61]  134  169  190  200  171  186  238  267  262  283  271  300  343  380  366
 [76]  379  390  388  484  471  462  492  493  511  553  602  646  648  682  743
 [91]  721  767  734  853  872  918  887  909 1003 1008  981 1121 1148 1230 1306
[106] 1315 1373 1392 1528 1674 1743 1660 1684 1750 1803 1847 1988 1952 1992 2168
[121] 2195

[[90]]
  [1]   10   37   34   32   27   25   23   37   37   39   35   40   41   45   39
 [16]   41   50   73   66   60   55   53   68   75   73   89   90   96   92   92
 [31]   80   77   72   64   68   77   86   94   86   83   74   84   91   97   81
 [46]   83   73   76   83   83   80  101  101   89   86   93  127  158  133  161
 [61]  187  180  187  190  247  237  246  264  300  289  313  277  305  316  346
 [76]  390  384  382  381  395  462  506  517  577  570  577  571  594  697  788
 [91]  799  763  805  831  898  882  894  992 1109 1106 1150 1219 1244 1278 1349
[106] 1400 1459 1505 1563 1677 1781 1775 1805 1806 1878 1998 2094 2165 2184 2224
[121] 2421

[[91]]
  [1]   10   27   26   23   12   10   15    7   11   16   19   24   18   15   28
 [16]   42   34   23   18   22   30   29   22   26   27   32   41   41   45   37
 [31]   33   39   55   65   49   42   38   27   23   31   35   44   53   40   30
 [46]   30   32   30   54   73   52   54   40   45   51   62   81   77   66   68
 [61]   74   78   78   78   89  114   96   91   84   92   89   78   95  106   91
 [76]  115  108  105  124  138  165  159  163  147  156  154  157  176  202  213
 [91]  244  243  273  289  288  355  382  381  410  449  474  448  525  542  649
[106]  670  670  639  686  666  692  773  789  824  864  860  864 1006  917  942
[121] 1047

[[92]]
  [1]   10   20   20   17   11   10   16   19   22   18   16   15   23   29   20
 [16]   33   34   29   27   37   30   39   54   46   51   56   47   43   41   36
 [31]   45   55   58   71   94   86  103   99   96  116  131  115  110  129  126
 [46]  119  109  103  120  122  136  131  158  159  175  192  173  175  171  170
 [61]  195  203  249  244  259  274  290  312  332  374  385  361  341  370  399
 [76]  390  426  409  429  475  514  509  492  572  603  566  595  626  607  695
 [91]  755  705  702  711  815  830  806  846  907  833  826  882  969 1054 1071
[106] 1053 1041 1065 1117 1089 1186 1253 1345 1373 1454 1408 1443 1459 1502 1532
[121] 1586

[[93]]
  [1]  10  16  27  19  15  14  10  10  15  20  16  12  14  12  16  21  15  13
 [19]  14  10   9  17  18  13  12  16  12  24  18  22  22  18  21  27  37  30
 [37]  31  33  36  29  54  45  39  30  32  40  52  43  41  50  56  47  45  41
 [55]  44  66  89  88  89  90  98 110 130 116 118 115 113 126 130 139 161 189
 [73] 179 168 160 138 163 166 145 154 145 166 155 170 155 140 180 232 216 216
 [91] 227 247 260 257 242 235 307 305 307 319 304 306 301 308 314 382 347 398
[109] 392 428 438 447 487 558 536 538 552 602 645 649 647

[[94]]
  [1]   10   29   26   31   29   29   32   52   48   51   51   67   68   67   56
 [16]   44   62   53   48   58   58   61   72   90   79   60   60   83   74   74
 [31]   74   60   62   78   79   72   64   97   90   79   80   68   78   87   91
 [46]  111   93  101   94  107  118  133  128  112  125  134  145  160  167  146
 [61]  123  131  150  158  169  166  165  210  237  219  214  241  254  273  270
 [76]  282  270  264  264  299  332  357  352  383  381  377  342  370  345  366
 [91]  401  399  471  461  433  449  464  476  512  546  500  474  555  527  524
[106]  585  578  586  641  641  706  716  726  727  812  830  890  934 1020 1076
[121] 1071

[[95]]
  [1]   10   14   19   11    7    7    7   16   19   20   24   20   23   33   32
 [16]   30   28   27   30   40   29   37   43   48   58   52   53   77   77   88
 [31]   85   74   80   85   95   85  102  103   85  105  125  134  133  123  124
 [46]  118  130  132  146  141  166  157  155  181  163  163  162  178  178  220
 [61]  243  268  237  268  274  306  306  322  339  347  337  322  316  379  410
 [76]  437  476  514  539  540  510  521  535  591  620  665  614  619  600  718
 [91]  759  736  754  822  840  880  939  941  985 1068 1107 1159 1187 1198 1316
[106] 1423 1402 1496 1553 1608 1644 1697 1810 1954 1986 2173 2336 2318 2396 2537
[121] 2756

[[96]]
  [1]  10  31  22  12  10   9  11  14   9   8  10  11  16  14  18  12  11  15
 [19]  12  23  23  16  21  29  17  23  31  31  38  39  40  37  25  33  34  45
 [37]  41  36  35  30  48  31  28  29  38  41  38  30  54  65  68  62  51  65
 [55]  82  88  99  93 115 122 113 120 131 108 123 112 125 112 127 154 157 134
 [73] 141 142 174 199 197 208 250 217 186 216 215 229 234 249 278 251 262 250
 [91] 280 278 294 316 317 309 327 302 336 346 331 382 419 394 447 439 455 422
[109] 455 454 504 519 533 555 541 594 670 767 702 759 776

[[97]]
  [1]  10  35  44  34  24  29  35  51  48  40  52  46  50  54  48  56  77  59
 [19]  59  54  83  71  75  70  67  64  71  69  58  68  62  68  69  84  85 104
 [37] 109 104  94 114 105 120 127 117 136 146 144 129 119 118 130  97  98 107
 [55] 121 121 126  99 138 120 139 148 151 162 153 170 186 145 133 146 164 161
 [73] 144 159 150 197 193 212 194 202 212 198 194 199 216 216 235 224 231 249
 [91] 251 259 265 281 277 285 309 341 349 424 412 436 451 469 441 494 518 549
[109] 564 573 588 554 697 730 769 818 838 809 904 910 974

[[98]]
  [1]   10   19   15   11    9    8    5    4   14   12   12   23   19   18   15
 [16]   19   17   28   29   25   21   23   19   25   39   35   43   40   47   44
 [31]   40   42   50   53   63   55   57   57   80   80   77   80   78   71   73
 [46]   76   79   77   81   84  100  117  108  106  110  111  118  110  124  129
 [61]  149  166  149  160  182  181  169  162  175  208  214  233  233  214  201
 [76]  221  236  265  249  238  249  252  302  321  311  311  334  328  349  375
 [91]  363  393  420  443  440  480  501  506  548  521  517  523  582  582  642
[106]  621  608  672  683  694  748  778  796  812  865  886  873  889  963 1050
[121] 1024

[[99]]
  [1]  10  31  24  19  15  18  23  28  33  30  27  19  19  35  32  34  40  27
 [19]  23  43  45  37  39  54  44  40  52  57  70  64  71  68  69  60  77  69
 [37]  89  72  65  58  71  82 105  91 100 122 110  98  97 112 116 134 140 134
 [55] 136 148 158 162 161 158 154 163 184 173 171 169 184 218 210 205 179 219
 [73] 221 207 193 187 219 259 260 252 270 280 327 357 363 421 381 352 356 376
 [91] 400 330 355 373 424 424 460 462 438 449 427 457 488 524 518 551 637 615
[109] 615 601 637 667 701 718 831 851 836 831 926 965 969

[[100]]
  [1] 10 19  9 12  9  8  7  8  6  5  9  5  3  3  7  5  4  2  2  2  7  2  1  1  1
 [26]  1  1  1  5  6  5  5  5 12 23 11  9  8  7 14  8 11  6  9 16 21 14 10 13 22
 [51] 14 10 15 16 24 18 21 25 35 27 31 31 40 36 30 21 19 20 27 25 18 22 24 21 17
 [76] 14 12 16 36 25 30 22 19 17 20 20 19 20 17 22 17 17 13 13 11 15 16 12  9  7
[101]  7 12 10 15 21 16 21 31 26 26 38 39 32 47 38 33 37 40 34 29 38

[[101]]
  [1]   10   25   25   16   15   11   10   17   19   18   13   11   10   20   29
 [16]   30   31   31   30   36   38   39   33   42   52   52   59   75   73   78
 [31]   70   78   94   86  107  101   81   74  120  106  102  122  121  141  135
 [46]  137  155  176  176  173  180  187  177  179  167  162  184  200  176  187
 [61]  188  156  193  245  266  264  287  303  295  283  295  304  358  381  382
 [76]  382  402  409  457  479  483  503  569  589  620  624  655  632  642  669
 [91]  704  761  791  809  820  842  935  914  992 1016 1162 1160 1131 1223 1252
[106] 1345 1383 1431 1461 1566 1612 1658 1638 1781 1972 2051 1995 2056 2102 2163
[121] 2201

[[102]]
  [1]  10  24  21  15  14  17  12  11  10  13  15  11   8  29  18  19  23  18
 [19]  30  28  25  28  29  27  28  35  36  24  28  21  31  32  40  34  37  36
 [37]  42  43  42  45  54  40  46  34  34  42  34  29  37  32  34  29  17  16
 [55]  27  33  30  35  47  34  40  38  32  32  46  43  48  36  39  39  29  32
 [73]  44  52  48  47  70  83  64  64  66  81  83  66  80  97  85  82  85  91
 [91] 110  98  99  94  79  73  91 112 130 119 112 109 101 121 137 138 134 143
[109] 126 106 102 121 137 137 140 134 138 134 164 147 147

[[103]]
  [1]   10   33   34   28   28   34   25   26   29   30   27   42   32   36   56
 [16]   48   47   36   42   52   73   64   56   49   66   81   57   70   71   66
 [31]   85   69   71   72   90   98   82  103  104  118  129  139  144  154  151
 [46]  173  175  162  175  138  154  167  160  174  181  190  206  208  211  240
 [61]  246  258  280  299  299  322  320  380  367  370  386  435  462  469  495
 [76]  485  490  502  578  538  544  533  528  570  667  679  701  684  717  735
 [91]  762  829  851  837  895  943 1002 1022 1095 1162 1250 1290 1370 1479 1453
[106] 1462 1492 1553 1550 1670 1680 1850 1928 2021 2046 2086 2123 2247 2407 2415
[121] 2429

[[104]]
  [1]  10  51  43  30  23  21  31  34  31  32  36  28  36  46  43  29  24  24
 [19]  18  16  15  22  24  21  18  12  20  25  34  23  32  25  31  28  24  33
 [37]  44  49  40  47  60  51  46  37  40  38  36  30  31  28  41  45  38  56
 [55]  67  66  57  67  52  49  63  60  53  66  89  65  75  76  85  83  90 109
 [73] 147 140 152 149 137 138 131 138 141 128 158 134 155 169 165 174 181 206
 [91] 230 219 250 245 256 245 238 242 267 273 283 275 268 275 307 346 376 385
[109] 404 401 470 443 418 438 515 511 548 553 526 555 580

[[105]]
  [1]  10  16  20  23  17  20  11  16  17  18  21  15  25  36  26  24  24  23
 [19]  22  36  41  30  31  51  40  37  38  39  47  35  37  28  25  39  41  41
 [37]  36  38  39  31  30  36  36  45  50  43  43  54  44  48  46  41  49  36
 [55]  35  41  52  46  62  51  54  45  35  55  80  68  69  54  76  61  56  83
 [73]  94  92  97  94 110 115 135 121 119 144 152 166 173 171 167 175 185 200
 [91] 227 210 194 233 253 228 255 264 283 298 324 340 359 343 385 383 400 431
[109] 429 443 458 488 483 522 534 540 573 565 548 553 645

[[106]]
  [1]   10   36   30   22   19   17   23   36   24   19   21   27   25   38   44
 [16]   47   29   26   33   37   49   47   60   58   49   57   71   77   65   57
 [31]   56   51   64   64   80   80   76   85   94   81   88  112  109  117  116
 [46]  127  118  105  108  104  107  108  114  127  132  145  152  152  170  153
 [61]  162  158  161  165  210  209  211  196  210  237  267  273  276  282  291
 [76]  320  297  309  321  319  316  315  322  337  341  374  391  353  390  385
 [91]  428  433  421  392  410  423  451  509  507  495  542  599  651  659  711
[106]  747  764  793  819  882  883  935  965  976 1015 1081 1066 1135 1153 1179
[121] 1171

[[107]]
  [1]  10  29  14  11   9  17  29  25  15  10   8   7   6   4   8   6  12  12
 [19]  10   8  14  18  19  15  15  10  10  17  19  32  25  26  22  25  34  34
 [37]  43  37  43  43  45  43  39  45  41  51  41  35  48  42  68  69  66  73
 [55]  60  77  80  76  84  88 115 123 105 107 110 112 141 104  97 150 149 171
 [73] 163 167 172 174 166 167 182 193 222 213 199 200 261 298 264 273 298 304
 [91] 326 319 378 411 387 390 415 428 454 468 460 463 425 447 490 446 532 537
[109] 544 588 666 640 672 718 710 747 778 841 907 824 946

[[108]]
  [1] 10 23 16 11  9  7  5  4 13  6  3  3  4  7 10  5 10 11 10  8  6  8  6  6  7
 [26]  5  8  4  4  9  5  4  4  3  4  2  2 11  9  5  3  2  0  0  0  0  0  0  0  0
 [51]  0  0  0  0  0  0  0  0  0  0  0  0  0  0  0  0  0  0  0  0  0  0  0  0  0
 [76]  0  0  0  0  0  0  0  0  0  0  0  0  0  0  0  0  0  0  0  0  0  0  0  0  0
[101]  0  0  0  0  0  0  0  0  0  0  0  0  0  0  0  0  0  0  0  0  0

[[109]]
  [1]   10   30   24   23   16   23   37   33   41   51   39   48   36   23   30
 [16]   31   31   39   36   26   25   34   38   37   41   43   47   38   50   52
 [31]   46   49   38   51   53   67   84   86   73   71   93   99   90   81   83
 [46]   95   99   96  102   98  119   99   98   89  131  143  126  127  121  131
 [61]  170  165  170  176  226  236  230  239  266  294  289  319  287  279  293
 [76]  321  348  348  342  332  394  442  425  430  445  479  536  545  583  636
 [91]  683  723  731  703  764  748  764  826  839  832  843  940  933  975  995
[106]  973 1117 1116 1177 1148 1190 1210 1265 1338 1460 1512 1555 1683 1689 1854
[121] 1821

[[110]]
  [1]   10   23   27   20   17   17   29   35   44   35   36   26   34   37   57
 [16]   59   53   56   48   59   51   59   72   61   55   67   69   71   85  101
 [31]  105   92  103  102   97  103  117  110  121  138  113  101  122  137  139
 [46]  150  127  113  148  127  161  170  179  152  167  150  198  205  213  200
 [61]  224  221  238  268  246  279  272  345  309  339  313  309  354  340  354
 [76]  364  399  385  381  417  460  486  482  507  547  546  598  630  650  662
 [91]  678  674  711  792  809  842  808  879  922  873  954 1003 1123 1145 1226
[106] 1278 1330 1428 1485 1519 1575 1575 1726 1677 1799 1966 2060 2085 2227 2363
[121] 2459

[[111]]
  [1]  10  33  28  22  18  21  23  26  30  25  19  27  26  27  27  21  24  23
 [19]  21  19  22  24  27  26  21  15  24  16  20  24  24  29  21  15  15  18
 [37]  14  14  20  16  23  28  23  25  24  19  22  30  49  38  34  32  33  26
 [55]  41  30  46  53  41  45  56  58  72  62  51  67  72  81  73  73  63  56
 [73]  49  50  74  69  71  55  63  67  65  76  80  83 105 112  93  96  92 118
 [91] 124 126 134 139 130 174 185 162 173 171 174 194 200 195 196 181 206 243
[109] 276 272 268 283 280 329 320 311 308 317 360 410 406

[[112]]
  [1]   10   49   41   41   39   34   34   41   29   43   44   46   37   37   37
 [16]   61   50   45   43   56   65   85   71   94   85   81   67   67   69   81
 [31]   67   80  107  114  100  117  108  135  136  120  120  115  131  133  158
 [46]  171  154  139  185  189  201  221  211  204  237  232  267  258  259  250
 [61]  279  324  317  313  310  343  342  375  387  406  428  421  436  457  456
 [76]  458  508  486  524  534  502  515  557  573  593  657  674  706  762  752
 [91]  720  731  820  849  950 1016 1021 1021 1018 1075 1145 1333 1379 1396 1439
[106] 1446 1483 1609 1703 1746 1796 1828 1914 1908 1989 2154 2231 2395 2504 2415
[121] 2613

[[113]]
  [1]   10   22   24   12   11   14   33   28   19   16   13   20   18   28   26
 [16]   19   31   38   34   50   50   39   54   39   56   66   55   72   80   94
 [31]   79   96   84   78   82   78   80   84   78   80   88   88  107  119  139
 [46]  153  163  157  158  163  185  185  186  213  218  218  262  259  243  222
 [61]  219  231  249  276  278  280  280  269  293  326  335  329  353  348  393
 [76]  359  352  346  390  392  441  454  480  515  518  533  555  553  549  552
 [91]  585  598  664  698  691  717  760  798  816  799  798  878  923  935  916
[106]  981 1021 1043 1091 1084 1112 1169 1295 1363 1437 1470 1483 1514 1584 1722
[121] 1752

[[114]]
  [1]   10   38   36   41   26   23   19   29   44   56   46   44   48   55   49
 [16]   53   68   70   72   59   66   84   99  107  103  122  122  150  172  174
 [31]  173  172  190  197  230  242  263  218  214  248  260  251  268  261  273
 [46]  295  338  373  391  391  416  425  418  458  507  514  566  531  537  546
 [61]  568  609  596  592  620  623  674  702  717  739  723  764  858  869  935
 [76]  933  997  989  972  999 1157 1272 1287 1277 1314 1344 1430 1574 1552 1757
 [91] 1870 1874 1915 1954 1993 2080 2205 2287 2325 2408 2534 2698 2734 2862 2922
[106] 3009 3282 3435 3581 3804 3940 4028 4082 4258 4513 4660 4866 5103 5159 5405
[121] 5682

[[115]]
  [1]  10  22  18  18  13  11  11  20  22  23  19  21  18  14  22  20  26  15
 [19]  25  21  28  19  17  14  19  23  29  23  26  24  18  11  14  16  15  11
 [37]  10   9   8   9  10  11  14  10  14  10  12  12  22  23  17  23  33  28
 [55]  28  35  36  49  41  40  34  38  47  49  53  64  60  57  54  68  68  79
 [73]  79  87  83  82  72  63  56  77  85  82  95 113 120 117 120 124 108 113
 [91] 111 133 141 132 141 132 150 129 112 112 120 126 138 121 132 152 121 118
[109] 125 112 148 142 138 137 158 152 165 161 168 183 173

[[116]]
  [1]   10   27   41   43   37   37   34   37   32   50   51   65   51   66   71
 [16]   90  109  104  109  119  132  125  151  147  183  196  211  217  231  246
 [31]  266  235  237  210  216  247  245  229  250  304  270  266  284  290  334
 [46]  337  297  334  332  368  405  421  494  497  506  494  510  521  576  574
 [61]  654  642  689  685  737  775  742  785  885  848  916 1011 1017 1106 1143
 [76] 1183 1224 1304 1379 1466 1475 1495 1446 1503 1577 1647 1746 1815 1934 2035
 [91] 2140 2152 2338 2263 2408 2482 2605 2707 2692 2776 2825 2996 3168 3316 3459
[106] 3550 3656 3587 3759 3885 4139 4271 4512 4424 4546 4779 5116 5369 5491 5894
[121] 6059

[[117]]
  [1]   10   30   25   21   17   14   29   21   40   29   38   36   27   20   21
 [16]   41   57   54   56   54   63   73   61   63   73   77   90   78   78   94
 [31]  126  142  167  160  160  157  148  136  152  151  167  147  159  157  166
 [46]  172  154  155  163  156  188  199  216  251  287  264  279  275  352  362
 [61]  336  353  341  401  416  391  387  392  422  461  499  506  520  562  584
 [76]  593  592  588  685  727  715  749  754  770  808  963  930  929  962  991
 [91] 1040 1112 1178 1150 1177 1245 1317 1368 1440 1478 1522 1595 1615 1670 1710
[106] 1711 1845 1901 2144 2247 2270 2377 2417 2445 2621 2777 2965 2961 3146 3263
[121] 3356

[[118]]
  [1]   10   19   21   20   20   14   11   21   30   29   27   24   20   21   23
 [16]   23   24   26   23   33   30   25   27   47   40   47   46   45   43   52
 [31]   52   57   58   68   88   70   71   69   71   89  108   99  114  114  104
 [46]  105  116  126  135  150  141  129  152  165  151  144  166  143  132  153
 [61]  186  156  146  149  131  167  153  163  158  199  175  204  209  214  217
 [76]  222  234  253  246  267  289  263  313  330  353  358  360  391  417  429
 [91]  464  465  503  507  531  546  561  617  603  636  628  629  650  688  719
[106]  712  730  787  792  854  802  833  911  972  963  987 1006 1021 1046 1088
[121] 1124

[[119]]
  [1]   10   41   39   36   33   29   35   40   50   45   45   43   43   44   36
 [16]   36   55   40   34   51   55   76   66   67   58   62   69   67   79  113
 [31]   94   96  104  115  115  109  115  124  140  145  152  172  162  184  181
 [46]  187  196  239  222  211  219  241  240  309  332  325  315  335  364  438
 [61]  459  459  444  462  528  483  473  517  528  555  554  589  602  651  674
 [76]  697  723  738  756  793  772  829  845  882  905  939 1043 1040 1090 1138
 [91] 1233 1272 1311 1365 1385 1447 1530 1581 1603 1710 1854 1956 2071 2180 2275
[106] 2427 2513 2467 2623 2710 2850 2923 3120 3164 3230 3308 3547 3594 3776 3939
[121] 4141

[[120]]
  [1]   10   27   32   27   29   27   36   30   28   20   31   24   27   34   41
 [16]   48   34   39   52   44   45   53   45   50   57   52   43   68   55   52
 [31]   56   74   86   94   87   90   71   95   97  106  113  105  134  141  133
 [46]  137  138  167  182  169  149  145  165  156  168  179  182  207  203  254
 [61]  251  251  271  303  327  348  345  407  432  429  411  459  480  491  553
 [76]  571  584  604  601  605  698  725  719  700  767  776  811  861  965 1006
 [91]  987 1015 1038 1131 1229 1225 1214 1266 1340 1407 1433 1513 1555 1583 1730
[106] 1818 1773 1784 1807 1876 1935 2115 2272 2296 2252 2323 2607 2697 2831 2833
[121] 2949

[[121]]
  [1]   10   24   36   32   25   24   31   26   27   33   22   18   15   23   34
 [16]   36   38   35   34   46   41   44   65   64   59   51   49   63   64   47
 [31]   44   49   40   41   42   52   46   48   47   49   39   56   51   52   62
 [46]   65   66   79   71   77   84   90   97   86  105  100   95  120  102  129
 [61]  117  122  116  135  139  120  155  175  165  174  179  181  197  199  209
 [76]  212  192  219  218  215  218  211  219  205  238  281  285  272  270  315
 [91]  330  346  383  456  427  406  426  466  469  449  457  496  502  560  602
[106]  605  610  620  646  657  680  673  780  846  867  952  985  971  997 1092
[121] 1137

[[122]]
  [1]   10   16   24   22   12   19   14   24   32   38   30   26   26   27   27
 [16]   35   38   52   51   40   42   47   53   60   53   54   61   63   57   56
 [31]   60   66   58   79   69   82   72   82   88  108   86   76   84  122  112
 [46]  109  113  127  156  165  165  141  159  163  173  186  202  190  230  206
 [61]  192  187  215  234  251  262  298  276  300  304  320  323  325  318  341
 [76]  336  378  387  397  432  486  467  504  499  533  574  618  628  638  622
 [91]  679  713  826  776  791  758  809  891  884  857  917  998 1107 1097 1188
[106] 1287 1351 1413 1453 1443 1648 1734 1817 1782 1872 2014 1920 2032 2125 2213
[121] 2327

[[123]]
  [1]  10  44  35  27  20  17  21  17  17  31  22  13  17  15  12  16  20  18
 [19]  11  16  17  21  20  22  22  22  21  23  16  19  19  22  25  21  19  28
 [37]  34  28  23  24  26  19  20  32  27  29  28  44  39  34  38  51  37  44
 [55]  53  60  70  52  51  61  77  53  67  72  69  77  68  86  80  65  83  93
 [73]  87  93 110 111 100 100  98  83  74  74  91 120 136 114 102 117 153 176
 [91] 171 141 136 168 187 214 166 207 235 210 233 201 274 278 279 285 322 308
[109] 351 346 320 343 358 411 423 431 452 443 463 469 521

[[124]]
  [1]   10   40   43   39   47   30   25   23   24   47   45   45   49   52   51
 [16]   45   57   75   64   59   66   78   91   87  104   99  120  114  136  146
 [31]  179  162  170  143  147  148  168  163  206  215  226  218  254  229  232
 [46]  226  221  288  308  301  324  350  388  380  401  395  404  412  460  448
 [61]  467  531  572  589  545  503  559  584  645  703  759  737  833  905  895
 [76]  963  989 1014 1042 1082 1161 1239 1348 1392 1376 1404 1435 1581 1712 1812
 [91] 1891 1919 1969 1970 2106 2255 2408 2550 2540 2676 2742 2940 2949 2917 2947
[106] 3296 3517 3614 3608 3615 3776 3894 4006 4176 4464 4606 4678 5018 5150 5303
[121] 5522

[[125]]
  [1]   10   37   37   27   24   35   43   53   50   52   69   51   54   46   43
 [16]   49   57   59   67   65   64   81   75   69   82   87  107  117  130  121
 [31]  106  134  162  175  158  131  153  165  167  191  204  169  212  239  219
 [46]  221  252  251  238  264  241  227  225  270  283  312  313  303  316  318
 [61]  359  365  394  397  374  408  429  457  444  458  498  497  460  509  545
 [76]  585  568  571  616  627  661  742  770  783  764  821  816  856  925  917
 [91]  950  982 1016 1040 1127 1133 1122 1189 1256 1365 1480 1490 1436 1530 1588
[106] 1670 1684 1740 1861 1986 1955 1964 2077 2134 2220 2347 2572 2663 2863 3008
[121] 3146

[[126]]
  [1]   10   45   29   28   23   34   46   46   42   29   44   45   51   49   49
 [16]   72   74   66   75  103   87   95  103  109  137  111  120  108  132  128
 [31]  126  134  149  180  165  151  165  174  171  172  175  156  160  208  203
 [46]  182  162  180  176  195  221  257  260  284  291  287  259  302  327  350
 [61]  396  370  387  369  465  449  448  474  478  460  475  491  483  549  548
 [76]  557  526  535  585  594  617  670  638  660  725  801  811  866  873  901
 [91]  907  970 1027 1054 1056 1070 1121 1212 1213 1283 1253 1329 1395 1463 1497
[106] 1648 1715 1785 1781 1708 1901 1956 2038 2137 2240 2353 2419 2479 2581 2700
[121] 2834

[[127]]
  [1]   10   11   13   18   13   13   11   11   16   16   12   14   34   34   25
 [16]   23   22   28   32   24   17   31   42   50   52   54   52   57   66   88
 [31]   66   68   72   68   58   83   90   97   99   93   85  105  124  144  106
 [46]  112  111  115  105   98   94  101  118  115  122  120  132  128  138  121
 [61]  167  182  152  171  188  173  178  176  173  164  178  230  228  227  226
 [76]  261  267  256  278  302  313  347  366  377  373  409  419  447  456  517
 [91]  531  544  545  608  649  696  689  707  741  765  785  776  794  855  930
[106] 1013 1043 1091 1165 1137 1150 1251 1386 1410 1476 1447 1461 1695 1743 1831
[121] 1915

[[128]]
  [1]   10   36   38   33   32   23   28   23   43   40   40   46   40   64   60
 [16]   54   52   51   52   61   48   55   44   39   31   53   64   71   50   56
 [31]   71   80   89   92   84   83  110  113  148  137  148  166  179  176  228
 [46]  197  207  194  227  235  229  265  289  318  325  336  316  355  337  351
 [61]  418  436  448  436  401  428  465  522  508  496  509  567  591  587  652
 [76]  655  667  771  735  831  844  845  891  876  933 1016 1030 1089 1129 1167
 [91] 1203 1178 1295 1300 1444 1478 1507 1547 1600 1662 1681 1773 1854 1861 1916
[106] 2086 2117 2244 2194 2340 2276 2390 2642 2867 2896 2940 3080 3049 3147 3413
[121] 3362

[[129]]
  [1]   10   28   29   15   22   28   27   33   30   32   45   39   36   38   28
 [16]   25   28   30   31   29   33   34   34   29   34   31   26   29   43   40
 [31]   39   40   44   40   42   53   64   47   36   46   61   67   83   84   88
 [46]   86   88   87   74   69   82   85   86   97  116  109  114  125  131  149
 [61]  148  171  159  183  189  197  187  208  197  197  182  211  209  218  246
 [76]  261  279  314  320  383  404  379  363  383  411  475  433  454  475  508
 [91]  552  566  552  580  586  572  600  696  752  717  718  746  764  823  807
[106]  906  885  896  928  946  914  992 1096 1228 1218 1211 1199 1248 1303 1371
[121] 1458

[[130]]
  [1]  10  41  40  37  31  30  42  36  29  29  42  43  48  40  44  38  47  51
 [19]  37  43  37  33  37  32  22  16  19  16  21  20  35  30  35  23  24  43
 [37]  39  34  37  29  34  23  27  26  44  40  38  56  51  55  56  53  69  76
 [55]  67  66  76  66  66  76  57  70  69  70  71  74  66  93  91 117 110  97
 [73] 114 109 100  90 105 110 108 119 107 109 116  93 115  94 117 114 119 113
 [91] 122 141 151 130 140 132 142 163 157 183 211 196 229 254 263 261 298 278
[109] 270 329 319 307 299 310 335 360 353 334 369 396 424

[[131]]
  [1]  10  23  22  17  14  13  13  26  28  29  27  26  30  45  38  35  25  48
 [19]  41  35  32  42  52  53  58  45  56  64  70  61  55  46  61  53  48  43
 [37]  40  47  47  42  47  55  75  84  65  65  80  69  83  80  79  90  82  79
 [55]  91  95 102 109 139 119 118 124 129 115 129 150 139 157 167 173 173 180
 [73] 216 206 205 224 237 239 232 240 258 306 287 293 290 280 298 319 294 308
 [91] 306 321 357 361 369 351 369 449 470 432 462 451 443 441 456 497 558 537
[109] 544 591 625 627 661 646 730 702 759 800 821 839 857

[[132]]
  [1]   10   28   19   25   26   19   21   28   25   42   48   44   41   37   53
 [16]   45   46   42   43   53   53   49   55   50   43   57   76   81   73   69
 [31]   69   91  109  107  109   95  114  125  133  132  139  147  138  190  155
 [46]  169  130  133  140  166  187  193  178  187  206  227  243  240  233  208
 [61]  202  251  249  236  251  279  290  291  292  328  306  335  393  379  426
 [76]  396  416  424  403  423  428  448  443  483  517  494  509  534  539  561
 [91]  628  651  618  628  655  664  645  684  797  778  737  744  823  857  850
[106]  928  991  986 1009 1009 1026 1028 1145 1123 1124 1205 1250 1353 1360 1432
[121] 1488

[[133]]
  [1]  10  38  38  29  24  21  36  37  30  36  53  42  43  37  39  36  37  27
 [19]  32  41  44  41  48  44  48  52  35  40  48  49  49  54  51  51  37  49
 [37]  42  40  40  49  38  41  43  46  33  33  44  61  49  46  53  51  50  55
 [55]  47  45  50  40  49  49  52  41  51  56  59  62  63  62  61  70  65  70
 [73]  58  74  65  76  73  73  82  98  84  93  98  93  74  84  94 115 101 108
 [91]  99 132 143 149 131 135 156 141 159 198 192 180 174 163 187 205 199 228
[109] 233 237 243 289 283 277 310 326 322 339 392 384 411

[[134]]
  [1]   10   37   28   32   27   22   22   26   48   43   37   47   60   63   65
 [16]   62   70   84   87   97  116  122  130  130  125  136  168  163  149  156
 [31]  181  225  210  244  251  228  254  276  317  316  295  277  290  317  326
 [46]  358  334  372  397  419  401  406  435  445  502  554  549  573  537  654
 [61]  737  732  737  730  822  824  873  885  878  949 1032 1126 1102 1101 1212
 [76] 1300 1319 1354 1336 1385 1535 1531 1623 1656 1740 1805 1866 1999 2098 2212
 [91] 2186 2253 2391 2567 2687 2797 2915 3025 3115 3277 3363 3486 3523 3730 3891
[106] 4205 4330 4451 4527 4682 4856 5079 5249 5414 5544 5628 5793 6120 6504 6674
[121] 6883

[[135]]
  [1]   10   53   44   33   37   40   31   26   31   34   35   40   32   30   36
 [16]   40   35   31   42   36   41   45   33   26   36   30   30   26   22   28
 [31]   25   27   46   46   37   38   25   37   36   35   38   50   37   43   34
 [46]   40   54   59   50   55   67   80   75   80  101   89   78   88  108   98
 [61]   91   78  107  132  101  131  152  137  129  123  133  143  151  141  152
 [76]  152  158  149  166  167  208  201  217  242  237  257  271  267  263  276
 [91]  303  317  347  314  312  332  368  385  398  454  466  434  487  491  525
[106]  524  547  603  641  646  689  706  725  762  802  852  875  953 1036 1035
[121] 1137

[[136]]
  [1]   10   31   20   14   11    8   16   17   14   13   20   22   23   26   46
 [16]   33   34   40   56   58   57   52   60   67   68   56   55   54   60   85
 [31]   89   61   61   58   70   80   97   89   98  102   97  113  127  115  109
 [46]  134  160  162  148  138  181  178  194  209  211  246  277  262  274  264
 [61]  304  291  294  317  378  383  422  446  433  448  421  454  442  438  457
 [76]  469  538  588  580  620  619  656  782  812  781  795  819  901  962  990
 [91] 1030 1041 1086 1065 1140 1159 1298 1347 1324 1449 1473 1628 1684 1820 1850
[106] 1906 2018 2107 2212 2376 2411 2461 2543 2680 2799 2940 3113 3233 3254 3459
[121] 3610

[[137]]
  [1]   10   22   37   26   23   21   26   44   44   43   38   45   55   48   34
 [16]   45   55   49   44   43   54   49   52   46   46   52   44   58   56   60
 [31]   49   54   69   68   90   92   81   77   79   94   77   85   90  107   92
 [46]  109  119  105  120  127  156  146  147  132  153  156  181  187  192  202
 [61]  229  193  181  186  190  198  183  171  143  202  211  196  239  223  289
 [76]  291  330  289  332  309  324  355  351  447  410  455  408  383  396  460
 [91]  514  459  471  481  520  520  547  571  596  631  614  660  695  772  766
[106]  804  888  949 1048 1033 1087 1106 1124 1164 1208 1267 1360 1362 1363 1431
[121] 1490

[[138]]
  [1]   10   17   24   22   23   15   22   17   23   18   21   20   14   14    9
 [16]    9   12    9   13   11   15   21   20   26   34   34   33   31   32   26
 [31]   23   34   38   58   44   39   43   51   43   37   30   33   41   43   38
 [46]   50   49   54   70   66   61   62   72   75   75   70   76   79   80   91
 [61]   99   98   99   97  121  134  139  129  134  159  157  163  170  166  169
 [76]  161  168  180  196  189  180  181  236  235  270  234  222  245  235  243
 [91]  249  269  278  317  332  333  365  351  353  406  400  443  459  465  524
[106]  544  574  606  604  657  657  734  727  806  801  794  768  844  839  957
[121] 1031

[[139]]
  [1]  10  31  30  20  23  16  14  17  15  17  17  18  19  19  17  15  14  18
 [19]  14  23  20  23  17  14  10  14  18  16  23  21  19  21  29  44  41  43
 [37]  36  35  38  52  56  73  62  59  70  72  73  64  92  68  69  66  59  49
 [55]  53  62  77  63  79  89 101 107 105  84  86  96  84 123  97 111 117 127
 [73] 136 135 118 135 125 149 140 131 168 152 154 167 163 150 163 181 151 154
 [91] 196 188 194 216 221 232 225 223 233 204 198 226 238 224 251 272 283 298
[109] 308 297 312 317 367 394 387 409 415 438 436 473 497

[[140]]
  [1]   10   29   30   37   31   25   24   21   20   37   33   42   30   25   33
 [16]   36   47   45   61   57   74   55   70   74   64   51   90   69   61   58
 [31]   84   97   94   92   78  104  104  106  119  138  134  131  151  166  209
 [46]  187  183  192  192  183  197  197  191  212  247  233  209  251  270  272
 [61]  329  356  343  339  372  439  424  410  395  416  456  455  493  503  526
 [76]  594  612  625  680  695  726  807  831  789  865  934  980 1050 1079 1089
 [91] 1123 1228 1254 1328 1344 1394 1472 1636 1674 1735 1797 1893 1992 2029 2091
[106] 2213 2243 2266 2388 2578 2676 2924 2935 2899 3072 3322 3471 3566 3695 3931
[121] 4081

[[141]]
  [1]  10  14  17  11  12   8  14  10   8  14  18  13  15  19  30  30  30  20
 [19]  18  25  12  21  27  26  23  21  25  24  30  22  24  19  17  22  21  18
 [37]  13  20  23  12  15  20  13  11  14  18  15   9  18  23  16  12  23  24
 [55]  17  13  16  17  33  34  39  45  34  33  44  37  39  38  50  51  46  35
 [73]  36  44  46  34  30  33  36  31  35  40  44  43  72  60  59  75  89  69
 [91]  71  73  70  71  82  85  93 107 104 102 114 119 104 122 142 148 137 162
[109] 156 170 178 186 229 241 236 203 233 213 241 272 274

[[142]]
  [1]  10  15  17  20  15  13  13  12  18  15  11  17  30  22  31  25  26  39
 [19]  31  41  38  55  40  38  39  43  29  21  23  52  43  42  40  37  37  38
 [37]  49  49  57  43  48  50  44  44  50  66  68  57  55  65  65  73  66  88
 [55]  83  93  86 108  86  91  88 100 108 102 145 120 132 124 109 122 117 124
 [73] 131 106 118 150 159 150 168 185 193 185 209 219 227 226 236 236 262 249
 [91] 290 276 323 340 341 394 382 393 445 430 470 480 498 491 547 583 618 659
[109] 661 669 691 796 812 780 851 890 920 915 927 980 988

[[143]]
  [1]  10  36  36  27  22  30  24  37  42  32  37  51  46  36  34  47  58  54
 [19]  40  35  48  40  37  31  42  52  43  39  35  36  48  50  49  60  57  48
 [37]  40  33  31  25  27  27  23  26  37  41  45  43  36  30  28  36  49  33
 [55]  39  32  35  38  36  41  45  51  68  68  74  59  51  79  83  75  79  77
 [73]  79  91  87  97  85  80  84  84  96  95  91  91  98 106 111 135 131 118
 [91] 138 117 134 141 116 152 162 165 166 166 188 194 188 221 244 296 259 243
[109] 252 290 333 351 319 330 314 368 397 359 429 434 414

[[144]]
  [1]   10   20   19   21   15   20   19   23   22   24   29   20   22   17   24
 [16]   31   33   49   58   64   59   60   55   75   89   81   93   95  106  103
 [31]  117   99  106  119  128  140  134  105  122  128  135  129  158  136  141
 [46]  161  172  156  139  158  166  175  179  181  196  205  230  242  279  249
 [61]  284  301  282  330  320  336  337  375  392  392  402  413  391  449  491
 [76]  509  560  587  604  637  680  699  734  776  861  926  981  942  969 1045
 [91] 1186 1219 1203 1240 1281 1397 1436 1549 1620 1625 1622 1808 1889 1929 1975
[106] 2050 2217 2368 2412 2484 2634 2804 2859 3016 3039 3143 3474 3615 3667 3727
[121] 3782

[[145]]
  [1]   10   40   28   22   18   23   26   22   16   16   20   17   30   24   23
 [16]   20   14   12   11   13   15   14    9    7    6   14   15   23   14   18
 [31]   22   22   26   39   46   45   47   45   46   48   56   55   50   58   62
 [46]   62   54   60   61   56   53   62   79   64   85   76   96   94   88  105
 [61]  100  100  112  123  137  138  148  139  133  161  184  161  183  201  181
 [76]  174  196  222  225  266  261  245  252  240  261  279  332  366  367  355
 [91]  352  370  374  385  390  454  487  499  489  456  472  527  563  566  649
[106]  665  671  706  761  747  823  950  995  962  999 1044 1132 1156 1193 1260
[121] 1218

[[146]]
  [1]   10   32   28   26   22   24   34   36   32   32   36   32   36   31   30
 [16]   38   33   39   36   41   56   47   52   64   70   81   72   71   67   68
 [31]   68   82   72   80   87  121  115   97  100  109  118  141  117  117  112
 [46]  124  117  117  113  117  118   98  142  133  146  141  169  155  165  150
 [61]  152  158  175  176  171  190  211  191  186  192  217  215  235  239  237
 [76]  263  255  270  308  356  350  377  392  419  400  463  478  451  451  486
 [91]  537  525  521  546  565  574  521  590  591  630  627  697  687  728  654
[106]  643  729  753  752  794  769  790  835  898  935  953  962 1026 1105 1150
[121] 1176

[[147]]
  [1]   10   39   40   45   38   40   40   33   32   57   56   54   53   54   69
 [16]   72   80   80   73   75   74   81   86   78   69   73   76   89   84   80
 [31]   83  108  114  129  124  133  149  155  146  175  164  153  157  176  183
 [46]  157  204  222  240  249  243  248  251  265  270  281  334  339  368  399
 [61]  367  369  331  365  376  429  418  436  434  452  416  418  470  528  516
 [76]  513  535  568  677  694  651  675  697  715  726  766  782  799  817  870
 [91]  856  961 1012 1115 1139 1172 1125 1241 1175 1294 1433 1477 1501 1574 1630
[106] 1711 1699 1796 1752 1838 1972 2029 2059 2111 2172 2328 2408 2520 2498 2677
[121] 2748

[[148]]
  [1]   10   22   29   19   15   14   28   36   29   24   43   50   32   38   37
 [16]   30   32   27   33   29   28   27   34   36   36   36   29   30   25   47
 [31]   46   60   54   49   52   65   97   90   80   72   79   77   99  114  107
 [46]  122  132  149  150  138  117  139  145  154  145  160  163  197  214  221
 [61]  213  254  283  306  292  301  316  297  312  343  382  366  420  441  414
 [76]  438  414  441  443  496  484  486  555  606  589  549  586  660  707  720
 [91]  718  718  796  790  848  888  959  956  992 1008 1008 1061 1158 1122 1194
[106] 1157 1224 1249 1311 1354 1343 1385 1384 1425 1537 1574 1623 1747 1826 1878
[121] 1986

[[149]]
  [1]   10   28   23   19   17   14   29   30   23   26   27   31   37   38   27
 [16]   23   21   39   49   50   52   59   81   82   89   84  110  111   94  101
 [31]  131  141  119  100  118  137  136  150  160  168  185  219  212  235  224
 [46]  208  221  226  270  270  243  307  299  311  300  287  330  333  365  373
 [61]  404  438  413  406  482  495  494  515  569  607  597  595  648  713  699
 [76]  747  767  785  822  783  856  902  890  949  980 1029 1125 1094 1103 1187
 [91] 1240 1269 1259 1271 1426 1496 1551 1601 1644 1715 1757 1780 1933 1998 2126
[106] 2228 2271 2289 2407 2512 2563 2785 2899 2930 3019 3217 3305 3449 3483 3626
[121] 3829

[[150]]
  [1]  10  30  27  16  12  10  15  11  17  16  12  15  24  20  15  15  11  13
 [19]  12  12   7   6   6   7   9  11  13  22  19  15  23  25  26  22  19  18
 [37]  13  11  12  28  26  20  12  16  10  22  21  28  20  32  43  36  33  31
 [55]  33  57  33  27  40  53  53  56  45  51  67  59  55  86  63  52  66  74
 [73]  69 103 109  89  99  75  79  91 111 118 117 103 113 125 137 138 127 159
 [91] 150 161 154 156 158 150 148 163 170 142 167 178 169 192 206 243 251 235
[109] 216 238 300 326 287 345 363 339 311 366 351 436 457

> save(reslist, file=paste("output",iter,".rda",sep=""))
> 
> 
> ###############################################################
> 
> 
> # Clear the workspace and turn off graphics.
> #  Load all the functions you need by sourcing the provided demographic.R file
> #  Read in the job number from the cluster. To do this, your code should include a new
> # variable iter and should start with the line:
> # iter <- as.numeric(Sys.getenv(PBS_ARRAY_INDEX))
> #  Control the random number seeds so that each parallel simulation takes place with a
> # different seed. Your function should therefore set the random number seed as iter so that
> # each parallel simulation has a unique random seed.
> #  In each parallel run, select the initial condition to be used. Ensure that 25 of the parallel
> # simulations are allocated to each of the initial conditions.
> #  Create a variable which is the filename to store your results. The end of the filename
> # should be the number iter to ensure that simulation files do not overwrite one another on
> # the cluster.
> #  Initialise a list which will contain the results of your 150 simulations.
> #  Call the stochastic_simulation function to do the appropriate simulation 150 times,
> # appending the output to the results list, and then save the results list.
> 
> #four initial conditions (25 cluster runs per)
> #each cluster run runs simulation 150 times
> #1) large population of 100 adults
> #2) small population of 10 adults
> #3) 100 individuals spread
> #4) small population of 10 individuals
> 
R has finished running

============================================

        Job resource usage summary 

                 Memory (GB)    NCPUs
 Requested  :         1             1
 Used       :         0 (peak)   0.90 (ave)

============================================
