R is about to run

R version 4.4.1 (2024-06-14) -- "Race for Your Life"
Copyright (C) 2024 The R Foundation for Statistical Computing
Platform: x86_64-conda-linux-gnu

R is free software and comes with ABSOLUTELY NO WARRANTY.
You are welcome to redistribute it under certain conditions.
Type 'license()' or 'licence()' for distribution details.

R is a collaborative project with many contributors.
Type 'contributors()' for more information and
'citation()' on how to cite R or R packages in publications.

Type 'demo()' for some demos, 'help()' for on-line help, or
'help.start()' for an HTML browser interface to help.
Type 'q()' to quit R.

> 
> 
> growth_matrix <- matrix(c(0.1, 0.0, 0.0, 0.0,
+ 0.5, 0.4, 0.0, 0.0,
+ 0.0, 0.4, 0.7, 0.0,
+ 0.0, 0.0, 0.25, 0.4),
+ nrow=4, ncol=4, byrow=T)
> 
> reproduction_matrix <- matrix(c(0.0, 0.0, 0.0, 2.6,
+ 0.0, 0.0, 0.0, 0.0,
+ 0.0, 0.0, 0.0, 0.0,
+ 0.0, 0.0, 0.0, 0.0),
+ nrow=4, ncol=4, byrow=T)
> 
> clutch_distribution <- c(0.06,0.08,0.13,0.15,0.16,0.18,0.15,0.06,0.03)
> 
> #=========================================================================================
> rm(list=ls())
> graphics.off()
> source("Demographic.R")
> source("kl2621_HPC_2024_main.R")
[1] 0 0 0 0 3
[1] 3 3 2 2 2
[1] 2 2
 [1] 7 4 3 3 3 3 3 3 3 2 2 2 2 2 2 2 2 2 2 2 2
> 
> 
> ###4 initial conditions
> 
> ############################################################
> 
> 
> 
> #VVVVVVVVVVVV-------------COMMENT ME OUT WHEN RUNNING THE THING
> #iter <- 5
> #VVVVVVVVVVV--------------UNCOMMENT ME OUT
> iter <- as.numeric(Sys.getenv("PBS_ARRAY_INDEX"))
> set.seed(iter)
> 
> 
> if (iter <= 25) {
+ initial_state <- state_initialise_adult(4,100) #100 adults
+ } else if (iter >25 && iter <= 50) {
+ initial_state <- state_initialise_adult(4,10) #10 adults
+ } else if (iter >50 && iter <= 75) {
+ initial_state <- state_initialise_spread(4,100) #100 spread
+ } else {
+ initial_state <- state_initialise_spread(4,10) #10 spread
+ }
> 
> reslist <- list()
> 
> ####100 cluster runs
> ###################################################
> ####150 runs of stochastic_simulation per cluster run
> for (i in 1:150) {
+     #################################
+     ###120 steps of stochastic_simulation per simulation
+     stochasticresult <- stochastic_simulation(initial_state,growth_matrix,reproduction_matrix,clutch_distribution,120)
+     reslist[[i]] <- stochasticresult
+     #################################
+ }
> ###################################################
> 
> print(reslist)
[[1]]
  [1]  10  18  21  11   9   8   8  13   9   5   9   5   4   4   5  10   7  11
 [19]   9   6   5   4   9   6   4   9   5   4   8  20  16  12  14  15  13  16
 [37]  16  13  11  14  18  20  14  21  21  22  22  17  13  12  19  17  14  21
 [55]  24  19  29  34  37  26  31  29  33  27  29  38  28  18  21  31  27  25
 [73]  21  25  41  33  27  26  29  31  39  34  29  31  28  25  35  49  51  56
 [91]  53  59  48  42  49  59  56  69  86  78  64  63  65  66  65  63  66  65
[109]  72  61  69  66  84 100 103  84  70  95  92  95 103

[[2]]
  [1] 10 18 11  8  5  5  4  8  5  5  4  1  1  1  1  1  1  1  1  1  1  1  1  1  0
 [26]  0  0  0  0  0  0  0  0  0  0  0  0  0  0  0  0  0  0  0  0  0  0  0  0  0
 [51]  0  0  0  0  0  0  0  0  0  0  0  0  0  0  0  0  0  0  0  0  0  0  0  0  0
 [76]  0  0  0  0  0  0  0  0  0  0  0  0  0  0  0  0  0  0  0  0  0  0  0  0  0
[101]  0  0  0  0  0  0  0  0  0  0  0  0  0  0  0  0  0  0  0  0  0

[[3]]
  [1]  10  33  22  13  11  10  14  10  16  17  12  14  11  22  23  20  23  17
 [19]  19  16  15  25  19  21  23  22  24  37  26  19  24  31  36  40  39  58
 [37]  45  48  51  54  58  45  60  50  38  46  43  51  41  50  72  59  48  52
 [55]  50  41  69  65  66  51  58  48  60  54  55  39  39  41  45  43  30  45
 [73]  69  73  77  84  64  60  67  66  77  99  86  90  67  79  71 103 108  94
 [91]  95 104 101  99 116 135 132 134 148 158 188 186 187 215 251 259 260 269
[109] 249 262 327 314 326 315 296 318 339 337 357 400 430

[[4]]
  [1]   10   40   45   33   22   20   28   32   33   36   36   26   28   33   52
 [16]   44   38   30   42   36   37   38   48   55   55   47   58   64   78   66
 [31]   82   78  101   92   85   97  110  109  100  123  100   85  125  138  118
 [46]  100  113  101  103  117  125  123  103  104  131  162  150  149  159  189
 [61]  181  178  181  189  246  238  297  313  362  341  360  356  349  341  396
 [76]  403  433  423  459  459  471  469  499  504  509  505  557  536  546  579
 [91]  586  546  589  569  641  605  669  646  701  754  804  818  785  827  943
[106]  975  996  954 1028 1138 1188 1162 1202 1284 1425 1494 1532 1681 1628 1660
[121] 1757

[[5]]
  [1]   10   36   36   39   25   21   21   35   37   33   27   35   28   40   38
 [16]   64   50   42   33   26   42   40   39   31   24   23   34   51   61   55
 [31]   53   48   47   63   58   73   80   64   71   82   82  113  107   93  112
 [46]   99  107   96  120  131  120  109  126  138  155  164  186  181  148  180
 [61]  170  180  187  199  195  206  272  251  259  229  249  269  297  281  315
 [76]  333  366  401  408  427  443  465  495  518  507  583  556  576  580  623
 [91]  641  628  683  661  674  726  789  819  836  830  837  890  891  903 1011
[106] 1012 1064 1081 1134 1192 1234 1225 1336 1248 1378 1398 1497 1555 1550 1600
[121] 1639

[[6]]
  [1]   10   33   35   31   26   21   17   25   29   41   43   42   37   41   38
 [16]   35   31   29   38   36   41   54   67   58   57   63   58   58   55   57
 [31]   62   54   67   67   61   73   92  102   80   88   93   96  108  116  110
 [46]   98  103   90  103  108   97   93   95  131  143  118  116  112  118  157
 [61]  139  167  203  197  174  179  218  219  255  267  281  322  340  361  381
 [76]  366  374  431  451  444  418  442  455  502  556  540  539  572  524  566
 [91]  582  632  694  663  644  659  685  713  737  739  774  788  946  949  921
[106]  980 1012 1082 1111 1138 1255 1209 1217 1313 1393 1412 1458 1527 1527 1686
[121] 1711

[[7]]
  [1]   10   33   26   26   16   14   18   17   23   27   24   19   17   21   34
 [16]   26   24   19   13   11   23   37   34   29   32   40   39   33   36   29
 [31]   41   35   42   52   41   47   47   58   74   58   65   66   65   66   58
 [46]   51   70   89   87   89   98   90   83   73   80   73   90   93   90   84
 [61]   86  113   96   93  106   96  111  112  119  117  150  171  167  173  191
 [76]  234  245  238  242  232  219  269  275  316  302  294  321  366  360  354
 [91]  350  359  412  410  415  409  457  476  542  535  606  641  647  666  710
[106]  795  736  745  742  769  845  936  959 1004  976 1059 1147 1230 1189 1196
[121] 1262

[[8]]
  [1]  10  34  22  12   9   8   6   8  13   9  10   9  10   9  15  13  17  17
 [19]  10  16  18  15  13  12  11  13  14  19  16  16  17  21  22  16  26  24
 [37]  28  43  40  49  60  48  44  41  61  68  61  61  69  72  75  89  94  74
 [55]  76 105  88 115 114 138 141 152 141 169 152 170 179 206 198 214 221 233
 [73] 224 262 232 263 288 274 271 299 305 320 294 301 375 384 375 364 379 387
 [91] 376 378 399 445 469 479 485 461 506 503 562 579 523 506 507 548 567 544
[109] 546 628 689 677 687 695 714 784 842 865 852 851 906

[[9]]
  [1]   10   32   28   26   27   19   29   26   21   34   33   42   39   45   36
 [16]   43   33   46   47   42   39   36   37   37   44   59   43   40   33   42
 [31]   40   56   45   42   37   46   31   38   44   35   40   34   38   49   56
 [46]   62   57   64   86   87   79   69   76   86  113  116   95  122  112  136
 [61]  171  140  140  145  153  183  192  176  150  184  209  200  209  219  215
 [76]  237  262  287  237  267  310  301  332  318  306  289  322  351  330  310
 [91]  329  310  382  413  425  448  462  508  494  493  523  577  538  533  572
[106]  581  620  675  642  733  742  820  819  878  867  856  943  972 1063 1101
[121] 1102

[[10]]
  [1]   10   40   35   24   17   21   25   31   27   29   40   39   35   30   33
 [16]   41   40   63   56   62   44   48   60   52   52   50   57   71   62   53
 [31]   68   58   59   68   62   71   83   79   78   84   78   98   86   83  106
 [46]   90   79   97   71   85   78   82   67   83   93   94   88   91  102  103
 [61]  105  100  130  110  136  136  128  116  121  132  153  205  186  210  183
 [76]  194  197  201  169  173  202  248  273  284  250  273  300  332  333  332
 [91]  321  371  366  367  361  371  441  446  523  540  576  557  579  653  702
[106]  720  711  788  854  845  944  926  980 1018 1137 1125 1143 1201 1175 1253
[121] 1281

[[11]]
  [1] 10 29 20 15 11 10  9 13 10  8 13  6  6  6  6  7  6 12 13 10 18 10 17 12  9
 [26]  8 17 15 11 18 11  8  8  8  9  9 11 13 11  9  6  5 10  8  6  3  3  3  4  3
 [51]  3  5  2  2  2  1  1  1  1  1  1  1  0  0  0  0  0  0  0  0  0  0  0  0  0
 [76]  0  0  0  0  0  0  0  0  0  0  0  0  0  0  0  0  0  0  0  0  0  0  0  0  0
[101]  0  0  0  0  0  0  0  0  0  0  0  0  0  0  0  0  0  0  0  0  0

[[12]]
  [1]   10   31   25   16   13   13   14   23   30   28   32   26   30   33   26
 [16]   32   38   31   26   24   34   44   57   39   41   37   41   47   48   52
 [31]   58   46   51   43   65   75   57   63   72   80   91   71   71   75  124
 [46]  112  111  106  102  123  131  131  142  138  160  155  209  206  202  201
 [61]  194  227  239  277  288  277  308  304  314  302  331  358  374  374  368
 [76]  382  404  405  394  422  433  448  464  495  540  521  520  597  600  618
 [91]  623  618  635  722  752  773  827  866  917  968 1065 1067 1089 1076 1136
[106] 1150 1292 1323 1442 1510 1572 1616 1636 1567 1680 1823 1804 1853 1879 2005
[121] 2034

[[13]]
  [1]   10   24   26   19   22   17   21   27   26   17   20   25   27   25   21
 [16]   38   33   41   31   45   46   38   30   30   39   40   41   44   47   47
 [31]   44   50   51   62   66   70   64   64   66   63   60   52   57   65   64
 [46]   53   57   63   69   76   80   82   77   81   89  115  126  139  145  164
 [61]  152  153  154  163  143  179  177  181  159  186  185  211  242  236  239
 [76]  260  305  310  281  269  297  308  314  307  332  334  337  363  393  394
 [91]  383  393  394  452  481  533  551  567  547  551  603  711  736  709  707
[106]  776  792  781  771  808  801  824  876  893  963  981 1023 1037 1115 1172
[121] 1223

[[14]]
  [1]  10  19  32  26  17  14  13  17  23  21  17  28  25  23  16  13  15  11
 [19]  13  26  27  23  28  35  30  36  30  24  24  28  36  34  25  30  28  24
 [37]  35  40  36  33  29  31  39  33  35  43  53  46  41  42  55  50  46  43
 [55]  28  21  25  36  35  39  34  30  36  38  36  34  28  26  26  28  44  40
 [73]  50  51  56  40  54  54  46  80  73  69  57  72  64  89  71  75  77  62
 [91]  74  76  73  88  97 101 108 121 105 125 129 127 135 129 122 118 119 125
[109] 131 135 147 154 173 190 198 211 227 227 248 235 217

[[15]]
  [1]   10   20   27   17   15   17   32   22   25   24   19   23   24   22   40
 [16]   36   29   25   22   35   31   53   52   56   54   68   61   81   80   85
 [31]   84  104  110  116   99   82  111  102  115  116  117  114  126  125  136
 [46]  147  172  199  184  183  177  208  200  220  206  232  254  247  256  281
 [61]  261  272  311  299  302  314  354  356  423  419  445  464  509  568  569
 [76]  607  626  575  614  643  689  681  738  820  817  827  802  810  917  995
 [91] 1011 1045 1170 1200 1236 1215 1295 1346 1365 1430 1617 1700 1698 1789 1869
[106] 1852 1885 2001 2083 2150 2173 2185 2278 2562 2631 2688 2863 2953 3079 3112
[121] 3364

[[16]]
  [1]   10   34   32   32   22   15   24   20   23   16   26   26   39   32   38
 [16]   28   25   35   31   37   38   40   39   64   62   45   52   56   65   71
 [31]   60   61   64   65   53   63   68   73   95   86   87   85   92  106   98
 [46]   95  102  136  118  145  128  127  154  134  142  139  125  136  168  155
 [61]  193  169  165  160  192  216  241  211  221  241  275  271  273  316  308
 [76]  289  296  366  409  453  449  438  429  516  520  587  609  616  663  691
 [91]  752  788  879  897  958  922  974 1023 1118 1153 1211 1213 1302 1308 1349
[106] 1424 1441 1461 1563 1745 1826 1917 1890 1874 2037 2089 2339 2337 2273 2408
[121] 2508

[[17]]
  [1]   10   27   18   19   19   19   25   18   23   29   26   22   14   16   20
 [16]   22   16   29   30   21   27   29   24   24   35   47   61   52   48   48
 [31]   54   46   44   54   55   56   65   79   82   69   70   74   55   55   66
 [46]   67   78   77   88  103  110  108  115  105   94  105   94  107  105   90
 [61]   89   96  109  127  122  118  133  129  108  128  132  174  206  197  208
 [76]  228  256  273  253  261  308  290  317  334  345  355  383  428  419  468
 [91]  502  530  550  530  560  587  655  677  648  672  740  780  795  798  812
[106]  877  891  841  941  976 1040 1050 1078 1143 1229 1307 1329 1381 1364 1435
[121] 1496

[[18]]
  [1]   10   35   30   19   16   15   18   21   28   26   36   37   40   46   48
 [16]   57   50   47   42   70   67   60   58   68   66   64   61   51   84  100
 [31]   87   84   76   68   76   76   96   94   86   78   85  110  112  110  107
 [46]  115  114   96  113  118  114  138  145  129  122  137  156  163  157  160
 [61]  159  196  188  199  220  227  236  239  229  264  288  287  281  256  249
 [76]  292  319  352  369  380  390  402  420  436  426  477  496  472  522  581
 [91]  660  635  649  661  667  667  752  740  791  753  756  796  829  900  925
[106]  978  998 1008 1064 1125 1197 1194 1247 1273 1407 1371 1484 1487 1568 1560
[121] 1636

[[19]]
  [1]  10  34  39  29  23  32  33  25  18  15  29  23  34  20  18  24  22  21
 [19]  24  21  22  22  37  29  33  22  20  14  15  14  17   9   7   7  14  17
 [37]  11  10  14  29  27  21  23  25  31  31  34  35  37  35  36  39  39  40
 [55]  33  32  37  30  31  21  29  25  29  41  38  45  47  37  37  42  36  44
 [73]  59  66  65  70  55  55  67  86  81  82  74  88  97 118 109 112 103  95
 [91] 106 125 134 124 112 113 133 140 151 150 153 169 154 201 210 220 196 226
[109] 239 233 240 236 261 254 267 282 302 282 295 320 347

[[20]]
  [1]   10   40   36   26   22   24   24   36   33   17   30   31   19   16   21
 [16]   35   33   29   20   33   30   33   35   29   34   42   38   46   61   44
 [31]   49   60   64   51   48   51   48   51   38   47   37   55   49   49   59
 [46]   56   53   45   49   64   75   77   86   88   98  107  116  119  115  106
 [61]  111  119  132  132  139  136  146  171  176  194  195  184  201  213  218
 [76]  230  239  246  275  281  259  298  283  296  350  412  403  389  377  395
 [91]  439  476  458  492  514  537  581  540  576  589  621  632  677  704  677
[106]  712  737  750  742  713  800  816  821  847  925  960  943  940 1003 1131
[121] 1106

[[21]]
  [1]   10   39   44   32   28   32   29   34   27   31   24   33   31   40   34
 [16]   30   22   32   25   34   36   24   29   19   20   24   27   36   49   44
 [31]   35   39   66   82   65   52   50   65   58   70   85   91   91   95   90
 [46]  117  120  149  139  130  122  143  146  129  148  137  179  178  195  209
 [61]  188  179  178  192  227  218  218  238  268  277  293  300  294  315  366
 [76]  352  338  341  375  381  366  369  364  416  440  426  384  429  459  483
 [91]  505  532  526  529  551  586  609  643  614  640  686  674  694  706  808
[106]  774  790  853  833  894  930 1005 1063 1101 1115 1176 1199 1215 1191 1308
[121] 1397

[[22]]
  [1]   10   46   48   42   44   46   46   45   53   68   78   60   49   62   73
 [16]   91   67   70   81   77   90   67   95  114  110  132  138  162  159  166
 [31]  152  160  173  145  165  211  228  218  215  240  237  260  274  260  271
 [46]  309  342  320  358  364  354  359  316  337  398  406  398  409  393  403
 [61]  433  444  418  454  479  505  514  502  551  535  576  602  583  603  651
 [76]  630  677  649  715  762  788  869  884  855  906  956 1059 1036 1069 1121
 [91] 1178 1124 1131 1313 1393 1383 1419 1613 1636 1796 1841 1987 2015 2068 2103
[106] 2215 2314 2366 2492 2606 2664 2794 3128 3093 3079 3326 3522 3640 3728 3877
[121] 4005

[[23]]
  [1]   10   22   33   36   29   28   41   50   51   72   56   50   63   69   76
 [16]   85   91   87   97   99   94  109  108  107  116  108  134  135  137  148
 [31]  136  119  138  192  193  197  173  200  207  232  229  264  246  258  271
 [46]  331  294  298  340  306  319  345  383  402  444  467  496  495  551  574
 [61]  599  620  641  697  715  748  788  743  764  816  878  875  872  909 1001
 [76] 1022 1053 1029 1063 1163 1214 1239 1263 1310 1399 1482 1461 1551 1652 1812
 [91] 1816 1907 1944 2034 2101 2187 2357 2541 2634 2641 2706 2831 3024 3066 3120
[106] 3286 3392 3465 3620 3825 3940 4184 4353 4470 4552 4768 4990 5030 5287 5497
[121] 5755

[[24]]
  [1]   10   14   27   25   19   15   19   23   43   33   42   39   44   36   40
 [16]   39   36   34   44   48   41   41   37   44   36   39   73   71   60   61
 [31]   53   67   56   88   67   62   56   65   50   67   69   86  101  103  121
 [46]  123  133  124  144  133  134  145  137  143  138  157  132  137  162  146
 [61]  138  157  147  187  170  187  226  261  242  242  221  218  239  265  268
 [76]  288  286  282  311  361  369  389  394  396  431  461  520  555  562  582
 [91]  569  631  674  639  707  659  751  746  784  833  833  854  941  935  945
[106]  952 1014 1101 1084 1176 1188 1276 1340 1381 1422 1452 1512 1518 1619 1627
[121] 1716

[[25]]
  [1]   10   47   38   28   31   32   31   29   21   19   21   28   34   28   31
 [16]   34   34   34   49   53   44   45   47   56   82   79   84   94   93   87
 [31]  106  109  117  126  110  118  112  105  146  168  123  114  109  131  125
 [46]  120  124  150  146  154  176  182  179  158  171  190  216  229  186  226
 [61]  231  234  266  235  250  240  259  296  316  320  335  331  332  394  397
 [76]  405  387  470  483  537  493  529  572  604  648  603  643  681  752  721
 [91]  751  783  834  829  914  903  927  989 1026 1066 1088 1074 1076 1083 1209
[106] 1267 1320 1372 1375 1398 1503 1576 1717 1721 1766 1801 1869 1986 2056 2175
[121] 2185

[[26]]
  [1]   10   32   28   20   13   10    8    9    8   14   28   36   22   25   26
 [16]   20   15   23   32   32   24   21   25   27   22   32   27   30   41   37
 [31]   42   38   37   42   47   57   68   52   64   52   54   53   92  100   98
 [46]  109  104  125  129  116  136  123  118  157  163  154  136  148  130  160
 [61]  165  166  158  161  178  169  180  199  207  201  214  234  254  238  256
 [76]  276  282  294  284  300  340  317  338  321  352  369  351  380  396  395
 [91]  403  443  459  449  459  492  543  563  630  610  601  625  701  729  719
[106]  714  738  815  825  872  908  925  919  998 1071 1087 1158 1194 1181 1251
[121] 1315

[[27]]
  [1] 10 26 17  8  7  5  7  4  3  3  3  3  3  3  2  1  1  1  1  5  1  0  0  0  0
 [26]  0  0  0  0  0  0  0  0  0  0  0  0  0  0  0  0  0  0  0  0  0  0  0  0  0
 [51]  0  0  0  0  0  0  0  0  0  0  0  0  0  0  0  0  0  0  0  0  0  0  0  0  0
 [76]  0  0  0  0  0  0  0  0  0  0  0  0  0  0  0  0  0  0  0  0  0  0  0  0  0
[101]  0  0  0  0  0  0  0  0  0  0  0  0  0  0  0  0  0  0  0  0  0

[[28]]
  [1]   10   33   24   25   18   21   22   11   17   12    8   11   19   12   12
 [16]   16   12   11    8    6    8   14   13   10    8   22   19   20   27   35
 [31]   34   41   32   31   42   48   47   55   52   62   89   85   95  111  114
 [46]  116  106  144  129  168  169  172  172  160  188  179  182  189  198  208
 [61]  234  247  259  238  286  299  329  319  343  377  423  398  427  487  500
 [76]  505  489  539  620  625  610  687  700  736  770  811  900  929 1014  961
 [91]  983 1080 1165 1168 1303 1434 1408 1540 1610 1641 1759 1890 1965 2103 2103
[106] 2177 2318 2422 2472 2471 2529 2689 2818 2912 2994 3091 3311 3311 3481 3645
[121] 3680

[[29]]
  [1]  10  16  11  12   9   9   7  16  10   6   5   4   8   6   5   3   3   8
 [19]  12  11  10   9  13  18  30  36  29  26  20  33  23  31  26  41  38  40
 [37]  33  25  36  42  38  52  69  59  64  72  82  74  74  61  60  81  87 100
 [55]  98  98  99 109 125 132 144 146 156 160 199 193 190 177 151 157 189 214
 [73] 214 201 190 203 215 232 187 209 212 208 233 232 211 207 229 234 270 267
 [91] 257 272 284 312 346 364 394 400 372 429 461 443 417 415 432 430 441 502
[109] 519 509 570 618 606 559 569 634 712 711 722 705 799

[[30]]
  [1]   10   41   38   27   21   23   28   34   38   45   39   38   47   53   54
 [16]   72   67   83   75  105   81   80   88   85   76   78  125  121  134  126
 [31]  107  114  134  116  135  140  168  139  164  164  164  187  189  213  220
 [46]  225  214  258  257  262  258  259  342  347  361  345  345  360  382  424
 [61]  418  402  389  422  467  466  492  490  521  538  525  551  559  574  584
 [76]  640  604  659  691  655  715  733  733  784  848  847  905  971  924  963
 [91] 1004 1075 1120 1117 1168 1258 1351 1335 1341 1446 1472 1565 1688 1677 1700
[106] 1774 1867 1967 1945 2023 2082 2305 2385 2408 2421 2578 2650 2810 3001 3116
[121] 3128

[[31]]
  [1]   10   35   27   24   16   19   21   18   27   19   21   21   30   31   27
 [16]   28   30   33   37   32   44   55   55   57   49   46   48   44   57   54
 [31]   53   47   64   70   76   61   61   73   73   67   73   70   79   89   86
 [46]   98  153  137  155  139  134  146  155  194  188  199  173  200  200  181
 [61]  162  182  172  188  210  203  196  219  219  197  214  218  204  226  245
 [76]  235  207  220  258  276  267  261  247  259  276  266  293  308  332  327
 [91]  355  384  396  399  405  446  461  493  484  499  453  487  576  598  633
[106]  671  654  673  690  708  686  725  813  921  991 1024 1073 1173 1236 1249
[121] 1221

[[32]]
  [1]  10  16  34  28  18  17  20  28  21  21  16  28  21  18  21  17  15  11
 [19]  14  13  10  13  35  31  19  18  12  18  21  19  26  23  18  16  25  22
 [37]  22  35  40  42  33  29  36  34  48  45  34  35  28  27  27  25  34  27
 [55]  22  18  22  24  29  34  31  37  41  28  45  32  36  52  39  30  43  39
 [73]  42  40  34  47  47  63  80  54  62  59  70  63  62  64  73  85  85  93
 [91]  90 103 114 124 128 122 118 136 133 146 151 193 187 201 200 198 237 265
[109] 254 254 252 299 315 304 367 361 374 476 451 414 438

[[33]]
  [1]  10  34  34  29  20  19  19  23  31  33  30  28  33  38  32  36  42  42
 [19]  32  38  33  33  29  27  19  31  20  13  10  14  20  21  15  12  13  12
 [37]  15  16  10   7   6  20  20  15  14  16  17  23  25  25  18  23  29  23
 [55]  21  17  16  20  25  41  40  39  34  39  40  41  41  43  34  45  44  39
 [73]  46  64  47  57  58  55  59  82  70  77  69  68  80  80  63  63  55  72
 [91]  72  95  96  90  81  78  79 103 106 101  85  95  97  98  92  86  83  90
[109]  80 108  97 114 119 126 133 149 144 133 143 161 178

[[34]]
  [1]   10   33   29   30   32   31   33   35   38   51   39   43   39   40   43
 [16]   58   59   55   62   58   60   61   61   67   69   89   85  105  105   91
 [31]   71   71   68   81   98  100  111   84  110  118  123  151  164  178  150
 [46]  148  185  199  207  190  175  166  196  193  210  227  232  246  246  256
 [61]  270  260  240  301  298  302  316  314  325  311  308  358  379  383  367
 [76]  429  457  446  459  466  544  550  516  566  611  621  625  701  727  689
 [91]  717  771  767  782  809  766  793  952  982  998 1005 1066 1168 1219 1265
[106] 1287 1305 1349 1381 1459 1529 1631 1667 1637 1724 1890 1976 2036 2113 2159
[121] 2215

[[35]]
  [1]   10   26   26   28   17   18   26   25   46   41   30   35   37   37   33
 [16]   36   41   36   45   43   36   46   43   42   42   31   35   32   38   34
 [31]   44   66   64   62   81   72   75   65   59   64   92   92   84  100   94
 [46]  108   93  115  108   99  126  122  127  152  175  160  184  216  227  223
 [61]  247  235  255  262  313  294  301  290  324  363  343  388  402  424  413
 [76]  428  485  522  539  561  617  665  703  736  755  770  769  818  870  974
 [91]  957 1041 1091 1122 1117 1162 1275 1342 1372 1410 1504 1588 1630 1646 1743
[106] 1840 1880 1855 1987 2139 2167 2116 2133 2203 2430 2433 2531 2785 2873 2930
[121] 2914

[[36]]
  [1]  10  37  35  33  33  25  25  30  31  36  28  31  33  25  25  23  23  19
 [19]  14  10  14  11  13  15  19  14  30  18  18  17  20  17  15  13  30  20
 [37]  26  22  20  25  31  36  48  39  38  34  44  62  44  31  47  58  64  46
 [55]  45  60  69  90 101  82  91  76  73 104  93 130 101 113 136 126 123 140
 [73] 141 140 131 164 184 169 179 195 196 217 208 212 230 222 219 243 258 259
 [91] 282 300 357 337 337 361 389 417 418 432 464 476 449 472 496 529 512 567
[109] 605 635 600 645 676 772 724 783 811 845 920 943 972

[[37]]
  [1]   10   21   26   20   17   20   22   21   19   15   15   13   14   33   27
 [16]   33   23   17   18   19   19   20   29   27   23   28   37   33   37   41
 [31]   42   46   62   61   62   70   89   76   84   84   92   84   96  103  124
 [46]  116  119  114  125  142  152  140  141  165  170  190  179  189  180  219
 [61]  215  212  245  280  265  253  272  292  299  312  319  352  337  360  366
 [76]  379  413  360  373  437  472  431  468  508  537  576  559  573  627  624
 [91]  651  692  722  736  714  765  816  845  914  949 1028 1055 1149 1205 1208
[106] 1284 1350 1403 1471 1506 1591 1641 1593 1544 1709 1731 1886 1884 1934 2085
[121] 2179

[[38]]
  [1]   10   37   25   15   12   11   16   21   18   28   22   16   18   36   28
 [16]   18   34   34   34   46   57   51   52   63   65   73   72   71   64   51
 [31]   81   74   77   82   98   95  103  112  126  121  147  141  151  152  160
 [46]  193  183  192  174  195  234  287  281  258  271  310  296  318  340  352
 [61]  381  407  431  417  448  470  446  491  509  520  593  507  570  631  670
 [76]  696  704  724  788  826  865  871  903  956 1039 1041 1123 1181 1255 1188
 [91] 1248 1365 1414 1382 1460 1494 1551 1607 1769 1784 1907 1919 2010 2089 2153
[106] 2224 2316 2495 2566 2541 2529 2650 2718 2864 2904 2944 3059 3212 3461 3622
[121] 3635

[[39]]
  [1]   10   23   19   22   18   20   21   36   32   23   21   38   37   44   30
 [16]   23   34   39   39   34   25   34   31   32   35   35   38   42   32   30
 [31]   28   37   39   53   63   67   69   69   78   84   81   83   83  103   93
 [46]   91   89   89   76   96  123  136  147  161  145  144  135  168  173  182
 [61]  171  178  176  186  203  205  215  219  269  272  303  288  294  307  304
 [76]  326  331  314  328  367  363  340  357  378  414  413  499  473  543  541
 [91]  542  576  580  639  614  691  756  736  721  766  822  845  831  924  908
[106]  903  955 1053 1181 1143 1105 1141 1240 1322 1336 1321 1388 1498 1609 1630
[121] 1696

[[40]]
  [1]   10   32   29   24   25   19   25   24   39   35   28   27   32   49   50
 [16]   69   54   51   51   38   44   45   32   41   69   62   71   63   66   69
 [31]   70   63   73   72   81   93   93   90   75   82   83   83   67   90   96
 [46]  100  103  112  120  100  124  134  130  144  147  145  168  176  201  195
 [61]  212  215  262  293  304  305  300  311  334  342  399  425  417  461  474
 [76]  485  454  495  493  565  602  657  595  592  621  675  707  751  742  785
 [91]  768  808  818  876  906  978  970 1020 1098 1116 1157 1180 1201 1225 1269
[106] 1342 1352 1542 1577 1588 1639 1673 1790 1883 1954 2130 2179 2314 2427 2552
[121] 2666

[[41]]
  [1]   10   40   36   32   29   28   37   45   42   63   72   69   49   39   31
 [16]   31   36   57   50   54   51   53   52   57   49   62   69   75   66   77
 [31]   70   78   65   70   89   91   85   79   80   84   82   94   95   94   86
 [46]   76  104  119  135  124  122  122  135  180  173  210  185  210  216  259
 [61]  254  231  254  274  273  293  299  289  317  305  323  366  396  381  393
 [76]  414  421  476  512  487  515  529  504  524  588  622  679  705  740  702
 [91]  783  809  874  889  982 1004  966  991 1012 1045 1161 1129 1182 1246 1260
[106] 1354 1335 1363 1401 1506 1634 1724 1755 1780 1892 2082 2114 2162 2235 2366
[121] 2506

[[42]]
  [1]   10   21   24   14   20   20   27   24   25   18   26   34   26   18   16
 [16]   16   30   32   32   27   22   20   22   23   14   16   21   23   17   15
 [31]   21   33   28   33   27   30   24   29   40   44   42   42   47   50   60
 [46]   65   56   57   44   47   60   74   74   91   80   86   98   80  100   92
 [61]   89  101  107  134  130  127  135  125  130  143  203  199  198  181  179
 [76]  204  232  255  266  255  230  275  302  332  290  304  314  383  388  410
 [91]  407  378  417  427  440  444  440  478  490  507  549  620  603  577  601
[106]  664  724  749  752  787  822  870  878  892  957 1071 1106 1122 1182 1273
[121] 1346

[[43]]
  [1]   10   29   18   18   15   20   15   12   11    6   13   14   17   20   18
 [16]   19   27   34   28   30   43   31   39   35   53   57   50   48   56   71
 [31]   73   78   79   89  106  120  109  103   97  103   98  109  111  133  107
 [46]  113  133  147  159  143  135  144  168  183  179  177  193  226  250  241
 [61]  240  255  269  297  280  290  270  291  305  314  372  347  383  381  386
 [76]  393  384  497  555  517  546  552  536  618  649  669  676  672  689  680
 [91]  727  759  794  831  829  810  871  939  909  974 1014 1096 1183 1141 1216
[106] 1250 1302 1351 1414 1505 1543 1717 1647 1590 1694 1732 1866 1972 1919 1997
[121] 2032

[[44]]
  [1]   10   27   18   15   15   28   24   23   24   23   16   23   32   30   20
 [16]   26   18   23   32   42   37   42   34   35   40   29   32   30   34   51
 [31]   46   56   48   83   65   67   65   88   79   89   83   82   75   72   85
 [46]   71   94  104   97   90   99  113  114  139  131  158  180  175  181  172
 [61]  172  199  206  198  228  226  203  189  204  225  226  237  243  251  220
 [76]  247  237  231  228  247  257  237  287  266  263  272  255  278  277  315
 [91]  325  335  329  390  380  411  405  444  469  435  476  479  531  538  617
[106]  622  603  609  631  662  711  742  745  742  774  794  846  928  884  939
[121] 1013

[[45]]
  [1]  10  45  32  22  18  17  17  12  10  10   8   8   7  11  12  12  11   9
 [19]   8   7   6   9   9  16  15  14  13  15  16  18  18  18  38  34  40  37
 [37]  39  42  51  45  44  44  53  54  38  47  50  66  66  58  56  49  51  47
 [55]  82 109  82  70  63  68  94 110 109 115 116 118 131 129 149 161 138 160
 [73] 200 184 200 206 227 196 208 221 204 276 252 267 271 311 257 252 249 254
 [91] 269 282 280 326 337 356 367 401 389 438 424 440 487 523 534 524 536 575
[109] 555 608 645 618 610 652 707 774 784 778 788 817 920

[[46]]
  [1]   10   32   26   19   18   16   22   20   29   16   13   18   22   29   32
 [16]   47   31   35   32   35   44   53   53   45   47   56   53   63   59   51
 [31]   59   58   82   70   70   74   69   86   91   81   79  101  134  148  142
 [46]  139  156  161  161  170  207  217  197  216  230  233  266  248  239  268
 [61]  304  330  298  324  310  328  305  332  339  339  373  395  362  354  392
 [76]  425  400  426  485  432  452  515  537  529  557  558  590  597  652  692
 [91]  700  728  839  834  877  935  905  902  957  961 1092 1080 1053 1103 1155
[106] 1190 1208 1244 1283 1413 1472 1518 1618 1613 1687 1766 1778 1914 1956 2071
[121] 2130

[[47]]
  [1]   10   49   38   33   29   33   32   36   45   62   87   76   71   95  132
 [16]  130  108  114  128  114  119  144  178  193  177  169  166  175  203  236
 [31]  235  221  206  256  244  242  252  290  298  325  316  295  325  361  391
 [46]  364  380  364  409  435  486  516  523  549  526  540  641  667  695  735
 [61]  703  740  821  837  812  807  833  818  878  899  899  916  955 1014 1056
 [76] 1154 1197 1183 1215 1307 1496 1461 1530 1600 1683 1735 1817 1842 1953 1964
 [91] 2184 2271 2385 2440 2563 2704 2734 2802 2832 3039 3221 3446 3642 3772 3906
[106] 4018 4190 4460 4876 5059 5205 5374 5552 5829 5983 6315 6470 6900 7110 7462
[121] 7714

[[48]]
  [1] 10 24 27 25 19 16 15 12 20 28 19 14 17 15 19 23 20 22 21 15 29 24 16 13 22
 [26] 30 17 21 11 16 12 21 21 18 20 19 14 18 19 15 15 14 13 14 11  7  7  9 21 14
 [51] 14 11  9 17 16 12 16 16 10 14 19 16 17 13 12 10 12 10 14 34 32 26 16 15 12
 [76] 16 23 21 21 19 21 20 22 18 27 25 18 23 21 21 28 29 29 31 41 37 42 45 48 48
[101] 49 41 53 58 47 54 40 52 61 85 72 66 63 81 95 85 74 81 77 64 95

[[49]]
  [1]   10   13   15   10    9    8   13   11    8   27   33   23   22   32   37
 [16]   49   48   66   54   50   44   53   62   67   67   73   65   70   75   79
 [31]   80   75   88   75  103  120  123  114  105  126  127  118  121  138  128
 [46]  124  125  130  143  176  140  141  145  187  186  162  166  206  242  229
 [61]  253  254  221  243  300  292  319  307  305  320  341  374  354  380  402
 [76]  397  445  446  484  510  558  603  635  615  634  677  656  716  789  814
 [91]  791  874  941  945  963  974  992 1065 1054 1096 1148 1173 1217 1293 1335
[106] 1390 1331 1418 1434 1577 1670 1624 1659 1729 1784 1896 1913 1987 2065 2032
[121] 2271

[[50]]
  [1]  10  33  23  18  21  23  31  23  23  19  25  27  34  36  28  28  30  31
 [19]  34  36  48  41  39  46  37  33  35  31  28  27  47  44  38  44  55  49
 [37]  48  46  47  48  51  45  46  38  62  64  49  42  46  42  85  71  57  57
 [55]  55  61  82  82  81  81  74  75  77  82  93  91  95  87  87  86 114 105
 [73]  85 120 125 135 120 129 132 132 153 145 159 166 166 188 174 198 212 213
 [91] 245 242 259 301 312 359 335 368 363 349 383 388 413 452 435 434 482 553
[109] 579 529 556 552 541 592 585 599 559 588 656 679 676

[[51]]
  [1]  10  21  26  16  15  16  15  13  11  18  10   7   6  16  15  11  10  10
 [19]  15  17  19  15  19  20  23  15  18  13  19  24  11  11  14  25  21  26
 [37]  26  24  27  28  23  35  45  35  34  29  35  30  30  28  23  30  26  29
 [55]  33  27  26  23  26  28  31  37  30  38  39  35  36  41  33  44  43  48
 [73]  63  65  73  67  55  58  64  77  70  68  76  76  71  62  63  76  62  55
 [91]  53  67  61  68  61  76  88  92  87  75  95  95  87  95  92 110 120 107
[109] 106 105  91  95 116 122 154 135 158 158 165 162 186

[[52]]
  [1]   10   33   26   19   17   14   17   20   20   18   21   15   19   24   19
 [16]   19   27   33   34   30   24   26   24   32   38   30   28   34   42   44
 [31]   41   36   34   31   45   46   44   35   36   36   46   55   48   59   54
 [46]   54   61   77   76   69   77   71   69   81   81   80   69   73   91   83
 [61]  110  103   96  102  106  145  146  163  172  192  157  187  162  194  164
 [76]  178  172  175  198  230  241  242  230  242  231  273  281  269  276  326
 [91]  333  347  316  343  392  387  408  460  435  484  538  558  553  549  585
[106]  650  682  645  613  633  699  771  879  883  873  903  976 1067 1123 1217
[121] 1231

[[53]]
  [1]   10   39   32   21   19   21   18   17   13   20   20   27   34   36   40
 [16]   30   35   41   54   66   57   65   49   71   79   78   76   66   81   65
 [31]   90  102   98   94   91   90   88  128  108   94  103   99  114  118  143
 [46]  119  113  140  126  125  138  151  176  168  205  216  230  213  225  225
 [61]  223  224  252  271  271  259  277  291  302  353  356  349  317  342  359
 [76]  438  458  452  449  446  466  478  522  527  521  597  654  621  640  677
 [91]  739  785  783  822  863  856  833  886  942 1008 1095 1101 1157 1148 1241
[106] 1231 1245 1373 1366 1382 1468 1511 1574 1716 1784 1870 2002 1885 2018 2097
[121] 2165

[[54]]
  [1]  10  11   6   9   7   7  13   9  14  13  15  10   8   7  19  11  15  12
 [19]  23  17  25  29  33  23  20  22  26  22  16  27  25  27  23  29  34  26
 [37]  30  27  38  34  41  56  45  42  47  37  40  51  54  58  63  69  58  63
 [55]  56  55  65  61  78  83  67  77 113 122 113 112  99 117 117 114 113 126
 [73] 141 130 171 186 183 182 168 183 164 186 188 175 175 173 214 248 260 247
 [91] 261 261 287 308 332 314 331 339 356 354 356 388 423 403 448 520 472 468
[109] 454 508 526 553 587 605 608 649 663 686 728 774 760

[[55]]
  [1]   10   19   27   16   14   11    9   26   17   13   15   11   11   15   16
 [16]   20   27   18   19   18   32   21   29   24   21   20   26   37   42   45
 [31]   38   44   49   42   55   47   44   54   64   55   64   45   54   48   61
 [46]   64   68   82   73   71   79  105  100  111  102  107   81  105  122  103
 [61]  117  130  136  109  129  131  128  140  168  179  146  153  154  151  175
 [76]  159  167  155  151  191  192  197  231  238  253  244  264  289  301  298
 [91]  288  293  323  320  321  315  367  399  451  434  501  446  501  510  595
[106]  630  623  609  659  663  703  766  802  838  847  918  975 1031 1006 1055
[121] 1011

[[56]]
  [1]  10  25  22  24  24  17  19  26  16  17  16  32  25  21  23  25  27  19
 [19]  15  23  28  21  19  24  15  17  23  32  32  27  30  30  37  30  29  26
 [37]  23  31  53  34  29  38  37  31  31  44  43  53  45  49  52  55  62  53
 [55]  71  74  68  57  71  68  85 108  92  83 106 116 112 121 132 142 139 143
 [73] 160 155 155 161 150 152 179 179 200 178 179 188 253 291 249 285 271 271
 [91] 309 358 355 348 382 347 378 390 436 427 445 453 455 446 444 481 473 455
[109] 491 553 563 585 637 648 685 730 750 782 838 851 942

[[57]]
  [1]   10   21   30   18   16   12   16   32   29   37   34   31   32   28   27
 [16]   31   30   38   38   42   37   42   39   34   45   55   78   74   71   83
 [31]   79   90   90   75   77   96   82   79   93   91   99   93   99  112   95
 [46]  109  119  125  122  128  128  141  146  138  143  159  146  150  156  199
 [61]  181  167  181  194  206  214  232  245  281  307  320  313  306  324  344
 [76]  341  339  355  353  378  372  403  446  434  472  501  557  585  574  629
 [91]  648  714  681  733  831  853  846  929  958  932  949 1098 1064 1117 1145
[106] 1240 1286 1320 1386 1432 1524 1592 1570 1660 1784 1829 1747 1861 2001 2088
[121] 2093

[[58]]
  [1]   10   35   35   26   25   38   47   49   53   48   77   75   77   64   75
 [16]   80   93  107  117  125  117  143  153  170  169  172  170  162  173  162
 [31]  193  202  197  215  194  199  216  200  234  229  240  210  221  254  255
 [46]  287  284  304  281  325  316  308  318  331  352  392  416  437  454  468
 [61]  486  507  544  507  532  588  601  635  628  653  666  669  742  798  824
 [76]  807  805  870  939  981 1021 1060 1054 1097 1160 1162 1276 1377 1402 1477
 [91] 1520 1555 1567 1581 1651 1677 1701 1822 1914 1902 2003 2187 2286 2384 2454
[106] 2481 2622 2586 2633 2870 2872 3023 3137 3245 3346 3574 3706 3844 3901 4099
[121] 4208

[[59]]
  [1]   10   40   37   29   25   38   42   32   37   31   29   45   39   42   49
 [16]   47   54   37   47   50   52   48   49   44   44   51   49   60   64   62
 [31]   58   84   99  101   82   97   79  112  116  117  116  112  125  130  112
 [46]  120  130  143  164  150  211  192  208  223  203  226  259  266  310  334
 [61]  369  337  362  363  402  401  406  444  426  444  441  448  465  449  472
 [76]  508  605  592  579  611  665  720  737  796  816  820  861  859  967 1021
 [91] 1040 1042 1094 1149 1287 1321 1317 1387 1443 1478 1497 1659 1701 1739 1721
[106] 1798 1936 2047 2017 2121 2219 2448 2439 2521 2602 2811 3003 2928 3164 3250
[121] 3336

[[60]]
  [1] 10 14  8  6  5  4  4  3  3 10  8  7  5  2  1  1  1  1  6  9 10  6  5  6 13
 [26] 12  7  3  5  3  3  2  2  1  1  1  1  1  1  1  1  3  2  1  1  1  1  1  1  0
 [51]  0  0  0  0  0  0  0  0  0  0  0  0  0  0  0  0  0  0  0  0  0  0  0  0  0
 [76]  0  0  0  0  0  0  0  0  0  0  0  0  0  0  0  0  0  0  0  0  0  0  0  0  0
[101]  0  0  0  0  0  0  0  0  0  0  0  0  0  0  0  0  0  0  0  0  0

[[61]]
  [1] 10  9 25 20 12 11 11 10 11  8  8  8 18  9 14 14 10  8  7  7 14 15 11  9 12
 [26] 21 15 20 22 27 24 27 23 18 16 12 26 12  9  8  7  6 18 10  8  7 12 13 17 13
 [51]  6  3  3  3  2  2  5  2  2  2  1  1  9  6  4  7  6  4  3  3  2  2 13  8  6
 [76]  5  4  3  3  7  8 10 14 11 11 13 11 20 11  8  9 16 11  8  8 14 11 11 15  9
[101]  9 10 19 17 19 14 20 21 17 12 16 18 16 12 11 15 20 16 19 20 23

[[62]]
  [1]   10   27   15    9    8    6   19   16   13   13   23   27   27   31   29
 [16]   37   40   32   31   38   51   43   51   54   60   59   74   69   86   83
 [31]   87   72   72   90  105   90   98   98  103  113  154  159  170  149  148
 [46]  154  159  160  182  204  222  218  224  223  246  276  258  262  253  271
 [61]  286  299  289  291  287  318  324  343  352  369  333  377  337  369  422
 [76]  490  504  477  466  491  558  549  568  584  610  624  604  662  676  731
 [91]  701  733  830  884  882  961 1009 1075 1019 1139 1223 1334 1419 1476 1506
[106] 1601 1604 1716 1760 1844 1930 2045 2159 2243 2240 2319 2393 2568 2604 2573
[121] 2770

[[63]]
  [1]   10   50   36   27   21   17   21   22   21   31   32   30   24   29   30
 [16]   50   34   43   35   40   38   50   40   44   52   55   70   79   80   89
 [31]   96  109   94  117  113  110  122  123  162  154  164  148  162  143  144
 [46]  158  166  156  157  151  177  189  155  143  161  184  200  210  185  213
 [61]  231  243  276  295  293  289  311  340  340  367  364  370  371  410  463
 [76]  496  521  549  567  578  563  561  596  627  714  710  707  753  748  782
 [91]  834  848  836  833  893  884  950  991 1073 1072 1136 1218 1222 1251 1307
[106] 1488 1498 1539 1576 1627 1763 1746 1806 1893 1902 2034 2289 2281 2306 2325
[121] 2377

[[64]]
  [1] 10 20 19 11  9  8  9 20 16 14 12 12 28 20 24 20 16 21 20 40 32 27 28 25 28
 [26] 29 26 27 32 23 26 26 23 14 12 15 15 15 14 17 17 11 13  9  6  6  6 12 19 13
 [51] 15 16 12 25 23 20 23 16 19 37 30 24 24 23 27 24 35 29 23 23 22 27 29 31 21
 [76] 27 20 24 28 31 38 24 21 16 22 20 26 29 22 19 17 20 22 39 38 38 37 41 50 46
[101] 49 51 47 46 64 90 85 69 65 63 55 69 79 69 68 67 65 74 74 72 64

[[65]]
  [1]   10   25   21   18   15   12   39   40   38   30   39   45   45   47   62
 [16]   47   60   68   76   59   62   78   71   73   76  102  104  105   99   83
 [31]  114   86  105  121  134  138  140  139  144  149  174  174  155  191  206
 [46]  201  191  174  184  172  209  210  190  209  224  229  250  296  303  312
 [61]  320  353  360  388  358  343  332  343  391  387  403  407  426  466  476
 [76]  551  507  541  542  556  595  624  721  729  776  811  819  813  917  992
 [91]  986 1065 1077 1110 1113 1216 1300 1347 1417 1463 1508 1527 1569 1602 1719
[106] 1711 1768 1846 1904 2010 2124 2258 2310 2400 2510 2705 2815 2956 3010 3104
[121] 3189

[[66]]
  [1]   10   31   30   24   19   17   21   30   30   31   30   40   43   33   29
 [16]   33   53   53   47   48   37   37   51   43   32   27   37   35   37   25
 [31]   27   36   37   47   53   58   68   53   41   58   58   79   85   93   76
 [46]   96  124  134  136  118  100  110  106  114  144  138  149  152  146  135
 [61]  130  155  135  160  196  181  188  184  163  192  184  167  182  182  162
 [76]  162  185  193  205  231  217  236  297  294  331  372  368  363  361  425
 [91]  449  462  435  474  488  526  554  547  598  608  633  683  703  722  706
[106]  692  782  855  819  887  912  958  999 1072 1164 1227 1202 1187 1174 1364
[121] 1433

[[67]]
  [1]  10  30  24  24  18  16  13   9  14  22  18  19  18  11   8  19  15  15
 [19]  14  22  15  18  27  35  27  27  20  19  23  28  37  34  38  30  40  32
 [37]  30  31  27  29  35  37  37  35  28  28  22  39  44  48  45  43  48  62
 [55]  58  56  47  45  46  55  50  45  45  40  48  34  42  43  44  47  58  51
 [73]  47  58  54  49  38  43  43  30  30  27  30  47  48  45  51  52  47  47
 [91]  56  61  58  69  57  58  49  55  74  77  71  71  74  74  79  68  72  61
[109]  77  91  76  86 109 130 134 105 109 103 104 119 108

[[68]]
  [1]   10   35   46   38   33   43   32   42   54   57   58   47   51   44   54
 [16]   49   31   28   24   22   22   25   41   44   47   50   52   73   72   58
 [31]   69   77   87   92  101   89  101  113  122  101  114  114  116  140  143
 [46]  157  178  183  174  168  160  147  148  171  172  161  201  214  203  181
 [61]  217  216  225  221  231  262  258  246  276  285  275  270  271  278  278
 [76]  277  282  282  318  314  320  334  331  334  353  383  411  389  397  401
 [91]  413  448  446  454  502  478  478  491  552  542  559  598  635  631  612
[106]  679  672  722  775  766  819  896  959  984  968  944 1006 1099 1152 1170
[121] 1242

[[69]]
  [1]  10  24  14  11   9   8  13  15  12  10  28  19  16  16  21  17  16  16
 [19]  12  25  20  16  14  23  32  27  26  46  46  51  60  56  58  64  68  67
 [37]  52  57  64  68  70  55  53  61  64  74  69  92  82  85  70  83  75  87
 [55]  76  68  90 116 117  94  90  91 133 145 116 116 124 107 118 122 129 147
 [73] 127 126 126 132 135 159 155 166 217 214 208 186 173 183 208 220 223 196
 [91] 205 232 227 208 211 208 253 252 246 239 270 285 282 282 312 304 322 301
[109] 326 314 329 355 368 395 424 400 414 427 422 440 446

[[70]]
  [1]   10   19   25   20   18   15   20   16   18   21   28   33   31   45   43
 [16]   44   45   58   48   58   51   47   45   56   50   71   76   78   84   70
 [31]   85   69   83   95  106  103  104  103  129  127  153  154  176  152  162
 [46]  165  176  208  213  233  249  216  215  229  279  298  292  313  310  332
 [61]  394  383  418  426  442  424  455  469  483  534  557  581  631  710  738
 [76]  784  753  767  810  857  852  856  953 1026 1058 1080 1130 1175 1162 1247
 [91] 1258 1306 1396 1361 1409 1421 1523 1505 1654 1669 1724 1783 1903 1984 2061
[106] 2122 2163 2171 2389 2410 2482 2607 2739 2969 3005 3092 3216 3290 3504 3580
[121] 3587

[[71]]
  [1]   10   25   19   17   13   15   20   22   17   26   17   14   12   12   24
 [16]   20   29   23   18   19   35   27   33   31   28   34   34   30   27   34
 [31]   26   41   46   47   48   50   57   81   77   76   70   76   85   81   78
 [46]   74   79   81  108  108   90   90   88   99  106  112  111  122  118  142
 [61]  124  113  128  113  110  122  110  147  169  175  164  176  195  197  238
 [76]  243  204  204  228  227  244  258  239  253  295  335  318  303  298  340
 [91]  375  364  379  377  426  454  458  451  502  512  522  555  617  583  609
[106]  666  708  692  703  730  703  715  800  829  883  894  861  914  935 1029
[121] 1041

[[72]]
  [1]   10   36   29   23   19   18   17   21   20   27   32   27   24   25   42
 [16]   45   44   48   48   61   79   64   54   45   48   68   61   55   55   50
 [31]   68   87   72   69   69   82   90   95  102  113  116  100  111  129  117
 [46]  137  151  161  162  172  145  140  136  182  235  215  209  200  247  275
 [61]  270  311  289  326  340  331  327  379  381  408  425  426  445  466  525
 [76]  565  522  551  597  586  629  710  732  744  726  768  857  884  936 1002
 [91] 1064 1019 1069 1190 1218 1259 1190 1229 1198 1298 1421 1395 1486 1489 1451
[106] 1675 1770 1939 1961 1928 1959 2061 2135 2295 2384 2463 2671 2801 2894 3061
[121] 3114

[[73]]
  [1]   10   26   29   26   25   26   37   31   27   32   27   29   37   50   46
 [16]   45   36   34   31   34   37   53   55   67   62   73   67   74   75   93
 [31]  106  100   92  117  121  127  117  114  134  166  150  176  200  206  220
 [46]  202  194  209  242  251  260  247  290  255  297  313  343  349  376  386
 [61]  417  434  454  431  423  461  542  589  642  629  658  710  741  750  865
 [76]  871  935  960  931  993 1065 1109 1197 1160 1267 1344 1362 1404 1453 1561
 [91] 1584 1699 1813 1812 1989 1995 2139 2180 2330 2414 2517 2739 2802 2929 3122
[106] 3245 3279 3324 3407 3679 3835 4057 4242 4389 4513 4651 4899 5118 5357 5456
[121] 5575

[[74]]
  [1]   10   26   27   27   22   25   38   37   36   30   49   38   36   46   48
 [16]   46   44   41   51   41   43   39   59   60   50   42   43   62   59   60
 [31]   53   45   50   48   45   65   54   58   54   51   52   61   74   58   57
 [46]   61   66   89  100  104  106  109  107   91   90  111  114  109  106  142
 [61]  159  152  163  179  182  198  210  234  226  247  223  217  218  228  225
 [76]  267  279  269  282  287  324  293  337  379  405  388  383  428  434  405
 [91]  398  411  477  505  552  547  575  633  662  664  653  723  721  751  708
[106]  816  860  898  927  908  995 1062  997 1088 1152 1181 1246 1320 1351 1411
[121] 1486

[[75]]
  [1]   10   34   33   30   28   35   28   34   45   47   38   44   47   37   62
 [16]   59   48   52   50   55   49   47   55   49   62   51   43   45   45   61
 [31]   62   75   73   68   73   70   65   71   55   64   69   75   67   60   71
 [46]  102  106   91   89   98  113  127  139  144  133  139  130  144  135  147
 [61]  145  167  231  269  269  256  232  225  279  295  285  280  290  335  358
 [76]  353  372  414  397  414  429  469  539  503  536  562  541  590  616  606
 [91]  627  633  698  755  717  779  827  859  883  941  931  994 1013 1086 1124
[106] 1149 1220 1365 1367 1376 1378 1536 1658 1717 1793 1958 2055 1996 2042 2112
[121] 2341

[[76]]
  [1]   10   32   41   25   20   16   18   17   13   47   39   38   25   28   28
 [16]   23   34   33   36   37   39   54   42   54   48   48   49   56   62   56
 [31]   69   62   55   54   66   62   64   62   76   64   66   71   83   85   77
 [46]   74   81   82   78   80   96   99   96   86  109  134  137  159  151  146
 [61]  149  171  191  173  181  171  171  181  204  236  236  209  192  183  224
 [76]  250  261  234  252  246  256  243  221  272  272  322  299  317  309  341
 [91]  320  347  346  362  387  416  443  493  498  499  524  543  553  584  621
[106]  667  648  733  719  742  813  795  836  935  964  974  982 1047 1138 1127
[121] 1168

[[77]]
  [1]   10   43   34   25   20   18   29   23   26   40   44   38   33   35   46
 [16]   33   34   38   73   64   60   61   52   56   50   53   65   93   66   61
 [31]   60   82   72   75   65   58   70   71   78   75   60   62   73   65   58
 [46]   75   97   92   83  111  119  106   94  117  135  127  129  112  119  120
 [61]  113  119  110  111  112  146  135  152  158  151  148  175  196  236  247
 [76]  224  219  238  232  263  294  296  311  320  396  376  395  426  468  510
 [91]  531  525  560  583  635  709  754  740  732  765  807  819  790  817  778
[106]  857  887  995 1006 1030 1073 1065 1106 1127 1196 1347 1384 1352 1400 1462
[121] 1549

[[78]]
  [1]   10   15   19   20   12   11    8   11    9   12    9   12   25   29   20
 [16]   24   21   32   26   49   30   29   26   28   36   46   34   28   29   46
 [31]   51   53   58   60   53   75   72   73   79   90   77   77   62   78   69
 [46]   95  121  107  100  103  123  116  122  107  110  133  134  131  142  120
 [61]  149  148  142  133  132  159  156  171  154  161  165  196  214  217  249
 [76]  225  201  189  229  254  258  302  268  295  321  329  310  417  455  445
 [91]  446  406  482  483  468  490  554  605  608  629  682  695  731  812  770
[106]  841  903  910 1001 1017  968 1014 1077 1078 1172 1288 1381 1306 1273 1331
[121] 1347

[[79]]
  [1]   10   31   41   35   31   29   32   46   39   43   46   55   50   66   79
 [16]   72   68   57   72   81   92  138  119  127  122  122  119  135  154  197
 [31]  205  168  187  197  199  261  251  276  268  240  293  326  334  352  354
 [46]  342  407  424  409  425  422  447  477  515  545  531  552  604  632  604
 [61]  650  666  690  745  751  810  839  941  966  992 1003 1077 1100 1146 1178
 [76] 1291 1286 1293 1417 1546 1542 1624 1624 1738 1812 1843 1993 2100 2052 2143
 [91] 2186 2269 2444 2427 2550 2613 2743 2855 2933 3051 3150 3270 3405 3546 3817
[106] 3978 3991 4178 4376 4380 4513 4747 4869 5048 5260 5483 5670 6011 6380 6410
[121] 6548

[[80]]
  [1]   10   20   40   32   25   20   16   16   30   31   40   38   34   37   34
 [16]   66   55   55   66   58   51   69   64   67   64   61   70   95   82   88
 [31]   81   90   96   94   91   89   85   95   80   94  119  108  107   99  103
 [46]  110  102  115  128  148  172  152  143  184  196  230  236  214  204  217
 [61]  245  263  230  227  252  234  256  255  278  264  274  268  291  289  321
 [76]  349  347  378  371  421  433  449  435  462  512  503  569  570  614  674
 [91]  652  668  689  681  738  762  760  779  783  785  798  796  875  969  953
[106]  991 1028 1070 1085 1082 1175 1251 1290 1362 1358 1442 1480 1544 1574 1601
[121] 1726

[[81]]
  [1]   10   27   31   22   14   12   11   17   31   36   37   30   33   34   30
 [16]   34   35   46   54   52   56   48   53   45   57   45   60   58   75   68
 [31]   69   62   59   54   48   68   82  110  125  130  137  122  131  145  192
 [46]  209  233  246  224  238  236  241  283  296  347  396  414  414  399  425
 [61]  465  494  491  505  505  529  568  540  533  614  617  631  646  667  730
 [76]  773  821  868  872  932  976  981 1054 1123 1112 1172 1238 1409 1399 1427
 [91] 1459 1462 1525 1658 1731 1804 1853 1935 1985 2065 2187 2316 2449 2507 2548
[106] 2662 2777 2914 2995 3042 3225 3434 3470 3623 3723 3829 3786 4049 4254 4432
[121] 4485

[[82]]
  [1]  10  11  19  15   9   9   9   9  18  12  20  21  27  23  20  17  13  15
 [19]  14  12  16  14  15  19  20  21  19  32  36  35  26  22  23  23  23  22
 [37]  29  19  11  22  12   9   6   5   5   4  10  13  16  20  12  10   8   7
 [55]   5   4   9   4   6  12  15  12  16  30  20  15  12  13  15  15  18  15
 [73]  11  18  18  14  17  32  27  21  20  25  28  23  27  18  22  26  33  33
 [91]  41  42  49  50  55  54  53  66  52  57  60  49  52  49  57  46  53  49
[109]  44  84  85  87  75  79  91  76  90  95  89 101 107

[[83]]
  [1]   10   35   29   22   14   13   21   24   20   17   27   32   28   32   33
 [16]   47   42   46   34   33   39   32   35   44   67   60   51   41   42   54
 [31]   64   68   79   96  105   97  106  113  129  161  177  181  188  215  204
 [46]  223  237  229  205  211  273  296  324  329  366  368  384  394  413  461
 [61]  463  464  454  484  500  493  476  551  569  568  559  601  643  679  706
 [76]  695  749  762  741  714  768  801  887  904  898  966 1003  993  995 1036
 [91] 1083 1137 1300 1367 1359 1378 1333 1432 1535 1660 1665 1648 1778 1870 2016
[106] 1981 2041 2252 2354 2495 2492 2579 2651 2881 3050 3035 3094 3295 3329 3434
[121] 3574

[[84]]
  [1]  10  31  26  19  17  14  11  15  10  11   8   7   7  12   8   6   4   4
 [19]   3   3   3   6   4   6   4   4   4   3   7   6   3   8   7   5   5   4
 [37]  12  16  17  10   8   5   5   4   8  15  11  21  14  17  16  20  16  15
 [55]  13   8  12  12  11  16  11  10  16  18  23  20  25  27  23  20  24  34
 [73]  25  18  19  27  26  31  27  37  29  27  30  38  28  27  33  35  23  41
 [91]  38  44  37  27  29  32  35  49  31  28  29  38  33  36  38  31  43  43
[109]  46  47  69  81  98  88  90  89 102 115  98  97 128

[[85]]
  [1]  10  14   7   6   5   4   3   3   3   2   2   2   2   1   6   3   3   3
 [19]   3  10  15  16  13  12  15  13  17  14  13  17  13  10  22  24  31  24
 [37]  30  27  34  36  30  30  23  28  20  27  35  47  55  48  45  44  35  39
 [55]  47  42  49  62  50  57  47  53  41  47  62  64  63  66  63  73  87  89
 [73]  78  93  98  94  84  71  88  97 121 140 139 129 149 146 138 140 163 184
 [91] 182 198 175 179 188 194 205 173 184 193 206 199 243 216 241 246 235 302
[109] 284 261 271 294 331 375 384 364 363 422 432 486 518

[[86]]
  [1]   10   56   44   34   34   32   22   35   48   40   31   43   47   62   61
 [16]   51   52   60   55   45   57   69   76   64   62   58   63   49   76   80
 [31]   76   85   83   70   82   80   74   80   87   93   77   81   81   82   94
 [46]   87   84   97   94  107  129  125  132  120  126  118  132  148  155  157
 [61]  177  162  156  191  180  184  203  212  231  249  237  221  234  266  288
 [76]  298  302  304  295  352  361  398  433  439  446  441  493  545  586  569
 [91]  575  589  669  713  728  731  759  793  793  816  847  920  981 1042 1105
[106] 1108 1117 1189 1204 1291 1265 1277 1414 1509 1583 1589 1767 1785 1834 2020
[121] 2167

[[87]]
  [1]   10   33   18   15   17   13   14   15   15   11   18   28   28   22   24
 [16]   24   21   18   28   28   29   24   21   38   37   35   27   25   43   45
 [31]   48   46   57   58   49   66   55   78   92   70   91   87   89   96   85
 [46]   83  102  112  103  112  111  122  129  126  137  138  150  147  171  177
 [61]  177  206  165  159  187  188  207  212  227  231  262  267  301  301  314
 [76]  338  341  364  344  371  469  466  497  503  474  503  489  513  565  567
 [91]  568  540  605  617  647  677  706  705  742  764  864  872  884  833  883
[106]  935  994 1122 1154 1179 1182 1150 1257 1386 1534 1526 1615 1652 1755 1893
[121] 1999

[[88]]
  [1]  10  23  18  15  12  15  13  15  12  15  22  11  12   8   7  14  15  15
 [19]  16   8   7   7  11   7  10   9  21  14  12  22  12   8   7   5   3   7
 [37]   7   6   6   3   3  13  13   9   8   8   7   9  11  10   8   5   7   5
 [55]   6   3   2   2   2   7  11   6   5   3   3   2   2   9  12  10  13   9
 [73]  15  10  10  12  11  17  12  19  12  31  35  22  19  22  29  27  29  42
 [91]  48  36  36  33  27  27  36  44  52  51  56  54  46  53  51  64  49  52
[109]  75  73  89  93  87  81  75  95 109 116 102 101  88

[[89]]
  [1]   10   25   29   22   20   17   17   18   32   29   50   43   32   36   54
 [16]   39   50   55   63   70   55   63   72   86   86   78   74   70   78   86
 [31]   83   95   92   96  116  151  160  146  143  123  128  151  163  160  158
 [46]  173  180  173  166  146  136  167  165  170  187  181  179  244  235  253
 [61]  244  265  290  303  273  292  309  316  312  309  354  360  404  417  487
 [76]  510  517  508  537  544  539  532  537  564  543  614  642  646  642  600
 [91]  712  743  795  860  917  966  993  990 1052 1043 1165 1174 1213 1271 1270
[106] 1366 1473 1526 1444 1481 1551 1673 1754 1796 1820 1822 1817 1974 2051 2181
[121] 2229

[[90]]
  [1]  10  41  28  26  27  25  22  24  27  21  23  40  30  38  29  27  22  24
 [19]  36  26  26  21  30  37  26  22  23  18  20  26  32  36  35  31  36  33
 [37]  36  24  26  18  18  14  30  23  17  30  21  18  18  26  29  38  35  31
 [55]  34  30  29  40  34  35  34  49  44  55  89  90  69  75  89 101 109 103
 [73] 106 134 125 133 116 103 129 132 110 119 106 117 113 104 123 113 123 118
 [91] 151 124 134 127 130 126 163 171 178 176 192 242 247 284 312 302 297 339
[109] 387 373 382 439 486 531 519 507 577 567 571 606 624

[[91]]
  [1]  10  26  21  17  16  18  16  12  27  18  19  22  16  11  10   9  13  16
 [19]  23  23  20  20  27  23  17  15  20  19  28  17  18  13  12  13  19  20
 [37]  20  15  15  41  35  24  17  19  20  22  22  13  11  18  17  23  19  18
 [55]  17  21  23  42  30  30  26  30  50  43  35  46  34  31  34  50  48  53
 [73]  46  43  62  69  72  80  74  86  73  77  78  67  79  90  87  83 111 103
 [91] 104 101 145 158 138 130 117 150 161 159 147 154 174 234 210 241 223 210
[109] 192 210 252 236 246 233 227 240 257 240 250 320 337

[[92]]
  [1]  10  21  16  10   7   4   4   8   6  10   7  11   8  11   9   8   8  14
 [19]  10  18  17  21  19  22  22  18  15  18  18  21  17  16  22  19  26  30
 [37]  36  35  37  31  36  38  34  38  32  44  37  44  49  45  61  62  65  64
 [55]  45  51  57  69  69  64  71  83  97  91  85  85  95 122 108  87 101 113
 [73] 140 130 134 140 184 181 160 159 178 200 231 224 234 267 283 297 307 286
 [91] 334 348 377 391 417 423 457 460 465 534 574 542 540 610 594 569 553 589
[109] 627 681 693 713 722 747 815 839 882 880 943 930 998

[[93]]
  [1]   10   38   28   19   16   19   19   34   37   27   26   26   24   30   28
 [16]   37   37   33   37   53   53   63   51   50   52   52   53   63   75   88
 [31]   80   64   85   88  103   95   88  121  118  134  128  123  134  150  148
 [46]  140  131  153  161  182  186  182  198  203  199  201  241  237  242  241
 [61]  251  249  270  302  289  290  302  318  335  315  321  357  376  350  376
 [76]  419  459  465  482  473  517  547  577  614  620  638  619  648  717  772
 [91]  767  816  779  838  883 1023 1062 1060 1131 1163 1159 1203 1255 1253 1442
[106] 1494 1558 1515 1625 1694 1809 1750 1869 1899 1948 2033 2068 2138 2136 2208
[121] 2309

[[94]]
  [1]   10   28   18   15   12   12   18   16   20   18   11   12   11    8   18
 [16]   14   27   25   17   14   14   18   22   32   48   49   45   55   49   46
 [31]   57   67   52   52   54   53   54   71   71  100   85   74   85   84  123
 [46]  116  113  113  124  119  147  142  135  149  164  171  173  191  190  208
 [61]  234  245  280  239  236  236  256  293  308  320  302  331  331  340  350
 [76]  373  401  411  412  411  428  465  516  545  569  586  653  638  673  728
 [91]  868  860  891  870  954 1010 1025 1052 1066 1232 1304 1405 1509 1525 1565
[106] 1501 1562 1737 1832 1900 1861 1986 2062 2173 2344 2328 2382 2458 2536 2773
[121] 2844

[[95]]
  [1]   10   28   29   21   14   13   24   18   32   25   22   18   23   18   23
 [16]   23   20   27   18   24   27   19   16   16   33   29   40   34   37   35
 [31]   48   41   37   33   32   51   56   52   47   55   55   49   51   74   59
 [46]   49   63   57   51   61   67   67   70   80   78   86   90  106  116  102
 [61]  123  115  125  125  130  152  163  183  184  173  174  211  250  269  241
 [76]  262  267  263  310  323  356  360  365  367  364  378  421  445  436  483
 [91]  535  531  523  539  548  569  646  637  601  667  675  707  759  739  761
[106]  796  871 1007 1050 1020 1074 1126 1160 1271 1361 1367 1432 1443 1541 1576
[121] 1718

[[96]]
  [1]  10  32  27  19  15  19  20  19  17  26  18  15  18  12  11  16  19  18
 [19]  14  23  26  30  29  28  21  25  37  35  37  27  28  24  20  30  54  36
 [37]  40  38  40  32  36  43  43  31  64  68  59  52  55  53  87  72  76  76
 [55]  74  81  69  76 109 115 104  86  99 108  98 118 120 123 137 161 153 141
 [73] 142 161 143 179 189 208 178 171 190 201 217 257 222 250 214 229 239 288
 [91] 303 271 337 337 323 342 359 362 361 438 426 438 455 485 516 491 500 519
[109] 565 603 579 640 690 697 723 868 866 936 919 933 968

[[97]]
  [1]   10   36   35   29   29   23   35   43   39   40   34   36   37   36   39
 [16]   35   40   43   50   54   38   38   54   55   58   58   47   54   72   70
 [31]   60   67   66   77   70   82   60   68   68   78   72   75   87  110  109
 [46]  106   90  126  118  140  141  140  137  155  145  166  188  179  189  208
 [61]  202  186  218  240  228  227  217  271  289  305  314  328  292  319  339
 [76]  350  375  391  370  391  411  442  458  511  513  508  517  590  579  646
 [91]  681  695  692  696  736  777  840  866  859  872  920  934  961  983 1002
[106]  969 1029 1065 1119 1168 1228 1198 1290 1316 1373 1414 1498 1558 1624 1811
[121] 1909

[[98]]
  [1]   10   48   30   21   17   22   23   21   28   38   38   29   36   29   29
 [16]   36   38   35   30   38   30   41   44   51   48   40   39   58   58   56
 [31]   78  103   98   75   83   88  107  111  105  103   95  107  160  157  162
 [46]  170  176  161  201  207  200  191  190  186  204  218  229  236  248  272
 [61]  247  245  251  295  326  321  336  317  360  348  372  339  412  439  447
 [76]  405  467  467  532  524  578  557  602  619  622  612  657  715  773  737
 [91]  775  749  791  824  897  911  880  920 1032 1080 1137 1184 1262 1269 1411
[106] 1393 1528 1598 1588 1626 1667 1786 1900 1921 1970 1990 2031 2099 2256 2366
[121] 2338

[[99]]
  [1]   10   37   28   19   16   13   16   16    9    6   16   20   28   30   25
 [16]   35   45   44   48   43   51   66   60   42   51   48   45   53   57   47
 [31]   54   69   71   74   71   87   83  102  107   92  108  101  118  110   99
 [46]   99  120  118   98   99  107   83   95   96   94  114  122  133  126  140
 [61]  149  158  159  153  168  189  205  204  198  195  192  204  225  206  210
 [76]  208  209  267  257  271  301  293  313  293  285  301  308  359  352  378
 [91]  366  414  450  509  493  511  495  488  521  544  580  622  624  631  633
[106]  692  732  797  798  851  866  920  964 1011 1045 1041 1086 1230 1297 1265
[121] 1375

[[100]]
  [1]   10   24   19   19   16   17   20   33   39   36   42   34   30   49   63
 [16]   59   51   65   66   87   76   66   81   84   91  123  108  134  121  127
 [31]  106  128  137  135  137  147  142  157  142  173  169  180  184  181  182
 [46]  197  216  240  257  264  275  259  276  288  340  351  333  352  401  428
 [61]  424  416  393  413  391  453  448  447  443  479  466  501  532  497  530
 [76]  509  498  525  571  600  598  603  597  668  747  763  759  782  781  799
 [91]  825  881  916  982  963  922  928 1030 1062 1089 1117 1180 1152 1198 1212
[106] 1218 1250 1313 1364 1389 1431 1524 1571 1634 1685 1747 1805 1846 1873 2083
[121] 2143

[[101]]
  [1]   10   43   36   20   16   20   29   42   39   44   37   45   36   38   53
 [16]   56   55   60   61   55   64   70   77   75   93  105  106  109  101  120
 [31]  117  140  164  150  149  164  160  158  179  178  193  221  248  244  287
 [46]  285  312  366  363  351  382  393  404  455  492  511  536  547  531  568
 [61]  649  705  734  702  733  796  856  935  956  941  931 1031 1074 1102 1111
 [76] 1087 1173 1321 1396 1429 1485 1527 1557 1578 1692 1761 1867 1946 2036 2114
 [91] 2158 2273 2285 2381 2513 2590 2698 2829 2884 2903 3071 3117 3341 3453 3584
[106] 3585 3891 4147 4209 4259 4445 4671 4862 4899 5057 5057 5359 5652 6010 6507
[121] 6524

[[102]]
  [1]  10  20   8   7   6   6   3   2   7   3   1   1   6   5   5   5   5   5
 [19]   3   8   5   8  17  10   5   5   5   4   3   3   3   3  16   9  11   6
 [37]   6  12   8   6   6   6  12  11  14  13  11  21  24  18  29  39  37  47
 [55]  44  33  49  39  39  40  31  27  24  29  32  34  28  23  32  28  29  22
 [73]  21  26  26  43  36  31  37  36  38  40  44  39  37  42  54  60  51  61
 [91]  48  47  72  71  77  88  86  85  95 101 129 132 125 142 165 157 177 186
[109] 199 216 217 240 263 247 273 287 276 289 288 347 338

[[103]]
  [1]   10   25   20   18   15   20   23   19   22   32   33   31   46   39   41
 [16]   44   74   63   66   70   67   64   67   87   78   82   76   71   83   96
 [31]   96   81   97  113  128  126  118  126  130  144  146  167  173  176  164
 [46]  166  194  146  177  172  202  211  213  226  262  257  243  244  249  291
 [61]  298  316  366  340  366  417  422  435  427  434  484  485  488  507  523
 [76]  567  585  664  656  692  684  742  806  835  893  944  973  962 1033 1096
 [91] 1121 1158 1207 1224 1253 1255 1351 1426 1553 1591 1613 1752 1921 1939 1956
[106] 2009 2044 2262 2188 2439 2483 2450 2540 2670 2734 2924 3006 3039 3225 3366
[121] 3324

[[104]]
  [1]   10   35   15   21   18   16   12   24   37   42   31   23   36   41   50
 [16]   41   50   38   47   59   61   51   53   52   58   48   43   50   51   65
 [31]   60   45   40   45   73   77   66   70   87  104   95  111   94  116  126
 [46]  136  128  119  118  115  149  199  203  188  201  202  195  178  220  228
 [61]  237  264  257  222  239  282  326  325  321  325  369  422  458  453  459
 [76]  524  599  641  638  667  649  701  735  780  776  801  853  887  858  899
 [91]  958 1059 1109 1092 1101 1217 1275 1349 1362 1431 1550 1592 1602 1683 1824
[106] 1816 1846 1960 2022 2045 2156 2243 2339 2478 2499 2605 2812 2934 2962 3115
[121] 3200

[[105]]
  [1]   10   35   32   39   38   31   33   30   50   61   50   63   57   52   48
 [16]   44   52   51   47   42   45   63   69   63   64   58   50   56   68   66
 [31]   68   61   65   70   81   73   79   83  112  109  124  136  164  140  159
 [46]  176  202  187  180  198  211  229  261  259  264  271  290  300  350  335
 [61]  332  341  347  357  362  349  382  439  431  497  468  465  452  486  514
 [76]  516  556  528  574  570  608  645  676  660  659  724  743  809  788  833
 [91]  847  882  869  946  953 1006 1038 1138 1135 1180 1226 1282 1341 1425 1427
[106] 1546 1529 1575 1664 1809 1911 1878 1917 2038 2140 2271 2238 2335 2450 2599
[121] 2573

[[106]]
  [1]   10   23   38   24   18   15   15   20   19   15   20   22   22   29   26
 [16]   34   23   21   15   20   20   21   17   15   32   28   27   29   33   32
 [31]   38   42   64   67   58   65   57   68   68   75   70   63   74   86   87
 [46]   84  103   92   96   89   85  115   96   77   85  142  148  129  109  111
 [61]  120   99  107  126  157  196  202  166  170  171  182  196  221  221  212
 [76]  221  289  288  268  271  290  316  333  397  405  399  402  450  460  482
 [91]  533  556  577  575  533  575  609  624  657  698  723  766  887  840  898
[106]  849  848  922  974 1008 1041 1014 1092 1184 1168 1178 1296 1370 1493 1556
[121] 1614

[[107]]
  [1]  10  26  15  10   9   9  14  16  13  17  25  20  29  26  25  28  28  24
 [19]  25  25  32  26  20  18  14  12  22  22  17  18  11  11  14  17  20  16
 [37]  26  23  18  17  13  13  19  19  17  22  31  38  27  40  42  41  43  46
 [55]  79  77  81  72  78  96 100  93  98  97 116  98 113 123 143 143 137 150
 [73] 174 172 160 165 185 185 210 248 251 229 251 308 297 316 320 319 337 374
 [91] 411 404 363 379 418 471 451 454 494 497 491 546 535 544 526 604 588 636
[109] 610 632 639 682 704 665 740 769 728 774 829 871 896

[[108]]
  [1]   10   38   35   30   22   20   33   32   30   26   40   29   30   38   43
 [16]   38   40   32   32   49   35   41   40   47   59   56   38   38   33   29
 [31]   34   50   48   57   49   54   55   77   96  110  112   90   99   97  106
 [46]   93  102  107  132  127  129  119  119  104  113  123  136  134  121  132
 [61]  105  141  166  174  182  194  203  208  221  227  259  278  290  272  278
 [76]  282  312  383  379  407  389  394  428  434  439  486  486  514  568  608
 [91]  600  639  716  779  785  846  882  895  948  980 1001 1099 1050 1139 1238
[106] 1242 1350 1431 1509 1557 1629 1748 1836 1828 1825 1944 2012 2152 2215 2171
[121] 2314

[[109]]
  [1]  10  39  44  26  25  22  19  34  44  35  27  27  24  41  38  29  34  31
 [19]  38  36  35  40  31  46  62  60  53  64  58  49  62  65  60  71  80  71
 [37]  84  86  99 104  83  85  93 116 125 120 113 104 102  99 112 109 116 107
 [55] 123 117 132 148 156 140 128 136 151 152 149 179 156 145 133 158 187 156
 [73] 173 192 189 187 184 192 203 209 210 234 274 275 260 262 298 326 335 327
 [91] 332 346 346 350 347 343 359 408 410 386 429 437 465 482 506 520 512 538
[109] 542 593 636 698 720 728 695 722 810 850 900 879 890

[[110]]
  [1]   10   46   40   33   21   18   18   18   19   18   21   20   16   20   31
 [16]   38   32   26   23   18   37   35   36   27   25   21   40   34   49   50
 [31]   47   48   46   45   68   61   61   60   65   65   72   80   84   92  110
 [46]  103  108  107  132  116  117  110  109  145  120  118  120  140  158  149
 [61]  146  167  204  184  205  208  180  217  224  229  237  252  246  229  234
 [76]  272  291  284  274  296  303  322  306  351  366  389  461  470  470  477
 [91]  490  532  539  594  642  610  671  728  695  738  765  787  779  828  817
[106]  915  927  978  955 1020 1050 1108 1123 1113 1169 1272 1320 1247 1313 1399
[121] 1425

[[111]]
  [1]  10  33  35  49  47  35  32  40  39  31  33  32  28  24  20  22  23  33
 [19]  36  28  36  37  27  43  52  52  61  60  65  65  73  72  58  78  82  95
 [37] 106  92  89  79  97 104 113 102  99 129 150 123 127 128 123 133 143 150
 [55] 161 120 127 143 159 142 142 137 155 157 171 138 171 174 160 157 150 175
 [73] 180 175 183 214 206 214 221 210 216 244 292 273 264 228 260 274 309 289
 [91] 297 305 311 329 339 350 400 347 320 360 385 446 496 482 463 479 484 502
[109] 530 613 604 592 595 597 597 619 648 712 774 818 825

[[112]]
  [1] 10 40 27 19 16 12 12 15 14 17 19 26 22 21 18 20 22 32 22 15 18 27 19 15 20
 [26] 33 36 50 41 49 52 48 51 40 35 52 46 40 44 45 50 55 62 60 50 48 59 46 40 47
 [51] 49 64 66 43 55 57 54 43 37 39 50 45 35 36 32 35 36 54 41 24 22 27 29 23 32
 [76] 26 36 23 28 38 28 24 23 27 23 20 23 22 18 16 14 18 30 19 16 15 21 24 22 17
[101] 13 19 16 19 21 23 24 21 18 16 23 21 27 16 14 11 15 20 17 21 21

[[113]]
  [1]   10   31   24   21   21   35   30   36   31   43   34   33   38   45   52
 [16]   44   38   35   45   39   39   39   59   63   57   65   67   70   81  100
 [31]   93   97   89   99  117  103  114  120  116  129  151  147  140  147  139
 [46]  156  140  151  166  189  222  196  212  214  209  214  222  239  222  210
 [61]  251  243  264  252  275  299  318  308  344  354  360  401  409  449  500
 [76]  510  501  537  555  608  618  737  714  718  720  742  765  825  867  902
 [91]  936  962  986 1038 1145 1178 1217 1267 1277 1363 1401 1401 1390 1471 1625
[106] 1612 1697 1764 1854 1931 2000 2063 1999 2224 2306 2375 2431 2562 2688 2748
[121] 2924

[[114]]
  [1]   10   40   36   26   25   22   18   21   18   31   37   38   40   52   49
 [16]   52   40   54   47   59   83   88   85   86   98   97  113  144  134  132
 [31]  140  146  145  127  120  147  150  146  189  188  188  187  201  208  236
 [46]  243  242  278  295  308  321  338  367  402  401  414  419  410  455  504
 [61]  472  501  476  504  552  604  624  639  643  717  806  866  806  815  881
 [76]  910  905  974 1041 1123 1132 1175 1218 1249 1342 1347 1375 1410 1468 1511
 [91] 1538 1566 1712 1803 1848 1933 1899 2000 2172 2132 2301 2403 2457 2586 2720
[106] 2732 2799 2973 3191 3237 3376 3513 3644 3798 3930 4112 4151 4345 4561 4611
[121] 4768

[[115]]
  [1]  10  23  36  25  21  21  24  25  26  28  34  24  20  19  25  32  29  25
 [19]  24  33  24  25  24  36  34  32  39  36  47  41  43  49  40  54  41  45
 [37]  39  47  43  55  61  58  45  51  73  64  69  60  56  79  99 100  94  88
 [55]  84 133 132 110 108  97 137 122 118 122 132 153 160 155 155 185 180 184
 [73] 184 188 192 209 213 209 215 250 208 196 214 266 252 240 253 256 277 298
 [91] 303 326 344 363 395 383 431 404 445 456 451 471 457 477 497 487 542 615
[109] 638 676 676 679 724 796 770 820 868 868 858 904 947

[[116]]
  [1]   10   39   50   37   36   32   42   44   47   62   68   56   70   75   94
 [16]   94   96   95  148  142  134  144  141  165  157  187  194  170  204  202
 [31]  224  202  205  203  224  264  270  282  273  297  270  320  335  338  322
 [46]  373  366  415  468  454  445  411  474  422  469  475  494  491  493  484
 [61]  550  586  599  611  656  739  755  789  815  811  806  863  895  909  916
 [76]  995 1004 1073 1106 1158 1189 1314 1329 1467 1466 1597 1577 1640 1794 1778
 [91] 1859 1985 2087 2053 2175 2242 2158 2320 2417 2542 2578 2703 2796 2928 2979
[106] 3091 3281 3411 3493 3722 3911 4160 4316 4452 4642 4880 5165 5307 5414 5848
[121] 5970

[[117]]
  [1]  10  30  24  16  13  14  31  23  15  19  15  14  17  22  22  22  22  15
 [19]  18  12  16  21  31  30  18  24  23  29  30  26  21  20  14  17  17  19
 [37]  19  21  17  19  20  36  30  27  21  21  19  15  13  10  17  23  17  20
 [55]  22  24  25  29  28  24  27  26  35  26  34  33  42  44  58  50  49  53
 [73]  57  64  67  57  48  52  73  76  84  64  78  67  85  80  60  80  80  87
 [91]  77  77 101 102 131 138 141 149 171 180 189 180 195 205 226 222 235 236
[109] 223 275 265 290 289 255 296 298 297 311 328 316 309

[[118]]
  [1] 10 45 35 18 15 10 10  8  8  7 12  8  5  3  3  5  2  0  0  0  0  0  0  0  0
 [26]  0  0  0  0  0  0  0  0  0  0  0  0  0  0  0  0  0  0  0  0  0  0  0  0  0
 [51]  0  0  0  0  0  0  0  0  0  0  0  0  0  0  0  0  0  0  0  0  0  0  0  0  0
 [76]  0  0  0  0  0  0  0  0  0  0  0  0  0  0  0  0  0  0  0  0  0  0  0  0  0
[101]  0  0  0  0  0  0  0  0  0  0  0  0  0  0  0  0  0  0  0  0  0

[[119]]
  [1]   10   39   23   19   14   14   26   19   25   19   20   17   34   20   23
 [16]   29   39   25   23   22   16   29   38   41   34   36   32   36   41   54
 [31]   48   38   51   54   45   60   69   67   86   65   77   64  107  109  121
 [46]  112  121  123  134  130  134  145  162  164  187  162  161  181  191  199
 [61]  200  207  207  245  271  273  292  312  318  315  315  284  338  347  333
 [76]  359  361  429  431  440  470  488  513  519  505  540  574  607  577  573
 [91]  625  691  737  784  800  819  858  871  944  975 1023 1014 1072 1139 1139
[106] 1221 1193 1221 1281 1337 1465 1370 1456 1547 1641 1648 1735 1743 1906 2044
[121] 2056

[[120]]
  [1]  10  30  26  16  13  19  26  27  23  27  24  21  31  25  26  29  27  24
 [19]  37  27  25  20  32  28  31  22  20  20  27  23  15  13  11  17  24  19
 [37]  13  17  13  12  16  26  24  36  30  20  18  23  25  21  23  16  17  28
 [55]  25  20  16  22  28  25  31  26  23  20  33  36  39  38  44  51  54  49
 [73]  43  48  51  44  54  67  83  67  71  87  74  61  70  90  84  91  78  98
 [91] 111 113 119 126 123 107 110 110 104 101 125 134 122 113 119 143 167 151
[109] 138 150 191 182 188 177 174 208 211 201 183 174 220

[[121]]
  [1]  10  34  27  17  10  14  17  10   6   4   5   4   5   5   8   6   4   8
 [19]   6   9   5   5   9   8  10  10  12  11   8   9   8   7  12  12  15   9
 [37]  12  13  15  19  24  20  23  23  22  21  26  21  18  32  33  26  18  18
 [55]  24  30  35  43  36  32  42  38  44  53  54  61  40  47  47  46  44  43
 [73]  49  53  64  69  68  70  62  67  69  77  83  94 115  96 105  88 115 107
 [91] 111 107 105  90  95 127 133 127 128 133 157 138 158 172 164 185 181 211
[109] 214 241 246 256 243 253 278 321 344 327 301 308 306

[[122]]
  [1]   10   24   16   12    9   14   11   23   18   28   35   31   35   30   24
 [16]   34   30   38   30   30   25   26   19   17   29   28   37   30   40   30
 [31]   40   26   52   47   38   37   41   37   47   61   63   53   60   69   65
 [46]   61   62   80   79   84   94   96   89   95  110  108  109  116  127  131
 [61]  134  123  115  122  110  116  108  115  119  118  155  163  183  191  180
 [76]  170  230  239  264  239  264  247  293  303  368  385  400  404  452  466
 [91]  472  456  559  511  537  543  529  579  572  625  664  693  638  713  762
[106]  815  884  942 1007  987  986 1094 1208 1301 1273 1254 1307 1472 1528 1565
[121] 1565

[[123]]
  [1]   10   29   29   23   15   12   19   13   20   26   18   20   17   22   22
 [16]   20   18   26   25   24   28   24   26   30   35   50   37   44   56   46
 [31]   42   52   62   60   67   56   54   59   48   57   71   74   69   90   85
 [46]   77   84   88   91  104   83   94   90   86  113  125  132  122  140  137
 [61]  119  117  127  127  134  130  133  132  112  147  143  153  142  167  164
 [76]  216  174  198  212  228  199  245  262  290  297  292  289  356  404  377
 [91]  409  353  352  382  429  505  465  500  552  530  539  597  577  631  670
[106]  687  791  828  820  834  890  988 1109 1068 1085 1090 1148 1246 1325 1322
[121] 1366

[[124]]
  [1]   10   40   36   34   32   34   54   67   48   46   50   58   64   96   89
 [16]   93   80   81   92  110  103   90  103  114  127  108  113  112  124  140
 [31]  158  168  159  183  173  172  175  184  194  192  220  256  248  248  252
 [46]  269  283  277  289  305  304  355  339  384  386  399  420  401  402  408
 [61]  446  430  433  442  458  436  469  465  490  537  555  574  598  603  681
 [76]  652  683  715  802  816  843  853  829  906 1093 1109 1170 1187 1227 1273
 [91] 1357 1444 1504 1575 1615 1614 1679 1746 1761 1900 1935 2020 2049 2216 2304
[106] 2460 2475 2615 2870 2936 2984 3114 3134 3195 3388 3488 3575 3694 3713 3798
[121] 3993

[[125]]
  [1]  10  18  17  19  12  10  10  17  25  20  18  26  20  15  13  10  15  22
 [19]  19  23  29  22  17  18  21  26  23  17  22  23  20  25  27  30  35  25
 [37]  21  15  18  27  19  17  28  21  18  15  36  44  38  28  30  41  31  27
 [55]  27  26  24  27  28  24  20  24  25  29  25  20  21  17  27  27  20  21
 [73]  20  40  41  34  42  40  46  45  49  54  54  59  58  62  53  73  84 129
 [91] 105 119  85 105 129 124 121 122 134 147 146 140 134 144 136 179 189 214
[109] 219 204 214 215 236 252 276 262 265 271 301 324 366

[[126]]
  [1]   10   31   15   20   15   20   14   11   11   10   15   21   22   27   27
 [16]   20   26   28   36   42   27   21   23   26   36   53   67   54   47   39
 [31]   40   69   61   53   62   51   52   69   64   67   80   72   89   77   70
 [46]   64   77   85   86   88   91  106  104  104  110  117  116  137  147  155
 [61]  152  148  139  150  155  138  161  150  186  181  220  206  208  224  215
 [76]  219  225  239  243  234  253  246  287  304  301  289  306  314  324  339
 [91]  383  395  409  426  440  462  493  529  566  628  651  711  689  723  808
[106]  861  915  926  949  966 1007 1139 1118 1225 1263 1319 1436 1375 1390 1385
[121] 1477

[[127]]
  [1]   10   38   36   26   22   21   41   34   50   47   42   55   39   52   59
 [16]   75   56   41   43   53   48   55   56   55   62   71   49   57   48   47
 [31]   57   64   75   81  106  118   99   93   97  142  136  160  140  137  154
 [46]  139  164  171  167  223  234  234  224  256  276  287  315  323  332  341
 [61]  349  322  361  400  417  409  438  440  443  480  546  567  598  655  635
 [76]  688  671  667  689  794  843  871  901  938 1030 1051 1099 1115 1127 1166
 [91] 1263 1312 1268 1355 1459 1436 1520 1651 1670 1723 1823 1833 1991 2082 2166
[106] 2197 2276 2410 2649 2696 2786 2710 2871 2990 3128 3243 3297 3379 3629 3845
[121] 3991

[[128]]
  [1] 10 27 17 12 10 15 13  7  5  3  8  5  4  4  3  9  3  2  2  2  1  1  1  1  1
 [26]  1  1  0  0  0  0  0  0  0  0  0  0  0  0  0  0  0  0  0  0  0  0  0  0  0
 [51]  0  0  0  0  0  0  0  0  0  0  0  0  0  0  0  0  0  0  0  0  0  0  0  0  0
 [76]  0  0  0  0  0  0  0  0  0  0  0  0  0  0  0  0  0  0  0  0  0  0  0  0  0
[101]  0  0  0  0  0  0  0  0  0  0  0  0  0  0  0  0  0  0  0  0  0

[[129]]
  [1]   10   21   22   21   16   14   13   11   11    8    8   19   23   31   20
 [16]   19   23   28   23   18   16   14   31   34   45   33   34   29   35   27
 [31]   17   17   29   31   28   29   34   41   42   44   42   43   32   44   49
 [46]   60   61   53   67   55   60   75   82   95   87   82   83   79   95   92
 [61]   95  103  115   94   99  106  106  102  125  129  130  122  140  134  134
 [76]  142  164  165  204  173  190  205  201  234  246  220  240  264  270  285
 [91]  299  323  318  364  375  372  377  389  474  486  494  522  582  614  631
[106]  611  622  660  752  730  752  802  890  913  873  944  942 1017 1036 1043
[121] 1140

[[130]]
  [1]  10  22  23  20  15  12  20  25  24  23  19  27  27  21  19  18  18  19
 [19]  25  18  13  13  14  15  12  15  17  31  40  27  23  30  33  29  35  63
 [37]  37  42  49  57  44  38  44  49  49  40  29  47  55  48  50  43  39  37
 [55]  35  39  33  35  46  31  35  33  46  45  43  47  71  67  62  57  60  62
 [73]  67  79  83  70  62  78  69  88  74  88  76  64  77  82  82 108 102 101
 [91]  92  94 115 118 137 149 144 157 181 181 178 183 193 214 239 255 256 259
[109] 285 288 279 272 282 268 275 314 316 330 364 345 324

[[131]]
  [1]   10   17   18   16    9    7    6   10    8    6    5   13   21   22   19
 [16]   18   18   33   47   48   36   33   39   37   41   42   49   49   61   55
 [31]   60   80   82   76   67   60   83   59   57   53   47   56   75   77   83
 [46]   83  101   99  100   98   99  121  119  108  134  143  139  128  133  156
 [61]  183  187  186  191  183  218  216  220  244  246  223  253  242  252  244
 [76]  279  283  269  246  265  275  279  333  352  387  382  421  420  463  462
 [91]  499  470  462  504  559  546  567  596  586  547  660  675  668  689  741
[106]  784  821  825  832  854  869  960  994 1050 1060 1059 1191 1194 1297 1283
[121] 1302

[[132]]
  [1]   10   20   14   24   25   23   26   47   41   29   45   49   35   60   58
 [16]   38   48   56   74   76   68   61   59   58   81  108   99   98  115  103
 [31]  113  126  135  129  141  153  164  196  196  189  210  199  221  204  241
 [46]  231  237  265  250  263  305  326  338  311  298  331  349  343  385  366
 [61]  405  425  451  450  475  519  515  523  577  594  600  644  643  664  731
 [76]  766  770  853  854  850  851  897  918  951  991 1042 1084 1196 1368 1349
 [91] 1351 1373 1483 1452 1630 1741 1711 1840 1805 1927 2048 2162 2163 2183 2342
[106] 2411 2554 2718 2884 3005 3004 3047 3268 3399 3635 3874 4084 4117 4372 4684
[121] 4756

[[133]]
  [1]   10   38   48   40   35   55   51   54   52   50   38   41   41   48   37
 [16]   41   64   55   51   74   83   74   80   75   77   88  107  118  110  123
 [31]  142  119  114  156  129  115  134  140  116  131  127  134  135  115  119
 [46]  129  145  146  139  146  153  149  136  162  189  189  209  226  248  256
 [61]  263  288  280  295  280  285  306  310  338  354  390  418  437  433  456
 [76]  439  462  449  475  529  551  560  540  515  593  655  631  654  683  665
 [91]  730  767  753  778  855  905  882  958 1037 1082 1182 1168 1216 1326 1449
[106] 1544 1643 1749 1765 1849 1957 1998 2157 2180 2221 2252 2359 2469 2494 2643
[121] 2721

[[134]]
  [1]   10   30   21   19   14   14   16   23   23   16   20   17   14   12   17
 [16]   21   18   22   18   27   29   23   26   28   21   28   30   50   65   43
 [31]   46   43   56   61   45   58   72   55   51   55   76   78   61   53   60
 [46]   86   91   86   70   78   85   76   63   67   83   79   82   84   65   78
 [61]   96   81   92   97  112  109  123  103  134  136  146  155  150  145  177
 [76]  171  174  172  176  183  212  188  210  277  249  264  292  274  283  313
 [91]  315  349  332  331  340  393  413  393  411  415  489  472  492  480  578
[106]  578  534  602  683  620  764  744  831  800  798  864  853  959  969 1047
[121] 1071

[[135]]
  [1]   10   27   16   22   21   17   20   22   34   36   33   39   32   33   44
 [16]   58   65   61   66   75   78   88   93   83   70   96   84  107   94  104
 [31]  116  132  124  130  140  145  150  158  161  163  147  147  177  178  191
 [46]  193  216  210  224  244  257  291  265  264  298  335  374  379  387  416
 [61]  448  425  449  421  479  514  554  576  572  577  634  645  727  804  779
 [76]  786  848  854  902  880  953 1009 1026 1030 1131 1181 1268 1320 1299 1336
 [91] 1436 1586 1690 1690 1688 1808 1910 1981 2044 2018 2212 2279 2339 2340 2404
[106] 2597 2700 2668 2776 2965 2965 3083 3173 3331 3524 3660 3766 3912 3874 4032
[121] 4205

[[136]]
  [1]   10   34   26   30   25   18   21   17   19   18   18   21   30   32   30
 [16]   37   35   35   32   29   46   42   39   47   42   45   56   52   75   57
 [31]   69   55   68   64   62   50   77   77   74   89   91   86  104   85  106
 [46]   95   92  113  102  105   89   86   91  112  116  115  114  103   90  112
 [61]  118  106  110  120  108  137  123  122  119  116  129  116  113  141  148
 [76]  152  185  199  224  240  259  247  253  338  366  392  366  331  373  411
 [91]  408  409  432  397  416  423  454  433  473  488  518  601  599  625  701
[106]  721  760  766  771  762  844  893  875  890  938 1011 1033 1017 1173 1184
[121] 1199

[[137]]
  [1]  10  20   9   6   6   5  12  13  16  11   9   8  18  22  19  10   7   5
 [19]   4   4   3   1   1   1   1   1   1   1   1   1   1   7   5  11   6  11
 [37]  13   9   6   6   6  11   9  15  11  13  12   7   7   7  11  16  15  15
 [55]  20  22  20  20  25  24  24  17  22  26  24  28  31  32  30  39  52  45
 [73]  49  60  53  68  75  90  90  81 100  90  92  78 111 118 105 151 144 135
 [91] 158 201 172 184 178 173 170 168 197 220 218 235 238 229 251 273 314 291
[109] 333 351 359 365 374 396 425 426 415 455 478 491 519

[[138]]
  [1]   10   34   34   26   23   32   29   42   56   58   75   54   63   73   80
 [16]   80   92   94  104   90   95  109  119  120  135  157  169  167  168  201
 [31]  210  191  197  199  208  200  214  227  216  218  223  230  287  310  282
 [46]  321  315  331  322  323  339  334  322  333  373  379  396  414  448  474
 [61]  509  496  556  577  593  621  680  738  721  768  771  734  805  860  913
 [76]  963 1088 1064 1119 1155 1136 1170 1215 1339 1253 1308 1376 1441 1404 1400
 [91] 1468 1505 1545 1709 1753 1703 1739 1808 1846 1951 2011 2158 2203 2247 2319
[106] 2471 2544 2675 2867 3009 3226 3261 3393 3562 3732 3854 3968 4019 4191 4424
[121] 4650

[[139]]
  [1] 10 14 20 14 13 12 21 18 20 16 13 12 11 12  9  8  7  3  3  3  2  7  4  2  1
 [26]  1  0  0  0  0  0  0  0  0  0  0  0  0  0  0  0  0  0  0  0  0  0  0  0  0
 [51]  0  0  0  0  0  0  0  0  0  0  0  0  0  0  0  0  0  0  0  0  0  0  0  0  0
 [76]  0  0  0  0  0  0  0  0  0  0  0  0  0  0  0  0  0  0  0  0  0  0  0  0  0
[101]  0  0  0  0  0  0  0  0  0  0  0  0  0  0  0  0  0  0  0  0  0

[[140]]
  [1]   10   25   34   27   24   25   23   37   39   36   44   38   36   51   49
 [16]   46   31   29   31   30   38   61   50   31   23   32   39   58   63   54
 [31]   43   49   70   61   69   80   77   80   76   72  119  117  127  123  138
 [46]  126  121  100  146  138  154  158  163  164  167  170  175  187  204  204
 [61]  203  235  210  209  250  246  258  257  281  308  367  360  379  365  411
 [76]  411  420  423  411  418  463  403  454  512  532  596  580  617  647  662
 [91]  661  717  761  777  833  863  898  938 1002 1042 1042 1144 1224 1219 1218
[106] 1329 1351 1376 1426 1499 1554 1638 1737 1767 1850 1852 1917 1994 2167 2258
[121] 2309

[[141]]
  [1]   10   45   24   18   17   23   20   36   27   30   30   20   19   27   19
 [16]   19   20   14   18   20   17   19   24   22   17   29   31   18   29   32
 [31]   24   28   25   32   34   45   34   36   43   55   50   61   51   44   54
 [46]   85   68   58   64   71   69   75   73   87   87  106  100   96  115  110
 [61]  107  137  136  138  120  123  131  134  131  152  172  177  140  136  151
 [76]  133  170  156  156  184  177  213  210  253  246  241  252  285  336  302
 [91]  330  377  439  438  438  412  454  467  536  524  491  478  476  527  572
[106]  600  626  682  680  715  769  803  833  847  928  953  935  967 1069 1096
[121] 1111

[[142]]
  [1]   10   39   24   17   15   20   24   44   41   40   31   34   39   34   38
 [16]   31   25   30   46   63   64   59   60   66   67   68   80   79   66   80
 [31]   69   68   79   74  128  129  118  117  135  140  122  119  104   99  110
 [46]  110  122  125  131  147  130  161  186  170  187  198  197  209  209  238
 [61]  243  238  240  233  238  250  296  292  286  303  319  333  315  344  350
 [76]  395  457  465  427  461  523  521  610  565  578  598  617  673  682  700
 [91]  744  758  783  812  861  861  879  892  896  959  989 1027 1074 1082 1068
[106] 1120 1147 1223 1324 1312 1438 1537 1604 1628 1782 1811 1891 1970 1976 2116
[121] 2159

[[143]]
  [1]   10   46   38   40   36   46   47   56   69   62   61   62   73   77  100
 [16]  109  105  129  103  104  117  129  139  131  122  117  113  127  121  144
 [31]  130  116  123  129  147  168  172  170  153  147  165  177  205  173  187
 [46]  204  175  203  181  190  210  199  203  203  235  251  288  295  300  339
 [61]  379  352  343  357  418  433  440  420  441  477  454  511  516  552  551
 [76]  594  604  628  662  656  701  695  740  796  838  819  888  861  874  969
 [91] 1003 1073 1072 1163 1191 1176 1239 1268 1271 1298 1347 1439 1445 1556 1626
[106] 1711 1730 1838 1853 1918 1965 2077 2167 2197 2299 2330 2433 2564 2736 2777
[121] 2853

[[144]]
  [1]   10   29   38   25   32   25   27   33   28   29   30   22   25   27   31
 [16]   37   40   36   35   25   29   37   61   66   64   67   68   65   78   89
 [31]   85   81  101  116  147  148  135  132  112  116  135  159  148  181  171
 [46]  197  185  174  174  229  277  288  256  229  232  241  268  251  264  270
 [61]  302  319  268  305  313  340  319  346  355  349  350  350  376  376  371
 [76]  392  427  446  447  440  494  554  587  612  596  581  611  676  655  691
 [91]  734  709  727  755  819  855  880  902  960  953 1034 1143 1132 1138 1140
[106] 1140 1347 1436 1459 1371 1464 1562 1695 1663 1691 1733 1747 1826 2011 2113
[121] 2131

[[145]]
  [1]   10   23   29   18   19   13   12   16   22   27   22   18   12   19   17
 [16]   25   19   14   25   28   27   19   16   24   29   36   35   35   27   25
 [31]   21   46   42   33   27   31   31   31   48   45   52   46   47   50   80
 [46]   68   59   51   55   92  119   99   88  107   98  115  117  148  165  154
 [61]  148  154  151  161  188  180  233  236  283  305  332  335  322  366  411
 [76]  400  443  488  504  508  494  550  523  508  502  573  587  595  681  676
 [91]  715  723  742  772  816  831  818  877  933  934 1012 1055 1076 1213 1238
[106] 1278 1312 1308 1366 1428 1538 1564 1582 1690 1716 1854 1996 2015 2085 2146
[121] 2254

[[146]]
  [1]   10   31   39   30   29   27   27   27   33   39   52   58   49   43   40
 [16]   56   71   60   64   69   75   73   76   80   81   94   93   93   89   82
 [31]   78   98  106  114  115   89  115  114  100  128  135  115  145  159  167
 [46]  191  175  173  181  200  217  218  221  237  250  279  301  341  347  391
 [61]  386  380  408  433  499  489  473  484  525  529  612  597  637  653  642
 [76]  615  668  761  880  918  903  877  988 1022 1077 1067 1083 1176 1226 1284
 [91] 1294 1364 1418 1511 1520 1571 1553 1680 1739 1870 1918 2005 2041 2030 2094
[106] 2188 2217 2363 2436 2693 2786 2767 2949 2992 3268 3377 3424 3597 3790 4025
[121] 4155

[[147]]
  [1]   10   23   27   17   12   12   13   16   14   16   11   15   26   27   20
 [16]   21   26   31   41   29   33   44   46   37   36   44   52   39   35   40
 [31]   50   52   56   48   50   55   68   60   63   61   75   67   85   62   69
 [46]   89   99  109   79   74   69   91  122   97   94   76   97   98  128  106
 [61]  136  155  176  170  197  201  193  200  191  183  192  206  244  247  263
 [76]  225  246  258  272  332  345  350  318  362  377  395  411  409  376  400
 [91]  393  415  445  497  484  501  519  563  571  600  609  618  662  753  839
[106]  846  889  894  970  938  983  976  936 1040 1101 1133 1206 1193 1266 1310
[121] 1307

[[148]]
  [1]   10   40   28   20   15   15   15   26   16   18   10   13   11   20   19
 [16]   13   22   16   12   11   17   16   26   29   27   32   27   32   35   34
 [31]   36   37   39   47   31   31   23   30   26   33   41   55   58   41   43
 [46]   42   38   52   47   46   56   49   49   61   46   57   69   78   90   89
 [61]   90   84   84   91  119  118  140  143  157  160  140  141  162  180  169
 [76]  168  197  214  230  233  234  232  228  258  267  278  281  323  351  392
 [91]  383  419  423  421  456  471  475  538  526  529  515  577  643  651  680
[106]  693  722  729  714  774  793  831  872  948  927 1013 1056 1165 1270 1309
[121] 1323

[[149]]
  [1]   10   30   23   38   39   40   50   50   56   58   48   55   56   54   56
 [16]   73   97   80   67   74   59   60   67   68   61   60   55   71   81   80
 [31]   79   80   74   99  108  112  160  146  131  140  165  156  152  148  167
 [46]  165  167  171  158  128  125  156  160  154  164  168  150  167  164  159
 [61]  180  205  201  252  251  235  263  271  252  265  253  288  320  328  319
 [76]  358  352  362  382  406  438  427  431  414  446  450  509  497  521  532
 [91]  542  600  656  572  623  658  703  744  744  772  813  833  836  882  894
[106] 1077 1057 1030 1120 1196 1225 1316 1365 1335 1338 1496 1523 1523 1539 1566
[121] 1684

[[150]]
  [1]   10   27   20   19   13   12   12   22   22   28   19   15   20   20   24
 [16]   18   16   19   12   27   44   35   29   25   36   47   62   68   64   66
 [31]   63   74   71   81   82  111  108   97  100  101  119  145  135  120  122
 [46]  156  149  167  195  204  185  249  240  229  247  256  239  234  249  239
 [61]  236  244  231  250  285  325  294  281  295  342  321  346  346  387  430
 [76]  435  461  488  442  484  484  581  570  550  564  602  604  643  670  638
 [91]  748  739  757  809  773  829  846  889 1001  980 1023 1102 1164 1237 1261
[106] 1242 1224 1328 1475 1625 1692 1675 1753 1759 1801 1917 1992 2068 2049 2201
[121] 2240

> save(reslist, file=paste("output",iter,".rda",sep=""))
> 
> 
> ###############################################################
> 
> 
> # Clear the workspace and turn off graphics.
> #  Load all the functions you need by sourcing the provided demographic.R file
> #  Read in the job number from the cluster. To do this, your code should include a new
> # variable iter and should start with the line:
> # iter <- as.numeric(Sys.getenv(PBS_ARRAY_INDEX))
> #  Control the random number seeds so that each parallel simulation takes place with a
> # different seed. Your function should therefore set the random number seed as iter so that
> # each parallel simulation has a unique random seed.
> #  In each parallel run, select the initial condition to be used. Ensure that 25 of the parallel
> # simulations are allocated to each of the initial conditions.
> #  Create a variable which is the filename to store your results. The end of the filename
> # should be the number iter to ensure that simulation files do not overwrite one another on
> # the cluster.
> #  Initialise a list which will contain the results of your 150 simulations.
> #  Call the stochastic_simulation function to do the appropriate simulation 150 times,
> # appending the output to the results list, and then save the results list.
> 
> #four initial conditions (25 cluster runs per)
> #each cluster run runs simulation 150 times
> #1) large population of 100 adults
> #2) small population of 10 adults
> #3) 100 individuals spread
> #4) small population of 10 individuals
> 
R has finished running

============================================

        Job resource usage summary 

                 Memory (GB)    NCPUs
 Requested  :         1             1
 Used       :         0 (peak)   0.83 (ave)

============================================
