R is about to run

R version 4.4.1 (2024-06-14) -- "Race for Your Life"
Copyright (C) 2024 The R Foundation for Statistical Computing
Platform: x86_64-conda-linux-gnu

R is free software and comes with ABSOLUTELY NO WARRANTY.
You are welcome to redistribute it under certain conditions.
Type 'license()' or 'licence()' for distribution details.

R is a collaborative project with many contributors.
Type 'contributors()' for more information and
'citation()' on how to cite R or R packages in publications.

Type 'demo()' for some demos, 'help()' for on-line help, or
'help.start()' for an HTML browser interface to help.
Type 'q()' to quit R.

> 
> 
> growth_matrix <- matrix(c(0.1, 0.0, 0.0, 0.0,
+ 0.5, 0.4, 0.0, 0.0,
+ 0.0, 0.4, 0.7, 0.0,
+ 0.0, 0.0, 0.25, 0.4),
+ nrow=4, ncol=4, byrow=T)
> 
> reproduction_matrix <- matrix(c(0.0, 0.0, 0.0, 2.6,
+ 0.0, 0.0, 0.0, 0.0,
+ 0.0, 0.0, 0.0, 0.0,
+ 0.0, 0.0, 0.0, 0.0),
+ nrow=4, ncol=4, byrow=T)
> 
> clutch_distribution <- c(0.06,0.08,0.13,0.15,0.16,0.18,0.15,0.06,0.03)
> 
> #=========================================================================================
> rm(list=ls())
> graphics.off()
> source("Demographic.R")
> source("kl2621_HPC_2024_main.R")
[1] 0 0 0 0 3
[1] 3 3 2 2 2
[1] 2 2
 [1] 7 5 3 2 2 2 2 2 2 2 1 1 1 1 1 1 1 1 1 1 1
> 
> 
> ###4 initial conditions
> 
> ############################################################
> 
> 
> 
> #VVVVVVVVVVVV-------------COMMENT ME OUT WHEN RUNNING THE THING
> #iter <- 5
> #VVVVVVVVVVV--------------UNCOMMENT ME OUT
> iter <- as.numeric(Sys.getenv("PBS_ARRAY_INDEX"))
> set.seed(iter)
> 
> 
> if (iter <= 25) {
+ initial_state <- state_initialise_adult(4,100) #100 adults
+ } else if (iter >25 && iter <= 50) {
+ initial_state <- state_initialise_adult(4,10) #10 adults
+ } else if (iter >50 && iter <= 75) {
+ initial_state <- state_initialise_spread(4,100) #100 spread
+ } else {
+ initial_state <- state_initialise_spread(4,10) #10 spread
+ }
> 
> reslist <- list()
> 
> ####100 cluster runs
> ###################################################
> ####150 runs of stochastic_simulation per cluster run
> for (i in 1:150) {
+     #################################
+     ###120 steps of stochastic_simulation per simulation
+     stochasticresult <- stochastic_simulation(initial_state,growth_matrix,reproduction_matrix,clutch_distribution,120)
+     reslist[[i]] <- stochasticresult
+     #################################
+ }
> ###################################################
> 
> print(reslist)
[[1]]
  [1]   10   35   26   26   20   14   28   20   30   44   36   33   39   49   62
 [16]   60   59   61   61   56   73   67   64   77   76   69   70   91  102  131
 [31]  129  140  135  130  168  142  167  162  143  170  208  233  233  224  263
 [46]  308  281  299  321  352  329  346  367  363  449  453  474  476  535  523
 [61]  507  530  551  617  577  592  646  684  708  721  771  814  837  810  856
 [76]  899  927  940  986 1003 1030 1080 1055 1116 1215 1268 1273 1319 1420 1421
 [91] 1481 1454 1464 1536 1726 1741 1777 1772 1827 1862 1990 2065 2170 2319 2407
[106] 2538 2695 2859 2871 2978 3120 3308 3327 3510 3689 3895 4011 4214 4260 4450
[121] 4635

[[2]]
  [1]   10   43   47   42   33   32   27   31   33   28   37   33   35   25   25
 [16]   25   35   27   38   45   54   63   59   64   69   67   46   56   52   49
 [31]   66   69   74   78   82   76   60   61   55   56   65   58   75   67   77
 [46]   77   72   88   61   73   90   74   76   80   95  110  116  107  112  105
 [61]  145  138  128  155  158  155  173  183  159  161  202  173  197  204  226
 [76]  223  224  218  197  193  205  209  224  246  248  287  297  316  309  349
 [91]  332  364  395  441  446  464  443  484  540  549  514  517  550  581  691
[106]  711  708  773  740  718  785  793  839  869  935  979 1012 1068 1082 1131
[121] 1131

[[3]]
  [1]   10   30   21   14   13   15   12   14   22   16   20   24   25   34   33
 [16]   36   36   35   30   30   31   45   41   50   45   46   52   57   77   62
 [31]   67   66   82   72   80   77  101  101  133  117  120  117  126  119  135
 [46]  136  124  116  129  146  141  130  173  171  165  173  206  212  198  207
 [61]  218  257  252  264  263  282  300  289  317  356  351  398  400  394  393
 [76]  372  381  448  440  418  464  504  501  519  531  544  564  570  639  616
 [91]  671  702  719  683  718  729  810  811  889  926  962 1063 1105 1136 1170
[106] 1201 1268 1363 1446 1464 1550 1681 1766 1810 1769 1888 2070 2140 2333 2401
[121] 2395

[[4]]
  [1]   10   60   51   32   26   30   34   36   45   70   67   58   57   48   46
 [16]   55   52   51   68   64   69   51   56   53   61   70   63   77   79   84
 [31]   76   73   97   97  108  104   90   99   94  112  132  125  115  111  132
 [46]  124  112  131  131  113  140  173  152  133  156  158  185  174  188  202
 [61]  215  202  206  225  253  238  261  289  301  284  298  316  338  404  455
 [76]  459  498  490  442  476  524  550  585  588  611  605  657  694  741  704
 [91]  753  750  747  780  871  907  906  946  986  992 1043 1091 1202 1278 1292
[106] 1337 1322 1363 1435 1481 1540 1671 1706 1827 1967 1916 2078 2158 2187 2288
[121] 2377

[[5]]
  [1]  10  51  55  42  44  32  42  37  47  43  52  47  38  30  42  44  45  43
 [19]  40  39  52  45  49  42  45  50  48  45  47  50  51  35  36  51  57  54
 [37]  45  53  53  50  48  43  49  60  61  64  64  68  78  69  73  59  65  68
 [55]  85  75  78  71  66  65  79  66  75  64  68  71  96  86  83  93 108 110
 [73] 113 116 112 105 104 104 103 110 134 134 135 141 133 150 187 181 210 195
 [91] 201 187 204 225 230 210 207 236 244 237 228 248 269 292 281 299 331 317
[109] 357 359 333 351 376 417 388 368 356 386 383 380 413

[[6]]
  [1]   10   47   46   34   28   24   39   36   34   40   35   38   40   44   69
 [16]   56   54   55   73   72   70   78   69   61   51   60   58   86   77   72
 [31]   78  125  107  116  122  105   95   89  107   92   98   99   87   97  124
 [46]  128  131  185  175  170  175  177  194  202  192  199  214  212  218  213
 [61]  239  222  241  268  303  316  334  353  359  354  375  365  356  348  369
 [76]  359  426  419  399  443  497  498  494  500  505  570  569  615  608  647
 [91]  704  697  674  747  757  800  843  922  984 1000 1039 1053 1100 1144 1152
[106] 1180 1177 1291 1364 1356 1428 1514 1569 1717 1732 1909 1982 2057 2104 2196
[121] 2229

[[7]]
  [1] 10 16 16 15 18 22 24 19 13 16 32 27 19 18 11  7  7  5  2  2  2  1  1  1  1
 [26]  1  1  1  1  1  1  3  1  0  0  0  0  0  0  0  0  0  0  0  0  0  0  0  0  0
 [51]  0  0  0  0  0  0  0  0  0  0  0  0  0  0  0  0  0  0  0  0  0  0  0  0  0
 [76]  0  0  0  0  0  0  0  0  0  0  0  0  0  0  0  0  0  0  0  0  0  0  0  0  0
[101]  0  0  0  0  0  0  0  0  0  0  0  0  0  0  0  0  0  0  0  0  0

[[8]]
  [1]  10  21  27  19  15  14  20  14  12  14  15  13  10   8  13  12  10   7
 [19]   6   4   4   4  11   8  12  12  12   9  16  16  13  18  19  16  12  15
 [37]  11  14  13  15  19  17  18  25  25  24  19  35  29  27  22  27  24  34
 [55]  24  27  36  32  37  36  40  30  39  29  37  48  43  54  56  39  51  37
 [73]  38  42  65  52  48  44  51  63  76  68  61  56  47  60  61  61  67  69
 [91]  90 112 128 111 102 109 117 122 147 134 127 154 175 167 170 158 157 185
[109] 184 189 201 182 212 209 238 221 224 235 227 261 247

[[9]]
  [1]  10  24  20  17  12  11  20  16  14  18  13  16  17  13  17  12  18   9
 [19]  10   8   7   7  12  11   7  19  16  14  10   9   7  14  12   9  14  25
 [37]  21  24  24  25  21  24  20  39  45  31  31  31  38  51  47  42  46  84
 [55]  74  58  56  68  84  75  81  80  73  66  71  59  57  68  63  62  72  61
 [73]  59  57  54  43  44  51  41  44  47  39  35  24  30  31  30  29  24  31
 [91]  27  30  41  52  67  56  56  51  67  70  84  71  74  72  70  76  78  89
[109]  78  63 109 106 105 120 126 132 117 145 151 148 145

[[10]]
  [1]   10   45   44   30   22   27   30   23   25   34   26   29   33   26   24
 [16]   30   37   41   40   46   40   36   41   43   56   49   46   32   59   48
 [31]   60   60   49   53   55   69   83  101  100   96   98  104  111  124  145
 [46]  152  142  126  118  128  125  172  164  133  152  134  162  192  204  219
 [61]  226  233  229  224  245  230  222  231  264  281  272  314  322  334  306
 [76]  327  350  378  370  411  415  437  457  444  487  480  504  494  520  514
 [91]  601  647  630  596  632  636  687  740  759  796  872  833  882  921  968
[106]  965 1074 1026 1071 1124 1155 1228 1246 1349 1403 1506 1587 1580 1559 1608
[121] 1739

[[11]]
  [1]   10   27   17   12   12   17   22   32   32   40   44   41   36   36   56
 [16]   60   52   59   60   66   67   74   77   90   90   79   76   90   92  102
 [31]   87  104  106  105  104  114  112  131  133  135  137  157  157  148  141
 [46]  167  159  163  184  186  179  194  212  216  244  223  243  245  280  276
 [61]  303  312  341  378  411  435  426  478  450  445  495  517  507  524  537
 [76]  601  635  664  739  737  751  775  808  916  910  926  919 1032 1053 1152
 [91] 1178 1203 1271 1344 1348 1434 1578 1560 1649 1744 1844 1943 2136 2092 2070
[106] 2198 2265 2369 2535 2513 2570 2664 2787 2920 3231 3325 3317 3463 3642 3770
[121] 3817

[[12]]
  [1]   10   16   38   38   35   32   54   64   52   59   65   62   68   61   66
 [16]  101  107  111  108  105  122  140  124  142  149  144  145  142  141  168
 [31]  231  212  201  217  223  216  218  220  249  230  247  258  243  244  286
 [46]  268  276  328  318  314  357  393  440  418  432  375  389  434  488  513
 [61]  491  513  515  547  561  602  689  785  795  781  803  818  841  942  970
 [76] 1016 1045 1143 1182 1242 1290 1354 1488 1442 1478 1497 1579 1674 1677 1786
 [91] 1831 1842 1978 2025 2169 2205 2250 2237 2370 2438 2526 2634 2700 2780 2917
[106] 2909 3164 3300 3272 3409 3668 3908 4000 4096 4178 4405 4544 4718 4908 5087
[121] 5307

[[13]]
  [1]   10   29   16   13   12   13    9   12    9   22   11   18   17   12   16
 [16]   20   20   22   19   17   17   31   44   47   38   33   26   47   37   40
 [31]   47   38   40   45   42   64   52   60   84   71   61   52   75   73   89
 [46]   86   83   90   83   79   94  100  121  116  105  124  124  126  143  166
 [61]  176  194  182  176  187  212  237  258  263  236  239  253  245  265  284
 [76]  288  303  328  342  376  387  373  364  372  391  410  427  462  458  483
 [91]  493  532  563  536  594  626  634  664  660  701  735  810  818  823  918
[106]  946 1026 1002 1041 1050 1113 1215 1271 1299 1301 1343 1351 1535 1539 1701
[121] 1686

[[14]]
  [1]   10   31   21   15   13   10   17   26   27   32   35   28   30   30   29
 [16]   38   38   33   27   39   58   41   48   42   44   53   65   64   55   59
 [31]   54   56   64   73   66   61   57   51   71   86   77   88   69   75   64
 [46]   83   90   74   75   89   95  121  115  136  148  151  142  156  195  193
 [61]  184  201  216  234  245  231  229  242  270  301  305  301  285  289  327
 [76]  367  368  414  437  427  402  427  530  561  512  493  559  564  592  593
 [91]  627  630  678  758  779  875  840  865  880  958  983 1058 1101 1158 1225
[106] 1257 1286 1373 1457 1518 1575 1660 1801 1821 1880 2051 2135 2297 2285 2330
[121] 2420

[[15]]
  [1]   10   35   23   24   20   23   26   42   36   24   20   19   40   33   32
 [16]   32   29   29   39   52   49   60   54   55   48   35   53   49   46   58
 [31]   56   48   58   54   58   70   73   62   67   74   96   93   92   70   96
 [46]  108   92  101  123  122  139  147  134  134  152  143  135  136  167  205
 [61]  193  169  186  173  177  191  199  186  195  201  235  272  247  240  277
 [76]  281  304  332  335  317  349  381  408  387  400  443  395  426  457  479
 [91]  537  592  648  626  632  745  734  818  863  935  955 1000  981 1128 1053
[106] 1117 1212 1220 1323 1349 1398 1476 1556 1647 1671 1714 1736 1847 1895 1943
[121] 2051

[[16]]
  [1]   10   35   22   17   15   15   21   33   38   48   43   36   26   43   42
 [16]   51   50   42   43   46   58   51   60   53   59   68   70   75   73   89
 [31]   78   64   88   96  118  114  118  122  104  121  136  113  127  128  120
 [46]  133  118  129  130  119  160  190  191  175  171  161  192  180  188  197
 [61]  230  232  228  254  233  263  247  273  232  246  234  323  335  312  310
 [76]  321  354  336  382  353  352  370  392  404  495  469  478  551  568  546
 [91]  582  654  617  632  635  705  753  814  816  839  934  956  989 1087 1142
[106] 1138 1178 1185 1255 1367 1369 1405 1453 1579 1606 1639 1706 1693 1639 1731
[121] 1824

[[17]]
  [1]   10   31   35   23   20   20   27   32   35   31   31   30   41   34   37
 [16]   45   40   44   50   58   60   52   57   72   57   69   77   81   78   77
 [31]   72   76   92  121  118  145  147  139  149  176  184  161  159  184  183
 [46]  202  183  205  221  224  231  222  219  243  268  276  284  271  285  309
 [61]  274  300  382  393  412  412  390  412  445  477  505  530  577  589  591
 [76]  624  644  681  690  700  805  803  769  827  877  942 1001 1049 1056 1116
 [91] 1114 1158 1189 1271 1389 1386 1462 1526 1562 1531 1569 1630 1749 1827 1935
[106] 1947 2062 2135 2246 2362 2561 2657 2742 2786 2861 3084 3213 3485 3524 3637
[121] 3704

[[18]]
  [1]   10   44   34   28   32   36   33   51   50   44   39   33   29   26   29
 [16]   32   37   28   20   34   25   19   38   42   33   32   39   60   40   42
 [31]   31   32   55   45   36   35   46   56   45   61   71   70   66   63   76
 [46]   72   64   65   83   83   86   89  107  101  106   95  110   97  131  141
 [61]  136  155  139  163  147  145  181  203  205  181  213  213  219  224  245
 [76]  259  241  264  279  258  282  239  260  240  257  328  309  321  362  372
 [91]  419  391  365  366  365  353  395  434  448  433  473  507  499  453  527
[106]  555  581  588  594  666  684  763  789  872  899  903  915  926  974 1052
[121] 1100

[[19]]
  [1]  10  25  32  22  16  14  21  27  28  33  25  20  17  24  19  26  27  23
 [19]  19  17  11  17  11   9   9  19  15  10   9  17  17  11  17  29  36  35
 [37]  41  33  32  31  20  29  32  29  21  16  22  39  33  38  29  28  38  41
 [55]  45  35  31  36  38  43  47  48  47  36  47  53  53  48  42  50  62  66
 [73]  60  50  42  49  44  33  45  51  46  43  57  60  70  59  73  63  76 102
 [91]  87  88 107 120 140 122 126 153 171 155 157 169 177 208 216 223 276 262
[109] 274 283 297 286 283 290 312 298 343 373 385 387 405

[[20]]
  [1]  10  23  23  14  13  17  13  15  11  22  20  12  16  11  13  13   8   6
 [19]   6   6   9  10  15   9  21  16  13  10   8   6   9   6   4   3   3   3
 [37]   9   9   6   6   6   4   3   3  12   6   5   5   4   7   6  11  10  21
 [55]  13  16  13  11  13  12   6   4   8   9  13  16  24  13  17  13  16  12
 [73]  13  17  24  25  25  14  20  13  24  16  21  25  21  17  14  18  27  30
 [91]  30  29  34  54  32  41  36  39  41  44  45  65  85  62  53  48  72  60
[109]  68  60  57  59  55  84  95  81  86  87  95 101 117

[[21]]
  [1]   10   42   40   25   21   29   31   30   40   29   40   40   38   35   49
 [16]   51   41   34   37   50   43   46   65   69   65   46   47   78   65   79
 [31]   83   86   84   79   91   83   86   72   73   76   89   98   96  103  123
 [46]  158  161  177  199  217  212  227  219  228  254  279  291  326  316  350
 [61]  352  403  373  376  406  436  431  475  544  592  581  577  606  700  712
 [76]  737  704  729  714  766  806  797  790  845  863  976 1017 1116 1095 1122
 [91] 1110 1122 1216 1328 1384 1392 1423 1498 1635 1683 1715 1825 1913 1910 1984
[106] 2159 2197 2312 2410 2411 2495 2541 2553 2766 2877 2980 3109 3213 3368 3398
[121] 3512

[[22]]
  [1]   10   24   17   24   23   16   15   24   30   33   37   35   34   29   37
 [16]   36   41   43   64   50   54   45   55   50   69   65   63   51   62   53
 [31]   55   56   63   65   78   82   90   95   91   85   82   88   96   83   76
 [46]   81   81   84   90  114   99   94   83   83   86   86   90   99   92  107
 [61]  115  128  136  164  156  179  174  216  190  184  206  235  246  239  239
 [76]  224  296  312  334  318  340  384  337  336  372  404  426  401  447  492
 [91]  528  548  569  589  610  672  679  671  669  682  699  727  706  769  769
[106]  821  821  843  859  977  972  972  948 1079 1099 1105 1134 1240 1243 1242
[121] 1395

[[23]]
  [1]   10   26   31   22   18   15   31   32   40   46   41   34   27   24   21
 [16]   16   19   20   25   31   24   22   31   25   36   50   55   52   59   61
 [31]   54   65   75   74   88   89   80  113  131  121  120  159  153  168  154
 [46]  132  166  154  153  151  177  171  197  212  217  238  254  267  280  287
 [61]  338  345  360  383  437  478  479  517  550  578  621  608  632  663  709
 [76]  711  713  750  831  859  861  956  937 1007 1072 1122 1196 1237 1298 1291
 [91] 1430 1448 1507 1592 1665 1730 1774 1784 1792 1888 2054 2070 2226 2277 2294
[106] 2492 2599 2640 2722 2789 2917 3063 3118 3188 3381 3518 3574 3804 3917 4216
[121] 4300

[[24]]
  [1]   10   48   35   45   27   25   32   46   29   25   23   26   39   41   44
 [16]   32   29   35   47   41   50   44   33   54   52   51   59   62   48   53
 [31]   72   59   50   58   61   62   65   70   91   71   76   81   80   96   94
 [46]  104   79   99  119  107  101  101  114  142  123  132  130  155  164  166
 [61]  158  160  187  208  203  185  211  201  191  178  231  242  245  245  217
 [76]  219  245  259  260  275  286  340  320  329  338  370  387  367  377  381
 [91]  391  447  425  428  439  426  433  454  504  541  620  608  647  619  670
[106]  711  738  816  823  835  821  896  902  977  959  946 1010 1126 1166 1187
[121] 1229

[[25]]
  [1]   10   31   34   20   17   13   27   19   27   25   33   24   19   20   31
 [16]   27   29   31   37   37   35   28   39   44   49   44   44   49   50   53
 [31]   72   79   85   69   83   82  101  102  104  102   94  121  139  129  143
 [46]  186  178  151  147  154  131  175  207  262  264  261  277  270  281  321
 [61]  342  322  385  381  361  413  404  384  422  440  472  456  457  437  444
 [76]  517  583  554  529  539  592  663  716  689  673  722  782  779  703  774
 [91]  753  878  897  886  907  920  971 1016 1092 1069 1030 1082 1194 1228 1274
[106] 1295 1388 1345 1415 1511 1570 1603 1622 1725 1872 1956 2075 2117 2165 2269
[121] 2251

[[26]]
  [1]   10   39   26   21   17   14   15   19   28   18   22   26   27   25   18
 [16]   30   22   25   30   24   23   20   19   18   26   22   27   31   19   19
 [31]   13   18   25   37   34   28   25   45   69   73   77   64   89   96  111
 [46]  112   99  111  114  121  125  133  122  148  179  168  196  214  205  223
 [61]  216  235  237  251  251  278  300  321  310  333  319  332  341  408  414
 [76]  435  458  470  480  524  555  548  485  485  540  525  554  559  553  580
 [91]  679  684  694  684  733  776  817  810  860  884  860  892  948  989 1052
[106] 1048 1132 1167 1227 1232 1387 1432 1439 1501 1584 1609 1658 1674 1809 1824
[121] 1924

[[27]]
  [1] 10 27 15  8  7  6 16  8  5 13  7  4  4  3  2  1  1  1  1  5  4  3  0  0  0
 [26]  0  0  0  0  0  0  0  0  0  0  0  0  0  0  0  0  0  0  0  0  0  0  0  0  0
 [51]  0  0  0  0  0  0  0  0  0  0  0  0  0  0  0  0  0  0  0  0  0  0  0  0  0
 [76]  0  0  0  0  0  0  0  0  0  0  0  0  0  0  0  0  0  0  0  0  0  0  0  0  0
[101]  0  0  0  0  0  0  0  0  0  0  0  0  0  0  0  0  0  0  0  0  0

[[28]]
  [1]   10   39   29   20   16   16   12   28   42   41   35   37   52   58   59
 [16]   52   65   61   64   53   67   63   75   77   76   81   86   78   74   93
 [31]  108   93   99  112  101  103   93   94  123  133  133  138  148  194  161
 [46]  156  160  170  206  224  187  177  186  201  231  265  263  285  286  307
 [61]  320  334  360  405  424  439  442  467  470  583  592  602  604  687  703
 [76]  747  764  856  852  865  876  959  948  938  967 1089 1122 1160 1209 1325
 [91] 1274 1320 1402 1398 1483 1509 1617 1688 1723 1805 1885 1933 2042 2155 2191
[106] 2323 2425 2452 2504 2555 2664 2770 2873 3029 3194 3338 3396 3617 3677 3961
[121] 4112

[[29]]
  [1]  10  35  36  27  28  30  26  21  25  22  18  15  20  14  23  23  20  22
 [19]  26  45  36  27  27  26  27  35  37  46  33  40  49  35  34  32  36  27
 [37]  35  53  44  46  44  40  75  76  66  64  59  73  80  82  75  70  71  80
 [55]  76  87  80  77  93  94  95 109  94  96  86  92 105 129 119 109 104 126
 [73] 141 150 132 116 138 136 148 150 184 189 224 242 216 212 207 223 235 228
 [91] 276 284 291 305 339 333 312 340 389 371 395 382 422 443 472 461 486 517
[109] 595 644 632 638 627 668 677 779 841 850 858 964 991

[[30]]
  [1]   10   17   23   16   14   12   13   26   42   47   31   30   41   43   56
 [16]   42   37   48   73   62   56   58   61   63   73   78   75   66   85   85
 [31]   79   66   72   80   81   89  102  110  109  120  162  149  142  146  155
 [46]  155  195  217  189  180  201  199  214  228  262  271  250  281  262  260
 [61]  267  301  317  309  297  350  327  381  386  418  397  422  397  420  448
 [76]  428  424  470  541  564  579  600  606  675  747  790  851  845  851  942
 [91]  971 1021 1019 1058 1124 1119 1202 1212 1245 1266 1328 1368 1414 1441 1521
[106] 1584 1647 1628 1744 1789 1916 2000 1947 2051 2127 2169 2206 2421 2671 2731
[121] 2796

[[31]]
  [1]  10  21  18  13  11  14  18  14  12  12  18  25  33  40  27  29  37  24
 [19]  22  21  22  25  35  41  29  38  35  43  36  41  40  32  26  38  30  36
 [37]  30  35  28  26  30  29  27  31  35  44  41  38  40  40  46  47  41  35
 [55]  25  25  28  49  49  43  57  44  42  48  69  73  54  58  66  74  56 109
 [73]  79  82 100 108  91  82  85  74  70  99  98 103  93  94  87 136 129 121
 [91] 106 116 142 141 132 132 132 143 170 162 171 160 179 165 216 242 239 249
[109] 243 245 289 294 295 307 300 289 306 338 354 364 379

[[32]]
  [1]   10   45   24   18   14   20   31   42   31   27   32   28   22   46   38
 [16]   35   30   32   39   36   45   41   45   38   43   50   66   53   63   52
 [31]   51   66   65   68   62   51   47   76   86   80   62   71   90   90  117
 [46]  108   93   94   82  102  104  106  107  109  111  117  129  139  133  143
 [61]  140  172  150  159  168  178  175  168  171  205  208  202  247  231  229
 [76]  218  237  259  276  266  284  305  310  334  313  368  377  348  384  430
 [91]  451  395  466  467  462  481  523  525  570  605  602  634  624  629  733
[106]  793  827  805  880  963 1010 1172 1159 1197 1294 1373 1436 1424 1539 1594
[121] 1523

[[33]]
  [1]  10  30  31  30  24  23  17  14  23  22  23  28  29  22  24  24  31  34
 [19]  43  33  35  31  36  33  33  26  21  17  15  13  22  34  33  33  27  36
 [37]  50  49  42  33  36  72  55  44  36  43  55  54  58  58  65  52  57  71
 [55]  70  52  69  67  69  48  70  80  88  83  78  83  88 110  98 102 113  98
 [73] 119 138 141 114 124 127 126 133 136 146 158 179 170 188 202 207 217 211
 [91] 228 224 220 231 258 273 292 302 314 309 323 350 342 361 358 375 389 441
[109] 469 459 483 508 526 581 605 651 672 691 720 744 787

[[34]]
  [1]  10  19  30  18  17  17  14  18  12  12  11  16  24  16  20  21  35  27
 [19]  26  18  21  30  18  18  15  16  17  19  23  16  25  18  15  19  26  22
 [37]  15  24  36  47  37  43  45  51  56  44  32  45  42  44  53  68  67  65
 [55]  46  65  64  59  64  54  59  83  82  79  74  75  77  86  79  82  91  84
 [73]  97  93  99 108  98  82 108 110 123 123 137 134 146 164 156 169 176 192
 [91] 197 198 175 182 175 210 210 198 207 223 223 231 231 244 244 258 270 257
[109] 299 285 306 317 318 289 334 314 372 382 356 405 415

[[35]]
  [1]  10  25  19  15  19  24  21  30  31  33  36  27  31  38  35  40  44  32
 [19]  22  34  34  36  29  32  33  30  32  33  39  37  30  47  44  46  56  39
 [37]  36  38  37  50  57  46  52  45  40  38  35  33  43  48  58  43  52  71
 [55]  62  53  56  60  70  60  58  57  65  66  79  74  81  79  70  75  74  91
 [73] 102  99  97  95  91 103 119 136 132 137 154 151 152 159 217 225 206 227
 [91] 271 226 291 296 306 300 264 259 241 291 295 291 324 290 309 299 301 366
[109] 362 371 360 373 360 403 429 432 433 422 461 518 501

[[36]]
  [1]   10   42   32   37   22   18   16   15   22   18   24   30   33   32   24
 [16]   20   23   21   38   40   34   42   35   45   28   37   24   21   27   40
 [31]   35   29   38   48   52   42   38   42   54   44   48   48   62   70   59
 [46]   81   74   80   82   98   86   98   80   89   89   82   97  109  137  123
 [61]  121  132  152  134  148  151  184  181  178  185  205  216  259  228  273
 [76]  259  299  309  310  343  353  359  363  394  445  469  477  504  511  575
 [91]  610  598  612  622  683  667  756  739  833  882  850  884  940  934  973
[106] 1063 1137 1183 1187 1181 1266 1273 1357 1304 1407 1557 1479 1515 1540 1579
[121] 1691

[[37]]
  [1]   10   23   43   30   21   28   26   35   46   36   41   43   41   39   38
 [16]   32   40   39   51   41   36   40   54   57   47   64   80   91   85   87
 [31]   83   99   98  127  129  129  142  132  133  138  167  176  173  187  209
 [46]  241  232  219  215  246  277  293  285  270  294  341  345  331  318  323
 [61]  332  343  382  346  408  349  410  409  457  451  450  463  530  584  604
 [76]  633  626  707  698  740  765  744  789  881  902  980  900  896  921  967
 [91] 1070 1053 1078 1137 1145 1240 1304 1444 1420 1519 1460 1492 1540 1654 1568
[106] 1656 1770 1863 1894 1923 1953 2073 2146 2310 2368 2441 2458 2640 2757 2987
[121] 2979

[[38]]
  [1]   10   41   36   38   31   35   49   58   62   52   51   63   73   97   80
 [16]   71   61   75   75   79   90   92  108  109  104   95   93  110  130  128
 [31]  164  161  167  157  176  179  194  176  203  196  188  219  233  283  295
 [46]  284  271  283  294  314  340  314  296  293  337  298  331  345  401  399
 [61]  425  450  443  501  506  525  582  570  572  621  638  619  678  710  719
 [76]  700  683  809  920  891  852  834  910  991  986 1020 1079 1100 1134 1106
 [91] 1129 1227 1290 1418 1520 1489 1541 1571 1670 1817 1831 1948 1939 2010 2027
[106] 2044 2237 2352 2398 2393 2521 2715 2803 2786 2961 3047 3142 3281 3344 3459
[121] 3539

[[39]]
  [1]   10   34   26   29   20   29   28   23   21   20   21   24   24   17   32
 [16]   41   38   28   34   35   36   46   55   50   53   70   53   45   62   54
 [31]   57   57   70   68   56   48   64   81   82   74   75   74   84  104  109
 [46]  105   95  121  119  134  132  109  105  126  126  143  172  156  150  159
 [61]  196  204  226  233  258  239  288  279  264  257  264  235  263  284  266
 [76]  272  287  301  326  317  310  308  330  336  330  354  400  409  453  497
 [91]  511  512  554  578  568  598  623  670  634  602  648  649  719  767  772
[106]  791  818  792  845  914  974 1027 1002 1003 1064 1117 1129 1199 1216 1309
[121] 1374

[[40]]
  [1]   10   39   24   18   15   31   34   28   15   16   22   26   27   25   32
 [16]   25   20   30   41   38   55   44   38   36   40   45   56   43   58   48
 [31]   40   33   45   51   53   48   50   44   58   64   65   65   76   74   66
 [46]   89  104  126  113  114  120  126  133  112  122  123  137  126  113  164
 [61]  165  155  214  181  188  205  235  237  252  261  253  271  299  255  265
 [76]  339  331  323  316  304  360  415  396  363  383  431  392  472  453  487
 [91]  530  545  570  593  572  557  610  646  659  706  741  734  806  842  837
[106]  928  952 1025 1093 1107 1101 1174 1230 1226 1286 1366 1367 1385 1378 1544
[121] 1596

[[41]]
  [1]   10   34   25   24   18   20   23   28   36   33   40   34   28   25   32
 [16]   26   27   29   19   16   17   15   17   11   10   13    9   16   38   30
 [31]   27   29   32   37   36   43   44   53   50   64   51   61   58   76   66
 [46]   87  110   99   95  125   92   81   92  101  114  137  138  125  130  150
 [61]  139  157  148  157  165  199  198  217  201  217  240  218  236  236  213
 [76]  261  255  310  309  325  342  314  368  352  364  400  431  485  473  517
 [91]  524  561  626  659  694  664  688  711  774  836  855  892  858  918  963
[106]  994  967 1037 1127 1152 1203 1328 1273 1285 1329 1433 1451 1575 1686 1741
[121] 1757

[[42]]
  [1]  10  17  18  22  17  26  26  27  26  23  32  49  46  33  35  28  25  26
 [19]  25  34  23  28  27  34  36  29  24  28  41  39  30  36  32  42  32  45
 [37]  58  69  71  60  63  60  53  55  48  52  41  47  50  83  57  67  72  66
 [55]  67  63  67  80  73  70  69  55  54  57  48  59  53  63  67  63  58  62
 [73]  58  82  89 102 116 105 100 118 135 114 141 136 131 129 169 161 157 161
 [91] 179 180 148 139 145 182 186 219 239 232 254 248 258 270 233 274 293 296
[109] 294 304 321 344 318 360 356 341 365 448 423 447 486

[[43]]
  [1]   10   32   30   21   24   21   19   33   28   40   36   32   29   29   50
 [16]   55   41   53   51   53   63   74   73   89   95  105  105  104  112   99
 [31]  114  138  128  138  135  139  153  158  135  153  191  203  198  228  231
 [46]  227  217  211  220  241  241  286  254  274  311  334  328  342  374  384
 [61]  420  433  495  508  457  467  519  543  608  622  665  617  699  757  725
 [76]  716  808  837  950 1026  959  998  994 1003 1119 1211 1322 1392 1514 1502
 [91] 1610 1735 1820 1904 1857 1935 2040 2101 2154 2146 2229 2285 2471 2493 2644
[106] 2740 2865 2985 3062 3228 3339 3589 3608 3735 3941 4070 4350 4455 4584 4811
[121] 5159

[[44]]
  [1]   10   40   20   24   23   26   32   34   29   36   32   31   38   42   46
 [16]   44   41   45   46   41   59   61   68   49   52   71   99   90   74   59
 [31]   54   60   65   84   71   67   81  102   82   93   86   80   91   90  108
 [46]  114  116  133  117  125  114  132  135  145  170  177  166  154  173  203
 [61]  197  215  193  236  262  269  272  242  230  235  249  267  282  295  300
 [76]  307  320  338  388  411  399  398  390  398  471  470  520  535  530  625
 [91]  639  683  681  760  798  788  816  799  859  907  949  987  989 1031 1060
[106] 1161 1189 1217 1269 1300 1369 1406 1507 1547 1626 1668 1696 1799 1917 1966
[121] 2048

[[45]]
  [1]   10   30   32   20   22   27   27   48   40   28   34   40   35   38   34
 [16]   40   48   40   44   54   45   51   44   55   56   77   76   90   90   78
 [31]   67   75   69   75   71   63   68   62   57   78   73   86   93   93   76
 [46]   72   77   73   87   91   77   92   90   90   79   80   87   79  108  106
 [61]  112  114  122  124  103  119  139  125  133  132  161  161  179  154  150
 [76]  141  172  212  215  228  236  231  239  273  249  257  263  288  311  334
 [91]  366  352  427  479  509  528  601  588  571  612  668  653  736  721  719
[106]  752  820  890  904  936  955 1030 1058 1174 1228 1248 1287 1351 1463 1473
[121] 1472

[[46]]
  [1]  10  26  33  27  19  16  29  35  23  30  40  30  25  20  28  20  17  19
 [19]  13  16  22  19  20  22  27  32  24  19  17  22  23  31  27  35  37  39
 [37]  39  44  42  64  40  34  34  30  38  28  37  29  45  45  43  35  41  49
 [55]  61  52  43  52  45  48  63  55  57  66  65  62  72  90  80  75  81  92
 [73]  84  93  84  89  83  97  99 104 107 134 131 153 153 144 155 143 161 195
 [91] 204 215 238 209 218 232 206 215 223 246 255 267 263 267 281 286 343 339
[109] 328 300 369 396 369 382 384 415 470 415 442 498 574

[[47]]
  [1]   10   25   25   22   20   15   31   23   22   22   24   23   20   26   32
 [16]   30   31   33   33   31   29   38   58   56   47   45   51   46   48   46
 [31]   55   43   44   50   45   36   56   66   62   65   69   63   79   81   88
 [46]   81   83   88   93   84   88   95   99   83   85   92  102   98   95  103
 [61]  101  130  113  120  114  135  145  161  180  148  172  178  201  183  205
 [76]  217  244  249  247  252  270  280  291  283  269  332  371  355  331  370
 [91]  379  410  438  403  427  456  467  510  554  579  637  699  675  713  719
[106]  753  752  778  857  890  890  825  859  995 1004 1043 1103 1111 1187 1294
[121] 1324

[[48]]
  [1]   10   34   37   29   33   24   20   18   19   17   33   27   22   23   25
 [16]   41   50   47   37   36   46   52   72   57   67   81   85   73   90   65
 [31]   77   69   79   85  104   99   85  114  112  116  112  114  130  152  154
 [46]  153  174  178  176  177  184  174  176  172  191  196  193  246  244  251
 [61]  247  265  256  267  274  271  284  349  352  341  367  341  386  403  437
 [76]  483  517  471  502  492  444  454  509  518  530  585  606  647  634  637
 [91]  630  640  684  740  739  842  842  866  876  870  991 1051 1071 1077 1091
[106] 1140 1180 1136 1213 1405 1456 1492 1521 1564 1571 1691 1824 1926 1960 1986
[121] 2071

[[49]]
  [1]  10  39  27  19  19  21  22  26  29  23  29  40  44  36  45  36  32  37
 [19]  42  41  51  41  30  19  24  25  36  42  41  38  39  34  42  43  40  37
 [37]  56  37  37  37  42  52  47  73  57  58  58  74  79  79  81  89  95  98
 [55]  89 107 113 126 129 122 124 117 115 131 150 144 140 141 149 137 154 155
 [73] 141 152 134 184 178 150 168 148 156 150 198 210 217 229 229 235 236 218
 [91] 235 240 247 238 269 263 270 296 283 281 278 307 307 305 335 340 377 412
[109] 412 414 429 476 470 456 515 500 565 593 598 598 603

[[50]]
  [1]  10  13  17  15  15  13   9   6   6  15  16  11   8  15   7   9  12   6
 [19]   5  10  10   8  18  10   8   9   7  23  19  20  14  23  23  21  16  13
 [37]  29  19  15  19  21  21  22  33  33  31  30  31  30  27  36  26  28  30
 [55]  37  28  31  24  38  43  34  37  59  50  69  69  65  66  67  59  68  71
 [73]  71  66  66  72  82  80  90  78  84 100 132 130 125 125 119 122 127 138
 [91] 127 146 144 151 156 157 182 173 158 178 216 238 224 240 253 260 263 271
[109] 304 299 311 329 308 376 402 354 393 449 409 462 471

[[51]]
  [1]   10   19   17   13   12   10   14   15   26   20   29   21   30   21   27
 [16]   32   26   26   29   22   37   35   25   21   24   23   22   35   34   29
 [31]   29   44   41   32   25   30   46   34   40   39   45   50   63   46   50
 [46]   73   70   49   53   55   75   83   70   72   66   66   82   82   92  101
 [61]  150  141  163  168  164  170  163  174  201  217  204  207  230  233  266
 [76]  283  278  275  293  314  365  376  405  419  430  445  438  476  496  470
 [91]  551  559  605  614  658  682  713  750  792  787  831  917  973  928  971
[106]  921  972 1030 1068 1113 1109 1146 1164 1263 1335 1402 1475 1545 1595 1726
[121] 1805

[[52]]
  [1]  10  27  13   8   8   8  11   6  12   9   7   6  19  18  14  10   8  16
 [19]  12   9   7   7   7  13  10  12  15  10   7  12  10  10  14  11  12  20
 [37]  23  18  21  28  22  24  19  23  32  34  27  24  31  38  31  35  28  27
 [55]  24  29  34  27  35  33  33  37  30  22  21  35  51  40  41  34  36  52
 [73]  46  44  49  40  42  52  66  64  69  72  81  74  79  83  95  95  86  88
 [91] 104 106 112 103 106 130 145 157 143 151 151 134 157 162 165 165 178 179
[109] 220 245 240 216 207 232 278 317 326 334 338 317 314

[[53]]
  [1]   10   48   40   28   25   23   44   46   59   55   53   54   62   70   98
 [16]   98   91   82   91  109   90  104  111  120  134  159  174  140  146  188
 [31]  192  204  168  177  151  203  196  195  179  210  245  240  237  264  294
 [46]  316  302  296  305  294  317  367  362  374  364  410  373  379  412  452
 [61]  474  484  499  536  541  527  618  629  657  658  787  790  809  886  959
 [76]  981  940 1025 1035 1083 1135 1112 1214 1271 1366 1365 1346 1487 1556 1601
 [91] 1693 1672 1708 1763 1882 1903 2072 2057 2114 2200 2326 2349 2442 2679 2717
[106] 2792 2827 2935 3173 3416 3391 3650 3894 3940 4045 4221 4554 4731 4979 5116
[121] 5269

[[54]]
  [1] 10 17  9  8  8  8  7 14 15 11 10  9  9  6  5  7  6  9 12 13  7  4  3  2  2
 [26]  5  7  5  4  4  3  3  3  3  3  7 10 15 15  9  8  8 11 13 11 14  9  7  5  5
 [51] 13  6  4  4 10  6  5  3  1  1  1  0  0  0  0  0  0  0  0  0  0  0  0  0  0
 [76]  0  0  0  0  0  0  0  0  0  0  0  0  0  0  0  0  0  0  0  0  0  0  0  0  0
[101]  0  0  0  0  0  0  0  0  0  0  0  0  0  0  0  0  0  0  0  0  0

[[55]]
  [1]   10   28   26   21   18   22   37   39   31   41   48   52   53   47   55
 [16]   56   80   86   83   90   82   75   77  112  107  120  117  123  137  145
 [31]  157  171  185  177  181  202  227  210  211  220  254  298  281  312  327
 [46]  330  328  326  346  333  363  375  402  440  455  457  466  466  507  554
 [61]  623  615  586  639  609  705  702  771  778  789  755  844  911  884  906
 [76]  997 1088 1103 1199 1184 1221 1246 1344 1489 1477 1455 1540 1745 1794 1757
 [91] 1845 1923 1982 2031 2255 2291 2419 2494 2662 2754 2806 2936 2992 3151 3393
[106] 3482 3574 3655 3909 4128 4235 4260 4530 4825 4939 5098 5219 5462 5760 5914
[121] 5991

[[56]]
  [1]   10   34   32   23   22   26   47   51   48   44   47   46   45   38   42
 [16]   54   59   69   66   82   85   77   70   59   65   81  111   99   95  113
 [31]  101  111  101   96   83   92  108  107  113  120  136  129  145  171  174
 [46]  170  144  176  210  215  203  206  247  237  266  287  306  273  270  293
 [61]  322  359  336  333  373  416  389  414  425  447  491  562  506  500  534
 [76]  581  567  570  588  614  640  662  644  689  780  824  841  907  907  963
 [91]  960 1018 1026 1079 1145 1096 1090 1130 1200 1270 1316 1346 1354 1414 1496
[106] 1552 1657 1752 1883 1989 2056 2181 2222 2309 2404 2643 2726 2724 2724 2922
[121] 3077

[[57]]
  [1] 10 24 17 11  6  5  4  4 12  8  3  3  8  8 11 10 12 11  8  7  7  7  4  4  3
 [26]  2  2  2  2  8 12 15  9  7  7  6 13 12  9 14 10  7 10  9  8  3  9 11  6 12
 [51]  9  6  6  5  9  9  2  1  1  1  7  3  2  0  0  0  0  0  0  0  0  0  0  0  0
 [76]  0  0  0  0  0  0  0  0  0  0  0  0  0  0  0  0  0  0  0  0  0  0  0  0  0
[101]  0  0  0  0  0  0  0  0  0  0  0  0  0  0  0  0  0  0  0  0  0

[[58]]
  [1]   10   12   23   27   17   15   12   13    7    8   22   30   27   23   18
 [16]   28   45   38   31   33   23   40   31   35   32   43   59   42   44   50
 [31]   55   55   51   63   47   57   65   50   62   58   72   79   64   61   83
 [46]   65   69   63   76   93   93  103   93  108  103   90   95  115  106  121
 [61]  108  128  125  136  169  139  155  181  206  185  190  180  194  206  260
 [76]  277  271  270  258  265  259  256  271  303  329  352  364  371  362  345
 [91]  383  411  444  429  464  525  562  668  618  679  638  623  697  713  779
[106]  814  836  890  914  878  932 1001 1044 1047 1055 1158 1116 1182 1283 1323
[121] 1333

[[59]]
  [1]  10  22  20  23  19  22  22  20  21  10  10  17  11  15  13  24  26  23
 [19]  18  18  16  25  20  15  13  19  20  20  32  27  21  19  16  15  14  11
 [37]  19  10  10  10  12  16  21  19  20  24  20  20  13  11  13  15  10  15
 [55]  13  15  16  19  13  15  12  27  23  21  18  23  24  17  34  28  26  19
 [73]  24  28  19  20  22  28  30  35  32  40  44  50  47  52  71  59  72  68
 [91]  48  71  67  73  59  73  91  87  89  75  88  77  79  75  92 101 116 124
[109] 145 125 143 148 162 167 174 184 177 168 197 216 196

[[60]]
  [1]   10   42   37   27   23   19   26   31   39   32   32   32   30   26   48
 [16]   41   53   44   41   36   37   28   30   63   43   38   42   50   52   51
 [31]   65   62   60   46   47   48   53   50   46   66   73   80   89   80   97
 [46]   89  101  119  113  114   99   97   99  109  114  117  120  118  102  116
 [61]  122  130  143  150  132  136  155  173  157  153  150  155  185  181  230
 [76]  194  201  229  208  240  234  205  222  260  265  271  293  330  338  374
 [91]  372  375  377  410  411  426  480  467  513  551  535  544  553  562  584
[106]  534  607  652  694  685  695  727  743  727  841  913  897  964 1024 1052
[121] 1128

[[61]]
  [1]  10  22  21  18  15  22  24  26  28  28  18  19  18  18  15  22  26  23
 [19]  20  18  13  12  17  13  24  17  22  22  26  26  25  20  20  20  27  23
 [37]  24  26  20  24  25  24  26  33  39  36  30  24  16  25  28  29  33  44
 [55]  49  39  45  49  50  58  60  75  51  50  62  54  91  74  68  61  64  89
 [73] 103 105 117 120 119 115 145 125 151 146 150 148 142 157 177 179 170 195
 [91] 198 212 219 228 260 248 253 248 263 288 319 311 331 318 324 362 386 374
[109] 365 408 410 436 437 477 526 536 593 614 595 626 648

[[62]]
  [1]  10  31  27  20  15  11  17  12  16  11  19  22  17  11   8   7   7   5
 [19]   4  11  10   8   7   6  11   6  14  15  11  10   8   8   6  13   7   6
 [37]  12   8   4   4   4   2  10  13  13  14  14  10   7  12  12  11  11   9
 [55]  13  15  17  18   9   9   7  11  10   8   7   5   5   5  13  16  16  18
 [73]  14  10  14  30  32  36  26  28  23  21  32  38  42  46  52  57  61  72
 [91]  66  69  63  71  64  67  75  67  73  84  77  81  92  94  83  70  67  64
[109]  76  65  71  89  99  91  78  87 115 104 103 108 117

[[63]]
  [1]   10   39   26   26   23   28   31   30   29   37   45   43   41   40   30
 [16]   46   36   35   32   27   34   24   34   32   32   28   25   32   46   47
 [31]   31   36   41   53   67   55   49   42   58   69   61   67   86   77   80
 [46]  113  114  115  123  137  121  142  123  104  116  148  171  164  167  154
 [61]  234  262  255  231  282  288  285  301  302  284  279  329  346  390  401
 [76]  398  422  467  468  442  477  521  556  555  573  620  606  621  659  684
 [91]  681  708  694  775  709  807  896  940  962  926  895  965  975 1057 1144
[106] 1137 1185 1217 1235 1272 1336 1413 1465 1587 1659 1735 1787 1728 1813 1867
[121] 2048

[[64]]
  [1]  10  19  13  10   8   7  10   9   6  17   9   7   6   6   5   5  22  17
 [19]  13  13  10  20  16  23  27  37  27  23  19  31  30  30  21  18  17  21
 [37]  27  23  38  31  28  34  40  37  32  26  35  31  31  35  39  40  45  46
 [55]  36  28  30  45  54  66  90  86  83  87  90  96 120 118 104  86 101 111
 [73] 126 112 108 116 112 138 133 140 128 139 161 177 187 187 195 191 190 217
 [91] 246 234 248 238 238 219 257 251 244 249 233 279 315 329 309 311 320 338
[109] 347 383 370 381 369 416 455 456 464 476 490 493 516

[[65]]
  [1]  10  38  24  19  22  14  15   9  26  26  13  12  11  17  24  30  32  35
 [19]  26  34  29  27  24  19  35  37  42  36  29  28  29  48  36  27  31  48
 [37]  52  47  38  41  45  53  54  53  59  63  63  51  60  56  60  75  69  65
 [55]  66  61  69  80  82  76  79  98  96 100  98  97 123 127 134 112 111 124
 [73] 114 119 113 116 131 128 134 158 170 163 159 160 160 174 206 220 234 230
 [91] 266 242 226 221 239 240 279 246 253 257 229 264 278 268 239 304 311 359
[109] 344 299 312 382 382 420 426 441 433 405 421 434 553

[[66]]
  [1]   10   46   36   27   21   26   27   27   21   17   26   31   30   59   54
 [16]   53   45   43   51   49   57   60   79   86   93  108   94  112  120  118
 [31]  129  133  150  171  188  207  175  171  182  176  177  192  201  224  224
 [46]  220  264  278  288  299  335  298  306  326  347  392  412  415  390  397
 [61]  444  449  462  482  503  523  553  554  571  602  683  685  701  674  733
 [76]  730  721  770  868  903  978  978  983 1071 1104 1213 1256 1280 1350 1447
 [91] 1520 1444 1547 1593 1574 1774 1819 1934 1905 1934 1970 2108 2312 2452 2484
[106] 2517 2732 2852 2977 3246 3276 3429 3606 3624 3893 3973 4196 4448 4532 4852
[121] 4900

[[67]]
  [1]   10   52   36   28   29   43   40   51   45   42   50   53   57   58   58
 [16]   75   84   75   97   78   94  107  119   95   97  117  137  129  142  144
 [31]  140  139  161  169  166  179  174  184  232  199  191  208  213  261  270
 [46]  285  278  330  325  349  342  324  336  385  442  499  503  480  476  586
 [61]  619  642  639  698  698  746  755  767  812  842  923  967  978 1060 1084
 [76] 1182 1239 1320 1321 1361 1379 1416 1447 1479 1464 1497 1612 1649 1714 1791
 [91] 1844 1900 1982 2107 2175 2219 2346 2547 2680 2776 2856 2960 3096 3179 3385
[106] 3541 3818 3909 4282 4376 4588 4641 4829 4942 5210 5450 5734 5886 5975 6299
[121] 6604

[[68]]
  [1]   10   47   32   27   21   26   35   38   26   28   29   29   48   48   47
 [16]   47   51   44   36   39   41   45   45   39   34   30   35   50   34   41
 [31]   45   44   66   59   57   50   57   49   55   63   58   79   84   75   80
 [46]   81   71   86   91  116  116  101  123  134  133  155  124  114  104  118
 [61]  132  158  148  149  149  144  166  158  146  153  189  181  200  220  217
 [76]  239  213  221  242  258  278  267  293  309  299  333  342  357  398  391
 [91]  416  466  476  554  591  561  557  571  626  617  629  700  728  718  750
[106]  775  810  833  962  988 1050 1018 1065 1120 1122 1305 1297 1371 1401 1486
[121] 1549

[[69]]
  [1]   10   35   37   28   23   17   23   22   48   41   35   33   44   44   46
 [16]   41   48   39   38   39   35   49   38   50   50   46   50   47   55   47
 [31]   60   65   71   63   63   61   75   99  115   93   83   91  100  115  128
 [46]  154  156  164  166  156  193  207  214  215  206  227  220  217  269  272
 [61]  243  249  261  270  274  269  280  269  279  297  270  310  336  353  338
 [76]  347  406  413  386  384  400  456  492  492  495  507  557  532  577  591
 [91]  603  599  612  639  685  714  785  793  789  813  863  872  952 1012 1078
[106] 1119 1148 1186 1200 1246 1324 1323 1393 1469 1497 1550 1591 1738 1787 1863
[121] 1941

[[70]]
  [1]   10   39   37   26   30   30   29   26   22   22   24   23   23   21   21
 [16]   25   25   28   24   26   21   37   29   37   41   30   33   37   37   46
 [31]   36   28   40   31   46   47   49   37   39   39   39   41   52   41   39
 [46]   50   55   53   54   59   66   68   80   66   48   52   60   71   81   80
 [61]   81   79   96   86   96   93  118  123  105  100  109  109  123  121  114
 [76]  128  142  161  155  153  153  159  176  257  221  235  233  242  240  281
 [91]  332  360  357  368  395  441  487  549  535  522  533  587  638  657  663
[106]  716  757  818  852  875  872  907  997 1037 1080 1042 1079 1107 1155 1257
[121] 1302

[[71]]
  [1]   10   33   18   17   14   13   13   11   21   15   35   40   22   32   29
 [16]   28   25   35   39   42   50   49   45   31   41   54   61   60   62   68
 [31]   77   65   87   76   73   63   61   54   52   60   61   57   66   58   58
 [46]   54   58   54   59   51   69   86   83   71   72   69  106  113  111  128
 [61]  116  120  147  162  154  155  157  168  161  193  233  259  262  272  264
 [76]  271  246  267  263  262  281  309  300  296  324  323  324  363  330  362
 [91]  386  406  413  421  452  479  523  557  557  589  601  680  669  663  714
[106]  722  790  828  924  909  960 1011 1091 1138 1154 1274 1321 1348 1400 1512
[121] 1547

[[72]]
  [1]  10  20  27  24  17  16  23  21  17  23  22  17  12  10  12  17  14   9
 [19]   7   5   9  13  11  12  14  10  16  13  10  16  12   8   6  15  30  33
 [37]  25  21  24  19  17  35  38  34  28  28  31  31  26  29  36  30  38  45
 [55]  59  44  48  43  50  51  48  59  58  55  45  46  52  48  75  68  79  83
 [73]  70  76  83  93 108 122 135 127 121 120 110 144 135 113 125 123 154 171
 [91] 142 134 160 174 191 201 189 178 196 238 229 256 235 244 252 258 288 306
[109] 281 291 302 296 324 389 353 405 419 422 440 498 472

[[73]]
  [1]   10   40   35   26   28   25   39   45   46   47   46   35   33   43   49
 [16]   75   62   49   46   46   55   55   54   48   43   40   54   47   40   40
 [31]   51   48   55   38   44   56   61   40   47   59   61   55   65   72   62
 [46]   70   68   76   88   91   93  114  117  149  115  119  123  135  134  169
 [61]  179  172  178  178  194  197  221  223  260  278  282  256  235  284  306
 [76]  297  314  289  312  358  375  360  402  403  411  397  422  454  444  490
 [91]  498  513  528  538  594  607  656  670  641  638  724  771  793  822  873
[106]  961 1037 1011 1130 1201 1231 1199 1279 1422 1495 1534 1590 1702 1709 1739
[121] 1861

[[74]]
  [1]   10   46   36   31   25   35   35   40   42   37   44   41   53   56   59
 [16]   63   63   52   61   68   92   81   84   78   92  129  121  118  102  123
 [31]  135  163  162  147  167  179  174  182  221  216  226  223  232  255  246
 [46]  277  263  269  277  284  346  376  341  325  327  348  369  384  412  426
 [61]  476  440  457  514  579  638  618  662  706  822  837  873  875  919 1001
 [76] 1004 1184 1261 1308 1267 1236 1295 1327 1430 1576 1546 1551 1681 1766 1794
 [91] 1789 1903 2025 1972 1986 2148 2178 2266 2356 2413 2487 2554 2567 2701 2846
[106] 3105 3283 3387 3460 3517 3761 3736 3958 4181 4327 4579 4617 4772 4961 5239
[121] 5428

[[75]]
  [1]   10   16   17   12   10   15   12   12   10   12    7   13   18   18   13
 [16]   11   16   19   17   23   22   20   12   10   12   10    9   11   11   10
 [31]   10   21   25   37   34   28   25   24   36   23   27   28   31   27   28
 [46]   24   34   39   42   48   51   49   53   71   65   67   83   83   78   73
 [61]   92   99   99   89  112  113  110  130  120  142  159  154  148  167  204
 [76]  209  215  255  237  250  253  254  269  323  353  366  334  348  393  419
 [91]  417  427  475  433  479  502  541  561  618  604  595  596  558  586  621
[106]  645  678  801  804  801  832  858  929  959  962 1017 1023 1092 1098 1227
[121] 1258

[[76]]
  [1]   10   23   12   11    9   13   13    9    9   17   21   29   24   32   37
 [16]   31   37   34   49   55   40   35   35   48   61   48   58   47   66   52
 [31]   51   53   69   70   63   64   81   87   85   87   92   80   85   81  106
 [46]  111  113  108  112  151  128  158  166  189  179  185  182  229  228  228
 [61]  230  239  290  313  327  359  385  369  397  427  443  416  471  465  515
 [76]  506  493  542  570  610  584  637  580  675  697  760  730  781  808  814
 [91]  889  931  922  945 1024 1094 1110 1165 1257 1305 1378 1440 1508 1529 1551
[106] 1646 1714 1903 1879 1837 1884 1942 2167 2130 2291 2197 2327 2507 2705 2725
[121] 2861

[[77]]
  [1]   10   27   17   19   16   33   22   25   19   25   20   21   17   23   35
 [16]   26   27   32   31   35   30   22   17   15   12   21   22   27   26   22
 [31]   31   31   42   35   47   36   37   38   28   31   28   41   46   47   46
 [46]   45   68   73   72   73   79   92  109  111  108   94  102  119  105   91
 [61]  111  133  136  138  128  127  143  114  169  157  174  175  163  170  147
 [76]  170  180  176  174  177  187  213  201  213  207  232  258  276  309  330
 [91]  369  380  399  397  477  495  470  458  507  556  582  565  571  612  692
[106]  700  714  735  748  751  776  802  838  893  899  890  936  940 1004 1025
[121] 1009

[[78]]
  [1] 10 13 15 11  8  7 11 15 17 13 21 27 17 15 18 20 20 16 15 21 17 16 13  9 14
 [26] 11 21 13 13 19 20 24 14 10 12 12  8  6  6  6  9  7  5  5  5  4  4  3  3  2
 [51]  2  1  7  5  4  3  3  9  5  5  4  4  4 11  5  3  2  1  1  1  0  0  0  0  0
 [76]  0  0  0  0  0  0  0  0  0  0  0  0  0  0  0  0  0  0  0  0  0  0  0  0  0
[101]  0  0  0  0  0  0  0  0  0  0  0  0  0  0  0  0  0  0  0  0  0

[[79]]
  [1]   10   26   20   15   14   12   23   26   36   28   21   31   23   35   42
 [16]   27   38   40   64   60   68   63   75   81   80   93   89   84  107  101
 [31]   92   99   82   77   89  102  110  129  156  127  136  122  157  165  193
 [46]  178  161  189  214  242  241  233  260  265  306  307  335  330  307  332
 [61]  342  321  338  366  370  445  475  538  567  548  605  625  632  646  646
 [76]  669  699  698  757  786  818  905  883  873  944  964  956  996 1123 1114
 [91] 1138 1184 1227 1208 1262 1379 1401 1434 1464 1530 1644 1808 1872 1845 1898
[106] 2055 2142 2121 2246 2299 2391 2493 2632 2644 2639 2744 2831 2946 3148 3197
[121] 3303

[[80]]
  [1]   10   27   31   31   34   33   33   42   39   42   47   40   30   42   34
 [16]   32   32   33   41   40   32   42   39   38   36   47   53   57   54   48
 [31]   38   35   45   57   66   62   72   57   52   58   78   65   87   65   64
 [46]   52   53   75   90  104   81   71   73   82   78   93  121  109  104  107
 [61]   92  112  129  119  140  149  148  156  174  177  180  231  237  239  263
 [76]  241  262  291  267  296  297  303  334  339  333  335  352  358  385  402
 [91]  402  439  428  434  440  469  477  469  508  527  555  606  553  524  583
[106]  629  653  691  716  751  778  825  852  830  885  911  914  908  969 1002
[121] 1129

[[81]]
  [1]  10  25  25  21  19  16  22  17  16  18  19  27  20  23  18  22  25  28
 [19]  37  32  38  30  30  34  26  23  29  42  33  30  33  28  34  40  41  34
 [37]  46  36  32  40  54  46  55  74  94  91  91  77  74  69  62  57  67  96
 [55] 102 104 104 106 104  94 104 111 109 128 156 148 150 145 152 157 165 137
 [73] 158 169 192 196 165 159 160 162 173 188 199 220 213 212 224 239 299 282
 [91] 281 264 299 292 289 294 265 333 330 347 389 382 350 354 362 373 365 384
[109] 440 442 483 479 531 597 666 673 675 701 729 670 806

[[82]]
  [1]  10  42  49  53  36  36  30  38  44  43  37  35  39  42  51  47  46  49
 [19]  39  43  36  30  51  50  63  46  42  44  59  65  55  64  65  74  74  73
 [37]  69  73  72  76  94 112 111  99 101  94 108 114 101 104  95 111  86 118
 [55] 144 126 115 140 152 153 157 146 167 184 203 211 211 210 211 204 221 235
 [73] 238 248 206 232 215 247 244 272 293 245 265 283 309 325 327 316 325 316
 [91] 301 377 381 398 360 362 389 406 421 416 463 502 479 479 476 547 511 524
[109] 593 620 638 645 635 679 699 729 752 767 781 777 833

[[83]]
  [1]   10   27   17   25   21   26   18   26   23   34   22   22   16   24   41
 [16]   44   40   45   38   37   27   38   54   60   61   46   64   81   73   69
 [31]   61   73   77   76   73   78   84  110  128  127  127  123  116  137  138
 [46]  154  128  127  155  161  148  176  209  205  195  192  185  222  228  299
 [61]  259  256  266  268  261  298  300  331  354  370  404  392  374  383  408
 [76]  472  467  514  526  529  584  558  546  592  620  663  722  656  675  734
 [91]  811  872  889  933  938  909  982  991 1044 1089 1098 1158 1192 1169 1241
[106] 1279 1326 1347 1385 1425 1502 1618 1636 1648 1674 1781 1799 1834 1994 2105
[121] 2125

[[84]]
  [1] 10 31 22 16 15 19 13 12 10 13  9  7 10  7  7  4 10  9  5  5  5  4 10 13  8
 [26]  6  9 13  7 10  8  7  9  6  3  5  4  3  3  3  3  8  4  3  3  4  3  3  3  8
 [51]  6 12 10 10  9  7  7  5  7  9 13  9  5  5 11  7  6  5  4  9  5  4  3  2  2
 [76]  4  3  1  1  1  1  0  0  0  0  0  0  0  0  0  0  0  0  0  0  0  0  0  0  0
[101]  0  0  0  0  0  0  0  0  0  0  0  0  0  0  0  0  0  0  0  0  0

[[85]]
  [1] 10 21 18 15 13 11 16 10 13 21 25 22 14 13 12 14 19 12  7  6  6  6  5  7  7
 [26]  4  4  4  5  3  2  2  2  4  3  2  1  1  1  1  1  1  1  0  0  0  0  0  0  0
 [51]  0  0  0  0  0  0  0  0  0  0  0  0  0  0  0  0  0  0  0  0  0  0  0  0  0
 [76]  0  0  0  0  0  0  0  0  0  0  0  0  0  0  0  0  0  0  0  0  0  0  0  0  0
[101]  0  0  0  0  0  0  0  0  0  0  0  0  0  0  0  0  0  0  0  0  0

[[86]]
  [1] 10 27 12  9 15  7  7 12  8  6  6  7  6 14  7  6  4 12 16 12 10  8  5  5  6
 [26] 11 16 11  9  9  8 11 16 12  9  6  5  5  3  9  8  8  5 11  8 12 16 16 17 13
 [51] 20 23 22 27 29 18 19 21 17 20 21 22 26 26 34 22 19 25 31 32 27 25 24 22 19
 [76] 12 16 15 15 13 21 15 16 17 29 24 20 17 14 37 26 20 27 22 31 28 40 31 39 32
[101] 42 35 25 24 23 22 25 23 23 26 18 30 39 28 37 42 48 37 30 31 31

[[87]]
  [1]  10  41  21  21  20  19  15  15  10   8  12  15  16  18  14  26  27  21
 [19]  13  13  23  16  14  14  25  26  24  21  20  22  37  25  17  30  26  24
 [37]  26  31  47  42  46  33  37  32  43  28  44  45  33  25  24  31  40  36
 [55]  41  31  43  41  41  56  43  32  49  44  37  37  32  27  35  34  31  48
 [73]  48  48  38  40  45  48  42  56  44  41  40  48  52  57  47  42  39  33
 [91]  52  73  54  49  54  57 103  87  83  79  85  83  78  82  81  92 111 125
[109] 132 144 159 154 149 138 160 153 156 170 173 160 176

[[88]]
  [1]  10  33  25  18  14  13  17  21  20  16  24  11  20  18  15  20  15  19
 [19]  24  19  14  12  17  11   7   9   7   4   2   2   2   2   2   2   2   9
 [37]   7   6   5   8   4   8   6   5   4   8   6   4   3   3   3   3   2   2
 [55]   2   2   2   6   4   4   4   3   9  14   9   8   7   7   6   4   9   7
 [73]   8   5  12  11  15  12   9   8   9  22  27  27  30  30  31  41  32  35
 [91]  58  47  52  47  34  49  65  56  47  52  52  67  69  60  58  65  76  86
[109]  83  83  77 104 121 139 162 174 146 139 166 193 189

[[89]]
  [1]   10   45   24   17   15   13   12   11   13   18   12   11   24   26   29
 [16]   28   24   21   33   32   46   76   63   63   57   65   62   61   55   56
 [31]   54   63   71   61   72   57   55   78   74   85   72   64   76   88   87
 [46]  105  120  129  129  140  153  153  149  160  154  178  173  175  191  196
 [61]  195  192  192  203  192  201  201  231  213  218  277  278  284  298  285
 [76]  289  301  326  346  359  388  433  435  396  403  465  446  488  606  622
 [91]  612  604  595  662  691  710  735  756  769  732  756  776  822  823  883
[106]  889  990 1043 1033 1117 1099 1160 1208 1269 1341 1369 1456 1428 1444 1575
[121] 1640

[[90]]
  [1]   10   27   16   22   20   16   32   40   57   52   44   40   41   44   51
 [16]   54   57   63   80   88   85   76   92   86  100  104  125  130  119  117
 [31]  112  128  131  140  143  121  121  136  111  120  154  152  145  144  142
 [46]  152  137  138  179  191  182  200  275  247  267  264  267  303  290  321
 [61]  333  345  387  420  423  402  460  502  462  481  458  513  582  618  620
 [76]  618  709  683  726  675  724  681  741  768  756  825  907  962 1014 1057
 [91] 1106 1082 1204 1245 1237 1211 1266 1375 1362 1468 1542 1581 1642 1798 1868
[106] 1961 1939 1995 2133 2246 2313 2394 2470 2658 2783 2870 3000 3084 3202 3411
[121] 3527

[[91]]
  [1]   10   39   33   36   26   22   25   50   57   44   44   53   53   44   49
 [16]   62   56   60   60   66   74   78   88  123  115  118  116  106  123  111
 [31]  145  127  141  151  181  195  221  205  217  216  211  213  204  252  269
 [46]  261  275  279  306  310  322  302  315  353  393  365  386  381  429  476
 [61]  485  495  532  567  622  621  672  649  706  729  802  843  878  892  886
 [76]  882  937 1031 1006 1011 1103 1106 1162 1138 1148 1170 1208 1296 1303 1410
 [91] 1411 1508 1615 1633 1648 1705 1716 1830 1983 2093 2109 2189 2308 2418 2484
[106] 2603 2688 2741 2858 2948 3066 3168 3342 3397 3435 3540 3846 4056 4191 4280
[121] 4573

[[92]]
  [1]   10   33   38   41   27   19   31   20   19   28   26   27   31   33   30
 [16]   30   35   43   40   40   39   33   41   40   31   40   45   37   46   43
 [31]   37   39   33   26   27   44   55   48   41   52   42   44   52   47   58
 [46]   59   72   88   88   98   98   97   89  108  128  140  143  153  157  145
 [61]  145  156  190  211  203  180  216  225  259  253  267  254  264  285  301
 [76]  316  302  344  347  337  352  323  343  417  425  425  393  392  379  429
 [91]  465  547  513  496  471  577  609  579  532  560  610  585  600  598  625
[106]  650  703  766  738  749  806  905  893  862  904 1024 1008 1082 1150 1161
[121] 1183

[[93]]
  [1]   10   32   38   30   26   23   29   51   48   50   48   61   90   74   82
 [16]   72   63   63   52   72   73   59   65   62   67   61   59   51   49   68
 [31]   69   48   49   51   55   69   75   91   82   72   95   99  102  107  102
 [46]  106  115  154  165  134  150  154  175  174  180  158  154  146  151  185
 [61]  188  172  198  209  248  260  269  279  286  265  296  315  360  368  383
 [76]  397  433  480  517  498  512  554  528  545  600  623  638  663  658  701
 [91]  699  729  743  744  787  816  848  939  954  945  960 1051 1081 1138 1109
[106] 1109 1130 1145 1195 1304 1378 1451 1517 1583 1679 1828 1747 1868 2009 2086
[121] 2204

[[94]]
  [1]   10   29   42   33   32   42   35   54   60   52   55   59   59   75   73
 [16]   52   73   77   93  100   92   91  109  102   94   81   76   79   78   92
 [31]  104   98  109  107  127  129  142  189  187  168  168  196  204  217  227
 [46]  248  281  273  270  308  308  333  339  346  401  397  368  370  429  438
 [61]  447  437  477  529  515  538  527  579  665  634  715  679  660  701  744
 [76]  786  778  818  908  880  962  973 1041 1069 1100 1123 1141 1133 1189 1293
 [91] 1338 1388 1395 1501 1500 1583 1700 1726 1752 1820 1987 2017 2057 2079 2121
[106] 2227 2354 2499 2541 2687 2693 2747 2821 2988 3156 3296 3382 3663 3869 3950
[121] 4070

[[95]]
  [1]   10   32   36   36   26   28   28   23   18   21   34   39   42   38   37
 [16]   38   35   42   58   63   58   47   57   54   79   70   87   88  111  117
 [31]  122  119  109  128  107  120  124  132  159  143  146  162  180  186  167
 [46]  183  222  196  199  224  238  257  261  297  304  346  373  359  351  392
 [61]  406  436  497  504  486  541  554  514  570  596  591  623  615  636  648
 [76]  675  690  795  798  815  844  855  894  891  944  991 1024 1113 1144 1218
 [91] 1215 1304 1414 1450 1475 1591 1564 1632 1773 1826 1967 2067 2178 2132 2257
[106] 2376 2548 2613 2738 2836 2889 3110 3266 3398 3488 3635 4013 4055 4320 4373
[121] 4752

[[96]]
  [1] 10  7  7  3  2  7  5  4  3  3 10  4  2  0  0  0  0  0  0  0  0  0  0  0  0
 [26]  0  0  0  0  0  0  0  0  0  0  0  0  0  0  0  0  0  0  0  0  0  0  0  0  0
 [51]  0  0  0  0  0  0  0  0  0  0  0  0  0  0  0  0  0  0  0  0  0  0  0  0  0
 [76]  0  0  0  0  0  0  0  0  0  0  0  0  0  0  0  0  0  0  0  0  0  0  0  0  0
[101]  0  0  0  0  0  0  0  0  0  0  0  0  0  0  0  0  0  0  0  0  0

[[97]]
  [1]   10   32   24   22   24   28   19   25   26   30   29   19   18   21   24
 [16]   30   29   29   33   28   20   17   28   24   24   21   24   31   27   41
 [31]   48   43   38   44   54   63   64   57   73   78   79   62   69   76   85
 [46]  108   86   98   98  102   76   96  116  136  111  126  121  113  131  131
 [61]  129  124  122  129  126  145  161  173  198  210  235  273  282  288  270
 [76]  274  287  294  371  388  384  402  445  465  486  513  542  574  623  641
 [91]  637  684  621  645  662  709  761  807  880  917  942 1020 1042 1099 1207
[106] 1276 1333 1417 1387 1367 1497 1558 1655 1650 1681 1786 1788 1866 1903 1998
[121] 2048

[[98]]
  [1]   10   31   19   12    8    7    8   13   22   17    9    9    8   13   12
 [16]   21   22   16   14   17   14   13   17   23   19   19   23   28   26   19
 [31]   27   24   36   46   42   42   34   34   31   44   54   57   51   42   59
 [46]   79   88   68   68   80   93  120  113  103  100  110  135  143  174  185
 [61]  167  187  165  190  196  202  228  271  300  288  314  298  295  290  277
 [76]  302  342  356  359  401  403  427  500  501  520  531  556  552  594  600
 [91]  606  626  680  719  711  792  832  900  946  968  958 1004 1118 1156 1212
[106] 1267 1349 1393 1406 1425 1476 1598 1672 1694 1752 1785 1949 1971 2045 2050
[121] 2153

[[99]]
  [1]   10   32   20   16   14   18   18   22   12   21   18   16   19   13   12
 [16]   17   31   25   22   17   19   22   16   24   30   31   25   21   27   31
 [31]   25   19   21   14   18   21   32   32   20   21   16   26   33   44   42
 [46]   49   52   62   63   82   83  106  114  109  108   96  104  119  147  160
 [61]  174  188  163  195  246  233  237  253  251  232  259  278  323  320  347
 [76]  330  332  365  348  368  429  415  457  469  506  474  502  512  504  499
 [91]  520  550  546  565  571  691  674  708  767  808  839  822  873  860  953
[106]  972 1018 1012  990 1058 1124 1153 1154 1191 1277 1306 1312 1412 1371 1434
[121] 1514

[[100]]
  [1]   10   29   23   30   22   17   29   39   41   50   53   41   53   52   46
 [16]   48   67   50   48   72   73   62   69   77   93  100  107  110  104  129
 [31]  128  130  166  158  157  185  156  180  192  189  189  204  184  201  227
 [46]  216  220  217  240  275  285  277  302  327  311  300  323  326  365  371
 [61]  392  389  389  421  454  491  477  500  584  614  605  622  591  641  713
 [76]  748  814  797  830  849  841  933  960 1012 1110 1116 1086 1226 1319 1260
 [91] 1304 1446 1457 1565 1589 1756 1756 1821 1930 1981 2145 2202 2284 2340 2595
[106] 2660 2689 2797 2942 3027 3162 3311 3474 3535 3559 3763 3899 4096 4412 4522
[121] 4882

[[101]]
  [1]  10  30  24  27  25  18  18  24  19  18  23  29  25  33  20  20  19  22
 [19]  17  14  30  34  22  22  15  15  14  12  19  28  20  16  16  11  20  19
 [37]  25  22  17  20  14  12  19  26  18  21  17  28  24  27  36  34  38  38
 [55]  45  47  37  27  42  47  34  36  36  32  32  53  51  47  57  63  51  46
 [73]  60  68  72  67  71  81  80  85  99 107 112 123 125 126 120 145 148 179
 [91] 197 213 188 208 224 208 211 223 241 218 218 253 251 258 269 276 284 286
[109] 309 290 308 337 305 324 373 366 376 381 450 491 521

[[102]]
  [1]  10  25  17   9   7  11  11  13  17  20  12  16  19  25  23  23  26  24
 [19]  20  23  38  33  26  26  31  39  38  34  31  32  30  24  33  37  34  44
 [37]  44  42  37  47  66  59  45  69  82  70  60  55  59  58  67  54  47  61
 [55]  52  53  53  56  56  49  77  74  73  62  59  62  72  93  73  84  87 103
 [73] 119 118 160 156 162 145 130 125 130 161 188 168 161 165 162 179 168 178
 [91] 179 187 187 179 176 209 216 213 201 220 239 246 273 286 280 324 332 372
[109] 381 389 429 412 422 498 547 552 585 607 606 620 682

[[103]]
  [1]  10  19  20  14   8   6   4   4   4   4   8  13  14  11   8   7   7   5
 [19]   5   4   4   2   2   2   2   7   9   6   6   4   6   5   5   4   3   2
 [37]   8  15  10   9   9  12  11  14  14  11  18  13   9   7  10  12  10  10
 [55]   9  10   9   6   6   5   8  14  14   9   7   6   6  10  16  12  13  24
 [73]  12  13  10   8   8   8  19  18  12  18  14  14  13  20  25  27  26  29
 [91]  23  17  21  33  26  26  33  33  58  52  67  73  78  70  81  88  91 114
[109] 114 158 154 141 133 166 146 135 129 156 152 180 183

[[104]]
  [1]   10   44   21   17   14   16   13   17   21   18   15   39   48   43   41
 [16]   50   42   40   42   72   69   65   80   93   80   88   89   99  100   92
 [31]   96   91  105  118   99  104   91  126  121  125  145  151  130  120  150
 [46]  153  139  151  184  198  179  190  206  210  203  232  234  234  268  261
 [61]  278  300  322  371  366  355  382  437  460  430  424  475  538  552  534
 [76]  535  520  550  588  568  566  600  667  708  701  751  740  797  853  869
 [91]  952  993  995 1030 1033 1196 1221 1264 1272 1326 1380 1453 1483 1412 1526
[106] 1488 1561 1689 1728 1736 1829 1947 2101 2142 2182 2260 2266 2436 2491 2601
[121] 2715

[[105]]
  [1]   10   41   38   34   29   32   36   44   48   38   40   53   51   58   61
 [16]   50   54   70   85   79   75   69   88  128  112  117  109  125  143  156
 [31]  149  149  136  122  135  138  146  166  157  177  158  155  161  177  178
 [46]  175  175  191  198  201  186  204  205  240  267  278  284  276  263  296
 [61]  309  296  341  327  374  388  418  435  445  423  474  499  513  536  624
 [76]  633  666  663  713  746  777  856  916  953  980  982 1028 1077 1113 1235
 [91] 1244 1340 1416 1443 1449 1550 1604 1625 1700 1735 1803 1879 2054 2125 2156
[106] 2140 2162 2231 2409 2441 2569 2606 2594 2606 2692 2867 2999 3017 3116 3337
[121] 3427

[[106]]
  [1]   10   52   43   35   28   27   31   29   35   48   44   37   33   25   29
 [16]   58   69   55   51   56   64   64   76   82   71   64   65   80   92  104
 [31]  116  121  112  123  133  121  144  137  160  149  141  138  161  184  183
 [46]  193  197  233  209  205  235  237  252  273  256  265  253  311  333  333
 [61]  346  359  353  441  438  434  402  435  434  462  445  480  502  510  517
 [76]  547  578  579  671  647  673  693  732  792  824  812  859  825  886  936
 [91]  941  912 1047 1017 1041 1066 1054 1154 1219 1258 1293 1266 1324 1336 1422
[106] 1455 1565 1524 1585 1704 1717 1759 1807 1939 2058 2181 2272 2315 2492 2578
[121] 2568

[[107]]
  [1]  10  28  25  19  17  23  22  17  17  26  33  19  15  20  21  25  26  25
 [19]  20  19  15  14  15  18  16  30  21  23  18  21  20  27  30  30  34  36
 [37]  45  44  51  56  39  43  41  49  35  45  57  53  50  67  65  67  52  44
 [55]  47  54  53  59  61  70  48  52  39  57  50  52  46  33  28  50  39  45
 [73]  49  57  57  52  61  74  77  76  78  79  71  69  81  93  97  83  80  98
 [91] 104 104 109 117 122 126 113 102 122 109 117 121 144 138 155 138 134 144
[109] 139 171 177 185 178 172 199 196 176 163 197 202 202

[[108]]
  [1]   10   36   24   27   29   21   27   38   31   35   51   59   56   59   78
 [16]   88   74   68   59   67   64   68   82   85   72   69   87   84   84  100
 [31]   83   91   94   95  111  133  116  129  152  163  150  137  150  146  152
 [46]  173  208  220  235  252  286  261  262  267  316  295  321  302  333  341
 [61]  370  378  366  410  408  442  442  463  472  522  559  582  603  566  579
 [76]  608  662  698  773  827  872  905  939 1035 1050 1169 1197 1241 1299 1375
 [91] 1410 1499 1588 1698 1651 1646 1719 1800 1962 1957 2148 2156 2218 2273 2452
[106] 2595 2693 2762 2861 2946 3057 3258 3247 3454 3571 3640 3774 3742 3992 4167
[121] 4259

[[109]]
  [1]  10  37  22  18  16  17  35  34  26  20  23  30  18  13  13  19  22  19
 [19]  13  15  34  28  29  23  36  37  30  36  47  36  41  43  37  53  66  69
 [37]  44  46  55  44  56  57  53  55  45  53  50  61  46  55  60  58  72  78
 [55]  72  68  72  65  84  87  90  98 117 136 114  93 101 122 111 110 107 106
 [73]  95  98 108 120  89 103 107 101 123 109 111 137 147 144 167 167 161 178
 [91] 210 215 237 194 203 198 177 203 218 246 245 219 259 263 276 311 258 309
[109] 337 332 344 342 343 376 378 367 371 408 400 478 446

[[110]]
  [1]   10   22   17   14   14   17   27   18   14   12   19   16   19   40   33
 [16]   29   29   24   30   37   37   39   42   47   41   41   52   42   56   73
 [31]   66   61   64   70   83   65   68   76   98   79   83   93  104   97  113
 [46]  124  106  116  123  137  121  134  122  135  185  199  187  208  210  201
 [61]  216  196  201  214  225  254  299  296  295  316  313  320  296  315  348
 [76]  348  399  406  454  477  451  490  496  494  485  543  558  554  593  590
 [91]  626  628  681  684  665  679  737  742  767  739  871  897  983 1000 1017
[106]  990 1066 1129 1147 1134 1238 1292 1289 1417 1455 1452 1492 1658 1754 1813
[121] 1777

[[111]]
  [1]   10   30   41   30   25   20   21   24   25   27   23   17   24   21   16
 [16]   23   18   21   19   20   29   24   26   26   32   41   43   51   38   32
 [31]   38   40   34   30   30   41   39   50   58   90   94   75   76   94  107
 [46]  115  121  127  147  145  178  166  187  195  230  220  212  188  203  214
 [61]  230  245  224  227  229  234  278  273  293  291  302  332  324  365  378
 [76]  401  395  397  365  443  437  463  471  528  548  560  585  584  621  604
 [91]  667  776  753  725  747  817  806  782  859  876  948  964 1010 1061 1017
[106] 1121 1194 1242 1258 1254 1360 1346 1415 1482 1438 1553 1640 1747 1887 1945
[121] 1939

[[112]]
  [1]   10   28   33   23   23   17   16   15   17   12   16   19   16   17   17
 [16]   18   18   15   24   18   26   27   22   22   27   33   42   33   27   39
 [31]   55   76   65   64   59   59   47   71   95   89  101   97  110  117  131
 [46]  125  142  142  172  167  149  170  176  201  179  178  174  195  231  226
 [61]  240  257  258  262  255  273  267  288  318  317  323  301  308  345  377
 [76]  351  375  379  412  439  420  427  386  429  485  489  477  503  530  536
 [91]  563  563  662  689  690  706  751  766  768  884  922  873  859 1008 1051
[106] 1081 1057 1106 1154 1273 1298 1313 1325 1325 1436 1556 1703 1749 1731 1805
[121] 2007

[[113]]
  [1]   10   19   25   17   17   21   27   29   30   35   28   29   34   34   33
 [16]   28   32   38   31   29   32   27   27   41   35   41   34   33   35   47
 [31]   43   43   48   48   61   51   55   73   66   72   75   62   58   58   77
 [46]   85   81   94   98   97  100  113  129  139  145  195  160  173  182  210
 [61]  199  209  228  260  253  271  247  253  230  233  273  276  286  284  248
 [76]  257  263  271  276  262  256  265  293  334  373  371  352  372  405  473
 [91]  480  477  507  509  572  598  606  655  664  706  723  726  808  848  893
[106]  876  885  931 1022 1035 1086 1160 1244 1206 1285 1363 1357 1399 1438 1552
[121] 1503

[[114]]
  [1]   10   37   34   26   28   22   28   30   24   22   18   36   41   36   41
 [16]   44   31   32   32   54   56   48   46   41   56   54   49   42   55   51
 [31]   51   55   44   56   78   84   85   93  112   91   84  103  130  111  104
 [46]  109  132  141  186  194  200  203  228  259  217  234  213  215  229  263
 [61]  303  293  318  300  294  306  289  325  326  301  337  361  376  405  407
 [76]  446  471  481  510  565  557  671  648  706  643  724  788  830  821  791
 [91]  874  861  903  979  957 1012 1099 1185 1239 1257 1300 1270 1394 1346 1395
[106] 1467 1613 1648 1731 1770 1855 1916 2022 2100 2181 2333 2326 2394 2512 2579
[121] 2600

[[115]]
  [1]   10   42   36   41   33   28   41   60   57   64   74   63   69   71   65
 [16]   59   75   99  106   98  124  125  155  156  155  166  169  155  189  180
 [31]  164  165  193  248  245  254  234  218  233  265  270  276  308  326  311
 [46]  293  314  377  403  400  411  396  436  475  499  527  547  547  599  597
 [61]  660  696  779  804  815  831  865  857  883  950  900  927  966  958 1016
 [76] 1031 1003 1048 1126 1202 1164 1236 1314 1398 1425 1462 1524 1642 1674 1684
 [91] 1803 1822 1890 1937 2049 2111 2179 2235 2360 2501 2479 2559 2667 2713 2870
[106] 2998 3083 3164 3301 3347 3502 3805 3794 3891 4061 4207 4529 4675 4823 5000
[121] 5257

[[116]]
  [1]   10   15   13   12   10    9    8   12   14   26   16   12   11   13   23
 [16]   19   15   26   27   20   31   33   25   29   19   15   25   21   17   14
 [31]   18   22   17   18   33   33   29   20   25   25   40   48   40   46   56
 [46]   51   59   66   79   70   71   86  106  117   88   90   80   82   85  118
 [61]  121  135  131  122  148  157  164  176  180  147  152  148  186  183  182
 [76]  169  211  221  250  235  253  242  271  321  351  317  388  394  414  475
 [91]  436  437  444  445  558  510  541  545  535  523  614  661  720  675  705
[106]  733  734  809  773  737  761  845  857 1007 1073 1067 1050 1112 1126 1225
[121] 1234

[[117]]
  [1]   10   32   29   29   22   17   29   27   18   18   15   22   29   29   24
 [16]   25   28   29   33   32   33   40   31   33   43   42   36   43   42   47
 [31]   54   52   42   59   62   68   61   64   58   52   60   74   63   71   63
 [46]   78   79   80   90   80   66   82   95   92  108   98  109  131  137  124
 [61]  136  139  145  137  136  126  144  150  153  154  174  198  210  199  253
 [76]  221  277  315  331  347  396  379  401  431  411  466  488  496  502  502
 [91]  542  566  527  582  623  629  637  664  697  758  786  848  917  867  867
[106]  918  895  867  955  954  968  986 1026 1053 1025 1122 1173 1255 1341 1321
[121] 1357

[[118]]
  [1]  10  26  20  16  14  11  17  13  11   9   6   5   4   4   2   2   3   3
 [19]   2   9   7   6   4   9   7   5   4  10   5   5   5   3   3   3  10  14
 [37]   9   9  16  12  14  11  24  19  20  18  20  44  34  27  24  19  18  23
 [55]  23  26  23  25  24  29  33  48  50  45  36  46  56  49  46  50  48  66
 [73]  71  77  71  62  72  68  68  67  77  79  83  97 108  84 100 101 113 134
 [91] 128 139 182 139 155 173 173 195 189 202 203 220 215 213 241 249 259 240
[109] 245 227 229 227 244 267 282 324 345 337 342 402 400

[[119]]
  [1]   10   27   20   14   11   13   16   17   23   28   25   21   29   39   28
 [16]   24   41   38   46   54   48   67   57   53   49   43   56   69   69   67
 [31]   66   70   70   57   56   68   65   78   85   86   86   86   93  110  116
 [46]  112  107  123  147  175  191  186  177  178  190  190  230  221  263  254
 [61]  260  272  292  305  314  325  330  360  428  409  431  422  429  466  469
 [76]  450  468  496  468  541  518  542  567  568  564  562  658  647  666  680
 [91]  665  695  680  724  802  779  779  810  859  860  908  921  980 1010  977
[106]  962 1021 1079 1204 1243 1287 1292 1418 1433 1556 1687 1766 1837 1873 2029
[121] 2097

[[120]]
  [1]   10   33   35   28   24   31   26   23   31   29   32   29   31   35   40
 [16]   44   32   31   38   40   47   33   34   38   25   25   31   46   39   52
 [31]   37   66   56   80   75   81   68   58   64   73   71   75   77   90   80
 [46]   87   99  108  106  119  114  135  116  129  112  109  127  149  127  111
 [61]  151  144  165  186  195  215  235  238  262  298  300  355  360  334  317
 [76]  346  360  426  453  486  460  464  514  579  593  625  661  653  690  719
 [91]  767  767  733  787  809  957  945 1024 1037 1036 1039 1076 1132 1138 1205
[106] 1282 1238 1271 1399 1442 1460 1499 1564 1693 1691 1754 1928 1986 2108 2185
[121] 2370

[[121]]
  [1]   10   42   38   32   20   18   15   32   55   55   49   42   37   56   64
 [16]   71   83   87  104  102  109  111  105  106  130  120  133  110  141  144
 [31]  145  125  128  128  122  150  155  160  153  175  192  209  227  212  207
 [46]  222  229  272  279  285  323  310  326  343  351  364  400  418  471  472
 [61]  508  484  502  513  526  566  604  638  720  699  757  770  770  778  860
 [76]  964  960  992  979  990 1107 1193 1186 1165 1229 1252 1250 1415 1471 1467
 [91] 1508 1562 1694 1750 1849 1925 1995 2048 2167 2262 2309 2437 2418 2477 2623
[106] 2741 2892 2988 3075 3164 3141 3302 3526 3536 3617 3747 3976 4142 4376 4562
[121] 4835

[[122]]
  [1]  10  33  32  27  17  20  22  30  26  32  35  29  29  35  34  37  26  28
 [19]  24  30  22  24  24  26  26  25  22  33  29  22  26  23  34  39  41  42
 [37]  36  38  39  47  48  51  38  30  34  31  47  42  38  42  37  30  31  38
 [55]  41  30  27  28  34  43  44  38  30  41  32  32  26  22  26  38  26  30
 [73]  31  27  31  50  69  61  61  49  65  65  86  98  82  73  85  77  97  94
 [91] 110 101 104  98  97  80 100 110 112 129 135 119 147 128 150 139 162 146
[109] 135 129 133 173 169 166 160 159 157 199 194 179 173

[[123]]
  [1]   10   31   33   27   26   30   39   37   30   29   31   26   28   31   32
 [16]   30   33   28   31   36   47   60   60   48   43   41   52   62   50   49
 [31]   53   62   78   76   71   86   96   79   86   82   66   92   92  114  108
 [46]  113  116  116  132  119  110  143  158  176  162  147  167  170  204  203
 [61]  241  230  265  265  271  294  286  287  303  348  355  380  441  420  410
 [76]  413  429  469  475  440  476  517  554  634  623  595  593  630  662  690
 [91]  769  767  820  809  879  917  857  896  981 1017 1047 1061 1128 1111 1195
[106] 1209 1329 1403 1393 1428 1502 1507 1574 1701 1735 1853 1906 1929 1984 2062
[121] 2057

[[124]]
  [1]   10   43   43   27   23   30   33   36   28   44   44   47   49   39   39
 [16]   39   44   52   67   58   52   45   55   58   58   44   45   63   70   67
 [31]   77   72   67   71   80   74   78   92   96   99  105  112  137  115  105
 [46]  117  125  107  114  121  123  131  137  166  147  135  114  134  128  132
 [61]  155  136  163  173  168  159  182  209  251  239  268  323  300  296  338
 [76]  367  353  380  374  381  446  433  452  466  442  513  518  556  569  626
 [91]  658  692  700  750  790  783  836  910  971 1026  997 1060 1041 1123 1154
[106] 1205 1253 1300 1256 1369 1548 1697 1664 1770 1784 1850 1927 2040 2217 2187
[121] 2239

[[125]]
  [1]  10  17  16  19  17  14   9   8  12  11  12   8   8   6   6   7   6   3
 [19]  18  13  19  11  16  27  22  17  27  15  29  25  31  19  25  36  28  28
 [37]  20  18  17  30  41  39  47  48  50  42  61  56  64  59  53  60  56  67
 [55]  72  66  70  66  66  78  85  76  97 105 106  90  85  92  87  83  90 104
 [73] 111  89  94 123 133 143 137 128 133 133 182 183 194 188 201 191 213 236
 [91] 266 262 277 305 309 326 333 330 350 389 403 420 448 485 507 522 551 573
[109] 578 591 618 670 674 654 714 847 848 818 852 955 961

[[126]]
  [1]   10   19   17   16   14   17   16   21   34   43   44   38   28   27   53
 [16]   44   43   50   37   33   30   29   27   31   49   38   32   36   45   43
 [31]   59   66   53   50   48   56   60   88   65   48   59   51   46   41   37
 [46]   65   50   55   67   68   73   61   57   58   76   99   86   81   99   85
 [61]   89   90  125  133  138  155  142  146  126  157  144  157  160  185  179
 [76]  173  182  172  194  210  237  233  222  246  245  270  307  340  341  333
 [91]  358  363  432  429  442  397  476  480  512  502  525  566  620  619  669
[106]  666  707  801  854  816  886  938  871  980 1041 1113 1127 1140 1162 1142
[121] 1212

[[127]]
  [1]   10   26   21   21   10   14   21   21   12    9   15   11   19   23   24
 [16]   20   18   22   22   28   26   21   29   45   50   39   42   54   44   40
 [31]   55   70   63   77   93  110   84  101  105  108  113  106  124  128  109
 [46]  152  155  167  192  193  206  233  192  193  207  221  243  262  280  291
 [61]  294  284  303  339  400  359  338  356  391  386  432  455  429  439  479
 [76]  517  534  513  541  547  575  583  620  619  676  668  641  698  735  716
 [91]  837  869  879  910  962  980  962  983  998 1035 1092 1114 1120 1174 1237
[106] 1255 1343 1371 1517 1583 1553 1661 1695 1833 1902 2067 2155 2253 2296 2414
[121] 2461

[[128]]
  [1]   10   33   43   40   32   27   34   45   50   39   33   38   35   44   48
 [16]   44   43   54   39   41   35   53   49   59   58   57   43   68   71   95
 [31]   73   74   61   81   79  108  100   96   93  115   97  106  113  110  114
 [46]  106  119  124  129  141  145  160  134  120  132  126  152  160  172  141
 [61]  137  172  159  171  183  184  180  182  224  224  217  223  243  224  241
 [76]  260  261  273  268  241  267  294  348  370  357  363  374  374  369  369
 [91]  395  382  414  448  447  454  515  558  594  585  602  609  612  660  745
[106]  743  781  751  796  813  841  877  921  987 1032 1062 1084 1107 1144 1200
[121] 1284

[[129]]
  [1]  10  41  37  33  28  32  37  35  38  39  40  33  39  41  34  26  21  30
 [19]  30  21  18  15  21  15  25  20  18  16  21  21  20  23  29  27  18  18
 [37]  17  14  22  17  19  13  13  13  23  19  26  20  29  22  25  18  19  22
 [55]  24  30  27  25  27  22  25  26  18  23  26  29  31  27  39  30  24  23
 [73]  26  35  41  30  35  33  36  33  38  37  42  44  58  64  62  59  56  57
 [91]  59  66  68  79  67  67  86  65  77  90  90 110 107 104 103  93 108 127
[109]  93  95  94 111  95 104 110 136 105 106 107 126 125

[[130]]
  [1]   10   34   23   20   14   32   32   36   29   39   38   27   25   34   27
 [16]   29   28   40   32   37   40   40   49   54   74   56   53   54   73   71
 [31]   78   86   86   86   80   86   88   95   89   84  105   95   68   73   76
 [46]  102   99  125  121  143  126  143  172  169  159  163  167  187  179  223
 [61]  219  222  228  213  229  229  237  271  262  295  302  320  294  325  353
 [76]  371  360  365  393  371  385  444  482  462  480  529  563  569  580  576
 [91]  603  655  669  697  698  711  757  746  731  810  852  920  872  903  938
[106] 1093 1083 1137 1162 1202 1267 1316 1379 1449 1460 1653 1734 1745 1874 1897
[121] 1960

[[131]]
  [1]   10   16   22   22   15   14   18   17   28   34   38   34   31   34   39
 [16]   53   48   42   48   70   62   56   59   51   52   53   72   66   71   84
 [31]   73   66   66   59   77  107   91   78  102  113  113  114  117  159  152
 [46]  146  142  166  172  174  152  151  206  167  218  238  251  266  273  300
 [61]  300  325  346  334  323  327  345  375  407  385  392  408  427  472  522
 [76]  496  536  597  627  655  732  715  708  777  768  795  887  952  940  954
 [91] 1029 1161 1160 1263 1255 1274 1362 1490 1515 1556 1652 1648 1754 1813 1848
[106] 1865 1982 2071 2181 2298 2337 2417 2490 2638 2830 2922 2970 3022 3047 3299
[121] 3376

[[132]]
  [1]   10   47   41   35   22   32   26   27   32   33   45   35   32   24   31
 [16]   33   34   30   34   29   21   37   46   54   60   57   47   40   40   66
 [31]   66   77   59   53   61   80   76   84   89  104   91   91  118  128  128
 [46]  118  112  108  128  129  126  120  129  139  131  153  163  145  156  173
 [61]  171  173  179  173  173  202  223  240  252  252  257  214  231  261  305
 [76]  275  310  353  336  330  334  367  388  392  423  393  430  464  501  489
 [91]  490  549  548  551  595  608  553  559  608  688  669  717  702  721  769
[106]  850  853  885  876  882 1033 1056 1095 1103 1145 1214 1212 1253 1364 1374
[121] 1345

[[133]]
  [1] 10 30 21 26 14 17 14 10  7  6  8 10  3  2  1  1  1  1  0  0  0  0  0  0  0
 [26]  0  0  0  0  0  0  0  0  0  0  0  0  0  0  0  0  0  0  0  0  0  0  0  0  0
 [51]  0  0  0  0  0  0  0  0  0  0  0  0  0  0  0  0  0  0  0  0  0  0  0  0  0
 [76]  0  0  0  0  0  0  0  0  0  0  0  0  0  0  0  0  0  0  0  0  0  0  0  0  0
[101]  0  0  0  0  0  0  0  0  0  0  0  0  0  0  0  0  0  0  0  0  0

[[134]]
  [1] 10 27 16 13 11 15 12 15 19 21 15 14 21 19 15 26 14 14 24 17 20 14 17 15 11
 [26]  7  7 20 20 12 13 13 14  8 12  8  5 11  8  6  4  4  4  3  2  5  3  2  1  1
 [51]  1  1  0  0  0  0  0  0  0  0  0  0  0  0  0  0  0  0  0  0  0  0  0  0  0
 [76]  0  0  0  0  0  0  0  0  0  0  0  0  0  0  0  0  0  0  0  0  0  0  0  0  0
[101]  0  0  0  0  0  0  0  0  0  0  0  0  0  0  0  0  0  0  0  0  0

[[135]]
  [1] 10 33 29 16 19 20 27 19 37 32 40 31 26 33 28 18 18 19 17 27 20 11  9  9  6
 [26]  6  4  4  4  6 12 10  8  7 10 13 23 17 21 18 23 13 10  9  8  8 11  6  5 14
 [51]  8  8 13  9  7  7  3  2  2  1  1  1  6  8  5  4  4  3  6  8  4  3  3  3  2
 [76]  1  8  4  4  4  3  7  5  3  6 13  9  6 10  9 13  7  5  4  4  3  2  1  1  1
[101]  7  6  4  2  2  2  2  1  1  1  1  1  1  1  6  4  4  4 14 11 15

[[136]]
  [1]   10   35   27   16   14   16   15   23   20   14   19   18   24   28   20
 [16]   17   24   20   29   26   21   21   15   14   25   19   18   19   20   17
 [31]   24   25   23   28   32   31   40   39   44   56   52   50   53   77   71
 [46]   71   58   71   76   72   79   70   81  110   98   91   97  100  116  128
 [61]  140  123  141  140  133  140  156  181  191  179  168  176  161  189  173
 [76]  191  198  178  190  241  229  269  243  286  286  258  294  315  302  375
 [91]  371  356  318  355  422  445  429  435  405  426  475  534  565  611  559
[106]  542  606  677  682  678  673  681  729  777  807  854  898  937  941 1014
[121] 1024

[[137]]
  [1]   10   26   39   29   31   32   27   29   48   49   53   45   45   61   54
 [16]   70   55   52   59   76   69   72   62   97   84   71   84   91   81   73
 [31]   93  102  110  106  104  117  105   95  110  116   98   77  120  106   97
 [46]   96   83   84  114  126   94  108  114  122  118   99  131  146  150  149
 [61]  128  140  174  185  172  158  162  163  172  175  177  223  218  208  230
 [76]  286  285  284  292  305  328  359  353  339  338  333  384  412  401  382
 [91]  443  468  500  556  595  612  621  685  724  706  688  749  759  902  921
[106]  914  931 1028 1016 1019 1078 1146 1155 1242 1198 1251 1303 1320 1455 1402
[121] 1489

[[138]]
  [1]   10   15   25   31   35   24   26   25   32   32   33   38   42   39   31
 [16]   33   30   36   38   34   33   36   36   32   30   35   35   46   44   41
 [31]   43   64   55   68   79   66   51   54   60   49   51   50   50   41   41
 [46]   45   51   51   53   56   78  106   93   85  104   92   92  123  111  129
 [61]  129  141  149  153  153  154  149  157  185  183  174  162  160  149  181
 [76]  182  204  195  229  246  271  285  302  295  323  312  354  406  410  467
 [91]  491  484  478  491  535  549  593  596  602  621  693  710  738  713  779
[106]  829  864  874  929  992 1075 1103 1147 1128 1249 1366 1349 1398 1405 1515
[121] 1587

[[139]]
  [1]  10  38  26  19  12  14  26  25  21  21  29  28  28  32  31  26  19  16
 [19]  19  27  24  17  27  24  29  25  35  44  36  33  29  21  22  38  30  31
 [37]  18  19  22  23  10   9   7  14  25  17  23  18  28  21  17  28  27  22
 [55]  24  25  28  23  20  23  19  25  23  37  23  33  29  31  29  34  32  34
 [73]  33  33  30  36  47  46  41  35  59  57  70  68  93  93  89 106 107  91
 [91]  85 106 102  98  85  73  85  98  83  95 100 101 126 116 142 132 176 148
[109] 143 148 140 180 177 181 182 203 219 240 271 256 294

[[140]]
  [1]  10  34  22  19  14  13  17  22  29  25  27  22  22  26  25  29  28  21
 [19]  21  17  21  28  24  27  36  31  27  33  39  40  60  54  43  39  43  52
 [37]  40  46  56  54  59  61  67  57  57  63  66  66  62  61  56  57  63  67
 [55]  57  52  83  87  80  75  73  71  66  81  88  94 108 105 102  94 119 137
 [73] 126 154 151 138 178 196 189 171 203 199 223 218 224 233 248 256 247 272
 [91] 279 312 332 349 355 357 362 363 355 388 396 452 435 485 463 408 453 505
[109] 543 558 594 608 711 696 740 708 711 762 787 819 865

[[141]]
  [1]   10   17   11    9   14   11   11   17   21   16   17   28   31   37   37
 [16]   38   33   34   64   57   53   47   43   56   45   61   68   70   61   65
 [31]   71   83  104   90   78  101   88  119  118  114  121  107  133  168  152
 [46]  143  144  154  152  166  152  148  189  173  171  175  180  191  200  215
 [61]  219  218  222  227  214  241  260  277  319  366  328  346  359  389  439
 [76]  428  453  444  426  447  466  510  545  580  627  608  656  726  785  862
 [91]  826  843  839  850  951 1029 1060 1070 1100 1157 1190 1283 1378 1355 1418
[106] 1356 1486 1586 1712 1813 1816 1943 1990 2060 2176 2241 2300 2520 2604 2656
[121] 2786

[[142]]
  [1]  10  20  16  19  15   9  13   8  11   9  16  11   9  10   9   8  11   9
 [19]   8  13  10  16  18  20  20  16  15  21  18  14  17  18  31  31  28  32
 [37]  30  23  40  52  64  54  52  59  61  72  82 102 101  78  80  80 110  95
 [55]  96 102  94  98 102 114 137 130 125 150 147 180 172 168 159 186 163 200
 [73] 213 197 229 255 241 259 280 277 313 294 293 310 306 313 328 334 349 346
 [91] 388 398 413 458 458 466 470 465 521 485 510 545 567 572 590 619 617 635
[109] 657 690 661 678 690 780 796 841 825 871 922 972 963

[[143]]
  [1]   10   35   25   26   25   29   26   26   22   36   41   52   44   45   36
 [16]   40   47   48   42   34   35   37   34   35   36   39   43   32   57   65
 [31]   57   45   54   80   67   80   79   85   88   96  101   84   97  114  110
 [46]  107   98  106   92  111  119  115  100   86   98  102  119  132  138  160
 [61]  149  144  177  203  205  219  218  188  207  225  248  254  281  295  287
 [76]  304  307  300  335  324  357  353  428  493  464  458  500  534  549  593
 [91]  653  653  690  693  706  755  748  751  830  912  926  961 1064 1042 1096
[106] 1233 1139 1278 1293 1370 1515 1539 1553 1598 1585 1656 1666 1775 1810 1861
[121] 1875

[[144]]
  [1]   10   25   20   27   23   28   42   39   33   38   32   29   32   38   66
 [16]   70   65   56   56   61   60   85   87   89   80   80   83  102  108  106
 [31]  102  105  106   92  107  100  114  120  148  132  131  144  140  126  153
 [46]  159  167  144  142  145  173  184  178  193  188  225  202  200  232  273
 [61]  256  270  280  276  248  275  310  323  349  365  336  401  412  412  407
 [76]  423  424  464  513  546  525  553  563  597  624  655  662  661  709  682
 [91]  733  774  796  773  831  884  910  971  940  921  951 1021 1067 1108 1115
[106] 1146 1231 1248 1328 1341 1358 1456 1613 1643 1728 1775 1926 2051 2160 2122
[121] 2179

[[145]]
  [1]   10   26   23   21   25   24   30   30   39   35   46   48   57   53   53
 [16]   57   58   55   78   67   66   66   80   73   87   88   92   95   92   99
 [31]   97  102  116  105  119  121  132  149  184  189  170  175  176  209  220
 [46]  227  211  224  217  267  261  276  277  277  301  306  304  327  333  339
 [61]  341  367  403  455  451  475  494  519  555  576  576  611  611  636  664
 [76]  739  787  775  792  837  906  917  887  909  926 1038 1035 1055 1095 1170
 [91] 1184 1170 1328 1439 1479 1491 1539 1557 1664 1803 1896 1850 1810 1982 2016
[106] 2134 2177 2288 2370 2388 2546 2623 2780 2912 3037 3135 3244 3236 3308 3415
[121] 3634

[[146]]
  [1]  10  23  28  18  19  15  23  20  24  28  23  27  24  28  26  19  18  30
 [19]  22  44  34  21  22  24  28  37  25  27  26  28  24  19  23  28  33  25
 [37]  21  25  16  16  13  16  20  27  20  19  24  26  36  40  56  41  44  45
 [55]  52  47  52  55  69  88  83  81  96  92  95  86  95  94 113 109 137 124
 [73] 128 125 134 129 122 146 158 146 195 197 194 195 174 198 213 197 249 231
 [91] 248 281 317 316 298 325 385 411 400 367 387 410 434 385 431 432 446 451
[109] 514 518 516 521 545 553 610 647 615 651 667 723 783

[[147]]
  [1]   10   23   25   27   23   19   16   29   20   27   35   34   29   40   42
 [16]   62   70   62   66   59   54   75   85  110   97  101   99   96  102   94
 [31]   87   92   94   90  102   96  106   94  105  135  122  126  123  148  124
 [46]  123  156  158  155  192  195  202  198  196  189  192  191  198  215  214
 [61]  255  288  267  261  255  277  294  299  319  324  314  344  345  350  362
 [76]  406  414  407  428  438  481  473  529  567  609  615  709  669  634  649
 [91]  658  744  810  751  789  890  863  940 1020  992 1032 1040 1130 1141 1227
[106] 1300 1325 1419 1495 1618 1660 1803 1894 1918 1989 2062 2108 2255 2300 2428
[121] 2471

[[148]]
  [1]   10   27   30   20   18   20   29   33   33   29   26   55   50   52   63
 [16]   72   83   61   50   54   60   72   73   83   72   78   80   87   74   76
 [31]   83   79   86   95  106   94   94   97  115  112  118  110  117  105  116
 [46]  111  117  119  113  124  102  123  131  159  159  152  144  164  183  208
 [61]  211  216  183  230  225  243  220  239  263  263  269  301  313  289  317
 [76]  380  371  371  334  345  405  381  426  474  494  480  449  483  559  542
 [91]  574  575  599  600  621  652  714  708  725  776  839  872  817  875  923
[106]  923  954 1048 1085 1159 1157 1216 1182 1335 1446 1475 1578 1559 1661 1651
[121] 1754

[[149]]
  [1]  10  36  38  32  29  33  34  37  33  25  23  15  23  18  35  21  19  16
 [19]  23  20  16  13  15  11  14  23  21  12  16  16  17  17  12  10   9   7
 [37]   7   6   6   4  19  13  10  10  14  22  17  19  15  11  10  10   8  14
 [55]  12  12  11  10  11   9   6   5   7  22  18  20  20  17  19  16  10  17
 [73]  10  14  11   9   7  12   9  13   9   8  10  17  10   8   8   7  11  14
 [91]  18  19  27  30  38  30  35  38  40  38  38  46  36  32  33  60  70  66
[109]  67  68  70  71  68  97  86  76  88 101 109 124 109

[[150]]
  [1]   10   38   31   36   35   37   36   44   38   34   35   23   31   27   35
 [16]   30   34   47   54   43   36   30   26   37   32   32   27   29   31   52
 [31]   51   47   42   50   49   59   52   59   53   65   74   65   74   88   84
 [46]   98   98   91  130  120  130  137  147  172  158  147  157  146  158  163
 [61]  196  171  196  222  223  253  252  236  261  255  265  280  263  309  329
 [76]  344  318  342  384  407  416  412  402  422  455  492  504  506  494  560
 [91]  624  692  653  610  624  701  704  747  805  810  913  916  947  965 1050
[106] 1047 1137 1177 1172 1209 1240 1334 1422 1488 1470 1540 1506 1565 1634 1726
[121] 1824

> save(reslist, file=paste("output",iter,".rda",sep=""))
> 
> 
> ###############################################################
> 
> 
> # Clear the workspace and turn off graphics.
> #  Load all the functions you need by sourcing the provided demographic.R file
> #  Read in the job number from the cluster. To do this, your code should include a new
> # variable iter and should start with the line:
> # iter <- as.numeric(Sys.getenv(PBS_ARRAY_INDEX))
> #  Control the random number seeds so that each parallel simulation takes place with a
> # different seed. Your function should therefore set the random number seed as iter so that
> # each parallel simulation has a unique random seed.
> #  In each parallel run, select the initial condition to be used. Ensure that 25 of the parallel
> # simulations are allocated to each of the initial conditions.
> #  Create a variable which is the filename to store your results. The end of the filename
> # should be the number iter to ensure that simulation files do not overwrite one another on
> # the cluster.
> #  Initialise a list which will contain the results of your 150 simulations.
> #  Call the stochastic_simulation function to do the appropriate simulation 150 times,
> # appending the output to the results list, and then save the results list.
> 
> #four initial conditions (25 cluster runs per)
> #each cluster run runs simulation 150 times
> #1) large population of 100 adults
> #2) small population of 10 adults
> #3) 100 individuals spread
> #4) small population of 10 individuals
> 
R has finished running

============================================

        Job resource usage summary 

                 Memory (GB)    NCPUs
 Requested  :         1             1
 Used       :         0 (peak)   1.00 (ave)

============================================
