R is about to run

R version 4.4.1 (2024-06-14) -- "Race for Your Life"
Copyright (C) 2024 The R Foundation for Statistical Computing
Platform: x86_64-conda-linux-gnu

R is free software and comes with ABSOLUTELY NO WARRANTY.
You are welcome to redistribute it under certain conditions.
Type 'license()' or 'licence()' for distribution details.

R is a collaborative project with many contributors.
Type 'contributors()' for more information and
'citation()' on how to cite R or R packages in publications.

Type 'demo()' for some demos, 'help()' for on-line help, or
'help.start()' for an HTML browser interface to help.
Type 'q()' to quit R.

> 
> 
> growth_matrix <- matrix(c(0.1, 0.0, 0.0, 0.0,
+ 0.5, 0.4, 0.0, 0.0,
+ 0.0, 0.4, 0.7, 0.0,
+ 0.0, 0.0, 0.25, 0.4),
+ nrow=4, ncol=4, byrow=T)
> 
> reproduction_matrix <- matrix(c(0.0, 0.0, 0.0, 2.6,
+ 0.0, 0.0, 0.0, 0.0,
+ 0.0, 0.0, 0.0, 0.0,
+ 0.0, 0.0, 0.0, 0.0),
+ nrow=4, ncol=4, byrow=T)
> 
> clutch_distribution <- c(0.06,0.08,0.13,0.15,0.16,0.18,0.15,0.06,0.03)
> 
> #=========================================================================================
> rm(list=ls())
> graphics.off()
> source("Demographic.R")
> source("kl2621_HPC_2024_main.R")
[1] 0 0 0 0 3
[1] 3 3 2 2 2
[1] 2 2
 [1] 7 5 3 2 2 2 2 2 2 2 2 1 1 1 1 1 1 1 1 1 1
> 
> 
> ###4 initial conditions
> 
> ############################################################
> 
> 
> 
> #VVVVVVVVVVVV-------------COMMENT ME OUT WHEN RUNNING THE THING
> #iter <- 5
> #VVVVVVVVVVV--------------UNCOMMENT ME OUT
> iter <- as.numeric(Sys.getenv("PBS_ARRAY_INDEX"))
> set.seed(iter)
> 
> 
> if (iter <= 25) {
+ initial_state <- state_initialise_adult(4,100) #100 adults
+ } else if (iter >25 && iter <= 50) {
+ initial_state <- state_initialise_adult(4,10) #10 adults
+ } else if (iter >50 && iter <= 75) {
+ initial_state <- state_initialise_spread(4,100) #100 spread
+ } else {
+ initial_state <- state_initialise_spread(4,10) #10 spread
+ }
> 
> reslist <- list()
> 
> ####100 cluster runs
> ###################################################
> ####150 runs of stochastic_simulation per cluster run
> for (i in 1:150) {
+     #################################
+     ###120 steps of stochastic_simulation per simulation
+     stochasticresult <- stochastic_simulation(initial_state,growth_matrix,reproduction_matrix,clutch_distribution,120)
+     reslist[[i]] <- stochasticresult
+     #################################
+ }
> ###################################################
> 
> print(reslist)
[[1]]
  [1]  10   7   5   4   8  12  12   9   9  15  10  17  18  20  22  18  17  15
 [19]  18  18  31  40  42  37  33  28  25  29  35  42  29  31  40  45  52  46
 [37]  43  44  37  42  36  53  41  34  34  27  29  34  52  49  42  41  33  29
 [55]  35  45  54  58  50  46  39  51  52  55  55  72  66  59  68  52  74  62
 [73]  64  72  82  74  81  82  75  73  93  99  92 103 108 111 119 113 133 122
 [91] 115 125 131 128 124 118 135 121 111 143 164 158 173 160 159 165 155 178
[109] 175 204 193 168 161 176 175 192 168 196 225 275 226

[[2]]
  [1]   10   12    6   11   10   11   13   23   22   17   27   26   21   14   23
 [16]   23   23   32   35   32   39   34   36   52   49   44   45   43   45   37
 [31]   35   38   25   32   46   40   36   26   40   40   41   40   49   41   42
 [46]   52   65   68   49   58   67   57   53   69   59   68   61   86   80   86
 [61]  113   97  113  103   93  116  122  140  158  145  163  169  180  158  177
 [76]  186  183  178  175  190  192  239  235  287  301  312  311  382  368  341
 [91]  363  400  422  456  479  492  496  518  564  577  615  634  647  635  635
[106]  677  771  828  832  867  916  954 1019 1075 1115 1122 1219 1234 1302 1322
[121] 1260

[[3]]
  [1]   10   15   12    9   13    9    7   15   17   19   11   12   18   20   18
 [16]   23   15   25   30   21   31   19   15   23   26   36   48   52   49   52
 [31]   43   61   53   51   61   52   67   52   69   61   74   57   79   82   72
 [46]   67  108   90  117  118  106   98  102  102   96  110   91  100  104   94
 [61]  136  128  134  129  143  132  155  152  149  174  177  188  167  178  193
 [76]  218  206  179  184  189  222  213  218  246  266  322  297  297  311  317
 [91]  312  371  347  360  379  425  413  431  439  461  509  532  492  516  563
[106]  589  641  630  675  745  772  769  813  837  888  957  962 1032 1094 1113
[121] 1167

[[4]]
  [1]  10  12  14   9   6  13   9   6   6  13   6   5   4   6   9   6   3   2
 [19]   2   1   1   1   6   3   3   3   9   5   4   4   6  11  12   7   6   5
 [37]   4   8  13  14  13  12  11   9  12  12  11  10  15  17  21  20  17  14
 [55]  26  30  23  22  20  18  20  16  10  14  15  13  21  23  21  21  23  17
 [73]  10  14  15  13  11  15  17  18  17  20  14  11   9   7  22  14  23  21
 [91]  18  15  32  27  25  37  37  36  46  56  44  51  61  55  57  49  56  49
[109]  62  59  71  67  56  60  78  85  89 112 117 108 117

[[5]]
  [1]  10  11  15  12  16  18  21  14  11  19  19  24  19  17  13  10  13  10
 [19]  12  19  23  20  17  24  27  33  25  19  18  16  18  15  15  25  25  22
 [37]  30  27  36  36  42  39  45  44  59  61  66  61  68  64  84  97 112 122
 [55] 107 106 131 146 110 157 154 154 143 144 151 160 150 141 154 146 139 128
 [73] 128 128 147 152 136 152 138 167 155 156 126 135 118 150 150 157 192 177
 [91] 168 195 210 209 205 189 186 177 179 200 222 215 199 192 204 220 234 239
[109] 261 229 244 249 259 231 249 283 339 330 325 310 367

[[6]]
  [1]   10   21   21   14   12   11   28   28   22   19   29   32   28   21   26
 [16]   28   27   33   27   21   19   24   42   37   39   41   44   40   49   53
 [31]   59   61   69   58   66   74   92   91   91   97  105  107  116  144  161
 [46]  174  185  178  202  228  252  264  253  258  238  282  302  306  294  294
 [61]  279  315  339  351  340  407  378  396  421  444  484  508  508  511  541
 [76]  575  617  627  667  664  685  734  780  798  848  877  898  921  954 1062
 [91] 1042 1102 1125 1157 1311 1349 1315 1457 1485 1601 1600 1637 1709 1767 1899
[106] 1937 1975 2043 2081 2114 2088 2046 2210 2310 2415 2523 2627 2839 2869 2894
[121] 3028

[[7]]
  [1]   10   15   16   17   23   24   31   34   47   38   37   35   39   47   60
 [16]   50   53   67   61   56   63   81   82   85  104   89   96   92  103  105
 [31]  106  112  144  131  127  148  170  176  174  190  162  168  208  205  199
 [46]  177  201  246  272  274  233  239  236  228  283  282  284  291  321  306
 [61]  356  371  336  382  392  385  399  388  438  419  410  422  431  467  523
 [76]  525  546  574  694  642  658  689  756  839  861  870  880  915  921 1017
 [91] 1009 1115 1061 1121 1204 1220 1266 1364 1334 1338 1382 1363 1385 1413 1540
[106] 1668 1756 1726 1851 1965 2157 2247 2251 2424 2454 2627 2686 2848 2974 3129
[121] 3226

[[8]]
  [1] 10  7  7 12 15 18 15 15 18 22 24 23 25 33 33 24 17 24 21 15 21 22 24 17 21
 [26] 23 22 22 25 20 15 16 19 27 21 18 18 19 25 19 19 22 23 21 18 22 26 33 23 20
 [51] 14 24 29 19 15 18 22 14 17 18 22 35 23 22 15 14 18 19 33 14 15 12 11 18 27
 [76] 28 17 13 12 11 17 17 10 16 13 20 25 22 16 14 16 19 27 31 22 20 18 31 40 40
[101] 55 46 34 35 42 37 37 45 57 47 58 40 41 38 48 55 41 48 45 43 69

[[9]]
  [1]   10   15   21   12   16   24   26   30   26   36   42   47   58   56   52
 [16]   56   53   65   69   74   76   75   73   65   74   77   91   69   59   57
 [31]   98   83   97   88   93  104  101  100  100  110  115  134  124  136  146
 [46]  151  150  130  167  148  137  140  179  197  165  149  184  202  250  222
 [61]  251  253  263  256  321  301  321  326  275  273  350  358  373  353  370
 [76]  399  418  421  443  479  450  436  441  452  462  500  535  539  598  611
 [91]  586  653  642  686  700  735  729  800  838  827  905  955  987 1038 1065
[106] 1107 1164 1214 1310 1326 1323 1419 1524 1548 1455 1630 1654 1737 1823 1871
[121] 1952

[[10]]
  [1] 10  7  6  7 12  8 10  7  6  5  5  3  2  6  4  4  3  3  6 14 11  9  9 14 10
 [26] 14 12 27 23 18 16 13 11 20 26 19 26 21 21 28 22 23 34 20 24 32 29 19 22 17
 [51] 26 17 20 22 17 20 15 19 16  9 13  7  7  7  7 20 18 20 21 15 21 27 22 19 29
 [76] 37 44 38 35 34 37 26 25 35 31 32 27 25 20 33 34 39 28 41 37 30 38 31 40 30
[101] 36 48 58 46 55 42 42 34 43 50 57 56 64 54 64 67 78 74 62 75 69

[[11]]
  [1]  10   9   6   5   7  11  11  15  20  20  14  10  15  11  12  17  23  31
 [19]  21  17  18  34  34  29  26  38  54  52  48  48  45  45  58  63  60  47
 [37]  52  62  51  49  42  42  52  48  49  45  47  66  69  82  60  65  75  59
 [55]  99  88  86  75  70  78  96 119 114 105 114 120 119 140 142 155 192 200
 [73] 201 172 168 212 213 217 246 282 266 290 278 274 292 291 339 370 359 351
 [91] 375 393 435 429 446 461 454 508 517 514 519 527 574 571 629 653 648 623
[109] 658 669 659 746 744 747 776 776 763 853 821 884 895

[[12]]
  [1]   10   22   16   12   16   14   15   20   29   23   24   26   26   34   47
 [16]   36   51   42   41   48   57   58   64   61   63   58   55   63   63   55
 [31]   48   44   55   65   86   70   67   51   59   66   83  115  127  119   99
 [46]  100  127  125  146  148  128  120  139  152  159  166  174  183  165  178
 [61]  189  194  203  213  241  271  292  348  337  346  370  406  391  401  402
 [76]  458  469  481  511  519  608  615  650  645  631  628  653  697  717  731
 [91]  782  777  874  863  894  868  926  926 1008 1056 1049 1115 1174 1281 1356
[106] 1315 1370 1430 1508 1624 1673 1739 1857 1860 1944 2082 2148 2216 2326 2413
[121] 2469

[[13]]
  [1]   10   16   11   15   20   17   21   17   16   15   12   13   18   26   23
 [16]   26   19   19   26   26   31   31   31   46   34   52   50   50   56   58
 [31]   66   87  119  101  105   94  109  105  117  109  133  166  164  158  151
 [46]  167  159  155  163  164  177  163  191  207  252  246  250  215  215  219
 [61]  266  255  239  251  314  338  366  343  304  313  313  321  350  377  396
 [76]  354  335  361  401  458  461  441  469  473  482  528  579  594  576  587
 [91]  591  650  680  714  743  746  786  755  812  815  842  884  896  878  854
[106]  966 1017 1052 1101 1042 1052 1093 1191 1341 1329 1327 1397 1461 1503 1562
[121] 1681

[[14]]
  [1]   10   16   20   21   12   13   18   22   17   21   31   32   28   43   46
 [16]   53   60   66   72   68   83   85   74   62   66   65   85   83   63   65
 [31]   62   85   89   83   72   64   64   71   81   76  103  114   99   86   82
 [46]  100  112  101  104  112  107  134  112  109  116  107  116  131  131  121
 [61]  119  145  154  147  154  160  145  151  154  162  181  195  199  226  228
 [76]  246  265  291  287  312  341  371  420  437  421  429  466  489  522  497
 [91]  507  596  599  618  577  616  662  656  700  710  729  735  743  772  759
[106]  808  851  899  958  981 1046 1144 1184 1219 1263 1340 1441 1450 1516 1501
[121] 1524

[[15]]
  [1] 10  7 10  9  8  7  5  8 11 14 12 10 14 12 14 19 10  8  4 12  6  5  4 10 15
 [26]  9  9  6  4  3  2  2  2  3  8 11  9  5  5  5  4  8  7  7  3  3  6 12  8  8
 [51]  4  2  2  2  1  7  9  3  3  3  3  6  3  2  2 14 12 12  9  7  6  6  6  5  5
 [76]  5 14 11 15  9  7  9 10  9  8  5 15 19 13  8  7  8  6  5  7  5  4  6  4  3
[101]  1  1  1  1  1  1  1  1  1  6  5  4  2  2  2  2  8  6  4  3  3

[[16]]
  [1]  10  11  17   9   7   6  14  16  12  10  16  14  20  14  11   8  11  16
 [19]  29  23  17  13  17  17  11  10  14  25  17  15  19  21  25  27  18  11
 [37]  16  27  26  23  17  23  26  30  29  24  30  29  29  22  30  23  38  41
 [55]  41  48  60  56  53  61  63  71  52  55  55  58  40  41  46  46  57  51
 [73]  51  56  50  57  63  53  60  62  70  61  80  65  79  71  61  58  60  68
 [91]  70  86  73  65  66  89  90  91  96  81  92  93  90  98  95 115 103 115
[109] 131 162 124 130 130 158 186 156 158 166 209 228 242

[[17]]
  [1]   10   19   20   20   21   16   13   11   13   15    9    4    3   18   19
 [16]   20   14   14   13   20   31   30   22   20   21   27   31   23   26   22
 [31]   25   20   31   33   28   24   22   30   38   52   53   53   53   57   70
 [46]   61   61   66  106  105  105  101  102  105  100  130  161  142  144  117
 [61]  122  161  168  197  161  150  161  145  199  201  216  200  197  211  221
 [76]  249  273  266  268  266  302  302  286  325  319  384  392  405  464  493
 [91]  516  442  479  517  523  564  580  613  616  676  748  769  723  729  747
[106]  843  976  900  947  949 1018 1019 1048 1099 1184 1202 1214 1262 1390 1426
[121] 1514

[[18]]
  [1] 10  7  5  7  5  4  4  3  2  1  1  1  0  0  0  0  0  0  0  0  0  0  0  0  0
 [26]  0  0  0  0  0  0  0  0  0  0  0  0  0  0  0  0  0  0  0  0  0  0  0  0  0
 [51]  0  0  0  0  0  0  0  0  0  0  0  0  0  0  0  0  0  0  0  0  0  0  0  0  0
 [76]  0  0  0  0  0  0  0  0  0  0  0  0  0  0  0  0  0  0  0  0  0  0  0  0  0
[101]  0  0  0  0  0  0  0  0  0  0  0  0  0  0  0  0  0  0  0  0  0

[[19]]
  [1]  10  11  12   8  11  20  12  10  11   9  14  15  10   8  12   8  15  20
 [19]  16  15  15  16  13  17  22  16  12  16  14  11  15  18  11  11  16  14
 [37]  25  20  32  31  41  40  41  53  58  55  54  53  61  54  60  66  52  60
 [55]  72  75  86  66  73  75  74  57  52  71 103  99  87  75  65  52  71 100
 [73] 106  86  76  85  97 112  94  81  78  74  72  93  90 109 104 111 123 135
 [91] 131 122 142 178 179 168 209 187 189 178 202 200 224 234 246 259 241 279
[109] 316 352 351 317 326 350 373 348 425 424 424 426 456

[[20]]
  [1]   10   17   13   14   14   11    9   12   11    8    6   12   14   13   11
 [16]   14   16   14   13   24   21   31   25   26   28   36   31   33   54   45
 [31]   55   47   47   44   45   57   78   73   87   87   97   85   70   76   80
 [46]   73   87  100   87   74   84   85   84   90   84   94   86  113  114  145
 [61]  130  143  157  177  174  190  191  203  179  219  204  201  202  205  186
 [76]  228  248  291  279  278  253  281  299  342  359  334  315  310  316  364
 [91]  400  387  373  393  380  383  410  470  448  503  496  489  501  527  550
[106]  539  552  572  625  614  688  694  740  848  906  940  978 1036 1032 1082
[121] 1165

[[21]]
  [1]  10   5   7   9   7   9  20  12   6   4   4   8  12  11   9  11   8   7
 [19]  12  10  16  10   6  12   8  12   8   4   3   3   3  11   9  11   8  13
 [37]  11  18  14  18  17  18  13  14  16  20  13  26  24  20  20  19  33  26
 [55]  36  26  19  27  38  45  54  52  45  36  35  50  53  59  56  52  42  57
 [73]  58  49  50  56  49  43  46  39  53  61  55  59  48  45  39  61  54  65
 [91]  84  91  72  61  82  99  97  98  93  94  93  76  89 115 116 105 103  95
[109] 133 129 152 140 130 130 159 163 194 168 167 148 167

[[22]]
  [1] 10  6 10  8  6  5  3  3 13  8  8 13 12  6 11  6  4  4  3  2  5  2  2  1  2
 [26]  2  0  0  0  0  0  0  0  0  0  0  0  0  0  0  0  0  0  0  0  0  0  0  0  0
 [51]  0  0  0  0  0  0  0  0  0  0  0  0  0  0  0  0  0  0  0  0  0  0  0  0  0
 [76]  0  0  0  0  0  0  0  0  0  0  0  0  0  0  0  0  0  0  0  0  0  0  0  0  0
[101]  0  0  0  0  0  0  0  0  0  0  0  0  0  0  0  0  0  0  0  0  0

[[23]]
  [1]   10   15   18   16   35   41   39   50   55   63   66   71   72   75   85
 [16]   65   66   60   62   64   69   84   68  109  101   93   73   83  110   99
 [31]  113   96  102  132  174  192  178  213  208  247  256  258  247  273  283
 [46]  321  283  274  321  334  304  303  355  329  346  358  381  393  416  512
 [61]  520  555  505  535  588  650  671  712  754  701  714  776  828  850  857
 [76]  934  940  962  974 1032 1018 1083 1106 1078 1110 1156 1178 1239 1207 1304
 [91] 1323 1375 1430 1445 1507 1590 1635 1702 1794 1795 1839 1890 2048 2197 2295
[106] 2320 2496 2737 2840 2958 3069 3207 3264 3316 3516 3666 3731 3956 4191 4456
[121] 4545

[[24]]
  [1]  10  12   6  11   6   5   5   4   3   2   9   8  13  10  13  10  14  14
 [19]  18  13  14  25  16  21  23  16  14  20  20  21  15  20  28  30  24  27
 [37]  36  36  26  27  49  42  41  35  44  49  46  55  50  52  65  92  85  80
 [55]  86 103 114 105  91  76  96 113  95 104 119 118 115  99 101 118 111 121
 [73] 108 100 121 119 129 111 123 122 140 134 143 128 166 149 167 166 159 173
 [91] 190 193 200 187 183 196 219 264 255 267 264 277 297 345 334 382 394 391
[109] 417 446 445 450 488 440 448 422 502 514 535 497 516

[[25]]
  [1]   10    7   10   18   18   27   24   34   25   25   27   34   39   43   53
 [16]   66   84   73   81   74   61   62   58   64   78   89  109   90   85   91
 [31]   96  103  114  116  106  106  112  140  157  168  168  196  200  190  194
 [46]  217  215  228  245  238  243  261  306  283  315  361  337  349  422  399
 [61]  432  427  447  484  539  531  576  577  658  649  643  671  690  663  691
 [76]  740  751  820  823  893  892  952  949  981  932  972 1039 1058 1129 1107
 [91] 1133 1121 1203 1258 1302 1324 1331 1414 1489 1560 1631 1643 1694 1815 1898
[106] 1987 2023 2119 2197 2263 2294 2386 2484 2569 2759 2816 2791 3053 3116 3209
[121] 3369

[[26]]
  [1]   10   20   14   18   21   25   24   15   11   22   23   27   19   22   19
 [16]   18   12   16   22   31   39   30   40   42   38   41   48   43   52   43
 [31]   35   46   50   69   72   82   80   75  108  116  129  139  131  158  132
 [46]  117  140  185  192  173  173  196  208  216  222  222  258  249  242  254
 [61]  279  274  234  251  289  302  273  311  309  308  350  403  403  416  439
 [76]  426  498  536  553  599  606  640  684  794  778  824  848  842  881  910
 [91]  938  950  966 1157 1154 1170 1168 1256 1233 1337 1434 1463 1527 1610 1567
[106] 1594 1683 1761 1868 1857 2020 2029 2072 2166 2277 2287 2347 2434 2585 2639
[121] 2714

[[27]]
  [1]  10  19  15  10   9   8  11  20  20  15  15  13  11  17  10   9   8   9
 [19]   7   7   7  14   9   7  14  15  17  14  17  20  33  36  30  27  22  35
 [37]  24  35  25  23  25  25  29  35  26  32  30  26  36  41  36  44  35  35
 [55]  35  32  43  50  57  63  56  53  50  47  72  88 100  93  89  92 110 104
 [73] 108 118 108 123 112 117 144 175 166 150 163 186 167 164 176 171 178 206
 [91] 222 204 225 246 244 263 295 312 309 324 339 348 336 316 310 361 351 386
[109] 419 436 505 475 491 532 569 592 600 624 664 691 679

[[28]]
  [1] 10 12  9  8 12  8  4  4  4  6  5  8  5  5  5  5  4  4  7  4  3  0  0  0  0
 [26]  0  0  0  0  0  0  0  0  0  0  0  0  0  0  0  0  0  0  0  0  0  0  0  0  0
 [51]  0  0  0  0  0  0  0  0  0  0  0  0  0  0  0  0  0  0  0  0  0  0  0  0  0
 [76]  0  0  0  0  0  0  0  0  0  0  0  0  0  0  0  0  0  0  0  0  0  0  0  0  0
[101]  0  0  0  0  0  0  0  0  0  0  0  0  0  0  0  0  0  0  0  0  0

[[29]]
  [1] 10 11 10  9 11  8  6  5  3  3  9  4  3  3  3  3  3  3  2  1  1  1  0  0  0
 [26]  0  0  0  0  0  0  0  0  0  0  0  0  0  0  0  0  0  0  0  0  0  0  0  0  0
 [51]  0  0  0  0  0  0  0  0  0  0  0  0  0  0  0  0  0  0  0  0  0  0  0  0  0
 [76]  0  0  0  0  0  0  0  0  0  0  0  0  0  0  0  0  0  0  0  0  0  0  0  0  0
[101]  0  0  0  0  0  0  0  0  0  0  0  0  0  0  0  0  0  0  0  0  0

[[30]]
  [1] 10 13  7 12  9  8  9 14  9  7  6 11  7  6  5 15 14 10  6  6  6  5  5  9  5
 [26]  3  3  2  1  0  0  0  0  0  0  0  0  0  0  0  0  0  0  0  0  0  0  0  0  0
 [51]  0  0  0  0  0  0  0  0  0  0  0  0  0  0  0  0  0  0  0  0  0  0  0  0  0
 [76]  0  0  0  0  0  0  0  0  0  0  0  0  0  0  0  0  0  0  0  0  0  0  0  0  0
[101]  0  0  0  0  0  0  0  0  0  0  0  0  0  0  0  0  0  0  0  0  0

[[31]]
  [1]  10   7   9   3   2   2   2   2   8  10  15  11  11  14  13   7   7  12
 [19]  16  21  17  17  16  23  20  28  29  35  31  30  34  29  53  55  64  48
 [37]  37  35  41  41  46  51  46  43  52  37  53  58  48  49  48  53  51  39
 [55]  47  49  45  48  49  66  57  56  58  69  68  54  48  71  70  66  67  63
 [73]  77  74  66  78  86  87  65  54  64  64  68  72  70  66  66  79  67  68
 [91]  78  79  87 112  86  97  95  95  91 113 123  98 111  93 100 124 146 143
[109] 149 172 166 188 182 196 202 183 193 223 236 255 241

[[32]]
  [1]   10    9   13    9    5    5   13   11   13    9    9   11   22   17   24
 [16]   17   14   12   12   28   33   37   38   43   46   46   46   33   27   40
 [31]   59   64   58   55   62   67   82   84  108   98   98  106  113  122  102
 [46]  103  122  133  151  129  132  151  130  134  158  147  163  179  166  180
 [61]  168  180  197  185  179  188  217  197  184  191  204  216  217  219  230
 [76]  274  227  193  214  258  261  249  252  283  280  284  329  330  354  366
 [91]  360  369  347  377  383  420  367  410  442  484  544  575  572  627  602
[106]  646  664  684  720  743  761  753  835  890  915  922  919  985  969  986
[121] 1055

[[33]]
  [1]  10  15  11  12  17  10  14  10  14  11   9  10  13  26  29  22  26  29
 [19]  30  30  48  35  26  22  25  29  35  44  44  32  27  41  28  37  33  24
 [37]  22  23  18  23  17  29  34  35  47  46  40  33  42  37  39  39  31  38
 [55]  45  41  48  44  45  50  50  42  41  55  55  54  48  44  45  42  64  72
 [73]  69  79  83  91 107  91 108 122 123 131 132 135 153 147 126 120 144 173
 [91] 138 147 150 154 160 159 207 174 169 204 186 165 167 194 199 220 216 225
[109] 216 265 289 329 332 309 346 362 417 428 406 400 415

[[34]]
  [1]   10    7    7    6   16   11    9    6    6    4    4    4    3    8   12
 [16]    8    6    8   14   18   12   11   12   11   17   16   23   18   25   15
 [31]   18   14   12   22   25   19   23   22   28   17   17   19   30   29   34
 [46]   44   37   39   46   50   46   68   75   77   92   77   84   74   88   87
 [61]   92  100  105   96  118  119  125  126  122  150  166  198  179  167  168
 [76]  191  186  184  201  196  220  254  271  267  267  294  293  315  345  316
 [91]  318  407  402  402  428  402  426  496  504  528  556  591  615  626  624
[106]  752  782  799  766  766  812  863  917  914  885  945 1011 1087 1086 1160
[121] 1311

[[35]]
  [1] 10  7  6 13 13 10  9  9 16 12 11 10  8  7  6  6  6  5  5 11 11  3  3  2  2
 [26]  2  1  0  0  0  0  0  0  0  0  0  0  0  0  0  0  0  0  0  0  0  0  0  0  0
 [51]  0  0  0  0  0  0  0  0  0  0  0  0  0  0  0  0  0  0  0  0  0  0  0  0  0
 [76]  0  0  0  0  0  0  0  0  0  0  0  0  0  0  0  0  0  0  0  0  0  0  0  0  0
[101]  0  0  0  0  0  0  0  0  0  0  0  0  0  0  0  0  0  0  0  0  0

[[36]]
  [1]   10   15   12    9   18   11   15   13   23   23   26   17   21   21   23
 [16]   17   22   32   20   14   12   23   43   39   34   27   48   53   57   41
 [31]   38   39   52   74  102   87  103  106   73   75   82   80  102   90   90
 [46]   95  101  129  112  115  121  130  163  162  160  156  152  156  167  182
 [61]  190  196  176  201  235  241  238  216  263  270  264  274  284  332  358
 [76]  394  404  396  385  377  409  440  454  533  479  510  515  553  513  471
 [91]  529  565  563  607  628  598  624  595  611  643  674  724  783  760  802
[106]  812  881  903  942  997 1014 1065 1090 1089 1198 1228 1257 1348 1412 1507
[121] 1567

[[37]]
  [1]   10   15   14   13   16   18   15   13   12   16   11   18   18   14   31
 [16]   30   21   16   14   18   26   21   19   34   24   27   19   24   19   31
 [31]   30   39   52   41   40   36   32   60   61   68   54   52   61   84  101
 [46]   96   91   85   85   91   99   84   74  103  126  124  131  119  108  116
 [61]  120  144  155  149  179  183  176  168  156  175  161  152  160  218  219
 [76]  221  227  225  225  232  229  230  261  312  315  337  368  405  388  439
 [91]  419  404  412  430  453  527  510  534  520  532  549  632  612  634  717
[106]  689  719  820  848  864  876  853  867  973  996 1023 1026 1054 1132 1152
[121] 1188

[[38]]
  [1]  10  13   5   4   5  11  10   8   6   4   3  11   7  12  13  10   9  13
 [19]  17  15  14  13  11  22  23  25  18  24  29  20  18  13  19  25  23  20
 [37]  19  24  26  31  31  50  43  40  37  57  54  48  62  48  50  44  43  44
 [55]  37  44  49  44  53  51  81  66  73  62  66  65  71  73  64  70  98  79
 [73]  63  79  86 104 111 130 133 137 125 136 134 151 160 195 203 179 194 219
 [91] 234 243 271 226 253 314 338 352 362 380 428 425 483 514 484 514 587 600
[109] 604 664 659 693 658 736 792 786 778 767 784 802 842

[[39]]
  [1]   10   14   22   19   17   14   20   18   24   33   29   19   26   22   34
 [16]   20   18   27   27   30   24   30   22   37   27   36   29   31   22   17
 [31]   25   25   18   18   28   29   29   20   32   32   35   31   37   26   43
 [46]   54   44   47   53   48   49   50   58   58   71   56   55   69   72   74
 [61]   91   98   90   87   96  106  113  122  141  136  139  136  127  121  143
 [76]  140  195  192  153  171  191  238  224  271  264  271  290  298  290  338
 [91]  352  382  389  418  412  466  487  521  540  503  532  560  609  613  693
[106]  706  768  802  813  846  889  966  978  971 1031 1078 1011 1101 1227 1271
[121] 1335

[[40]]
  [1]   10   12   15   11   14   15   12   20   22   18   24   26   46   44   41
 [16]   36   30   36   47   50   45   42   41   48   56   46   52   54   65   92
 [31]  101   95   73   73   98   89   97   83  107  123  112  134  134  138  124
 [46]  151  134  148  180  168  180  172  190  226  267  247  221  224  242  267
 [61]  254  273  241  248  291  316  320  319  359  375  330  356  372  405  436
 [76]  438  433  455  487  501  538  561  617  633  586  595  671  620  671  667
 [91]  745  782  783  779  860  865  922  950  910  938 1027 1029 1101 1116 1164
[106] 1208 1222 1268 1325 1361 1360 1484 1542 1587 1720 1762 1797 1917 2001 2093
[121] 2160

[[41]]
  [1]  10  24  25  18  19  19  14  11  13  11  15  16  11  11  22  11  18  16
 [19]  18  13  17  15  20  13  11  13  31  33  33  30  36  41  53  44  44  42
 [37]  44  42  53  45  44  57  58  73  67  53  54  45  67  59  60  69  69  73
 [55]  92 101  95  74  55  48  53  83  81 103 108 107 125 113 153 159 178 175
 [73] 167 182 181 173 151 142 141 170 200 219 280 255 232 235 253 263 290 280
 [91] 312 315 321 334 344 368 378 381 331 421 441 436 469 487 497 528 531 543
[109] 541 570 563 609 652 685 730 680 761 812 809 808 873

[[42]]
  [1]   10    8    4    9   10   16   11    9   19   12   11    9   20   27   22
 [16]   26   25   44   34   46   49   50   53   51   61   68   67   61   86  106
 [31]   97   91   81   81   83   86   62   69   66   75   90   69   86   71   83
 [46]   88   92   90   95   98  120  114  126  149  143  121  108  104  102  100
 [61]  123  142  125  105  113  129  129  122  124  131  114  137  144  159  156
 [76]  152  140  152  171  201  188  205  198  248  263  278  287  290  272  309
 [91]  341  349  367  380  394  415  479  470  525  503  502  543  503  578  651
[106]  666  659  689  732  745  727  710  773  798  760  732  836  947  900  937
[121] 1006

[[43]]
  [1]   10    6    4    4    4    6    5    4    4    3    3    7    4    3    3
 [16]   10    6    5    4    9    7   12   13   12   11   13   10   12   15   16
 [31]   21   20   18   17   14   26   30   27   27   27   34   29   38   29   31
 [46]   33   33   33   55   58   63   64   61   68   77   81   83   78   71  100
 [61]  110  114  118  128  121  115  128  138  150  132  113  142  147  149  164
 [76]  189  184  198  204  200  195  194  191  223  247  226  251  260  297  325
 [91]  312  334  324  325  361  433  435  439  431  497  499  482  512  513  503
[106]  568  612  624  688  726  686  751  764  734  827  858  866  975 1037 1084
[121] 1124

[[44]]
  [1]  10  13  16  11  11  14  13  12  18  23  28  32  34  34  27  32  27  29
 [19]  27  32  45  46  42  40  40  27  31  26  37  37  34  38  36  46  39  43
 [37]  33  45  35  35  33  35  33  29  26  28  31  29  19  23  17  18  15  30
 [55]  38  49  40  65  53  56  55  50  57  65  73  79  77  82  85  89  89  86
 [73]  88 105 105  95 112 126 117 105 125 119 135 131 146 144 123 120 130 164
 [91] 151 156 169 170 170 174 169 165 202 191 219 230 239 230 259 224 226 232
[109] 262 251 257 263 280 324 348 358 345 349 388 367 380

[[45]]
  [1]  10  11   8   5   5   5   4   8   4   3   3   3   7  12  14  18  17  13
 [19]  12  25  26  28  17  13  13  13  11  15  14  17  21  24  23  29  28  31
 [37]  33  31  30  54  51  53  41  39  52  58  50  57  50  62  56  53  58  51
 [55]  45  42  50  68  69  54  83  60  54  66  71  89  64  66  78  76  66  66
 [73]  86  70  63  96  95 102  94  86  77 114 118 130 128 128 152 155 156 154
 [91] 158 200 185 196 197 190 224 202 210 217 222 253 247 242 224 251 243 241
[109] 278 249 295 299 326 350 322 369 337 372 380 385 383

[[46]]
  [1] 10 14  9  7  7  6  4  5  6  4  3  3  8 12  8  7  5  4  5 12 13  7  5  4  3
 [26]  3  3  3  2  1  1  3  1  1  1  1  1  1  1  1  1  1  4  2  2  2  2  2  6  4
 [51]  4  3  3  1  1  0  0  0  0  0  0  0  0  0  0  0  0  0  0  0  0  0  0  0  0
 [76]  0  0  0  0  0  0  0  0  0  0  0  0  0  0  0  0  0  0  0  0  0  0  0  0  0
[101]  0  0  0  0  0  0  0  0  0  0  0  0  0  0  0  0  0  0  0  0  0

[[47]]
  [1]   10   18   19   17   15   10   15   18   14   19   17   16   15   32   20
 [16]   14   21   29   30   32   20   19   26   23   14   16   23   23   24   16
 [31]   17   16   11   18   35   32   28   27   19   40   39   33   31   22   36
 [46]   48   69   70   60   62   65   77  110  109  108  102  101  104   93   99
 [61]  125  141  136  132  172  160  157  149  171  232  241  237  257  250  294
 [76]  292  307  315  361  394  475  469  528  558  605  589  608  660  665  641
 [91]  735  769  760  793  852  889  962  944  988 1089 1085 1154 1138 1190 1240
[106] 1265 1318 1289 1386 1511 1636 1660 1696 1755 1728 1943 1937 2036 2092 2237
[121] 2344

[[48]]
  [1]   10   13   10    6   10    7    7   11   14   17   12    8    8   18   11
 [16]    8   17   13   10    8   15   12   11   14   16   18   21   21   20   22
 [31]   16   33   34   25   30   25   31   35   24   41   46   48   64   61   63
 [46]   56   71   77   77   78   74   86   84   83   99  103  101  128  139  144
 [61]  134  126  125  127  170  179  175  174  187  184  193  227  248  286  260
 [76]  270  296  301  321  329  322  345  366  351  362  402  450  456  470  571
 [91]  501  497  546  594  554  580  550  529  557  572  624  707  742  769  760
[106]  827  826  783  844  930  919  972  972 1039 1104 1113 1165 1211 1235 1328
[121] 1413

[[49]]
  [1] 10 10  7  9  5  4  4  4  4  4  5  3  2  1  0  0  0  0  0  0  0  0  0  0  0
 [26]  0  0  0  0  0  0  0  0  0  0  0  0  0  0  0  0  0  0  0  0  0  0  0  0  0
 [51]  0  0  0  0  0  0  0  0  0  0  0  0  0  0  0  0  0  0  0  0  0  0  0  0  0
 [76]  0  0  0  0  0  0  0  0  0  0  0  0  0  0  0  0  0  0  0  0  0  0  0  0  0
[101]  0  0  0  0  0  0  0  0  0  0  0  0  0  0  0  0  0  0  0  0  0

[[50]]
  [1]  10   6   6   6   8   5   8   8   6   4   4   4  12   4   5   4   4   3
 [19]   3   8   6   5   3   3  14  13   7   7  13  13  18  22  17  15  18  24
 [37]  24  25  31  26  21  23  24  39  45  52  48  37  47  51  45  51  46  62
 [55]  60  50  41  57  57  54  65  60  89  78  75  67  54  48  68  82  72  82
 [73]  78 102 100 109 105 110 122 121 126 122 143 167 174 186 167 191 232 192
 [91] 195 193 232 256 255 278 296 311 295 308 347 395 444 465 492 459 481 529
[109] 537 572 623 730 658 689 785 762 743 756 827 876 987

[[51]]
  [1] 10 14  8 19 12  8  6  6  5  4  4  4  5  3  3  3  2  1  1  0  0  0  0  0  0
 [26]  0  0  0  0  0  0  0  0  0  0  0  0  0  0  0  0  0  0  0  0  0  0  0  0  0
 [51]  0  0  0  0  0  0  0  0  0  0  0  0  0  0  0  0  0  0  0  0  0  0  0  0  0
 [76]  0  0  0  0  0  0  0  0  0  0  0  0  0  0  0  0  0  0  0  0  0  0  0  0  0
[101]  0  0  0  0  0  0  0  0  0  0  0  0  0  0  0  0  0  0  0  0  0

[[52]]
  [1]  10   7  10   8  13  10   8   8   7   6   9   5  10  12   6   5   4  10
 [19]  12   9   9   8  13  12  13  10  10  15  10  11  14  14  22  25  37  28
 [37]  25  19  18  30  17  13   9   9  14  25  20  23  16  16  24  24  30  28
 [55]  27  30  21  19  24  23  39  31  33  38  55  42  36  40  38  40  34  33
 [73]  40  30  37  27  34  31  29  34  43  50  41  43  44  48  49  61  61  67
 [91]  73  62  55  46  57  50  74  79  75  70  73  79  78  72  90  81  92  86
[109]  77  99  97  96  78  84 104 109 105  85 103 131 158

[[53]]
  [1] 10 11 10  8  6 10 11  8  8  5 10 15 17 11 12  9  9  8 12 10  4  7  4  4  4
 [26]  8 11  8  8  6  4  8  5  5  5  8  8  9  5  5  3  3  2  5  1  1  1  1  1  1
 [51]  4  4  4  3  2  2  2  2  1  4  4  2  2  2  1  1  1  1  1  6  3  3  3  2  2
 [76]  2  2  7 12 10  8  7  6  7 10 12 14  9  8  6  9  8  8  8 11 17 13 11  9  7
[101] 10 12  8  6  5 12 14 17 19 14 17 27 14 18 17 20 23 23 19 27 31

[[54]]
  [1]  10  15  12  13   9   9  14  11   9   8   7   7   5   7   8  17  13   9
 [19]  13  14  23  14  10  13  17  18  18  14  17  19  17  11   8  20  35  34
 [37]  24  20  17  32  31  49  49  37  31  30  36  45  48  45  42  56  46  60
 [55]  60  58  62  54  52  50  43  66  82  85  73  72  75  76 102 102  89  75
 [73]  71  81 104  94  87  95  81  86 111 101 118 111 109 113 133 120 142 124
 [91] 171 185 180 160 165 168 190 209 214 213 225 223 241 285 240 286 316 336
[109] 318 326 352 357 375 414 427 454 473 489 472 555 583

[[55]]
  [1]   10   14    8    8   13   17   23   23   15   12   16   21   16   14   10
 [16]    9   23   20   13   21   18   20   23   15   20   16   21   22   23   30
 [31]   26   32   32   30   36   43   48   49   45   43   52   40   66   71   95
 [46]   83   74   72   84   96   86  100   91   87  112  112  109  117  121  153
 [61]  159  142  131  149  166  189  186  179  202  193  233  226  221  240  245
 [76]  289  261  245  325  357  326  302  351  364  383  398  390  421  445  493
 [91]  502  545  557  629  641  674  691  742  762  758  867  908  972 1026  992
[106] 1042 1110 1203 1188 1263 1318 1337 1406 1446 1595 1680 1714 1763 1789 1897
[121] 1989

[[56]]
  [1] 10  7  6 12 12  9 14 11  8  5 11 11  7  4  4  3  3  9 10  7  6 11  9 15 10
 [26] 14 12  9 18 12 14 12 10 18 18 17 14 10  8 13 10  7  4  4  4  6  4  6  3  5
 [51]  4  3  3  3  8 10  7  4  4  3  9 13 19 12  9  7 10 16 13  8 14 16 12  9  8
 [76] 10 13 15  6  8  9  8  7  9  5  3  2  2  1  1  1  0  0  0  0  0  0  0  0  0
[101]  0  0  0  0  0  0  0  0  0  0  0  0  0  0  0  0  0  0  0  0  0

[[57]]
  [1]  10  23  21  17  25  17  16  18  30  21  20  30  37  33  22  19  17  14
 [19]  30  26  21  27  18  15  19  27  28  23  20  20  17  14  16  13  11  15
 [37]  23  18  24  28  16  24  17  13  11  15  10   9   8  22  20  15  11  18
 [55]  19  26  21  20  21  27  28  29  29  27  24  27  22  25  23  19  39  36
 [73]  41  27  42  38  47  62  57  54  45  64  87 104  77  81  84  87  82  81
 [91]  92  99  89 107 107  99  92 119 101 115 120 128 139 128 114  99  97 103
[109] 112 118 125 149 150 131 106 114 169 156 180 168 160

[[58]]
  [1]  10  15  20  27  16  20  19  20  20  15  14  29  31  20  20  22  26  31
 [19]  26  32  32  36  29  29  22  28  33  45  39  29  25  25  35  39  34  30
 [37]  35  31  31  45  36  40  34  32  25  33  27  44  53  39  34  32  25  30
 [55]  30  36  34  39  37  55  39  52  37  26  26  24  29  23  29  47  40  32
 [73]  31  33  37  40  29  38  49  47  42  49  51  52  38  58  64  58  66  75
 [91]  76  75 104  99  94 103 123 121  96 102 135 156 164 185 184 179 190 200
[109] 245 262 267 253 222 261 256 271 302 312 296 326 313

[[59]]
  [1] 10  8  9  8 13  8  5  5  3  1  1  0  0  0  0  0  0  0  0  0  0  0  0  0  0
 [26]  0  0  0  0  0  0  0  0  0  0  0  0  0  0  0  0  0  0  0  0  0  0  0  0  0
 [51]  0  0  0  0  0  0  0  0  0  0  0  0  0  0  0  0  0  0  0  0  0  0  0  0  0
 [76]  0  0  0  0  0  0  0  0  0  0  0  0  0  0  0  0  0  0  0  0  0  0  0  0  0
[101]  0  0  0  0  0  0  0  0  0  0  0  0  0  0  0  0  0  0  0  0  0

[[60]]
  [1]   10    7    6   11    5    3    3    6    8    6    5    5   11   14   17
 [16]   12   18   27   25   22   28   19   18   15   24   32   29   27   27   39
 [31]   41   36   26   34   32   40   35   28   27   24   23   31   31   36   47
 [46]   37   36   38   39   38   41   31   60   57   62   73   75   75   71  101
 [61]   83   99   96  100   93  101  104  129  131  166  143  154  138  170  197
 [76]  178  188  196  192  189  196  201  208  224  241  250  237  253  281  293
 [91]  264  287  298  326  363  376  407  403  406  408  473  483  460  481  529
[106]  558  605  685  702  685  684  749  789  850  882  877  833  888  997 1048
[121] 1060

[[61]]
  [1]  10   7   6  10  17  18  11  10  17  13  12  13  10  13  11  10  17  18
 [19]  17  25  18  23  34  22  22  26  22  16  22  35  33  34  32  39  39  51
 [37]  58  51  56  57  54  66  56  47  54  56  65  72  63  53  61  63  89 101
 [55] 100  89  81  84 101 103 105 124 123 127 132 151 146 146 138 140 140 143
 [73] 138 124 135 142 144 139 163 193 185 174 186 193 209 242 232 236 217 244
 [91] 280 286 281 291 283 322 353 401 389 366 402 371 413 402 444 452 467 507
[109] 518 488 550 560 578 624 576 644 644 671 677 702 674

[[62]]
  [1]  10  10  17  13  23  12  11  19  20  20  10  13   8   7   7   6  14   8
 [19]   6   5   5   4   4   8   7   5   5  12  13  14   8   6   5   5   5   7
 [37]   6  15  15  11   9   8  11  16  21  12  10  12  15  12   9   9   9  18
 [55]  24  26  29  23  24  30  27  21  20  25  28  20  20  30  40  32  30  32
 [73]  31  50  57  43  48  36  54  42  62  68  57  70  84  75  93  93  93 100
 [91]  98 122 127 121 130 125 142 137 169 163 165 171 204 186 233 201 210 230
[109] 260 251 277 266 270 247 295 346 328 303 329 366 394

[[63]]
  [1]  10  18  13  16  17  12  11   9  21  15  11  11   8  16  10  17  20  15
 [19]  10   9   8   6   7   9  19  22  18  14  10  16  16  16  17  16  26  31
 [37]  29  33  31  39  52  48  39  36  41  41  44  35  41  38  35  29  48  55
 [55]  68  67  62  67  61  78  81  71  67  66  74  80 102 106 109  95  92  96
 [73] 103 104 104 127 142 144 124 123 106 146 175 169 180 172 183 196 205 207
 [91] 216 228 270 296 287 265 274 283 340 363 334 302 298 302 311 337 360 348
[109] 389 374 359 399 441 470 509 524 456 523 545 616 625

[[64]]
  [1]   10   20   20   18   15   12   11    6   14   10    8    9   10   16   16
 [16]   13   14   18   20   30   35   23   21   24   32   29   39   44   48   39
 [31]   38   38   39   49   47   63   50   52   56   69   65   65   66   71   83
 [46]   75   95   90   83   83   91   87   96  121  100  112   98  124  134  124
 [61]  129  126  165  182  167  177  193  188  199  201  226  204  220  207  217
 [76]  232  256  251  266  314  324  323  351  329  382  414  412  422  416  435
 [91]  445  471  461  477  516  523  528  513  512  561  603  618  633  632  653
[106]  721  731  761  810  794  816  868  913  978 1020 1082 1052 1087 1186 1190
[121] 1276

[[65]]
  [1]   10   12   11   21   19   23   17   13   17   15   20   14   26   24   24
 [16]   34   39   36   42   40   63   71   70   74   76   67   73   75   74   88
 [31]   79   76   94  128  120  112  100  121  122  114  110  145  129  119  128
 [46]  154  144  158  150  163  158  191  180  165  183  202  227  222  221  237
 [61]  248  245  276  278  319  349  359  331  333  351  353  408  407  410  457
 [76]  463  481  495  613  634  671  642  647  728  738  703  716  817  782  820
 [91]  830  892  986 1069 1117 1180 1224 1238 1341 1373 1488 1543 1558 1689 1747
[106] 1906 1899 1931 1978 2031 2135 2320 2292 2450 2611 2811 2759 2895 2899 3197
[121] 3267

[[66]]
  [1]   10    6    5    7    5    5   10    8    8    8   13   26   19   22   30
 [16]   24   26   25   16   28   29   23   18   11   10   10   19   19   18   24
 [31]   21   33   42   31   35   35   36   29   35   40   39   30   38   62   71
 [46]   61   67   72   81   67   70   74   82   69   98  105  139  129  127  165
 [61]  164  150  168  181  182  178  186  236  258  257  251  299  354  349  324
 [76]  356  394  374  364  350  432  442  419  401  451  502  560  585  604  616
 [91]  622  679  695  759  816  834  906  929  957 1025 1124 1102 1155 1240 1295
[106] 1224 1351 1439 1468 1550 1634 1754 1723 1839 1877 1937 2002 2041 2182 2242
[121] 2374

[[67]]
  [1]   10    6   15   16   11   15   11    9    6    6    4    4    6   13   10
 [16]    7    7   13   16   14   19   25   19   15   20   21   14   17   18   21
 [31]   21   23   27   42   41   40   37   37   46   52   64   71   75   74   84
 [46]   77   92   99   98   94   95  113  115  124  110  127  128  111  102  129
 [61]  135  127  124  117  118  128  150  157  138  151  169  202  182  187  208
 [76]  206  217  244  253  293  280  290  311  344  304  362  399  417  447  432
 [91]  423  457  509  540  548  565  549  547  589  605  681  712  689  741  802
[106]  828  832  915  950  953 1012 1100 1155 1189 1224 1266 1355 1487 1497 1463
[121] 1561

[[68]]
  [1]   10   15   12   16   12   11   12   12   15   17   18   29   47   38   38
 [16]   32   30   42   44   38   32   33   58   66   80   81   84   77   83   98
 [31]  114   90   97  105   83   85  121  140  144  131  129  132  128  170  175
 [46]  190  185  212  230  254  264  259  290  333  323  307  332  381  419  463
 [61]  436  447  481  519  569  642  679  665  650  702  736  744  750  720  738
 [76]  746  750  738  797  867  901  934  960 1010 1070 1219 1187 1214 1267 1305
 [91] 1411 1392 1542 1596 1616 1670 1683 1705 1843 1950 1991 1990 2072 2090 2241
[106] 2391 2335 2438 2509 2646 2719 2817 2893 2892 3026 3245 3382 3439 3428 3600
[121] 3753

[[69]]
  [1]   10   15   14   13   20   33   22   20   26   19   18   24   27   22   33
 [16]   40   37   25   38   47   43   55   49   34   41   35   39   47   59   54
 [31]   60   61   55   62   55   62   76   57   72   73   89   93   90   85   90
 [46]   98   94  111  100  112  109  120  125  129  160  161  159  173  204  205
 [61]  260  245  230  225  247  262  262  270  307  334  345  346  350  355  378
 [76]  389  418  415  494  490  516  514  553  628  635  650  748  791  765  763
 [91]  807  860  864  801  834  902  889 1025 1113 1147 1149 1157 1222 1234 1314
[106] 1312 1418 1518 1621 1612 1789 1758 1903 1982 2081 2275 2418 2525 2660 2740
[121] 3016

[[70]]
  [1]  10  17  15  12  18  24  30  30  24  20  16  15  30  36  34  40  44  47
 [19]  37  51  44  62  48  53  67  58  58  60  60  54  54  74  68  61  64  69
 [37]  59  59  60  67  54  63  56  49  68  73  72  67  75  85 102 114 108  97
 [55] 120 111 123 111 123 110 110 130 128 132 135 131 142 130 131 138 154 154
 [73] 159 153 147 127 135 123 147 152 157 153 144 168 160 169 170 170 166 185
 [91] 186 180 211 188 240 244 251 245 239 238 231 261 257 261 278 309 341 295
[109] 324 310 355 317 342 350 386 378 430 442 473 473 449

[[71]]
  [1] 10  7 10 10  8 10 11  9  9  7 12  7  5 13  8 12  6  6  3  3  2  2  2  7  4
 [26]  3  2  2  2  2  6  8 10  6  6  6  8 14 10  7  7  6 15  8  5  5  5  2  2  2
 [51]  1  1  1  1  1  5  4  4  3  3  9 11  5  4  4  3  1  1  0  0  0  0  0  0  0
 [76]  0  0  0  0  0  0  0  0  0  0  0  0  0  0  0  0  0  0  0  0  0  0  0  0  0
[101]  0  0  0  0  0  0  0  0  0  0  0  0  0  0  0  0  0  0  0  0  0

[[72]]
  [1]  10  12  10  12   8  13  15  17  14  14  21  21  24  29  20  16  13  10
 [19]  18  23  17  21  16  16  13  23  27  24  18  20  23  24  23  27  41  38
 [37]  37  32  29  26  25  32  27  27  32  23  15  24  17  14  18  19  33  31
 [55]  22  18  22  19  14  21  18  19  24  19  25  24  19  24  28  33  37  30
 [73]  34  39  36  37  37  39  43  44  40  58  48  48  48  49  60  49  61  46
 [91]  48  47  53  78  84  83  74  77  85 104 120  95 112 100  84 105 105 105
[109] 102 104 125 155 149 134 158 160 150 177 166 182 176

[[73]]
  [1]   10   19   23   18   13   16   22   19   19   21   31   30   25   36   43
 [16]   45   27   27   48   40   44   55   53   37   43   46   50   55   51   58
 [31]   51   73   75   83   66   65   74  117  102  104  107   98  116  109  126
 [46]  128  126  109  124  132  130  141  161  156  172  170  202  203  202  207
 [61]  205  210  195  191  222  246  253  241  245  240  245  275  272  259  271
 [76]  291  322  316  291  300  297  349  394  404  385  426  426  483  562  511
 [91]  565  625  667  678  617  662  703  747  775  840  907  943 1024 1079 1043
[106] 1114 1162 1197 1258 1386 1485 1499 1477 1538 1591 1612 1697 1746 1820 1925
[121] 1927

[[74]]
  [1]   10   18   16   14   15   13   13   10   14    9   11   12   23   22   16
 [16]   13   15   33   41   45   39   47   47   39   46   57   57   58   60   57
 [31]   70   73   78   93  106   98  107  115  134  139  124  126  130  131  139
 [46]  129  132  133  143  147  151  136  177  165  158  166  172  202  229  249
 [61]  254  260  273  264  284  282  290  284  291  298  287  325  333  365  374
 [76]  373  414  420  426  461  427  464  480  508  577  550  583  620  651  682
 [91]  732  821  838  791  793  790  870  976  968 1023 1060 1112 1110 1132 1187
[106] 1292 1260 1298 1365 1426 1430 1559 1688 1711 1791 1856 1967 2012 2140 2203
[121] 2290

[[75]]
  [1]  10  13   6   3   3   3   2   4   3   3   3  13  10  14  10  12  15  19
 [19]  18  12  16  17  21  18  20  31  25  33  22  29  25  25  28  25  29  24
 [37]  21  21  39  44  47  42  38  58  70  69  63  64  75  70  89  76  77  92
 [55]  94  85 101  99  86  75  77  98  98  89  80  70  82  92 100  94  79  91
 [73] 105  93 101  93  87  89  88  84  92 110 110  94  93 110 123 128 138 156
 [91] 154 158 155 167 162 169 182 186 199 209 220 228 228 233 243 242 247 287
[109] 299 308 329 316 342 335 367 408 400 435 432 433 451

[[76]]
  [1]  10   4   4   4   8  18  14  11  12  14  22  18  13  12  10  18  30  20
 [19]  24  30  28  27  24  29  26  20  14  18  16  16  12  15   9  12  13  10
 [37]  11  19  17  14  15  14  15  21  21  14  12  21  24  13   9   9   9   9
 [55]  11  19  14  15  17   9   5  10  16  11   9   9   7  12   7   6  14   7
 [73]   9   8   9   7   8  10  14  13   9  12  17  30  29  24  28  28  27  33
 [91]  47  35  37  61  56  67  70  66  74 104  96  93  85  85  94  99 137 150
[109] 113 107 108 146 140 143 158 164 187 188 187 166 168

[[77]]
  [1]  10  11   9   8   8  11   6   5   8   4  13  10   7  10   6  14  15  10
 [19]   9   7  11  10  18  15  11   9  13  15  13   9   7   7   7  10  15  23
 [37]  21  19  29  25  28  22  31  27  23  37  29  31  28  24  38  47  31  33
 [55]  40  45  43  39  60  55  63  51  63  67  56  69  59  50  55  53  62  83
 [73]  89  87  84  81  70  91 107 101 117 116 125 119 136 130 131 127 142 141
 [91] 138 173 145 151 144 148 151 153 158 157 191 197 211 207 209 233 270 247
[109] 263 257 277 269 304 303 324 323 358 360 397 414 456

[[78]]
  [1]   10   23   23   27   23   25   37   38   26   26   21   32   24   11    8
 [16]   11   13    8    5    3    8    7    5    8   10   12    6    6    7    4
 [31]    4    3    3   12   13   15   19   15   16   17   15   13   27   28   54
 [46]   40   35   41   49   70   51   42   43   51   53   46   37   51   56   65
 [61]   88   91   90   68   83   84   85   92   83   91  107  126  130  130  130
 [76]  137  145  171  174  184  195  191  182  216  250  224  228  243  241  278
 [91]  298  310  350  403  399  399  473  455  466  480  525  583  605  631  604
[106]  633  616  613  628  708  689  720  742  810  848  929  970 1002 1056 1126
[121] 1121

[[79]]
  [1]  10  19  17  20  15  13  14  20  14  12  15  10   9  19  13  13  15  11
 [19]  17  26  26  17  21  32  38  34  23  28  28  37  38  30  42  25  28  24
 [37]  22  31  26  29  24  27  23  14  19  16  17  17  10   8  13  10   7   7
 [55]  18  10  25  27  30  22  23  18  17  25  19  18  29  24  27  33  30  49
 [73]  40  40  45  45  51  56  65  60  65  56  50  46  48  73  68  72  69  76
 [91] 102  84  74  74  86  97  84 107 117 100  95 115 117 130 131 155 187 192
[109] 179 175 168 176 205 231 238 235 263 241 251 264 291

[[80]]
  [1]  10   8   9   7  13  20  17  13  11  10  14  18  14  18  17  19  31  34
 [19]  30  31  32  35  39  30  23  28  31  33  23  26  22  40  36  47  43  43
 [37]  47  37  41  45  43  47  51  42  44  50  42  53  48  59  68  72  79  75
 [55]  83  76  91  80  92  89  98  77  81  76  76 108 102 107 108 121 127 122
 [73] 118 110 126 112 122 138 148 130 132 121 147 166 175 162 157 167 183 222
 [91] 231 194 192 215 203 256 285 284 253 263 291 314 370 346 322 332 389 448
[109] 458 480 508 507 481 470 501 541 586 641 708 657 673

[[81]]
  [1]  10  16  17  11  11  18  31  21  17  15  14  15  25  28  19  15  16  24
 [19]  23  25  28  30  34  25  25  26  33  42  34  35  23  34  37  39  35  40
 [37]  34  30  33  36  25  40  53  44  44  40  43  36  39  45  42  60  61  42
 [55]  38  37  31  52  71  70  77  79  68  94  77 103 118 112 116 105 115 114
 [73] 124 128 135 171 160 160 137 149 162 170 180 153 188 196 202 169 133 146
 [91] 175 210 207 207 184 194 180 175 169 179 216 185 194 207 238 238 256 283
[109] 306 311 347 335 395 412 435 448 471 458 436 469 461

[[82]]
  [1]   10   23   21   16   20   17   20   18   23   17   12   22   19   21   18
 [16]   21   20   28   32   32   30   38   38   32   35   44   47   85   81   68
 [31]   68   56   75   83   83  100   92   86   89  116  150  170  153  139  120
 [46]  156  197  194  167  162  194  211  211  222  195  215  262  236  222  223
 [61]  231  247  277  275  251  234  227  286  308  312  363  399  389  435  430
 [76]  435  457  471  513  550  594  642  729  703  735  764  779  794  830  849
 [91]  871  936 1017 1042 1048 1040 1076 1121 1155 1207 1311 1341 1376 1473 1531
[106] 1529 1641 1700 1802 1915 2044 2081 2125 2202 2261 2266 2381 2459 2562 2666
[121] 2858

[[83]]
  [1]  10   7   7  12   5   8   5   3   4   8   5  11   8   7   7  10  11  16
 [19]  16  20  17  13  17  16  17  25  20  22  22  23  27  20  24  24  18  19
 [37]  14  21  18  16  16  15  14  15  21  24  21  18  18  29  22  26  20  20
 [55]  14  14  25  20  17  18  17  16  12  15  19  18  18  14  20  23  26  19
 [73]  19  30  35  33  39  36  39  43  40  35  47  39  39  42  61  45  58  67
 [91]  75  74  80  86  83  86  81  70  71  59  84  74  94  87 102  97  80  75
[109]  81  92  95 106  94 113 143 129 112 144 159 173 155

[[84]]
  [1]   10   17   12   11    9   11    8   15   11   10   22   23   30   33   24
 [16]   26   33   34   29   30   40   47   37   47   44   36   40   44   49   49
 [31]   65   65   70   70   46   46   60   66   62   62   60   56   74   98   97
 [46]   98   90  103   98  116  114  109  121  111  131  140  129  144  161  176
 [61]  183  172  211  214  200  234  256  294  342  326  363  372  340  348  407
 [76]  408  425  438  491  500  558  542  591  623  669  693  706  725  707  768
 [91]  812  831  869  846  902  966 1040  980  999 1043 1068 1125 1239 1288 1377
[106] 1424 1456 1496 1499 1561 1696 1780 1815 1938 2058 2060 2328 2409 2482 2537
[121] 2584

[[85]]
  [1]   10   14   17   21   10   18   17   15   13   16   20   17   15   12   16
 [16]   17   23   24   29   19   22   30   24   28   22   25   35   35   40   30
 [31]   38   36   38   39   63   67   75   72   81   79   62   70   70   71   71
 [46]   72   67  106   91   94  100   91   80  100  112  120  128  144  150  145
 [61]  119  135  171  164  181  182  208  201  227  239  242  210  215  211  200
 [76]  205  225  249  245  256  286  304  287  294  313  307  331  326  386  404
 [91]  386  458  432  459  456  511  522  600  610  629  692  677  741  753  827
[106]  861  896  921  918  912  916 1040 1096 1043 1078 1208 1242 1247 1319 1298
[121] 1411

[[86]]
  [1]   10    8    5    5   15   14   11   14   13   14   14   19   28   25   22
 [16]   25   47   48   43   41   40   50   48   46   42   55   72   73   59   61
 [31]   60   75   84   90   95   84   97  113  134  150  146  146  160  140  130
 [46]  140  172  151  165  145  135  142  140  171  164  173  167  186  156  165
 [61]  177  196  203  227  219  242  227  248  253  248  295  341  352  292  305
 [76]  308  322  329  361  373  404  383  357  432  457  487  504  499  529  639
 [91]  589  617  610  667  663  725  772  821  806  842  855  829  881  920  959
[106]  975  982  978 1060 1199 1207 1226 1271 1278 1296 1392 1375 1357 1375 1436
[121] 1523

[[87]]
  [1] 10 11  7  6 11  9 12  9  6  6 10 13 21 19 12 11 13 19 18 11 14 10 15 10  6
 [26] 15 12 10  9  7  6 13  9 12 11  9  9 13  9  9  8 14 12 11  9 11 21 22 16 17
 [51] 14 23 15 15 21 28 15 15 18 18 15 19 21 14 13 20 26 28 31 40 41 35 29 32 33
 [76] 23 20 19 31 22 16 21 28 34 48 31 36 34 32 27 36 40 36 37 29 40 50 49 47 51
[101] 56 56 50 57 60 64 61 68 67 71 62 67 56 68 77 75 79 83 69 84 91

[[88]]
  [1] 10  8  7 11  7 14 17 22 15 15 15 13 18 10  8  7  6 10  8 10  7  5  5  7  7
 [26]  6  6  4  4  3  9  7  7  6  5  4  9 11  9  8  6  4  7  3  9  7  3  3  2  1
 [51]  1  1  1  5  4  3  3  3  3  3  3  3  3  6  6  6  4 18 11  9  8  7 17 11  8
 [76]  7  6 11  7  6 13  8  6  5 10  5  4  4  4  4  6  4  3  3  2  2  2  2  1  1
[101]  1  1  1  7 11  5  4  8 13 10 14 20 13 10  8  8  4  4  2  2  2

[[89]]
  [1]   10    7    9   19   20   22   16   16   23   20   22   16   27   20   17
 [16]   15   16   21   21   18   21   32   23   15   17   15   12   17   27   27
 [31]   25   22   42   50   39   49   62   52   53   55   61   68   73   90   95
 [46]   82   76   79   93   87   95   87   88   74   93  121  145  159  141  160
 [61]  153  151  158  213  176  165  178  187  223  204  209  240  230  242  257
 [76]  211  241  249  247  276  305  324  314  312  317  326  358  365  394  403
 [91]  405  458  469  471  486  477  481  586  557  564  584  589  635  690  747
[106]  770  760  814  874  887  951  931  950 1019 1107 1108 1036 1059 1108 1197
[121] 1306

[[90]]
  [1]  10   8  11  12  15  16  11  10  17  21  14   9   6  10  11   9   8   8
 [19]   8  17   9  15  17  17  22  18  22  18  14  13  21  14  18  13  17  28
 [37]  24  33  27  24  24  30  22  37  34  36  32  22  31  44  42  34  34  44
 [55]  44  46  34  32  45  48  45  38  46  48  56  59  53  60  58  74  71  78
 [73]  80  90  83  68  56  48  56  49  45  38  51  74  76  70  51  43  50  69
 [91]  72  69  81  68  57  62  63  77  84  77  76  85  74  81 101 103 102 126
[109] 107 109 102 104 101 111 106 106 110 111 124 115 112

[[91]]
  [1]   10    7   15   11    6    6   11   12   12   13   20   13   16   20   28
 [16]   24   31   37   39   44   42   49   67   58   60   69   69   70   72   61
 [31]   72   72   89   89  105  103  109  106  103   95  100   92   86   98   92
 [46]   72   81   78   95  110  116  107  139  119  123  122  130  125  149  162
 [61]  161  185  171  166  182  195  196  193  219  255  243  255  257  262  252
 [76]  257  269  330  343  322  313  360  370  396  376  411  420  438  488  502
 [91]  515  516  558  526  580  603  600  631  686  738  715  740  815  797  837
[106]  911 1028 1085 1107 1115 1145 1206 1220 1330 1436 1455 1438 1512 1556 1716
[121] 1814

[[92]]
  [1]   10   19   17   11   10   14   14   18   25   19   16   14   27   30   23
 [16]   22   20   19   27   29   32   38   46   59   63   46   42   56   60   59
 [31]   74   63   54   56   70   92   78   67   74   84   89  107  110  132  133
 [46]  113  112  132  133  130  124  142  140  164  186  195  201  225  218  240
 [61]  249  245  247  268  289  310  355  373  406  429  411  407  475  438  461
 [76]  429  442  477  515  574  550  549  553  605  622  637  646  705  712  738
 [91]  740  762  736  772  852  953  955  967  986 1035 1144 1230 1267 1249 1235
[106] 1229 1354 1384 1438 1493 1570 1611 1596 1670 1736 1798 1794 1827 1882 2139
[121] 2152

[[93]]
  [1]  10   7   6   6   6   6  13  15  12   9   5   4   3   5   4   2   2   8
 [19]   7   6  20  25  21  26  21  34  37  41  34  30  43  48  48  41  46  43
 [37]  49  42  48  60  69  63  50  51  70  67  63  58  46  44  46  64  49  38
 [55]  49  61  59  51  52  49  47  61  64  54  43  44  65  43  67  80  78  80
 [73]  86 102 106 112 105 109 115 117 115 120 138 134 165 182 197 196 180 173
 [91] 198 206 215 218 202 221 233 247 238 240 268 284 279 256 268 259 244 264
[109] 311 318 335 331 331 345 421 413 414 462 525 539 504

[[94]]
  [1]   10   18   14    9    7   13    8    7    7    6   18   28   17   12   10
 [16]    8    7    9   13   14   14   14   11   15   17   26   23   26   23   34
 [31]   29   28   33   35   38   41   41   54   86   84   74   81   71  104   90
 [46]   97   88   76   66  116   94   92  110  124  139  143  139  136  182  153
 [61]  141  124  150  179  195  199  173  201  185  217  208  208  230  201  197
 [76]  244  253  254  241  285  280  284  284  321  329  336  344  334  336  391
 [91]  390  406  437  448  525  602  579  588  580  635  663  687  715  703  778
[106]  821  787  865  939  980  983 1002 1062 1126 1135 1209 1281 1234 1304 1440
[121] 1444

[[95]]
  [1]   10   15    9    7    7   12   18   22   20   14   12   21   26   24   34
 [16]   25   19   15   17   19   27   30   27   35   32   20   26   26   25   28
 [31]   35   47   37   31   27   35   41   41   37   46   39   34   43   66   54
 [46]   67   79   91   91   93   91   88   89   74   92  123  142  137  126  139
 [61]  171  197  171  173  173  166  196  207  240  237  269  300  318  284  331
 [76]  319  368  362  353  389  419  441  422  472  555  561  560  624  655  701
 [91]  697  831  824  809  852  842  962  951  992  975  985 1020 1113 1197 1240
[106] 1198 1330 1339 1411 1463 1514 1611 1567 1644 1770 1865 1934 1991 2103 2078
[121] 2115

[[96]]
  [1]   10    6   16   14   19   14   19   20   25   34   34   28   18   22   28
 [16]   31   28   37   28   40   36   41   31   28   22   23   34   25   28   46
 [31]   64   58   73   80   74   76   65   92  101   95  109  126   95  112  125
 [46]  150  163  186  176  151  158  179  161  166  166  189  186  183  177  185
 [61]  226  260  235  236  216  213  220  218  224  251  255  274  263  306  290
 [76]  275  302  291  343  384  369  380  384  427  502  499  524  525  577  583
 [91]  608  611  645  672  706  719  746  759  843  788  815  867  895  895  937
[106] 1049 1055 1055 1103 1135 1242 1369 1400 1379 1493 1484 1662 1828 1958 1897
[121] 1889

[[97]]
  [1]  10  14   9   7   7   8   8  14  20  15  13  10  18  16  12  20  11   9
 [19]   9   6   5  12  10  12   9  19  23  25  21  20  17  26  35  35  38  38
 [37]  40  37  43  38  51  58  44  56  72  75  88  91  95 103  97 101 105 103
 [55]  93 107 110 114 105 128 134 130 117 115 128 128 154 154 150 168 155 178
 [73] 205 194 185 177 191 231 237 241 236 220 202 222 206 267 302 301 292 285
 [91] 370 395 362 408 443 448 466 438 373 411 445 444 461 457 511 524 485 528
[109] 547 642 653 699 713 757 797 899 852 940 934 985 994

[[98]]
  [1] 10  6  8  4  3  1  1  1  1  1  1  1  1  1  1  1  3  2  2  2  2  2  2  2  5
 [26]  3  1  1  0  0  0  0  0  0  0  0  0  0  0  0  0  0  0  0  0  0  0  0  0  0
 [51]  0  0  0  0  0  0  0  0  0  0  0  0  0  0  0  0  0  0  0  0  0  0  0  0  0
 [76]  0  0  0  0  0  0  0  0  0  0  0  0  0  0  0  0  0  0  0  0  0  0  0  0  0
[101]  0  0  0  0  0  0  0  0  0  0  0  0  0  0  0  0  0  0  0  0  0

[[99]]
  [1]   10    6    9    7   15   11    8    6   12    8    8    9   10   16   19
 [16]   18   13   12   14   13   20   15   20   18   24   26   17   18   21   26
 [31]   19   23   20   28   20   22   30   25   17   16   15   30   21   35   23
 [46]   27   20   19   42   34   28   26   44   62   61   65   54   67   97   90
 [61]   92   96  117  128  124  141  146  162  144  177  185  206  234  217  183
 [76]  199  238  263  274  254  248  265  349  364  359  339  373  403  447  498
 [91]  510  509  543  545  560  590  628  603  689  739  705  740  787  761  864
[106] 1002 1057 1052 1099 1124 1268 1363 1342 1411 1502 1560 1614 1744 1895 1819
[121] 1901

[[100]]
  [1]  10  13  11   8  12   7   6   5  12   9   6  13  14  16  14  12  15  14
 [19]   9  13   9   6   4   3  10   7   5   4   7   8  10  15  10  24  23  19
 [37]  14  10  24  22  14  28  32  28  29  21  21  17  16  20  24  23  18  23
 [55]  16  12  16  15  17  25  26  25  27  26  23  24  26  21  22  19  20  27
 [73]  28  34  29  43  37  37  43  33  36  38  50  55  58  45  39  40  47  64
 [91]  65  77  88  92  81  92 112 104  82  97 104 123 136 134 141 137 148 150
[109] 177 153 182 159 165 160 157 176 170 179 187 173 196

[[101]]
  [1]  10  15  10   7   7  10   5   5   9  12  12  12   9  14  12  10  18  11
 [19]   9  14  18  27  22  17  13  26  28  26  19  16  24  33  28  25  33  27
 [37]  30  34  35  41  46  44  47  52  40  43  51  37  49  42  43  41  45  34
 [55]  39  53  38  47  52  50  65  45  42  44  46  59  72  61  61  49  62  58
 [73]  62  60  59  78  80  89  73  83  92  92 115 115 137 130 146 143 193 199
 [91] 190 211 193 202 240 246 214 260 251 247 262 261 312 326 299 344 359 383
[109] 441 495 494 535 543 554 574 621 663 665 729 743 819

[[102]]
  [1]  10  15  12   9  13  16  10  20  17  15  16  21  16  20  27  26  26  19
 [19]  26  36  28  26  18  16  16  29  35  38  36  41  29  30  41  49  40  27
 [37]  34  40  41  44  35  41  47  48  56  55  43  54  68  49  47  42  49  61
 [55]  63  63  80  65  74  90  82  84  84  72  89  86  74  83 108 119 101 104
 [73] 104 136 137 115 106 123 123  99 117 111 119 105 106 107 121 129 125 111
 [91] 121 123 125 129 128 120 112 119 115 143 172 153 125 130 146 149 159 152
[109] 143 148 179 161 198 186 209 203 237 259 270 277 274

[[103]]
  [1]   10   14    9    7    7   20   27   21   25   25   36   45   44   42   35
 [16]   40   48   42   37   43   46   48   57   63   70   80   71   78  107  122
 [31]  124  128  134  134  161  136  153  156  160  163  190  184  172  164  199
 [46]  224  188  183  189  204  248  244  232  279  273  296  298  310  329  393
 [61]  396  385  404  416  464  482  475  499  552  587  612  637  629  728  722
 [76]  694  677  720  768  888  949  982  930  958 1041 1074 1116 1181 1189 1209
 [91] 1239 1359 1364 1416 1468 1544 1605 1611 1622 1687 1701 1789 1831 1941 2083
[106] 2140 2228 2289 2432 2559 2596 2739 2946 2930 3018 3177 3382 3381 3558 3789
[121] 3839

[[104]]
  [1]   10   19   20   20   14   12   23   24   16   16   13   14    8    6    6
 [16]    5    3    9   13   10    9   16   16   30   37   32   33   26   31   31
 [31]   44   42   40   59   71   65   67   60   88  106  111  111  111  104  103
 [46]  105  100  108  108  127  129  170  173  149  158  166  170  155  185  178
 [61]  190  239  261  247  257  254  232  283  298  314  330  329  318  307  340
 [76]  368  435  461  461  452  511  521  546  554  609  592  596  613  642  635
 [91]  666  673  756  774  795  852  982 1009 1113 1118 1256 1195 1247 1255 1255
[106] 1413 1413 1555 1594 1674 1758 1859 1967 2028 2077 1980 2104 2202 2290 2317
[121] 2358

[[105]]
  [1]   10   16   14   10    8   11   21   16   24   17   29   38   36   43   51
 [16]   39   45   60   50   70   66   82   70   66   65   59   67   64   83  105
 [31]   96   96  101  116  109  109  126  134  114  129  110  101  126  140  174
 [46]  178  155  141  133  150  151  167  162  183  163  143  152  137  166  171
 [61]  166  183  188  173  189  213  228  216  260  241  242  251  277  259  275
 [76]  268  284  337  365  359  378  411  381  442  451  448  445  478  515  480
 [91]  484  528  526  539  560  579  604  648  688  679  705  673  779  822  874
[106]  844  829  826  851  932  945  979 1068 1045 1153 1197 1258 1254 1417 1443
[121] 1442

[[106]]
  [1]  10  18  16  10   9  10   7  11  17  14  18  16  18  15  19  15  13  20
 [19]  22  19  30  26  21  19  13  14  12  11   5  10  13   8   6   5   4   4
 [37]   4   2   9  10   6   6   6   6   4  17  12  10  16  10   6  10  15  10
 [55]   8   7  12  14  15  17  11  16  11  14  23  22  20  18  13  16  26  26
 [73]  16  18  21  21  17  20  22  22  36  50  47  42  40  42  55  62  53  62
 [91]  61  75 104 106 128 122 129 128 134 132 124 131 143 143 166 174 179 191
[109] 225 253 234 246 243 272 253 265 272 286 311 334 379

[[107]]
  [1]  10  13   8   7  14  21  18   9   7  10   8   7  13  11  12  10  21  25
 [19]  19  14  12  13  14  19  18  13  11  13  22  16  15  14  25  22  18  35
 [37]  32  44  48  48  42  50  42  46  45  72  63  54  52  50  44  55  49  54
 [55]  53  59  72  71  69  70  85  79  74  93  83  92 105 105 114 103 110 100
 [73] 100 105 115 139 146 128 132 131 119 122 133 160 171 188 169 154 169 169
 [91] 191 203 201 203 218 215 219 238 222 252 261 273 309 317 327 342 342 383
[109] 377 389 441 427 466 468 476 494 518 515 526 581 593

[[108]]
  [1]   10    8    8    8   12   12   12   10   15   23   24   18   18   24   31
 [16]   38   31   31   32   50   40   37   28   25   25   40   47   48   37   36
 [31]   41   57   54   50   58   77   78   56   54   62   70   92  105   99   93
 [46]   95  121  110  123  154  145  180  183  195  229  237  222  236  247  261
 [61]  270  298  294  320  299  316  334  357  330  328  331  332  351  393  387
 [76]  392  407  402  439  406  462  454  559  585  584  564  521  581  618  656
 [91]  674  699  724  761  773  851  889  871  898  959  997  981  994  987 1008
[106] 1079 1116 1180 1146 1256 1373 1443 1539 1481 1608 1610 1731 1818 1928 1988
[121] 2128

[[109]]
  [1] 10  8 10 12 10  7  7 11  8  8  8 12 12  9  4 10  8  6 11 16 13 11 13 20 17
 [26] 12 10 10 16 18 12 15 11 10  6 12  7  6  5 12 10 14 12  9  8  5  5  8  5  5
 [51]  5  3  2  2  1  1  1  1  1  1  7  6  6  5  5  5  4  1  1  1  1  1  1  1  8
 [76]  5  5  5  5  4  4  3  2  6  3  2  2  1  1  1  1  1  3  2  2  2  1  1  4  3
[101]  3  3  2  2  2  2  2  1  1  7  2  2  2  2  2  1  1  1  0  0  0

[[110]]
  [1]   10    8   13   12   16   13   10   14   10   15   14   20   14   11   11
 [16]   13   10    6    4   10   10    7    6    4    3    3    3    3    3    3
 [31]    3    2    2    2    1    1    1    1    1    1    1    1    5    4    2
 [46]    2    5   12    7    6   10    8   20   19   18   15   20   21   38   34
 [61]   38   35   38   44   36   60   67   64   56   64   63   84   76   96  121
 [76]  115  112  105  128  135  138  154  203  218  260  232  227  249  276  319
 [91]  362  344  381  381  413  401  428  477  511  519  572  680  679  683  703
[106]  713  748  763  845  833  899  923  950  977  985 1045 1039 1044 1102 1210
[121] 1179

[[111]]
  [1]   10   10   21   14   14   23   18   15   14   15    8    7    7    5    9
 [16]    4    3    8    6    4    4    4   10   14   17   16   20   24   20   17
 [31]   34   32   36   33   46   42   43   58   56   55   49   66   68   92   81
 [46]   69   75   78   95  119  100  117  119  110  129  145  142  145  185  204
 [61]  189  182  197  206  257  247  240  269  270  277  291  285  267  287  340
 [76]  343  324  317  374  394  410  420  406  376  457  497  500  476  490  550
 [91]  516  608  634  663  666  677  715  767  853  861  863  891  893  909  904
[106]  921  882  945  978  981  951 1010 1067 1096 1160 1185 1304 1386 1314 1340
[121] 1365

[[112]]
  [1]   10   14   20   16   13   24   35   29   37   38   35   44   40   43   42
 [16]   57   52   53   54   46   41   50   61   80   71   71   79   76   86   74
 [31]   95   79   85   95   85   91   83   85   93   78   77   91  106  107  102
 [46]  101  110  121  126  127  146  140  154  146  153  162  145  154  150  149
 [61]  170  160  190  238  241  276  301  278  287  290  339  361  347  338  361
 [76]  425  421  453  400  437  508  542  588  609  575  621  623  731  731  730
 [91]  722  767  810  775  801  845  875  953  928  949  954  960  991 1073 1133
[106] 1149 1200 1221 1281 1368 1410 1525 1463 1498 1507 1594 1705 1823 1857 1875
[121] 1922

[[113]]
  [1]   10   12   16   20   17   13   14   11    9    7    7    6    5    8   18
 [16]   11   14   20   18   24   33   23   25   18   22   34   28   30   38   33
 [31]   46   40   44   50   60   53   59   61   57   68   64   77   77   78   83
 [46]   78   93  123  141  132  139  139  157  148  175  178  190  183  169  165
 [61]  171  196  222  221  252  265  283  310  340  380  384  404  442  489  464
 [76]  452  453  487  502  564  527  544  511  548  580  589  608  682  622  662
 [91]  682  701  795  818  845  875  958  952  984  971 1029 1072 1102 1158 1227
[106] 1327 1407 1388 1405 1529 1594 1656 1731 1826 1878 2009 2122 2297 2322 2408
[121] 2514

[[114]]
  [1]  10   8   8   7  10  12  11   6   4   3   7   5   3   2   2   5   3   2
 [19]   2   8   6   4   3   2   2   2   1   7   4   1   1   5   4   4   4  10
 [37]   7   5   3  10  16  14  12   7   6   5   3   3   2   2   1   8   6   3
 [55]   3   3   3   8   6  15  18  17  12  15  12  21  13  29  22  23  28  19
 [73]  33  51  50  52  52  49  44  51  41  47  65  52  51  62  78 100  83  95
 [91]  92 113 115 108 120 127 105 100 108 132 121 144 146 128 131 144 148 147
[109] 157 166 168 176 196 195 198 172 202 206 235 231 230

[[115]]
  [1] 10 20 14 14 13 15 10  7  4  6  5  5  4  6  3  2  2  2  2  2  1  1  0  0  0
 [26]  0  0  0  0  0  0  0  0  0  0  0  0  0  0  0  0  0  0  0  0  0  0  0  0  0
 [51]  0  0  0  0  0  0  0  0  0  0  0  0  0  0  0  0  0  0  0  0  0  0  0  0  0
 [76]  0  0  0  0  0  0  0  0  0  0  0  0  0  0  0  0  0  0  0  0  0  0  0  0  0
[101]  0  0  0  0  0  0  0  0  0  0  0  0  0  0  0  0  0  0  0  0  0

[[116]]
  [1]  10  11  13  10   8   8  14  10  13  11  15  19  18  15  18  22  20  22
 [19]  18  12  11  22  13  14  13  17  12  10  14  11  17  17  16  15  27  31
 [37]  24  35  28  39  34  43  33  43  52  50  37  42  39  52  56  58  57  52
 [55]  52  47  49  70  78  66  77  71  79  97  92 108  82 109 107 128 113 134
 [73] 140 166 135 147 134 150 162 164 147 125 137 184 137 155 157 148 157 190
 [91] 218 225 221 236 231 227 253 249 237 224 248 245 281 296 269 287 292 333
[109] 335 346 378 386 393 425 451 435 474 490 522 516 564

[[117]]
  [1]  10  12  14  11  10  17  15  15  15  12  17   7   6   7   4   3   7   4
 [19]   2   2   2   2   2   2   2  12   7   6   5   4   4   4   8  11  10  10
 [37]   9  13  11  10   9  21  18  21  18  18  23  24  24  31  24  16  30  20
 [55]  22  24  23  22  20  24  25  29  35  27  20  24  19  26  22  24  30  39
 [73]  36  29  25  33  40  38  48  46  47  39  42  51  44  51  39  46  42  48
 [91]  55  45  41  50  74  73  64  63  69  92  92  68  69  63  75  83 102  90
[109]  90  74  87  81  73  68 110 102  99  96 121 133 113

[[118]]
  [1]   10   10   15   13   12   12    9   14   21   17   17   18   20   18   22
 [16]   29   35   30   49   52   47   50   61   55   51   65   70   72   67   69
 [31]   83   73   68   62   76   61   76   74   81   73   73   79   69   73   63
 [46]   58   75   77   78   87  103  118   95  105   98  140  146  152  185  204
 [61]  214  215  223  200  203  230  263  266  269  310  314  329  319  330  394
 [76]  405  442  449  448  471  472  457  466  495  504  533  605  590  599  598
 [91]  642  632  730  761  722  778  814  834  862  858  830  919  978 1005 1010
[106] 1031 1098 1145 1174 1325 1346 1411 1476 1536 1666 1723 1780 1939 1968 1993
[121] 2006

[[119]]
  [1]  10  11  14  18  15  19  15  19  17   8   7  19  14   8   7   7  11  14
 [19]  14  10   7  12  10  17  13   8  12   9  11  15  15  17  17  16  14  16
 [37]  21  32  44  28  32  41  33  29  28  31  27  26  21  28  18  19  16  23
 [55]  25  28  22  26  28  31  29  33  36  27  28  19  34  28  35  37  30  28
 [73]  39  28  36  31  21  25  31  27  22  49  34  44  36  33  44  42  54  54
 [91]  60  65  53  48  38  36  51  61  81  68  60  58  70  77  73  87  86  82
[109]  89 101 130 140 118 117 117 119 128 133 148 167 172

[[120]]
  [1]   10    9   14   21   17   13   18   20   22   31   44   44   33   28   36
 [16]   40   46   43   39   70   82   74   72   69   68   78   80   86   93  108
 [31]  112  111  106  138  131  126  141  159  193  185  170  157  184  191  173
 [46]  178  165  154  161  203  191  194  193  195  243  249  249  254  277  258
 [61]  281  277  322  351  371  350  387  412  445  437  473  454  496  480  467
 [76]  507  553  539  579  621  621  703  753  746  832  806  857  911  966 1024
 [91]  960 1052 1145 1180 1157 1259 1264 1307 1393 1472 1554 1677 1692 1656 1769
[106] 1918 2053 2042 2158 2186 2324 2375 2593 2613 2710 2882 2872 3061 3154 3324
[121] 3480

[[121]]
  [1]  10   7  11  16  21  23  19  25  16  14  22  25  27  23  20  21  24  28
 [19]  29  27  22  18  14  11  11  16  13  14   9  14  10  19  22  24  23  17
 [37]  17  19  25  30  20  23  30  26  27  44  48  36  36  37  42  40  40  50
 [55]  67  44  38  47  49  66  62  51  56  83  82 106 106  94  99  97  90 106
 [73] 100 122 112 102 107 103 100 116 112 130 156 163 151 173 175 209 214 213
 [91] 213 248 246 258 297 325 312 308 363 370 347 348 362 415 409 413 415 429
[109] 407 445 462 501 473 553 556 594 587 616 673 774 761

[[122]]
  [1]  10  16  13   9   8  16  11   8  14  16  28  19  23  22  14  12  14  17
 [19]  14  11  24  30  18  16  21  21  29  30  27  18  35  39  28  26  22  13
 [37]  11   9   9  13  15  13   9   8  10  27  20  21  28  26  27  24  19  22
 [55]  23  38  41  31  38  34  22  36  47  33  32  40  51  44  50  57  73  70
 [73]  76  82  87  86  96 108  90  85  93  90 100 102  93 104 135 130 136 142
 [91] 139 148 149 147 189 201 206 188 212 226 265 269 325 302 335 345 370 352
[109] 377 355 406 435 416 438 451 522 544 572 538 561 616

[[123]]
  [1]  10   9   7   6   5   9   7   9   7   9  12  13  11   9  12  16  15  11
 [19]  14  17  11  22  20  20  17  16  15   8   5   9  13  14  14  21  21  29
 [37]  20  23  25  29  26  25  26  23  42  34  33  36  38  46  52  59  57  55
 [55]  53  64  81  87  72  70  90  98  96 101  93 115 109 121 131 140 131 137
 [73] 151 155 170 161 149 162 166 202 229 211 200 190 185 227 261 272 255 286
 [91] 264 277 277 292 307 347 326 282 324 319 333 349 345 340 344 379 392 406
[109] 438 467 471 494 516 476 519 566 541 593 616 638 627

[[124]]
  [1]  10  12  14  14  11  10  16  20  22  15  20  16  14  15  18  16  16  26
 [19]  22  16  30  36  23  27  32  31  43  43  40  38  41  48  40  44  35  36
 [37]  35  40  37  39  33  31  23  60  65  54  68  69  50  60  69  64  66  58
 [55]  58  62  84  66  66  68  58  44  47  62  95  92  86  85  68  86 112 108
 [73]  98 103 101 135 111 121 149 133 136 123 127 131 144 146 133 135 130 145
 [91] 161 147 167 170 175 181 185 204 220 251 268 283 318 292 317 317 320 316
[109] 368 355 366 378 405 465 412 421 508 517 519 494 516

[[125]]
  [1]   10   14    6    5    5    9   11   18   11    7    6   18   18   18   18
 [16]   20   23   22   18   20   35   40   34   36   26   40   42   45   45   45
 [31]   41   55   54   48   51   44   49   67   49   60   66   65   70   87   77
 [46]   76   71   88   83   86  104  128  136  122  128  125  142  162  151  149
 [61]  139  160  163  140  140  132  157  152  137  172  190  210  226  217  187
 [76]  204  228  274  314  260  268  258  289  308  378  363  367  387  369  395
 [91]  432  471  489  548  531  595  655  692  687  663  715  794  839  785  858
[106]  931  986 1007 1067 1169 1177 1286 1300 1276 1329 1344 1367 1380 1554 1620
[121] 1767

[[126]]
  [1]   10   24   26   30   26   28   45   47   53   40   38   48  101  101   96
 [16]  101   93  102  104  112  113  142  143  153  164  178  175  161  185  192
 [31]  181  167  212  216  229  251  242  218  209  212  268  269  294  279  314
 [46]  315  318  336  399  425  439  441  397  419  421  397  453  472  479  483
 [61]  467  459  478  533  501  557  613  626  613  631  682  696  746  753  781
 [76]  840 1010  951  930  960 1053 1040 1027 1094 1122 1179 1272 1357 1358 1386
 [91] 1469 1473 1546 1576 1695 1794 1791 1903 2000 2028 2131 2217 2275 2438 2476
[106] 2543 2702 2770 2893 3010 3166 3315 3486 3492 3597 3769 4020 4087 4285 4514
[121] 4594

[[127]]
  [1]  10   6   5   4   6  10   9  12  14  10   8   7   7  12   8   6   5  18
 [19]  16  12  10   8   9   7   7  15  18  15  26  28  22  18  14  17  16  14
 [37]  22  40  26  26  29  29  32  24  22  31  50  32  28  24  25  31  52  43
 [55]  39  52  69  69  65  69  59  89  76  80  81  83  87  67  64  66  64  64
 [73]  68  76  67  73  92 105  91  89  84  75 104 113 153 150 133 126 103 134
 [91] 138 141 153 182 199 188 173 222 197 210 242 275 283 259 299 312 322 324
[109] 356 367 318 322 325 363 407 394 424 439 501 548 592

[[128]]
  [1]   10   14   13   16   14   13   25   32   36   23   26   20   20   16   16
 [16]   29   40   37   25   24   28   31   35   37   35   48   49   43   40   43
 [31]   59   76   51   65   78   81   95   89   98  107  107  123  118  133  132
 [46]  151  170  183  188  191  200  237  223  237  261  252  241  252  221  261
 [61]  269  267  317  316  316  334  373  383  408  448  475  457  440  481  445
 [76]  490  506  555  537  546  553  588  613  664  639  701  671  747  735  746
 [91]  733  832  943 1009  927  944  975 1007 1044 1116 1171 1207 1220 1366 1334
[106] 1348 1392 1468 1534 1612 1603 1683 1715 1839 1942 2024 2024 2235 2338 2417
[121] 2562

[[129]]
  [1]  10  15  13  12  15  11  10   8  16  22  15  25  21  25  29  21  21  41
 [19]  36  30  22  26  35  39  33  36  27  44  31  36  39  43  36  39  35  32
 [37]  48  44  49  56  48  64  66  60  53  61  53  81  72  70  70  70  56  66
 [55]  70  64  70  86  85  88  91  81 105 100  83  78  83  84  89  83  98  89
 [73]  80  86 110 108 112 109 108 115 119 130 120 120 123 152 164 157 187 165
 [91] 198 176 197 226 237 233 255 231 231 269 236 235 265 244 266 302 320 376
[109] 380 423 395 419 435 419 422 468 504 505 531 542 646

[[130]]
  [1] 10  7  7  6 12  7  7  6  9  6  3  2  1  1  1  1  1  1  1  1  1  1  1  1  1
 [26]  0  0  0  0  0  0  0  0  0  0  0  0  0  0  0  0  0  0  0  0  0  0  0  0  0
 [51]  0  0  0  0  0  0  0  0  0  0  0  0  0  0  0  0  0  0  0  0  0  0  0  0  0
 [76]  0  0  0  0  0  0  0  0  0  0  0  0  0  0  0  0  0  0  0  0  0  0  0  0  0
[101]  0  0  0  0  0  0  0  0  0  0  0  0  0  0  0  0  0  0  0  0  0

[[131]]
  [1]   10   18   15   17   19   17   15   17   22   23   25   31   34   22   18
 [16]   31   36   39   42   44   40   42   49   44   50   39   43   52   34   38
 [31]   31   24   32   30   25   44   51   47   42   41   41   49   45   42   52
 [46]   56   49   60   49   62   76   71   84   95   78   78   71   78   98   98
 [61]   90   98   92   92  111  130  157  128  126  143  133  147  158  172  175
 [76]  161  159  160  198  220  235  260  233  251  253  296  332  335  323  354
 [91]  416  426  402  401  413  460  489  484  504  509  536  519  515  586  638
[106]  638  660  763  778  794  795  844  841  902 1023  993 1014 1085 1168 1192
[121] 1227

[[132]]
  [1] 10  6  4  2  2  1  1  1  6  4  3  3  2  1  0  0  0  0  0  0  0  0  0  0  0
 [26]  0  0  0  0  0  0  0  0  0  0  0  0  0  0  0  0  0  0  0  0  0  0  0  0  0
 [51]  0  0  0  0  0  0  0  0  0  0  0  0  0  0  0  0  0  0  0  0  0  0  0  0  0
 [76]  0  0  0  0  0  0  0  0  0  0  0  0  0  0  0  0  0  0  0  0  0  0  0  0  0
[101]  0  0  0  0  0  0  0  0  0  0  0  0  0  0  0  0  0  0  0  0  0

[[133]]
  [1]  10   8   6   6   6   8  15  13  14   8  10   8  17   9   7   6   5   5
 [19]   4  11   9  12  14  10   9  13   7  15  17  15  24  20  19  16  19  14
 [37]  15  27  28  36  33  35  33  46  43  37  57  64  53  53  55  72  66  67
 [55]  54  62  71  52  61  59  67  62  55  61  56  58  60  56  76  81  84  62
 [73]  59  61  75  92 104  91  98  77  86  94  99 122 131 161 137 154 150 148
 [91] 155 167 200 198 218 230 243 273 269 279 266 310 272 349 357 369 405 411
[109] 403 462 467 446 479 500 559 596 605 590 646 644 691

[[134]]
  [1] 10 10  9  6  5  5  6  5  3  3  1  1  0  0  0  0  0  0  0  0  0  0  0  0  0
 [26]  0  0  0  0  0  0  0  0  0  0  0  0  0  0  0  0  0  0  0  0  0  0  0  0  0
 [51]  0  0  0  0  0  0  0  0  0  0  0  0  0  0  0  0  0  0  0  0  0  0  0  0  0
 [76]  0  0  0  0  0  0  0  0  0  0  0  0  0  0  0  0  0  0  0  0  0  0  0  0  0
[101]  0  0  0  0  0  0  0  0  0  0  0  0  0  0  0  0  0  0  0  0  0

[[135]]
  [1]   10   11    8    7   12   23   11   10   17   18   14   18   14   11   19
 [16]   25   23   19   22   15   20   18   16   14   23   23   31   25   27   26
 [31]   31   36   37   29   27   32   32   40   39   52   54   59   68   57   72
 [46]   86   84   92   69  102  111  133  131  145  132  135  134  120  133  152
 [61]  135  171  146  150  133  150  142  141  179  192  181  229  219  216  201
 [76]  252  262  288  249  244  260  307  308  307  292  284  332  369  387  411
 [91]  407  427  410  432  389  476  479  470  471  464  521  516  569  600  616
[106]  668  670  711  752  738  779  802  900 1003  992 1022 1083 1115 1141 1209
[121] 1231

[[136]]
  [1]  10  13  21  19  13  12  16  11  16  13  12   9  18  10  13  11  10  16
 [19]  13  19  20  21  18  16  18  18  22  16  13   9   8  11  16  13  12  12
 [37]  15  19  14  17  21  20  24  28  25  22  27  32  28  26  50  58  58  46
 [55]  37  51  52  57  64  67  72  81  95 101  92 107 107  98 105 100 107 104
 [73]  97 117 106 103 110 114 118 121 128 117 112 118 134 168 145 134 152 146
 [91] 180 177 252 235 209 252 252 245 271 298 255 268 328 310 320 315 332 364
[109] 384 393 430 452 441 477 494 536 595 569 597 618 610

[[137]]
  [1] 10 12  9 15 13 10  9 10 12 15 11 15 17 17 20 14 13 16 10  8  6  5  4  2  2
 [26]  2  2  2 12 10  6  6  6  6  5  5  8  5  5  1  1  1  1  1  0  0  0  0  0  0
 [51]  0  0  0  0  0  0  0  0  0  0  0  0  0  0  0  0  0  0  0  0  0  0  0  0  0
 [76]  0  0  0  0  0  0  0  0  0  0  0  0  0  0  0  0  0  0  0  0  0  0  0  0  0
[101]  0  0  0  0  0  0  0  0  0  0  0  0  0  0  0  0  0  0  0  0  0

[[138]]
  [1] 10 10  7  5  9  7 10 18  9 11  8  7 14 22 14  9  6  6  6  6  4  3  3 11 12
 [26]  9  7  6  6 11 17  9  7 11  8  6 11 12 16  9  9  7  7  5  8 10  6 10 13 18
 [51] 21 20 25 22 20 30 31 29 30 24 20 16 21 39 34 38 26 25 47 34 22 26 20 22 28
 [76] 28 28 22 22 16 28 26 31 24 17 23 29 38 25 35 28 29 21 30 25 26 33 24 27 33
[101] 33 32 34 56 35 25 24 26 31 26 45 50 54 39 45 33 32 49 41 46 44

[[139]]
  [1]   10   12   11   15   13    9    8   13   14   10   11   13   16   14   12
 [16]   33   36   30   24   36   33   31   30   36   34   33   51   49   51   48
 [31]   53   48   55   73   63   58   81   77   83  107   96   90  115  128  120
 [46]  101  110  115  117  116  113  110  117  110  110  102  114  137  158  174
 [61]  160  149  158  171  193  198  221  233  238  231  251  269  258  268  287
 [76]  273  259  253  258  312  342  322  287  327  360  389  380  358  407  455
 [91]  475  509  540  545  558  642  629  631  649  723  710  747  821  832  836
[106]  907  896  961 1023 1016 1083 1126 1232 1303 1315 1421 1504 1501 1558 1527
[121] 1738

[[140]]
  [1] 10  6  4  2  7  5  4  3  2  1  9  8  6  6  5 13 12  7  8 10  5  4  3  3  3
 [26]  2  2  2  2  2  1  1  1  1  1  1  1  8  5  3  2  2  2  2  2  2  2 11  7  6
 [51]  3  3  7  7  7  4  3 10  3  9 14  8  7  6 11 15 16 18 12 11 11  7  5  2  2
 [76]  2  2  2  1  1  1  1  1  0  0  0  0  0  0  0  0  0  0  0  0  0  0  0  0  0
[101]  0  0  0  0  0  0  0  0  0  0  0  0  0  0  0  0  0  0  0  0  0

[[141]]
  [1] 10 15  9 11 13  9  7 12 13 18  9  7  6  7  5  3  3  3  2  0  0  0  0  0  0
 [26]  0  0  0  0  0  0  0  0  0  0  0  0  0  0  0  0  0  0  0  0  0  0  0  0  0
 [51]  0  0  0  0  0  0  0  0  0  0  0  0  0  0  0  0  0  0  0  0  0  0  0  0  0
 [76]  0  0  0  0  0  0  0  0  0  0  0  0  0  0  0  0  0  0  0  0  0  0  0  0  0
[101]  0  0  0  0  0  0  0  0  0  0  0  0  0  0  0  0  0  0  0  0  0

[[142]]
  [1]   10    8   12   15   16    9    9    6    6   17   20   17   12   15   16
 [16]   22   20   17   19   28   34   30   44   29   25   24   38   35   34   36
 [31]   34   29   35   35   33   45   40   45   50   60   48   50   62   53   52
 [46]   68   69   64   60   66   77   64   68   81   95  111   98   95   99  113
 [61]  120  125  114  114  111  130  133  133  147  180  162  150  154  175  189
 [76]  211  228  239  255  242  230  251  245  267  272  301  315  302  316  311
 [91]  309  322  346  362  385  481  489  441  477  511  546  573  623  622  703
[106]  704  744  778  798  853  947  979 1010 1045 1069 1084 1155 1264 1292 1219
[121] 1229

[[143]]
  [1]   10   14   15   14   16   15   16   18   27   21   15   16   13   24   21
 [16]   23   17   15   14   17   20   16   17   27   35   24   34   32   30   37
 [31]   38   39   37   41   47   52   43   59   59   63   59   67   73   83   84
 [46]   53   70   69   89   85   86   71   72   93  103  109   98  112  129  130
 [61]  142  154  180  168  162  177  177  202  211  211  229  263  245  260  290
 [76]  290  308  323  303  357  358  391  370  378  437  452  476  463  484  497
 [91]  583  647  682  642  626  644  725  755  836  812  773  835  926  913  910
[106]  942  985 1061 1127 1152 1196 1216 1226 1223 1282 1281 1326 1426 1507 1518
[121] 1534

[[144]]
  [1]   10   13   14    8    5    9    6    5    4    3    9   12    9   11    9
 [16]    7    6    6   11   22   16   13   12   15   12   20   18   13   10   29
 [31]   31   37   26   24   29   39   42   30   29   36   34   47   37   47   42
 [46]   42   43   39   48   40   43   49   57   55   55   65   65   76   88   80
 [61]   74   74   78   98   87  109  114  105  110  124  136  173  153  156  155
 [76]  168  187  175  192  210  196  216  239  211  239  260  257  260  314  316
 [91]  311  371  328  325  321  349  374  398  439  481  491  451  459  471  545
[106]  563  550  595  664  649  688  711  716  745  763  786  809  846  850  908
[121] 1009

[[145]]
  [1] 10 12 14 15 10 11  9  7  5  4 10  7 10 11 10  7  5  2  8  8  6  3  3  3  2
 [26]  4  4  4  2  2 10 11 14  9 12  8  8  7  6 12  8  6  3  3  6 10  9  7  6  6
 [51]  5  9  9  6  6 12  8  6  7 12  8  9 11 10 18 31 23 16 15 16 14 20 26 26 22
 [76] 24 20 15 15 25 18 18 28 22 29 28 32 22 32 35 51 41 36 35 39 55 48 42 49 61
[101] 56 40 45 45 48 43 58 43 54 51 54 65 70 60 61 78 88 68 63 59 69

[[146]]
  [1]   10   17   14    7   12    9   12   14   15   16   13   20   20   11   15
 [16]   14   14   11   19   16   13   12   11   10   17   20   15   18   16   24
 [31]   32   37   33   25   28   39   43   45   63   65   69   82   98   98  111
 [46]  101  114  106  111  125  139  135  120  109  136  134  147  144  136  170
 [61]  159  168  155  183  203  216  213  201  227  206  206  214  208  233  245
 [76]  215  204  220  254  247  278  296  293  287  287  302  300  313  320  351
 [91]  390  433  419  415  444  482  522  558  583  537  558  660  676  667  624
[106]  630  700  724  748  818  816  835  937  950  866  934  961  987 1047 1019
[121] 1042

[[147]]
  [1]  10  12  10  14  17  20  20  16  19  16  20  26  25  26  28  22  23  16
 [19]  25  19  18  27  16  16  19  19  21  23  21  21  14  14  14  12  10  30
 [37]  22  18  17  22  27  29  38  37  30  39  40  34  31  38  38  34  28  29
 [55]  38  41  34  26  25  33  34  29  32  39  46  49  35  47  47  49  55  44
 [73]  56  75  71  58  63  74  59  67  67  61  62  58  77  75  72  61  73  75
 [91]  62  71  77  65  91  79  81  85  82  85  93 104  97 121 107 125 119 152
[109] 146 155 158 173 181 177 203 209 198 221 208 218 222

[[148]]
  [1]  10   8  12  12  17  13  11   8  21  16  16  16  13  11  15  12  10  16
 [19]  20  23  32  27  18  17  20  15  34  31  31  28  28  42  42  44  42  55
 [37]  49  51  57  61  63  61  55  50  53  57  52  83  79  77  90  90 118 128
 [55] 127 113 126 157 155 180 201 181 182 198 180 147 161 170 175 196 228 238
 [73] 209 237 254 251 270 258 251 275 285 292 287 283 324 354 337 350 339 350
 [91] 330 388 393 384 398 394 430 462 454 457 488 514 490 491 533 569 649 575
[109] 549 534 604 627 637 643 620 668 738 722 819 817 865

[[149]]
  [1] 10 12  9  3  3  3  2  2  2  2  2  2  0  0  0  0  0  0  0  0  0  0  0  0  0
 [26]  0  0  0  0  0  0  0  0  0  0  0  0  0  0  0  0  0  0  0  0  0  0  0  0  0
 [51]  0  0  0  0  0  0  0  0  0  0  0  0  0  0  0  0  0  0  0  0  0  0  0  0  0
 [76]  0  0  0  0  0  0  0  0  0  0  0  0  0  0  0  0  0  0  0  0  0  0  0  0  0
[101]  0  0  0  0  0  0  0  0  0  0  0  0  0  0  0  0  0  0  0  0  0

[[150]]
  [1]   10   12    7   11    5    9    7    7    6    8   12    9    8    9    8
 [16]   12    9   10   21   23   22   26   25   20   19   22   17   16   29   20
 [31]   18   22   25   35   31   32   34   40   48   52   58   55   57   56   68
 [46]   74   86   92   81  100  117  104   99  103  117  111  133  118  125  148
 [61]  168  151  138  185  194  177  202  208  264  251  262  268  306  318  333
 [76]  303  314  314  322  325  343  345  378  393  416  393  450  452  468  445
 [91]  514  553  542  520  527  559  606  677  678  663  734  776  787  814  881
[106]  901  947 1038 1157 1174 1217 1313 1329 1349 1503 1533 1559 1725 1751 1815
[121] 1929

> save(reslist, file=paste("output",iter,".rda",sep=""))
> 
> 
> ###############################################################
> 
> 
> # Clear the workspace and turn off graphics.
> #  Load all the functions you need by sourcing the provided demographic.R file
> #  Read in the job number from the cluster. To do this, your code should include a new
> # variable iter and should start with the line:
> # iter <- as.numeric(Sys.getenv(PBS_ARRAY_INDEX))
> #  Control the random number seeds so that each parallel simulation takes place with a
> # different seed. Your function should therefore set the random number seed as iter so that
> # each parallel simulation has a unique random seed.
> #  In each parallel run, select the initial condition to be used. Ensure that 25 of the parallel
> # simulations are allocated to each of the initial conditions.
> #  Create a variable which is the filename to store your results. The end of the filename
> # should be the number iter to ensure that simulation files do not overwrite one another on
> # the cluster.
> #  Initialise a list which will contain the results of your 150 simulations.
> #  Call the stochastic_simulation function to do the appropriate simulation 150 times,
> # appending the output to the results list, and then save the results list.
> 
> #four initial conditions (25 cluster runs per)
> #each cluster run runs simulation 150 times
> #1) large population of 100 adults
> #2) small population of 10 adults
> #3) 100 individuals spread
> #4) small population of 10 individuals
> 
R has finished running

============================================

        Job resource usage summary 

                 Memory (GB)    NCPUs
 Requested  :         1             1
 Used       :         0 (peak)   1.00 (ave)

============================================
