R is about to run

R version 4.4.1 (2024-06-14) -- "Race for Your Life"
Copyright (C) 2024 The R Foundation for Statistical Computing
Platform: x86_64-conda-linux-gnu

R is free software and comes with ABSOLUTELY NO WARRANTY.
You are welcome to redistribute it under certain conditions.
Type 'license()' or 'licence()' for distribution details.

R is a collaborative project with many contributors.
Type 'contributors()' for more information and
'citation()' on how to cite R or R packages in publications.

Type 'demo()' for some demos, 'help()' for on-line help, or
'help.start()' for an HTML browser interface to help.
Type 'q()' to quit R.

> 
> 
> growth_matrix <- matrix(c(0.1, 0.0, 0.0, 0.0,
+ 0.5, 0.4, 0.0, 0.0,
+ 0.0, 0.4, 0.7, 0.0,
+ 0.0, 0.0, 0.25, 0.4),
+ nrow=4, ncol=4, byrow=T)
> 
> reproduction_matrix <- matrix(c(0.0, 0.0, 0.0, 2.6,
+ 0.0, 0.0, 0.0, 0.0,
+ 0.0, 0.0, 0.0, 0.0,
+ 0.0, 0.0, 0.0, 0.0),
+ nrow=4, ncol=4, byrow=T)
> 
> clutch_distribution <- c(0.06,0.08,0.13,0.15,0.16,0.18,0.15,0.06,0.03)
> 
> #=========================================================================================
> rm(list=ls())
> graphics.off()
> source("Demographic.R")
> source("kl2621_HPC_2024_main.R")
[1] 0 0 0 0 3
[1] 3 3 2 2 2
[1] 1 1
 [1] 7 4 3 3 2 1 1 1 1 1 1 1 1 1 1 1 1 1 1 1 1
> 
> 
> ###4 initial conditions
> 
> ############################################################
> 
> 
> 
> #VVVVVVVVVVVV-------------COMMENT ME OUT WHEN RUNNING THE THING
> #iter <- 5
> #VVVVVVVVVVV--------------UNCOMMENT ME OUT
> iter <- as.numeric(Sys.getenv("PBS_ARRAY_INDEX"))
> set.seed(iter)
> 
> 
> if (iter <= 25) {
+ initial_state <- state_initialise_adult(4,100) #100 adults
+ } else if (iter >25 && iter <= 50) {
+ initial_state <- state_initialise_adult(4,10) #10 adults
+ } else if (iter >50 && iter <= 75) {
+ initial_state <- state_initialise_spread(4,100) #100 spread
+ } else {
+ initial_state <- state_initialise_spread(4,10) #10 spread
+ }
> 
> reslist <- list()
> 
> ####100 cluster runs
> ###################################################
> ####150 runs of stochastic_simulation per cluster run
> for (i in 1:150) {
+     #################################
+     ###120 steps of stochastic_simulation per simulation
+     stochasticresult <- stochastic_simulation(initial_state,growth_matrix,reproduction_matrix,clutch_distribution,120)
+     reslist[[i]] <- stochasticresult
+     #################################
+ }
> ###################################################
> 
> print(reslist)
[[1]]
  [1]   10   19   17   14   19   19   21   24   15   14   19   13   20   17   22
 [16]   21   22   30   29   40   37   53   44   42   60   57   63   52   62   57
 [31]   51   61   63   73   64   59   76   74   77   94   74   84   95   90  114
 [46]   97  100  108   99  104  146  131  111  121  124  128  117  114  127  137
 [61]  139  151  144  143  167  174  198  188  188  205  222  236  243  272  267
 [76]  238  258  301  328  343  360  364  435  423  401  439  438  450  493  492
 [91]  543  577  560  582  582  627  641  629  631  649  735  807  894  850  898
[106]  903  937  932  982 1001 1046 1076 1145 1199 1253 1284 1300 1403 1454 1512
[121] 1580

[[2]]
  [1]  10  20  17  18  13  11  14  10  15  20  17  21  12  10   9  13  11   6
 [19]   6   4  13  10   7   5   5   7   6   6   5   9   7   5  13  15  15  10
 [37]  15  15  11  16  12  23  28  21  22  26  23  22  19  27  27  42  30  26
 [55]  23  32  23  36  51  32  28  26  32  35  31  28  32  32  36  41  39  50
 [73]  34  38  34  76  66  54  43  44  42  39  66  56  65  78  86  78  75  82
 [91] 108 107  85  88  83 101  98  96 112 122 147 121 130 128 129 134 130 125
[109] 162 143 162 191 190 225 204 206 223 214 223 212 229

[[3]]
  [1]   10   25   23   22   19   16   13   19   21   20   20   25   29   24   31
 [16]   47   42   43   44   44   45   52   50   38   52   55   48   46   43   34
 [31]   29   36   31   32   42   37   40   51   48   51   50   58   55   52   57
 [46]   57   75   60   82   79   91  101   91  115  138  116  126  104  105  122
 [61]  113  115  120  113  115   97  105  122  135  142  118  117  144  139  158
 [76]  148  186  172  187  198  189  187  196  200  204  222  232  247  287  264
 [91]  282  294  348  353  355  361  349  377  380  433  439  474  491  497  477
[106]  506  538  598  650  657  669  721  754  818  846  899  942  946  922  965
[121] 1069

[[4]]
  [1]  10  36  30  36  28  35  38  54  50  44  38  59  54  49  54  39  44  45
 [19]  57  57  50  61  58  59  49  62  63  67  67  48  45  45  43  48  43  42
 [37]  47  46  36  49  62  64  73  59  59  46  52  58  55  49  48  53  37  60
 [55]  60  50  51  54  50  71  74  65  70 108 131 105 102 110  94  98 119 109
 [73] 106  99 104 110 112 142 138 131 126 129 137 134 136 153 153 177 196 171
 [91] 199 186 196 176 191 183 225 210 213 195 217 233 244 267 275 272 317 319
[109] 304 347 360 351 356 372 399 363 419 447 472 532 527

[[5]]
  [1]   10   24   19   22   23   27   27   21   22   20   23   30   29   33   38
 [16]   49   53   58   50   46   39   46   61   50   62   63   73   72   74   72
 [31]   59   63   83   93  107   86  102  124  127  123  103  103  128  149  151
 [46]  147  151  171  154  150  144  199  217  204  203  205  237  258  278  267
 [61]  288  320  317  330  322  341  340  399  386  356  364  394  418  411  451
 [76]  502  500  537  531  552  600  615  597  655  717  755  776  722  739  745
 [91]  792  896  906  925  931 1018 1094 1130 1222 1263 1332 1378 1382 1465 1540
[106] 1684 1747 1773 1687 1723 1910 2017 2055 2153 2164 2288 2325 2439 2557 2771
[121] 2841

[[6]]
  [1]   10   15   25   24   18   13   23   20   21   19   25   29   29   24   23
 [16]   35   27   41   32   39   37   38   48   75   70   64   56   61   58   60
 [31]   41   77   77   75   81   83   83   86   92   86  104  108   97  113  151
 [46]  140  124  110  107  116  118  199  177  168  132  129  140  140  162  161
 [61]  156  150  166  172  184  222  212  225  243  239  262  287  337  345  390
 [76]  380  424  469  449  466  575  582  647  665  704  704  741  768  821  845
 [91]  828  874  954  968  980 1044 1038 1115 1152 1191 1237 1366 1439 1543 1575
[106] 1535 1597 1676 1818 1865 1985 2097 2172 2280 2398 2553 2539 2616 2800 2958
[121] 3031

[[7]]
  [1]   10   34   39   28   21   31   25   37   40   40   39   35   43   53   45
 [16]   34   34   39   41   50   61   60   75   68   76   72   81   78   78   78
 [31]   73   71   59   75   81   90   89   80   97   90   87   98  128  110  128
 [46]  102  100  126  152  145  149  157  190  177  146  163  157  171  178  175
 [61]  209  205  219  215  223  246  287  302  275  314  333  318  349  340  335
 [76]  345  384  374  412  455  430  422  454  459  469  481  495  519  533  540
 [91]  528  600  609  659  654  670  691  694  763  775  863  941  934  961  970
[106] 1014 1112 1105 1147 1171 1262 1285 1326 1435 1498 1526 1478 1520 1596 1775
[121] 1776

[[8]]
  [1]   10   33   28   23   26   20   27   38   54   37   35   27   25   31   48
 [16]   76   51   50   41   53   38   43   53   56   49   48   49   43   42   51
 [31]   66   55   43   50   61   73   76   61   67   89   77   99  118   98  104
 [46]   99   97  113  130  117  138  157  167  154  129  176  173  168  183  199
 [61]  190  199  212  205  239  251  260  253  253  256  297  289  272  285  297
 [76]  325  343  344  401  379  366  346  364  392  393  414  457  462  449  517
 [91]  551  621  569  592  611  607  645  707  710  705  721  766  790  867  843
[106]  935  938  944  942 1038 1029 1095 1112 1200 1270 1324 1359 1453 1450 1418
[121] 1561

[[9]]
  [1]   10   36   31   26   22   21   16   16   21   27   27   26   19   27   28
 [16]   23   25   37   34   36   34   45   35   53   47   48   47   50   46   61
 [31]   55   51   41   69   49   60   46   71   82   74   74   60   74   73   73
 [46]   65   63   84   87   93   91   93  106   78   93   83  102   87   78   93
 [61]   90  101  110  104  130  158  134  135  138  161  160  152  172  163  149
 [76]  161  184  200  207  213  214  235  213  259  304  320  307  338  353  367
 [91]  364  377  381  417  445  507  494  540  519  572  568  607  628  646  675
[106]  691  694  689  733  773  904  890  849  909  971  985  987 1088 1109 1280
[121] 1267

[[10]]
  [1]   10   28   32   20   15   14   20   46   42   45   32   37   43   33   48
 [16]   54   49   46   73   68   68   72   78   67   80   73   84   74   95  114
 [31]  119   99   92  114  107  109  114  132  126  159  143  150  150  171  170
 [46]  166  184  176  192  206  204  197  206  193  207  229  256  269  270  252
 [61]  274  263  279  301  330  299  339  347  306  333  326  362  393  408  409
 [76]  411  426  425  449  484  556  560  615  595  593  635  727  747  786  839
 [91]  841  905  873  911  978 1049 1157 1174 1186 1213 1293 1334 1387 1506 1601
[106] 1634 1737 1806 2006 1978 2030 2040 2109 2345 2478 2509 2656 2700 2800 2976
[121] 3153

[[11]]
  [1]  10  22  22  19  18  23  23  22  24  21  18  33  26  19  15   9   8   8
 [19]   7   9   7  11   9   8  13  10  15  10  11   8   8   6  16  22  15  16
 [37]  13  22  16  15   9   9  12  16   9  15  17  14  14   8  16  12   8   6
 [55]  13  13   7   8   9  10   7   6   6  21  26  24  19  29  44  37  32  48
 [73]  40  41  34  38  50  38  33  27  43  51  69  48  68  61  68  61  54  68
 [91]  68  61  61  76  69  86  95  92 108  94 103 105 104  91  96 105 113 108
[109] 103 149 164 165 159 177 185 195 224 260 273 255 268

[[12]]
  [1]   10   46   42   45   43   40   36   35   60   69   76   61   68   55   74
 [16]   87   82   86   88   87   99  108  123  114  105   99  106   90  101  132
 [31]  120  122  116  111  139  138  159  153  162  174  191  192  238  265  246
 [46]  229  221  263  285  299  314  341  363  375  404  407  445  443  474  494
 [61]  510  541  527  551  569  608  633  665  725  716  767  842  829  865  923
 [76]  897  959 1006 1053 1084 1104 1076 1157 1211 1229 1285 1358 1402 1414 1460
 [91] 1582 1590 1623 1691 1876 1895 2045 2094 2147 2231 2301 2449 2571 2634 2681
[106] 2824 3023 3096 3327 3456 3539 3605 3848 4086 4215 4347 4641 4714 4839 4958
[121] 5256

[[13]]
  [1]   10   31   28   26   18   20   23   34   36   49   41   37   45   42   43
 [16]   50   52   54   54   54   61   64   72   71   66   65   60   61   62   59
 [31]   62   76   95   98   83   89  101  117  109  134  120  142  153  173  170
 [46]  151  178  196  195  217  221  208  245  266  241  255  279  276  261  258
 [61]  265  297  317  352  361  366  393  372  414  493  591  589  559  553  591
 [76]  659  690  747  729  753  784  791  790  773  861  934  975  945  992 1047
 [91] 1100 1151 1131 1112 1212 1268 1279 1287 1373 1414 1444 1508 1648 1623 1709
[106] 1725 1773 1834 1947 2046 1988 2124 2165 2158 2278 2484 2585 2722 2777 2882
[121] 3030

[[14]]
  [1]   10   23   18   13   13   12   28   24   30   24   30   21   21   17   27
 [16]   32   32   25   16   22   24   26   20   23   22   27   25   21   24   29
 [31]   31   26   30   44   38   41   42   38   37   38   47   51   34   45   30
 [46]   37   46   54   48   56   64   58   62   74   87   63   71   62   90   98
 [61]   96  117  125  131  139  140  136  157  172  191  197  223  227  218  207
 [76]  211  227  230  230  266  270  282  316  331  315  328  366  338  364  426
 [91]  408  490  516  488  485  503  539  584  630  672  698  753  747  830  838
[106]  821  866  908  904  997  925  999 1083 1085 1134 1167 1282 1288 1343 1378
[121] 1508

[[15]]
  [1]   10   29   31   30   19   25   24   19   29   42   36   31   36   36   28
 [16]   25   31   26   37   38   35   35   36   36   53   66   65   65   51   46
 [31]   52   71   63   77   69   63   63   83  104   97   84   83   83  112  118
 [46]  102  107   88  103  106  130  125  126  135  158  149  157  148  150  167
 [61]  168  164  171  192  200  209  221  237  258  270  282  317  377  370  436
 [76]  478  458  497  527  516  515  538  554  617  681  718  768  769  756  767
 [91]  856  843  886  895  862  973 1009 1011 1012 1171 1219 1293 1308 1339 1369
[106] 1459 1571 1681 1746 1711 1811 1937 2095 2074 2155 2251 2417 2447 2621 2669
[121] 2825

[[16]]
  [1]  10  34  15  16  21  18  14  14  28  35  27  19  15  13  21  16  21  14
 [19]  19  23  37  34  32  30  39  41  41  40  25  29  31  29  31  30  30  26
 [37]  25  18  19  22  13  17  24  20  18  14  20  21  21  12  17  23  21  21
 [55]  27  18  14  15  29  45  41  36  28  30  36  49  58  55  46  53  49  60
 [73]  49  48  66  70  70  64  64  77  82  79  69  88 102 130 105 104 113 114
 [91] 119 115 121 117 118 111 132 159 193 182 205 183 195 243 263 268 286 279
[109] 270 284 335 335 387 353 382 396 404 455 421 389 454

[[17]]
  [1]   10   27   19   15   20   21   20   15   21   21   20   17   26   24   25
 [16]   24   17   14   16   20   15   24   30   32   40   51   47   44   37   52
 [31]   60   74   77   69   67   78   77   82   73  102  111  100   92  109  127
 [46]  135  164  172  162  146  171  178  192  213  222  198  176  180  189  188
 [61]  199  226  260  231  276  267  272  261  297  302  342  363  348  355  404
 [76]  406  425  477  500  468  527  581  612  691  677  694  750  778  786  816
 [91]  847  916  991  994 1006 1066 1121 1227 1260 1199 1241 1290 1349 1429 1495
[106] 1605 1679 1696 1817 1818 1934 1991 2065 2107 2185 2285 2359 2527 2571 2681
[121] 2668

[[18]]
  [1]   10   38   39   31   22   22   24   32   32   41   29   35   34   41   38
 [16]   31   38   31   28   28   29   40   39   46   37   35   36   35   36   46
 [31]   57   45   43   50   60   59   54   66   66   81   89   96   88   93  123
 [46]  130  129  125  135  140  156  171  160  176  152  181  169  197  185  208
 [61]  201  224  206  217  206  219  248  243  236  255  291  270  297  294  316
 [76]  324  361  373  393  399  372  372  401  441  435  456  469  498  507  511
 [91]  521  548  581  601  650  675  708  783  829  854  919  926  907  909  945
[106]  954 1065 1142 1096 1119 1155 1232 1364 1396 1422 1419 1377 1534 1605 1650
[121] 1689

[[19]]
  [1]   10   29   37   28   22   19   17   16   25   28   28   34   43   44   44
 [16]   43   56   73   72   70   60   54   73   71   71   73   82   60   79   77
 [31]   77   76   78   92   74   62   67   77   86   77   74   71   85   93   96
 [46]   81   78   84  104  130  121   94   93   96  118  134  128  118  108  133
 [61]  162  175  149  155  147  170  186  190  226  207  214  234  249  278  276
 [76]  256  264  283  304  320  321  341  323  351  349  401  411  433  435  464
 [91]  464  467  514  581  574  596  562  597  601  613  657  697  709  673  759
[106]  797  830  802  876  923 1029 1026 1042 1074 1081 1190 1194 1198 1226 1273
[121] 1358

[[20]]
  [1]  10   6  18  19  12  12  10  16  28  16  19  12  13  14   9   7   6   5
 [19]  10  12  16  11  15  11  21  26  24  26  20  28  19  22  30  31  31  32
 [37]  33  39  28  44  51  37  48  40  56  49  59  67  67  58  79  74  89  73
 [55]  67  79  91 116 101  91  87  89 116 108 115 104 130 117 119 115 131 138
 [73] 150 149 136 155 164 182 184 177 187 190 182 216 202 208 195 200 217 242
 [91] 231 252 263 256 272 301 307 296 290 318 376 412 412 409 376 412 401 454
[109] 460 490 453 534 550 591 623 588 633 628 652 722 722

[[21]]
  [1]   10   42   39   29   23   21   18   36   57   52   60   55   50   47   57
 [16]   63   53   57   66   61   67   64   71   66   56   60   90   77   71   75
 [31]   66   93   91  101   92   91  121  122  130  151  164  173  196  180  178
 [46]  214  210  188  187  193  206  186  230  221  237  242  242  259  233  261
 [61]  257  272  304  317  310  376  403  396  387  412  465  483  471  503  547
 [76]  582  614  638  673  710  762  674  681  712  826  788  864  895  908  971
 [91]  954  973 1023 1063 1051 1104 1146 1136 1245 1330 1383 1374 1361 1500 1593
[106] 1767 1797 1828 1844 1899 1940 2050 2183 2245 2319 2281 2417 2629 2746 2861
[121] 2820

[[22]]
  [1] 10 14  9  8  6  5  7  6  5  6  4  3  5  4  4  4  3  7  6  4  3  3  5  8  4
 [26]  3  9  4  3  3  2  5  3  2  2  2  2  2  1  0  0  0  0  0  0  0  0  0  0  0
 [51]  0  0  0  0  0  0  0  0  0  0  0  0  0  0  0  0  0  0  0  0  0  0  0  0  0
 [76]  0  0  0  0  0  0  0  0  0  0  0  0  0  0  0  0  0  0  0  0  0  0  0  0  0
[101]  0  0  0  0  0  0  0  0  0  0  0  0  0  0  0  0  0  0  0  0  0

[[23]]
  [1]   10   30   44   25   29   27   25   20   25   28   57   50   44   51   49
 [16]   71   49   44   64   76   65   71   88  101   98  104   99  105  112  134
 [31]  135  122  140  159  174  177  164  160  202  214  211  245  262  262  271
 [46]  258  264  294  274  329  342  322  341  400  421  428  390  451  485  472
 [61]  537  586  601  596  618  636  697  732  749  767  787  866  913  923  991
 [76] 1049 1138 1141 1158 1223 1267 1310 1336 1352 1372 1412 1485 1607 1702 1721
 [91] 1737 1853 1881 2009 2126 2203 2250 2370 2493 2646 2864 2955 3090 3160 3285
[106] 3370 3582 3759 3858 3947 4090 4255 4420 4614 4664 4722 4976 5148 5304 5516
[121] 5855

[[24]]
  [1]   10   40   37   26   20   25   41   28   20   19   21   28   26   40   34
 [16]   35   35   36   32   46   52   67   57   48   46   61   59   53   43   49
 [31]   79   73   68   72   64   91   96   99  104  130  112  129  161  151  136
 [46]  113  139  145  167  162  183  193  190  180  198  225  212  224  256  265
 [61]  299  300  286  282  324  333  366  385  391  348  392  429  445  410  433
 [76]  443  495  467  518  525  539  590  621  599  659  658  727  776  808  841
 [91]  809  865  896  895  980 1087 1095 1057 1117 1118 1219 1298 1229 1296 1378
[106] 1342 1413 1465 1517 1572 1702 1824 1794 1873 1944 1994 2042 2226 2248 2401
[121] 2429

[[25]]
  [1]   10   23   28   27   28   21   20   19   23   22   18   21   27   26   40
 [16]   30   42   43   50   58   64   69   64   67   64   70   73   75   72   75
 [31]   98   90   97   97  102  133  132  127  113  136  155  152  159  163  164
 [46]  171  158  171  158  196  193  174  189  176  185  219  230  245  274  258
 [61]  264  241  230  222  264  307  347  362  366  387  418  383  375  429  473
 [76]  498  547  542  560  596  648  698  749  740  772  857  964  975 1019 1061
 [91] 1043 1168 1310 1296 1299 1418 1475 1589 1563 1618 1742 1820 1959 2044 2006
[106] 2138 2229 2352 2426 2477 2578 2652 2837 2973 3141 3252 3269 3187 3345 3489
[121] 3731

[[26]]
  [1]   10   29   19   18   11    9   14   24   21   28   22   25   28   26   22
 [16]   18   24   30   38   26   25   24   28   31   34   31   24   27   40   41
 [31]   34   38   43   51   65   51   64   64   59   58   57   62   59   60   67
 [46]   65   62   56   63   53   51   79   77   78   75   92  110  109   89   97
 [61]  108   94   87   87   93   89   88   89  106   76   99  118  111  129  131
 [76]  125  150  158  161  185  175  194  203  240  277  270  289  313  306  315
 [91]  330  358  364  353  406  438  445  468  494  519  511  501  541  610  651
[106]  650  630  644  697  774  846  879  900  955  988 1004 1040 1045 1078 1066
[121] 1125

[[27]]
  [1]   10   31   25   26   18   15   17   17   30   46   42   34   34   34   42
 [16]   44   41   43   52   61   59   61   51   53   46   59   76   79   69   55
 [31]   67   59   71   67   77   90   65  108  100  103  109   88  111  112  133
 [46]  117  113  138  147  150  147  167  174  174  195  181  183  189  185  188
 [61]  190  212  208  195  189  191  200  202  221  241  273  258  252  284  356
 [76]  338  340  382  369  396  399  415  441  428  416  423  491  534  502  582
 [91]  626  641  647  663  662  690  817  885  878  855  830  846  880  964 1007
[106] 1039 1080 1125 1215 1311 1367 1379 1435 1595 1704 1745 1771 1822 1957 1948
[121] 1990

[[28]]
  [1]   10   29   16   13   11   14   15   38   25   31   27   38   28   31   29
 [16]   20   26   36   38   49   52   56   60   57   55   59   67   67   75   89
 [31]   88   82   95   95  120  126  132  122  128  103  128  137  164  148  137
 [46]  132  155  159  177  190  174  163  188  169  226  234  240  217  241  272
 [61]  302  252  266  258  246  263  288  288  293  304  322  310  351  381  459
 [76]  412  426  421  416  447  583  569  621  622  588  674  744  758  745  805
 [91]  783  770  833  857  872  864  899  923  973 1046 1143 1189 1098 1155 1291
[106] 1349 1364 1462 1528 1526 1572 1663 1719 1864 2010 2071 2082 2087 2265 2345
[121] 2501

[[29]]
  [1]   10   46   37   35   24   29   35   39   48   45   36   32   30   53   48
 [16]   51   60   60   46   60   70   74   73   78   76   65   90   99   86  113
 [31]  129  145  134  145  156  152  130  129  140  172  174  198  171  175  176
 [46]  194  217  195  195  217  216  206  216  218  197  204  188  182  213  235
 [61]  246  258  252  307  286  314  359  377  384  446  431  426  430  454  438
 [76]  473  513  554  535  614  647  674  705  700  686  727  803  898  954  903
 [91]  866  891 1017 1033 1049 1063 1151 1178 1279 1215 1218 1268 1335 1369 1394
[106] 1430 1517 1586 1591 1656 1655 1695 1810 1911 2057 2200 2274 2344 2385 2460
[121] 2495

[[30]]
  [1]   10   14   20   15   20   14   14   11   20   35   23   23   26   37   34
 [16]   28   30   35   31   33   40   57   52   50   64   52   59   55   76   66
 [31]   65   76   77   95  130  138  152  143  126  126  132  155  173  173  174
 [46]  184  211  175  173  184  222  226  235  227  225  254  262  319  315  291
 [61]  286  300  313  376  372  355  420  423  448  473  517  577  599  590  588
 [76]  616  648  686  756  836  866  874  970  941  998 1043 1096 1087 1128 1232
 [91] 1234 1311 1381 1475 1563 1612 1613 1672 1810 1867 1868 1920 2014 2082 2207
[106] 2338 2423 2516 2602 2682 2771 2807 3021 3228 3177 3214 3348 3483 3546 3621
[121] 3683

[[31]]
  [1]   10   28   29   26   23   18   17   25   25   21   36   30   37   37   43
 [16]   51   54   52   45   43   44   45   49   47   35   41   49   54   59   65
 [31]   65   62   73   61   66   75   77   90   75   79   93  108   89  109  122
 [46]  113  150  119  130  123  144  151  151  149  174  197  184  162  172  165
 [61]  180  183  194  176  178  196  211  217  226  209  209  221  224  253  279
 [76]  314  304  300  290  317  319  306  306  323  335  357  397  389  411  428
 [91]  408  430  438  490  537  543  563  535  551  606  646  729  733  743  737
[106]  767  788  834  852  906  876  886  931  995 1080 1102 1096 1139 1177 1245
[121] 1244

[[32]]
  [1]   10   35   24   21   17   14   11   15   23   20   17   16   13   14   27
 [16]   32   21   19   20   29   24   32   28   22   22   25   30   33   25   36
 [31]   36   38   39   49   52   45   55   46   57   55   41   59   51   64   52
 [46]   61   49   53   55   64   80   90   71   74   91   86  132  127  128  129
 [61]  118  116  154  141  145  174  149  170  174  201  199  182  170  211  216
 [76]  242  248  267  284  333  339  332  317  346  407  399  429  416  366  352
 [91]  377  416  435  481  503  496  502  522  552  545  604  609  659  710  678
[106]  722  639  698  661  713  720  802  805  869  868  879  984 1091 1062 1064
[121] 1056

[[33]]
  [1]  10  40  26  18  16  31  24  20  21  18  22  31  30  20  20  15  21  12
 [19]  15  16  14  29  23  24  25  24  24  35  28  19  24  29  31  31  36  38
 [37]  34  31  33  39  48  58  40  36  33  39  38  36  40  47  69  61  56  49
 [55]  48  40  44  43  47  62  58  52  62  61  46  37  52  55  44  53  58  62
 [73]  53  71  71  82  80  89  91 114 127 124 129 125 118 131 141 136 149 140
 [91] 167 175 187 184 199 219 219 233 208 211 205 243 271 271 276 284 298 283
[109] 282 334 344 379 404 407 431 428 502 560 519 512 515

[[34]]
  [1] 10 20 32 26 21 26 30 26 21 24 33 42 37 27 23 17 26 18 22 18 15 15 18 16 17
 [26] 19 17 16 28 20 22 14 24 29 25 22 28 33 25 22 22 23 16 14 14 11  7 12  9 12
 [51] 16 14 18 12 12  9 15 17 20 17 21 23 26 22 30 26 17 27 29 21 29 28 23 23 24
 [76] 27 22 26 20 24 15 16 17 11 10  9 17 17 18 19 23 13 18 38 23 16 16 18 38 44
[101] 35 33 28 20 28 29 41 38 38 29 38 43 51 54 53 62 78 82 95 80 83

[[35]]
  [1]  10  13  11  14  14  10   9  16  17  17  17  11  10  22  28  25  16  11
 [19]  16  32  27  23  21  18  15  30  18  11  17  22  23  25  15  23  27  28
 [37]  22  20  26  29  56  49  42  47  46  52  52  56  51  54  81  68  51  48
 [55]  58  67  73  80  77  81  77  87 108  99 114 116 121 108 119 132 122 110
 [73] 135 122 126 144 148 140 142 170 186 193 213 179 182 209 219 252 252 236
 [91] 236 230 233 226 236 258 312 293 335 321 337 383 379 370 407 407 457 450
[109] 456 481 541 531 584 598 657 659 738 691 683 679 731

[[36]]
  [1]   10   35   32   26   22   25   34   53   33   28   37   41   40   38   36
 [16]   50   55   49   45   49   55   59   37   48   48   39   49   34   25   28
 [31]   26   39   58   53   46   46   47   59   57   74   76   80   74   88   72
 [46]   80   73   88   92  105   82  104  115  120  137  119  139  146  160  172
 [61]  153  196  172  195  215  207  207  218  249  279  293  281  289  268  300
 [76]  348  352  385  432  429  448  404  428  455  456  510  514  532  526  551
 [91]  609  640  673  727  746  770  825  836  898  903  967  980 1085 1148 1236
[106] 1268 1286 1312 1379 1442 1523 1652 1673 1651 1651 1728 1798 1900 1914 1978
[121] 2041

[[37]]
  [1] 10 13 10 12 10 17 22 23 19  9 15 17 15 27 26 23 27 26 24 26 27 33 30 34 42
 [26] 43 37 42 28 26 24 17 22 14 12 12 15 19 14 12 17 17 16 11 21 13 17 16 14 15
 [51] 10 15 17 14 11  8  8  6  6 10 11 15 10  8  8  7 15 19 22 22 21 18 20 17 29
 [76] 19 26 19 17 25 41 40 34 33 39 39 45 39 36 42 74 64 57 57 58 57 59 46 48 53
[101] 63 62 68 58 61 71 63 51 43 45 41 60 76 69 63 55 69 71 74 65 68

[[38]]
  [1]   10   39   48   25   20   24   35   46   45   42   36   36   36   37   50
 [16]   53   73   68   59   53   65   82   67   69   76   82   97   85   81   92
 [31]   76   95  114  122  110  111  129  151  128  123  135  149  168  156  165
 [46]  167  173  180  182  211  204  201  217  222  223  197  222  248  265  278
 [61]  309  309  278  305  330  353  374  394  372  398  384  388  435  411  429
 [76]  446  452  495  552  548  593  623  622  619  688  716  729  737  767  765
 [91]  750  816  861  918  905  993  985 1056 1116 1216 1298 1362 1467 1447 1514
[106] 1514 1647 1700 1793 1884 1919 1976 2165 2293 2384 2506 2556 2606 2757 2879
[121] 2917

[[39]]
  [1]   10   28   38   24   22   25   18   23   22   20   32   25   34   35   23
 [16]   20   18   23   23   22   24   22   24   21   32   35   36   28   24   54
 [31]   48   49   38   36   35   70   60   58   45   58   80   98  103   96  114
 [46]  110  122  117  133  158  145  134  155  168  175  176  176  187  189  224
 [61]  240  250  246  253  274  268  283  273  291  345  342  387  412  421  405
 [76]  470  523  505  524  549  553  531  582  583  613  597  591  701  759  806
 [91]  773  836  882  954 1018 1011  944 1009 1011 1100 1116 1249 1315 1398 1338
[106] 1359 1421 1499 1449 1535 1661 1732 1682 1734 1820 1968 2047 2085 2180 2197
[121] 2294

[[40]]
  [1]  10  27  23  28  27  24  19  32  33  32  32  42  30  37  27  32  21  15
 [19]  24  20  35  22  21  29  26  24  28  26  28  17  33  47  38  29  29  23
 [37]  33  37  26  28  27  27  44  49  41  39  37  30  47  43  40  29  38  31
 [55]  49  45  35  30  35  39  35  33  38  49  34  32  30  39  26  36  43  32
 [73]  41  46  45  44  54  64  50  45  54  55  54  65  65  71  68  53  65  72
 [91]  77  68  49  66  66  69  82  77  57  54  53  80  97 104  99 104  95 113
[109] 113 144 156 158 150 148 132 173 180 237 211 198 221

[[41]]
  [1]   10   18   38   27   21   25   24   24   26   35   41   34   36   29   42
 [16]   58   47   47   44   52   54   53   45   39   48   52   70   58   57   53
 [31]   65   57   60   61   70   84   84  105  101  114  101   98  105  120  129
 [46]  133  125  118  140  165  155  170  170  170  223  234  217  230  265  279
 [61]  289  279  280  296  314  329  349  344  365  363  382  417  448  404  423
 [76]  446  491  500  523  533  526  559  565  579  560  551  616  646  669  693
 [91]  701  706  684  789  834  837  804  822  888  969 1018 1127 1158 1199 1201
[106] 1212 1278 1386 1404 1471 1538 1567 1712 1704 1833 1812 1814 1940 1886 1959
[121] 2082

[[42]]
  [1]   10   24   29   26   19   21   27   22   21   17   19   12   10   14   23
 [16]   38   26   23   26   28   28   29   27   27   29   29   39   29   29   22
 [31]   19   25   24   31   28   20   19   24   30   32   24   27   22   19   23
 [46]   32   48   54   45   47   36   45   58   65   63   67   68   99   87   76
 [61]   96   88  107  112  120  114  106  138  128  138  154  166  180  181  197
 [76]  188  186  189  210  228  231  234  232  248  257  264  286  328  333  326
 [91]  330  353  357  385  373  373  411  497  523  477  508  575  569  605  704
[106]  759  834  865  905  868  847  917 1008 1150 1217 1245 1352 1437 1406 1564
[121] 1552

[[43]]
  [1]   10   35   39   28   30   26   47   39   43   36   29   34   40   31   33
 [16]   56   66   61   70   74   69   81   80   99  105  102  103  100  116  123
 [31]  124  109  110  118  119  148  165  163  158  185  189  206  179  168  182
 [46]  171  155  147  182  197  186  191  207  222  261  303  286  323  351  368
 [61]  363  348  370  374  381  431  394  486  483  517  540  547  586  571  601
 [76]  638  615  649  673  719  704  730  783  798  891  879  873  938  942  887
 [91]  970 1033 1011 1078 1190 1214 1244 1240 1381 1512 1548 1496 1487 1634 1779
[106] 1791 1914 2030 2102 2243 2314 2300 2395 2429 2458 2555 2647 2791 2957 3032
[121] 3071

[[44]]
  [1] 10 22 16 12 12 10 10  6 11  7 13  6  4  3  3  3  2  2  2  1  1  1  0  0  0
 [26]  0  0  0  0  0  0  0  0  0  0  0  0  0  0  0  0  0  0  0  0  0  0  0  0  0
 [51]  0  0  0  0  0  0  0  0  0  0  0  0  0  0  0  0  0  0  0  0  0  0  0  0  0
 [76]  0  0  0  0  0  0  0  0  0  0  0  0  0  0  0  0  0  0  0  0  0  0  0  0  0
[101]  0  0  0  0  0  0  0  0  0  0  0  0  0  0  0  0  0  0  0  0  0

[[45]]
  [1]   10   46   43   28   23   22   38   27   32   28   29   43   35   28   30
 [16]   22   24   29   42   33   24   38   42   40   37   30   36   31   32   27
 [31]   34   39   31   25   31   35   30   36   34   39   51   48   51   66   67
 [46]   66   55   55   48   56   56   76   74   84   84   75   84   98  105   96
 [61]  101  107  127  123  124  137  156  151  165  158  180  173  176  192  166
 [76]  172  198  219  246  251  274  259  292  322  318  349  308  295  326  352
 [91]  389  376  389  399  387  399  460  486  494  497  567  555  576  629  687
[106]  686  742  775  808  849  842  908  940  957  982 1028 1078 1112 1118 1142
[121] 1127

[[46]]
  [1]   10   30   31   22   18   19   19   24   31   18   17   20   19   32   33
 [16]   34   41   46   34   30   50   61   69   64   71   59   79   77   83   95
 [31]   90   87   80   83   85   80   97   97   92   94  100  118  102   98   93
 [46]   95   87   89   81   93   95  103   80   85   84  131  107  107  107  111
 [61]   95  125  112  117  120  123  151  179  165  172  165  187  193  190  168
 [76]  188  187  255  228  257  243  250  272  299  323  326  332  362  328  347
 [91]  393  386  393  424  445  530  508  568  557  594  606  611  624  660  726
[106]  784  830  846  830  862  926  962 1006 1017 1129 1145 1232 1216 1218 1320
[121] 1394

[[47]]
  [1]   10   43   30   20   16   21   23   19   30   26   31   33   53   47   46
 [16]   40   40   39   45   50   58   54   52   51   45   38   63   88   83   69
 [31]   79   81   85   92  100  105   89  104   96  108  107  127  101  116  111
 [46]  123  121  142  130  174  163  166  171  202  255  254  259  233  274  282
 [61]  266  300  314  337  335  359  394  369  392  387  378  412  434  439  470
 [76]  473  491  491  512  563  587  650  597  630  663  690  749  757  726  740
 [91]  782  859  911  946  908  923  966  999 1095 1132 1176 1141 1206 1264 1286
[106] 1408 1461 1487 1552 1630 1706 1852 1912 2027 1986 2028 2099 2247 2379 2497
[121] 2597

[[48]]
  [1]   10   41   41   29   23   27   19   15   20   35   36   39   36   31   28
 [16]   40   41   50   69   53   46   59   68   77   84   87   95  120   99  101
 [31]  118  137  142  149  143  155  173  174  213  188  181  165  213  225  248
 [46]  246  254  270  266  270  259  259  280  273  288  320  317  368  359  380
 [61]  413  400  409  451  498  553  565  555  576  564  545  632  676  669  727
 [76]  741  799  853  879 1031 1098 1166 1150 1150 1268 1346 1421 1478 1434 1538
 [91] 1682 1686 1735 1788 1883 1940 1990 2149 2259 2398 2511 2572 2798 2859 2941
[106] 2969 3055 3110 3241 3409 3592 3744 3871 4166 4297 4302 4496 4677 4908 5076
[121] 5223

[[49]]
  [1]   10   42   48   33   25   25   17   25   34   31   24   25   21   29   43
 [16]   47   58   48   39   32   44   38   41   38   30   28   36   44   44   57
 [31]   49   49   54   45   52   55   48   75   64   62   61   55   55   61   50
 [46]   73   63   66   69   73   79  102  110  125  107  112  116  146  152  161
 [61]  156  165  170  207  212  201  213  201  220  228  221  212  216  265  255
 [76]  258  277  299  289  318  342  329  313  357  365  415  449  426  443  437
 [91]  442  436  514  531  491  494  536  583  642  612  596  584  619  719  701
[106]  731  782  801  776  793  871  856  884  959  958 1026 1131 1148 1137 1219
[121] 1274

[[50]]
  [1]  10  17  13  17  10   6  13  17  16  13  11  11  11  14   8   8  11   8
 [19]  11  21  14  15  10   8   5   9   6   8   4   3   3   6  11  10   7   7
 [37]  10   9   9  24  21  19  20  17  23  41  26  26  20  34  48  63  54  34
 [55]  42  62  71  69  55  61  59  52  59  70  71  67  70  85 105 102  87  92
 [73] 122 151 124 128 125 132 145 151 175 177 154 168 170 185 200 209 234 215
 [91] 209 183 193 197 193 229 191 197 197 209 216 237 239 257 251 262 284 299
[109] 271 289 317 324 380 387 411 423 441 403 436 468 479

[[51]]
  [1]   10   32   34   26   22   18   16   33   38   27   22   18   18   22   26
 [16]   30   35   32   29   30   39   40   56   48   48   46   41   36   29   43
 [31]   35   38   33   35   48   64   62   72   63   72   68   71   70   64   84
 [46]   77   69   75   61   76   82   79   80  109   98  115  119  125  135  142
 [61]  149  146  146  157  158  202  198  194  199  209  190  220  216  243  248
 [76]  216  229  234  246  232  218  243  270  296  309  301  321  337  336  350
 [91]  363  397  385  409  429  447  458  493  509  518  584  590  577  606  651
[106]  695  738  749  768  756  793  811  854  859  892  902  915  945  995  972
[121] 1036

[[52]]
  [1]   10   34   40   32   23   20   25   26   26   21   18   25   24   26   24
 [16]   19   22   24   26   28   24   38   30   25   39   33   51   49   52   46
 [31]   49   48   63   59   55   57   82   81   79   63   64   67   80   81  104
 [46]   90   81   86   91  105  132  136  114  122  139  158  150  125  144  150
 [61]  147  171  182  189  170  155  167  177  195  176  181  191  198  177  187
 [76]  173  208  224  205  232  254  263  274  310  301  305  289  311  289  324
 [91]  397  464  455  427  470  487  544  505  487  520  581  632  621  657  666
[106]  710  756  755  770  750  885  867  914  935  971 1027 1107 1184 1122 1198
[121] 1236

[[53]]
  [1]   10   29   33   25   23   36   61   55   50   48   40   42   47   56   52
 [16]   60   52   52   55   53   60   78   77   86   81  106   91  100  109  117
 [31]  117  132  128  148  124  133  157  179  198  213  208  190  198  216  245
 [46]  223  239  220  256  267  247  271  270  289  245  253  269  293  312  356
 [61]  359  326  373  379  417  393  389  443  530  555  589  608  623  616  617
 [76]  620  676  700  694  779  815  785  791  800  871  867  919  945 1007 1070
 [91] 1076 1157 1162 1142 1233 1315 1405 1401 1504 1563 1587 1629 1733 1769 1769
[106] 1733 1922 1993 2077 2153 2330 2426 2491 2585 2613 2704 2893 3037 3107 3282
[121] 3482

[[54]]
  [1]   10   22   20   26   25   18   22   25   25   29   34   46   42   35   29
 [16]   51   55   39   32   38   52   49   41   41   41   43   42   46   45   57
 [31]   51   53   53   69   53   45   46   58   59   69   60   64   72   83   81
 [46]   67   73   76   76   78   92   83   93  119  136  131  113  124  142  135
 [61]  144  138  146  161  150  143  155  133  136  153  148  162  176  184  196
 [76]  198  193  202  217  190  226  240  266  276  268  282  306  348  377  393
 [91]  364  392  405  456  489  505  499  588  583  597  596  598  607  624  628
[106]  683  734  765  794  857  910  958 1002 1077 1053 1117 1233 1278 1259 1244
[121] 1407

[[55]]
  [1]  10  31  28  28  22  23  16  22  28  24  25  18  19  25  20  23  30  24
 [19]  27  19  19  18  27  28  25  21  17  14  22  19  21  16  28  25  23  25
 [37]  24  24  16  12  10   8  12  14  19  18  16  26  27  26  21  19  34  24
 [55]  27  27  39  34  32  33  42  51  35  31  44  39  44  44  45  48  49  48
 [73]  45  42  36  40  47  51  39  37  34  69  68  52  59  56  56  66  58  73
 [91]  69  80  79  90  83  87  88  93 101 112 104 121 136 139 147 153 156 163
[109] 196 202 174 209 235 222 264 264 247 258 296 335 373

[[56]]
  [1]   10   28   28   22   20   24   36   45   46   37   35   48   45   54   61
 [16]   55   60   57   51   66   78   75   62   90   75   61   66   82   86   83
 [31]   79   89  106   85  102  108  102  117  107  118  158  143  124  144  137
 [46]  148  155  172  174  166  182  192  201  186  189  172  205  199  206  231
 [61]  244  261  275  270  285  272  274  285  327  346  350  370  354  359  350
 [76]  369  393  385  378  388  394  460  446  485  475  514  571  618  633  668
 [91]  695  757  828  794  869  959  887  948 1010 1060 1113 1169 1160 1165 1211
[106] 1321 1377 1447 1490 1547 1615 1650 1800 1841 1921 2062 2234 2308 2483 2576
[121] 2734

[[57]]
  [1]   10   27   19   12   10   11   15   11   11   13   23   30   31   28   21
 [16]   21   38   54   36   42   47   56   42   45   63   83   83   65   68   71
 [31]   68   81   82   91  108  110   92   92   86  117  116   94  101  125  122
 [46]  120  116  139  130  117  114  134  150  169  164  154  168  165  148  178
 [61]  190  175  148  147  194  155  162  140  152  168  170  174  184  205  216
 [76]  200  209  212  201  197  237  254  278  267  249  273  301  352  356  340
 [91]  356  379  373  398  414  467  470  509  489  527  516  540  562  603  633
[106]  664  800  778  774  812  828  871  919  972 1011 1066 1163 1190 1182 1248
[121] 1275

[[58]]
  [1] 10 19 24 17 14 17 13 20 14 10 10  8  9  8  4  0  0  0  0  0  0  0  0  0  0
 [26]  0  0  0  0  0  0  0  0  0  0  0  0  0  0  0  0  0  0  0  0  0  0  0  0  0
 [51]  0  0  0  0  0  0  0  0  0  0  0  0  0  0  0  0  0  0  0  0  0  0  0  0  0
 [76]  0  0  0  0  0  0  0  0  0  0  0  0  0  0  0  0  0  0  0  0  0  0  0  0  0
[101]  0  0  0  0  0  0  0  0  0  0  0  0  0  0  0  0  0  0  0  0  0

[[59]]
  [1]  10  25  26  24  16  14  24  28  28  20  15  20  17  37  58  44  36  31
 [19]  23  31  39  42  36  32  28  39  49  52  47  42  52  48  42  31  38  54
 [37]  61  61  57  58  54  61  59  54  53  71  66  68  73  72  66  57  58  73
 [55]  78  73  72  65  87  79  72  81  73  94  94 100  97 107 121 116 129 121
 [73] 121 150 146 181 175 171 169 168 177 197 174 188 211 220 200 218 233 227
 [91] 234 273 280 284 312 321 328 348 390 357 354 368 376 425 458 501 503 517
[109] 497 540 550 558 506 522 581 642 586 608 638 656 747

[[60]]
  [1]   10   29   20   17   13   13   17   19   31   25   20   20   20   32   34
 [16]   31   40   49   39   33   36   39   38   54   66   58   54   39   39   40
 [31]   49   51   58   65   71   66   91   82  101  103   97  102   89  104  101
 [46]  101   91   93  109  105  101  115  117  122  103  139  160  161  150  139
 [61]  168  154  173  137  170  223  188  184  181  205  200  189  215  221  224
 [76]  249  259  267  279  276  279  294  301  294  335  347  363  376  416  446
 [91]  438  443  460  453  441  466  475  463  496  525  558  614  628  623  613
[106]  700  736  776  729  813  811  877  855  928  892  941  960  998 1058 1096
[121] 1149

[[61]]
  [1]   10   30   32   27   22   18   23   22   32   29   35   28   42   60   47
 [16]   41   44   54   67   47   43   41   54   62   74   64   62   55   63   64
 [31]   69   65   77   68   87   97   86   86   67   56   49   66   75   63   73
 [46]   67   82   89   88   96  106  115  129  119  142  146  157  140  174  167
 [61]  160  155  168  187  194  195  207  236  238  246  231  217  231  242  248
 [76]  277  313  335  330  298  356  355  368  372  441  480  501  501  524  521
 [91]  581  644  696  706  715  749  782  828  831  816  869  905  984 1030 1119
[106] 1156 1215 1333 1409 1449 1405 1456 1516 1628 1675 1634 1742 1819 1847 1985
[121] 2025

[[62]]
  [1]   10   37   41   33   33   29   29   24   31   40   40   34   30   35   33
 [16]   37   36   31   28   25   32   56   49   55   48   53   56   58   61   54
 [31]   57   52   55   69   65   72   68   71   71   84   64   65   74   78   78
 [46]   87  100  109  102  113  112  129  129  133  156  168  148  148  165  179
 [61]  179  173  204  207  170  213  236  220  230  250  270  278  307  327  386
 [76]  384  375  383  417  413  468  466  481  505  512  493  501  545  561  538
 [91]  539  577  684  711  689  667  724  718  731  816  865  858  867 1012 1060
[106] 1089 1223 1220 1232 1280 1339 1404 1354 1437 1543 1660 1756 1792 1850 1897
[121] 1990

[[63]]
  [1]   10   46   44   45   29   29   26   25   42   43   39   40   41   45   55
 [16]   44   53   60   68   58   61   57   69   88   99  122  144  130  138  113
 [31]  121  147  140  166  165  154  177  211  230  241  226  212  246  242  269
 [46]  271  295  331  356  359  379  350  374  373  379  438  479  442  466  500
 [61]  510  515  521  554  579  632  670  602  639  670  710  749  768  746  762
 [76]  824  863  925  951  935 1020 1128 1117 1222 1326 1345 1387 1516 1491 1500
 [91] 1653 1759 1816 1882 1875 1987 2238 2424 2463 2480 2595 2637 2862 2760 2916
[106] 3149 3327 3424 3601 3677 3745 3988 4229 4189 4260 4355 4511 4713 4755 4999
[121] 5157

[[64]]
  [1]   10   27   26   21   25   33   26   37   30   43   44   47   39   52   42
 [16]   40   36   32   36   51   61   52   48   48   54   50   59   59   70   60
 [31]   72   78   72   68   85   85   89   83   91   95   84   94   99   83  104
 [46]  125  138  132  118  129  141  148  144  141  158  153  170  185  189  189
 [61]  206  217  222  229  231  232  268  303  283  326  312  328  352  394  407
 [76]  443  452  499  510  457  473  539  578  550  540  535  609  632  665  701
 [91]  682  758  803  814  846  862  898  980  966 1048 1135 1206 1240 1244 1333
[106] 1358 1432 1498 1516 1609 1680 1724 1859 1948 2132 2236 2324 2368 2599 2677
[121] 2680

[[65]]
  [1]   10   38   44   26   25   21   23   27   38   47   38   36   37   31   36
 [16]   38   55   51   49   30   40   44   50   41   45   35   30   44   48   56
 [31]   66   53   76   66   56   70   79   84   79   94   96  112  146  169  148
 [46]  154  144  167  174  166  191  197  182  194  229  231  241  241  238  204
 [61]  242  233  283  286  313  333  332  336  359  397  406  434  401  424  487
 [76]  571  536  531  559  532  620  654  703  705  704  727  753  704  769  840
 [91]  837  926  880  920  964 1055 1074 1180 1246 1246 1225 1330 1358 1394 1449
[106] 1565 1629 1669 1763 1759 1818 1927 2008 2057 2123 2193 2247 2364 2486 2525
[121] 2673

[[66]]
  [1]   10   22   17   22   28   30   31   39   43   43   58   70   80   88   78
 [16]   67   60   62   75   88   92  100   79   83   87   90   92   89  113  116
 [31]  103  115  135  147  175  169  153  163  175  158  153  143  169  148  181
 [46]  171  199  218  225  198  184  235  215  232  219  262  280  270  273  291
 [61]  299  337  294  358  350  352  327  352  380  393  410  363  399  421  486
 [76]  488  530  527  535  578  616  600  615  666  713  748  763  800  804  834
 [91]  848  902  937 1031 1042 1015 1121 1151 1182 1210 1279 1428 1484 1539 1559
[106] 1638 1641 1673 1792 1931 1943 2028 2096 2163 2247 2427 2485 2610 2653 2716
[121] 3018

[[67]]
  [1]   10   33   28   25   21   26   28   28   35   27   23   34   47   53   37
 [16]   30   43   47   53   50   56   68   52   59   71   56   63   68   69   58
 [31]   65   80   90   93   92   71  104  112  139  122  136  126  179  193  204
 [46]  180  176  190  207  216  231  174  183  222  224  259  228  229  229  198
 [61]  219  241  275  325  314  321  384  405  375  437  410  433  499  493  507
 [76]  517  480  518  564  552  589  583  646  664  727  724  737  729  768  754
 [91]  822  831  836  932  979 1066 1129 1110 1244 1330 1395 1422 1442 1472 1493
[106] 1599 1671 1702 1741 1865 1814 1840 1886 1963 2080 2162 2218 2252 2431 2455
[121] 2459

[[68]]
  [1]   10   40   49   38   39   37   31   46   55   69   72   63   67   73   75
 [16]  100  109  102   94  107  103  110  143  177  166  164  170  168  203  198
 [31]  257  309  323  272  278  325  329  297  318  349  300  343  351  404  389
 [46]  384  420  424  475  462  474  450  504  545  603  638  692  718  715  675
 [61]  710  785  780  876  905  883  927  978 1014 1095 1142 1146 1289 1317 1393
 [76] 1473 1478 1674 1710 1773 1818 1902 1916 2013 2019 2166 2321 2517 2590 2631
 [91] 2759 2901 3013 3152 3294 3440 3458 3602 3744 4005 4120 4237 4264 4476 4593
[106] 4823 5082 5270 5376 5595 5915 6246 6490 6542 6829 7243 7604 7926 8178 8331
[121] 8759

[[69]]
  [1]   10   24   36   31   21   18   40   45   42   39   41   41   43   55   52
 [16]   49   47   46   58   61   53   69   61   76   83   91   88   80   85   81
 [31]   89   85   96   75   86  100   99  101   99  102  106  114  119  144  143
 [46]  147  149  145  139  166  194  211  214  219  224  223  250  250  264  252
 [61]  260  252  279  311  326  353  373  360  383  441  431  487  448  442  464
 [76]  465  471  532  516  589  588  595  652  654  631  674  714  782  768  763
 [91]  797  855  830  862  865  895  933  997 1035 1141 1155 1243 1325 1361 1389
[106] 1390 1484 1628 1620 1710 1679 1798 1830 1884 2005 2054 2123 2189 2271 2293
[121] 2392

[[70]]
  [1]  10  52  46  36  31  37  45  51  55  67  51  52  56  41  53  64  50  55
 [19]  49  44  62  61  43  45  41  47  46  54  62  57  65  60  58  54  51  61
 [37]  45  64  56  50  43  44  51  54  58  61  49  52  58  53  65  50  46  53
 [55]  55  64  78  70  78  75  85  92 119  96  85  98 137 142 154 153 151 142
 [73] 134 135 127 142 153 162 175 152 167 177 192 182 202 200 194 205 231 224
 [91] 232 249 235 245 258 259 250 256 262 276 277 286 278 300 316 353 328 345
[109] 392 381 439 450 469 412 444 447 524 527 550 651 698

[[71]]
  [1]  10  17  18   9   8   8   8   8  13  11   9   9   8   8  20  20  18  24
 [19]  29  25  28  23  17  24  27  34  26  22  26  40  39  35  26  29  24  31
 [37]  30  30  30  30  27  15  14  12  22  15  21  16  18  17  13  13  20  18
 [55]  19  21  18  23  27  36  39  37  29  37  44  41  40  38  61  62  50  48
 [73]  42  36  41  52  46  75  69  62  59  74  71  76  76  87  72  86  97 103
 [91] 111 113 124 145 154 142 163 153 173 168 169 175 195 168 146 173 172 183
[109] 168 174 195 177 192 188 167 188 247 221 234 220 231

[[72]]
  [1]   10   37   30   33   26   26   16   20   19   25   23   15   14   19   19
 [16]   26   36   45   42   41   46   63   70   65   53   61   64   74   66   68
 [31]   71   68   74   78  113  108  130  121  109  110  139  188  180  181  157
 [46]  201  185  158  171  206  221  217  237  223  228  222  232  236  311  269
 [61]  331  341  322  349  354  383  413  442  452  480  526  515  519  549  568
 [76]  612  607  660  664  667  773  749  765  814  845  884  888  983 1018 1029
 [91] 1108 1165 1190 1327 1345 1447 1468 1567 1521 1526 1619 1631 1709 1882 1845
[106] 1901 2030 2090 2176 2258 2402 2435 2516 2632 2764 2864 3034 3162 3199 3325
[121] 3532

[[73]]
  [1]   10   20   28   25   20   22   15   14   18   13   13   19   24   26   22
 [16]   22   22   29   27   22   28   23   28   33   40   37   33   36   45   51
 [31]   52   44   53   72   59   61   71   71   92   92  103  115  113   96   98
 [46]   84  116  151  160  155  146  144  145  132  145  147  150  135  145  156
 [61]  164  156  181  185  181  178  177  200  192  195  213  242  218  216  221
 [76]  260  252  230  250  275  302  288  276  283  306  316  313  329  351  341
 [91]  360  355  390  416  411  432  476  504  514  525  594  561  592  621  645
[106]  604  646  684  707  740  792  827  823  842  889  971 1032 1039 1066 1046
[121] 1177

[[74]]
  [1] 10 36 25 15 12 23 13 18 11  9  8 11  7 14 25 23 20 21 16 19 13 24 29 22 16
 [26] 16 13 12 16 10 11 18 11  9  6  5 12  7  5  5  3  3 10 11  7  6  4 10  9  5
 [51]  5  3  3  3  2  2  2  2  4  3  1  1  1  1  1  1  1  1  1  1 10 12 17 20 18
 [76] 16 25 19 14 20 22 28 20 20 15 19 17 20 18 26 30 22 17 22 20 34 21 30 26 21
[101] 23 17 25 22 28 24 26 20 29 30 31 40 53 54 54 57 65 61 59 68 64

[[75]]
  [1] 10 37 39 28 27 32 40 32 30 22 28 30 20 17 12 10 18 16  9  8 16 22 18 16 12
 [26] 17 29 21 29 37 30 22 24 22 29 39 31 34 24 34 27 34 33 44 38 40 38 39 33 32
 [51] 42 43 28 22 30 32 35 31 26 25 21 16 22 22 15 15 19 15 25 25 24 21 16 21 29
 [76] 21 33 37 39 28 30 30 33 29 31 40 50 34 32 37 36 24 21 27 36 41 46 57 44 41
[101] 35 45 54 41 44 58 51 41 35 44 69 77 65 54 45 67 44 59 73 63 76

[[76]]
  [1]   10   34   31   33   29   25   27   24   24   30   35   41   55   48   42
 [16]   37   55   69   74   66   59   76   58   49   63   88   94   88   97   92
 [31]   93   93  113  102  129   98  101  107  140  139  131  159  137  162  167
 [46]  168  160  172  187  177  203  202  166  171  173  194  198  205  199  183
 [61]  215  221  239  239  276  239  248  241  251  275  264  256  277  273  262
 [76]  242  277  308  311  321  316  317  367  352  353  352  349  361  379  365
 [91]  380  388  391  462  486  505  500  517  525  589  596  637  601  657  684
[106]  760  766  795  788  925  986 1002 1034 1039 1057 1111 1167 1143 1172 1231
[121] 1284

[[77]]
  [1]   10   29   34   21   17   13   10   16   16   18   20   29   24   26   22
 [16]   24   20   36   55   41   43   38   38   45   36   36   43   48   53   71
 [31]   62   64   58   65   62   59   67   73   62   72   90   95   83   73   84
 [46]   77   93  110  117  100  109  107  133  115  141  162  158  180  186  162
 [61]  158  174  215  212  189  212  221  231  231  210  208  221  270  296  297
 [76]  273  282  315  348  353  404  422  412  427  422  484  525  507  498  513
 [91]  512  540  553  543  564  610  600  651  677  647  685  678  712  802  781
[106]  820  873  987 1060 1115 1060 1155 1229 1267 1385 1369 1353 1467 1555 1660
[121] 1643

[[78]]
  [1]   10   24   19   20   16   14   24   27   26   30   40   56   65   59   46
 [16]   69   78   86   82   75   87  130  116  118  134  141  152  146  162  182
 [31]  186  186  203  175  192  213  215  200  237  242  278  254  261  306  298
 [46]  275  286  289  290  313  326  323  313  359  396  433  393  401  423  412
 [61]  446  468  479  459  478  499  503  556  565  554  520  527  578  633  703
 [76]  739  788  825  843  898  945  947 1084 1106 1129 1190 1244 1239 1256 1263
 [91] 1306 1398 1394 1455 1524 1605 1656 1719 1765 1739 1866 1959 1974 1975 1977
[106] 2187 2293 2452 2489 2600 2624 2744 2854 2987 3146 3227 3319 3464 3728 3815
[121] 3973

[[79]]
  [1]  10  28  19  27  28  23  19  17  20  21  27  35  33  30  27  26  33  27
 [19]  37  56  52  39  34  37  34  41  53  50  39  46  53  57  42  56  78  48
 [37]  56  51  64  56  57  56  63  80  67  55  63  58  60  50  62  72  77  81
 [55]  66  79  93  90  92  97 100  93  98 100 102 100  98 121 110 119 117 126
 [73] 127 120 134 125 140 136 146 151 162 157 158 193 211 200 216 201 223 237
 [91] 231 202 235 269 290 279 278 286 328 330 349 342 377 400 398 419 460 477
[109] 494 496 513 504 555 539 583 638 626 634 632 660 641

[[80]]
  [1]   10   29   39   37   44   38   34   26   26   32   37   26   23   20   34
 [16]   31   53   57   46   49   58   82  103   93   99   82   94  110  119  123
 [31]  113  137  152  175  172  184  183  191  207  214  231  238  256  252  269
 [46]  294  292  358  327  295  298  331  351  388  377  398  368  388  386  412
 [61]  459  454  435  413  437  462  526  528  509  561  570  555  575  613  608
 [76]  681  736  727  685  788  839  868  899  959  979  992 1020 1088 1164 1203
 [91] 1158 1213 1275 1383 1460 1457 1502 1457 1601 1643 1725 1847 1850 1879 1922
[106] 2075 2110 2133 2138 2194 2355 2478 2547 2569 2654 2793 3093 3190 3285 3289
[121] 3367

[[81]]
  [1] 10 12 11 12  9  9  6  4  2  2  2  4  3  2  9  6 10  6 15 10  7  4  4  2  2
 [26]  7  5  3  3  2  2  2  2  1  1  1  6  3  2  2  2  2  2  1  2  5  5  5  4  4
 [51] 10 26 30 20 20 12 18 13 12  9  7 17 16 11  9  8  7  7  5  3  3  3  3  9  8
 [76]  5  3  5  3  2  2  4  6  2  2  1  1  1  1  1  1  1  2  1  1  1  1  1  1  1
[101] 10  7  5  4  4  8  6  9 14 10  9  9 12  8 12 10 11 16 14 20 25

[[82]]
  [1]   10   25   18   15   11    9   17   24   22   18   18   20   23   28   30
 [16]   24   33   31   44   33   42   43   48   57   56   52   55   61   61   50
 [31]   55   69   67   66   63   74   69   85   88   93   94  106  123  124  120
 [46]  103   90   92  102  107  118  119  133  125  112  122  103  139  161  163
 [61]  181  190  184  210  218  222  233  246  275  244  258  284  257  302  323
 [76]  310  286  289  359  325  375  346  341  388  435  418  428  500  522  534
 [91]  536  540  552  560  606  635  643  642  692  764  769  830  838  823  845
[106]  872  969  970 1013 1012 1000 1075 1117 1156 1175 1335 1271 1254 1364 1469
[121] 1554

[[83]]
  [1]  10  21  25  13  10  14  13  23  17  20  16  19  14  17  15  13  11   8
 [19]  13   9   9  14   8   8   6  11  15  11  17  19  21  14  17  15  15  18
 [37]  29  20  21  21  30  20  25  20  25  23  26  27  38  39  32  48  40  36
 [55]  32  29  33  33  29  30  40  32  36  33  50  40  39  45  64  67  77  68
 [73]  93  98  88  74  81  80  85  99  97  91  98 118 107 123 158 161 170 144
 [91] 152 155 158 160 178 178 187 180 223 196 217 254 268 288 297 324 333 378
[109] 408 398 435 426 435 489 502 583 638 651 657 696 742

[[84]]
  [1]   10   33   18   22   21   19   15   26   24   27   23   19   23   35   29
 [16]   26   25   37   30   23   18   26   21   24   42   44   36   34   42   52
 [31]   63   57   53   61   74   73   68   66   61   45   49   72   76   78   69
 [46]   79   87   86  101  106   98  106  119  126  152  144  135  144  146  171
 [61]  211  201  196  196  214  221  222  241  230  228  248  274  284  276  314
 [76]  322  324  314  300  304  331  380  367  337  349  369  374  420  447  464
 [91]  491  509  524  527  533  628  666  658  594  627  687  751  814  830  785
[106]  829  865  880  975 1007 1101 1153 1168 1186 1299 1322 1391 1367 1424 1495
[121] 1525

[[85]]
  [1]  10  21  18  13  13  14  12  15   9   7   6  11   8   8   9  13   6   3
 [19]   3   3   3   6   2   2   1   1  10  14   9   8   7  14  11  13  26  23
 [37]  13  21  14  26  19  17  18  14  12  21  29  26  26  38  29  42  49  52
 [55]  57  73  71  59  70  85  79  83 101  71  63  79 102 103 126 121 107 102
 [73] 109 132 126 126 130 139 138 160 208 197 165 181 189 190 197 234 248 232
 [91] 245 276 307 343 311 353 362 400 411 446 433 464 467 461 493 600 555 541
[109] 539 555 602 607 595 593 559 588 639 747 765 725 731

[[86]]
  [1] 10 21 11  9  9  9 11 23 16 15 12 15 20 19 23 15 18 21 14 13 17  9  8 12  9
 [26]  7  6 10  7  2  2  1  0  0  0  0  0  0  0  0  0  0  0  0  0  0  0  0  0  0
 [51]  0  0  0  0  0  0  0  0  0  0  0  0  0  0  0  0  0  0  0  0  0  0  0  0  0
 [76]  0  0  0  0  0  0  0  0  0  0  0  0  0  0  0  0  0  0  0  0  0  0  0  0  0
[101]  0  0  0  0  0  0  0  0  0  0  0  0  0  0  0  0  0  0  0  0  0

[[87]]
  [1]   10   32   39   23   19   17   21   20   16   17   15   20   23   18   12
 [16]   14   24   20   16   12   11   24   25   16   16   15   12   14   24   30
 [31]   30   24   28   31   33   19   26   22   40   42   35   36   28   40   34
 [46]   43   37   35   37   30   64   90   70   73   67   74   93  108  109   88
 [61]   91   90  119  112   92  110  125  140  157  170  171  177  183  209  245
 [76]  278  280  270  296  293  348  372  386  352  340  377  412  464  432  440
 [91]  484  482  512  534  593  623  614  639  675  686  683  746  812  842  852
[106]  815  824  950  983 1059 1093 1172 1096 1224 1216 1317 1405 1413 1484 1491
[121] 1595

[[88]]
  [1]   10   28   28   19   17   23   33   34   32   39   42   37   32   38   33
 [16]   47   59   47   34   54   66   48   50   57   72   75   71   68   65   68
 [31]   66   63   79   70   82   79   84   86   83  112  121  120  132  140  135
 [46]  131  146  175  172  201  197  227  252  239  215  228  259  276  263  235
 [61]  263  270  291  295  282  292  310  326  376  431  441  436  475  511  495
 [76]  519  594  607  612  637  642  661  720  783  818  839  908  897  874  956
 [91]  976  936 1012 1116 1180 1232 1175 1249 1265 1331 1372 1413 1538 1486 1609
[106] 1636 1657 1757 1777 1828 1829 1905 1929 2095 2137 2207 2353 2426 2492 2590
[121] 2655

[[89]]
  [1]   10   25   49   51   46   46   57   55   68   73   63   72   64   63  100
 [16]   92  100   98  118   86   86   76   99  110  135  128  120  112  119  122
 [31]  130  122  137  135  133  149  149  171  201  184  209  224  240  224  232
 [46]  240  221  237  227  269  292  291  307  295  319  335  356  403  395  386
 [61]  395  434  454  422  473  483  439  444  518  523  560  574  634  639  649
 [76]  649  690  683  714  793  841  888  826  854  938  916  956 1018 1092 1090
 [91] 1091 1148 1269 1319 1311 1360 1427 1398 1522 1633 1708 1741 1758 1783 1882
[106] 1954 2035 2144 2284 2260 2423 2539 2709 2706 3005 3042 3274 3415 3526 3577
[121] 3741

[[90]]
  [1] 10 38 27 17 12 11 12  9  8 11 12 12 10 14  9  8  5  9 21 18 15 11 10  7  8
 [26]  8  7  7 11  7 12 23 12 16 11  8  6  4  3  6  4  2  2  6  3  6  6  5  5  9
 [51]  5  5  4 10  5  4  2  2  3  2  2  2  2  2  2  2  2  2  7 10  5  4  4  4  4
 [76]  4  4  7  3  2  4  2  0  0  0  0  0  0  0  0  0  0  0  0  0  0  0  0  0  0
[101]  0  0  0  0  0  0  0  0  0  0  0  0  0  0  0  0  0  0  0  0  0

[[91]]
  [1]   10   40   28   18   15   13   20   34   36   34   26   33   29   32   35
 [16]   40   31   36   33   28   26   38   54   58   64   50   66   71   68   81
 [31]   77  104  104  115  103  114  104  124  132  117  153  138  123  159  146
 [46]  209  214  220  247  228  217  227  245  281  261  287  305  337  352  348
 [61]  357  336  404  398  391  379  426  460  450  458  532  519  539  504  526
 [76]  565  629  673  681  680  640  687  741  810  851  854  813  925  986 1076
 [91] 1140 1194 1221 1168 1278 1305 1369 1402 1446 1511 1512 1542 1650 1716 1659
[106] 1661 1667 1778 1966 2033 2133 2167 2163 2208 2420 2464 2661 2616 2731 2873
[121] 3117

[[92]]
  [1]   10   41   37   41   29   29   46   39   36   40   51   42   50   58   57
 [16]   57   56   56   74   83   90  100   99   96  106  114  128  123  121  115
 [31]  123  143  152  156  133  150  167  180  185  195  227  228  232  276  280
 [46]  265  277  265  341  338  343  302  293  373  425  431  446  422  441  568
 [61]  604  542  555  519  591  626  740  723  712  770  799  860  877  921  913
 [76]  954  970 1046 1013 1055 1082 1156 1221 1278 1334 1400 1426 1500 1621 1718
 [91] 1715 1838 1931 1962 2047 2058 2128 2244 2350 2434 2532 2633 2749 2910 2963
[106] 3007 3221 3379 3503 3556 3760 3824 3985 4212 4497 4521 4974 4965 5264 5442
[121] 5628

[[93]]
  [1]   10   24   31   20   17   15   35   46   49   53   61   52   41   57   66
 [16]   55   56   56   65   63   56   63   60   46   58   57   72   64   68   87
 [31]   85   91   91  100   96   82   92  134  149  137  134  130  151  157  153
 [46]  176  178  196  208  231  249  258  242  251  286  285  329  304  321  318
 [61]  322  381  388  417  437  432  456  477  493  531  561  619  676  683  682
 [76]  715  690  708  779  884  832  900  870  908  907  948 1008 1033 1076 1050
 [91] 1130 1166 1155 1240 1321 1404 1457 1475 1461 1589 1695 1715 1832 1843 1906
[106] 1939 1985 2097 2157 2302 2346 2340 2461 2552 2609 2776 2896 3154 3357 3452
[121] 3502

[[94]]
  [1]   10   37   46   54   50   42   56   56   56   61   69   71   61   68   69
 [16]   87   85   75   71   73   86   82   92   81   98   99   97   79   70   97
 [31]  124   93  100   78   99   95  107  127  132  112  126  120  133  147  147
 [46]  150  119  123  152  159  191  177  176  192  197  193  200  203  220  210
 [61]  252  262  303  308  306  295  320  365  328  357  383  392  382  372  349
 [76]  421  453  501  496  504  509  570  596  600  641  697  702  717  671  650
 [91]  744  807  812  817  877  935  949  952  972 1021 1083 1155 1232 1214 1267
[106] 1259 1309 1452 1632 1665 1702 1661 1751 1867 1947 2064 2017 2170 2199 2336
[121] 2410

[[95]]
  [1]  10  29  22  25  26  22  26  33  34  35  34  47  43  33  29  27  48  33
 [19]  36  34  34  27  38  55  53  52  46  38  46  52  50  62  64  72  64  67
 [37]  75  69  74  64  67  76  84  74  64  61  58  82  85  97  62  65  59  67
 [55]  54  58  51  60  56  66  71  75  71  74  86  92 104 101 107 112 111  99
 [73] 149 127 142 163 148 149 132 146 175 175 192 184 218 255 251 248 257 304
 [91] 293 289 269 299 351 374 365 384 372 381 411 485 539 547 510 494 585 633
[109] 674 676 711 763 696 754 725 716 769 817 882 892 904

[[96]]
  [1]   10   38   30   31   32   29   33   31   38   38   47   54   41   31   28
 [16]   31   32   43   51   57   43   41   32   32   37   42   48   43   51   45
 [31]   45   40   37   35   47   48   49   57   49   55   58   48   55   60   63
 [46]   68   62   67   66   71   75   90   89   94   93   97  114  137  144  137
 [61]  135  152  139  166  172  190  176  187  179  182  183  205  238  281  277
 [76]  243  260  308  317  343  331  340  388  405  441  456  428  512  524  547
 [91]  582  594  580  590  676  738  695  746  838  875  876  919  890  974 1002
[106] 1105 1176 1159 1195 1203 1318 1461 1571 1610 1700 1786 1798 1902 2011 2025
[121] 2129

[[97]]
  [1]   10   52   54   38   34   33   34   36   57   61   65   63   56   64   72
 [16]   85   82   64   74   94  126  121  120  128  131  133  129  133  138  153
 [31]  128  137  148  169  165  195  190  189  211  202  196  233  250  257  304
 [46]  308  306  337  346  373  411  435  445  437  436  469  510  504  514  523
 [61]  523  530  560  616  613  685  698  715  719  723  731  791  856  910  880
 [76]  896  934  969 1008 1056 1087 1161 1182 1173 1195 1279 1336 1391 1511 1544
 [91] 1553 1634 1740 1842 1891 1980 2069 2076 2183 2294 2402 2467 2532 2606 2688
[106] 2807 2856 3022 3116 3155 3275 3462 3684 3807 3756 3963 4081 4311 4460 4682
[121] 4876

[[98]]
  [1]  10  32  17  13  10  15  16  20  23  19  22  23  24  27  18  20  23  19
 [19]  20  20  16  19  27  19  25  21  44  44  32  29  27  49  44  54  55  45
 [37]  48  34  40  33  63  62  56  66  92  73  66  63  69  52  77  75  54  65
 [55]  77  71  56  60  57  91  78  77  95  96  94  92 100 115 115 117 125 114
 [73] 131 126 135 142 140 128 141 177 169 192 183 180 178 170 196 199 205 202
 [91] 235 262 223 212 251 257 245 277 251 274 279 303 312 350 348 321 354 365
[109] 371 388 448 438 405 391 436 437 492 553 540 518 519

[[99]]
  [1]  10  22  18  20  14  17  12   8   9   7  12  18  14  15  12  18  15  11
 [19]  15  18  16  19  20  14  29  27  37  26  23  28  36  34  29  23  32  34
 [37]  23  23  18  28  26  28  23  22  29  25  28  38  36  42  41  49  50  61
 [55]  59  53  58  77  69  55  52  52  63  82  82  68  67  88  97  82  88 102
 [73] 113  97 112 116 135 152 161 151 166 158 174 183 209 196 157 163 176 220
 [91] 189 175 199 242 248 239 259 291 264 323 339 341 390 384 388 389 424 463
[109] 469 460 429 457 496 529 533 505 583 560 614 631 667

[[100]]
  [1]  10  37  28  22  14  24  18  19  33  35  26  29  26  27  46  49  47  30
 [19]  36  34  34  36  29  32  30  31  22  20  25  25  28  46  40  28  26  20
 [37]  38  40  36  31  45  47  44  34  30  27  29  41  36  26  32  36  37  41
 [55]  48  44  42  37  51  46  54  59  57  54  57  50  47  52  87  96  85  83
 [73]  70  69  77  83  86  90  95  98 107 126 116 112 118 138 141 151 126 127
 [91] 144 157 160 190 163 152 150 159 180 208 211 232 240 266 250 242 257 302
[109] 307 309 355 339 397 417 439 444 504 519 566 560 584

[[101]]
  [1] 10 16 20  8  7  6  7  6  6  5  3  3  3  3  2  5  2  0  0  0  0  0  0  0  0
 [26]  0  0  0  0  0  0  0  0  0  0  0  0  0  0  0  0  0  0  0  0  0  0  0  0  0
 [51]  0  0  0  0  0  0  0  0  0  0  0  0  0  0  0  0  0  0  0  0  0  0  0  0  0
 [76]  0  0  0  0  0  0  0  0  0  0  0  0  0  0  0  0  0  0  0  0  0  0  0  0  0
[101]  0  0  0  0  0  0  0  0  0  0  0  0  0  0  0  0  0  0  0  0  0

[[102]]
  [1]  10  44  37  27  20  19  25  15  13   9   8   9   9   9  12  10  13  14
 [19]  11  17  11   6   5  10   7   5   5   3   8   7   4  11   9   7   7   6
 [37]   5   8  16  15  11  10   9  13  13  16  14  17  15  28  19  24  21  21
 [55]  15  21  29  26  27  27  30  33  28  34  44  46  56  54  49  62  45  48
 [73]  38  49  39  44  39  54  55  48  65  70  80  79  78  95 101 103 113 134
 [91] 141 141 162 170 139 187 179 201 222 226 202 259 256 249 267 259 249 297
[109] 293 333 340 343 357 405 398 433 446 440 414 469 527

[[103]]
  [1]  10  46  47  46  32  32  30  41  35  30  26  18  18  20  18  20  27  23
 [19]  20  17  15  12  11  11  11  21  16  15  22  20  20  17  16  25  20  37
 [37]  44  40  38  40  39  34  27  31  49  48  43  33  37  37  30  36  40  50
 [55]  64  82  73  65  78  83  77  88  90  87  78  91  86  75  95  99  99  91
 [73]  76  83  79  86  80  90  84  95 110 126 119 134 121 116 114 129 117 118
 [91] 114 142 142 136 131 130 124 131 185 166 158 161 209 215 211 204 211 215
[109] 240 272 276 311 296 307 324 339 336 328 397 399 409

[[104]]
  [1]   10   27   31   34   26   39   44   34   39   37   57   48   58   51   62
 [16]   64   91   72   79   97  119  111  119  113   92  107  110  125  110  109
 [31]  115   92  114  124  114  131  172  158  161  152  144  158  176  208  222
 [46]  221  243  257  249  243  257  270  286  300  295  296  294  297  346  388
 [61]  375  413  433  444  442  480  536  540  562  589  607  590  603  645  672
 [76]  718  792  768  779  815  838  949 1031 1007 1053 1110 1218 1202 1276 1235
 [91] 1374 1355 1382 1461 1526 1534 1583 1649 1803 1863 1986 2069 2088 2200 2305
[106] 2333 2413 2503 2628 2684 2856 3073 3084 3254 3250 3515 3679 4009 4092 4212
[121] 4324

[[105]]
  [1]   10   25   19   13   12   15   15   21   22   26   24   21   24   24   26
 [16]   22   47   55   46   37   47   39   53   66   72   66   58   58   54   66
 [31]   91   93   85   79   97  112  106  115  105   90   74   74   76   77   70
 [46]   97   81   78   82  101   85   95  109  116  127  126  117  125  152  153
 [61]  135  143  170  185  193  188  178  159  188  201  207  232  198  213  198
 [76]  224  234  259  276  297  277  287  325  325  376  379  372  374  416  428
 [91]  452  470  452  541  540  570  611  674  676  713  745  770  796  839  878
[106]  884  935  931  874  940 1084 1112 1119 1095 1210 1327 1386 1352 1449 1445
[121] 1584

[[106]]
  [1]   10   25   22   23   13   16   36   23   22   25   19   15   27   30   36
 [16]   26   26   29   25   27   29   32   35   42   53   54   51   60   60   60
 [31]   58   74   86   80   75   83   90   93  105   87   96   96  116  117  116
 [46]   90   91  101  121  128  118  139  189  198  190  222  192  205  231  233
 [61]  231  245  238  239  242  266  293  286  310  283  304  333  350  341  355
 [76]  376  411  450  471  504  495  499  482  547  549  680  703  715  742  748
 [91]  706  803  822  860  950  864  981 1031 1073 1125 1171 1334 1292 1301 1412
[106] 1428 1534 1535 1658 1721 1697 1739 1874 1948 1974 2112 2215 2243 2368 2424
[121] 2527

[[107]]
  [1]   10   27   40   38   32   32   35   30   42   38   33   34   33   29   30
 [16]   36   33   42   41   47   58   58   58   64   56   62   77   69  103   87
 [31]   86   80   87   87   80   99   91  124  108  127  120  124  126  111  120
 [46]  133  134  141  154  131  140  148  131  115  144  161  149  169  177  190
 [61]  198  169  177  200  228  182  237  248  262  243  266  293  287  295  294
 [76]  276  289  268  285  312  319  343  350  380  394  415  443  473  497  515
 [91]  537  603  656  720  701  745  740  766  798  835  886  969  961  974 1064
[106] 1151 1174 1234 1256 1270 1264 1351 1395 1466 1480 1576 1652 1679 1829 1839
[121] 1929

[[108]]
  [1]  10  32  32  23  16  12  10  13  28  23  17  20  21  25  23  18  13   9
 [19]   9   9  20   8   6   6   4   3   3   3   3   4   3   5   9  13   8   7
 [37]   5  20  11  15  15  13  16  18  25  17  16  14  11  15  12  13  17  13
 [55]  15  14  12  10   9   8  10   7   7  13   9   6   8  11   9  15  11  15
 [73]  13  20  32  22  16  13  18  19  23  23  18  18  26  34  30  26  18  25
 [91]  23  37  47  62  60  62  46  53  56  71  79  70  58  81  88 103  97  92
[109]  77  83  80  78  86 103 100 118 117 124 115 106 140

[[109]]
  [1]   10   27   32   26   23   34   32   47   34   35   38   28   28   39   56
 [16]   46   57   60   43   49   61   49   67   53   68   77   65   60   62   62
 [31]   56   63   68   64   73   68   85   84  104  109  102  103  121  107  122
 [46]  137  137  147  167  174  198  199  185  205  214  203  206  189  192  201
 [61]  225  257  271  266  249  230  218  257  290  303  301  302  275  285  303
 [76]  357  399  426  414  401  415  506  501  523  517  498  523  563  623  657
 [91]  611  634  607  715  723  749  763  855  919  955  895 1057 1034 1067 1146
[106] 1220 1304 1191 1270 1422 1429 1513 1561 1563 1586 1733 1756 1883 1934 2058
[121] 2066

[[110]]
  [1]   10   49   37   26   24   20   17   31   33   26   33   35   26   31   31
 [16]   32   28   34   35   54   51   38   45   38   49   41   53   51   54   68
 [31]   90   93   79   73   72   75   84   88   91   72   84   79   95   94   87
 [46]   99  108  101  116  108  114  128  126  136  152  170  173  166  181  194
 [61]  208  205  212  228  230  262  286  311  297  292  282  338  330  365  356
 [76]  334  375  403  420  420  443  480  486  505  525  553  580  633  592  596
 [91]  583  670  640  667  759  779  804  809  830  877  892  973 1028  997 1060
[106] 1027 1118 1209 1241 1257 1276 1432 1483 1519 1592 1615 1589 1648 1708 1748
[121] 1803

[[111]]
  [1]   10   19   14   10   12   17   14   18   23   21   21   19   23   24   23
 [16]   17   15   19   19   28   26   27   20   28   35   31   31   30   38   43
 [31]   35   57   66   70   72   64   60   76  103  121  107  103  102   80   94
 [46]   96  110  116  113  115  131  118  109  134  120  136  124  141  131  129
 [61]  138  142  126  174  177  177  185  195  203  196  187  198  237  260  269
 [76]  275  284  305  293  272  342  371  368  345  392  387  407  455  444  439
 [91]  415  427  514  496  476  527  517  539  576  563  618  673  689  731  780
[106]  837  889  919  942  974  982 1130 1172 1183 1186 1259 1257 1376 1429 1399
[121] 1527

[[112]]
  [1]   10   14    8    9    8    6    7    6   15    9   10    9   13   18   19
 [16]   11   11   20   37   36   26   33   40   46   56   45   42   38   51   75
 [31]   67   57   53   44   47   46   80   76   85   66   67   68   97  103   96
 [46]   92   76  108  103  106  119  119  117  109  119  126  150  135  155  160
 [61]  189  193  217  204  251  222  210  226  266  319  305  320  326  320  307
 [76]  334  368  369  370  375  406  371  398  424  455  439  448  450  496  504
 [91]  509  539  547  555  576  617  641  677  732  738  746  758  807  867  879
[106]  906  990 1051 1029 1097 1109 1276 1344 1361 1462 1527 1539 1643 1656 1691
[121] 1846

[[113]]
  [1]   10   31   18   12   10    8   15   23   30   30   29   46   36   31   55
 [16]   55   36   45   59   76   65   64   69   81   77   97   87   87  118  147
 [31]  126  110  111  132  158  130  135  139  161  145  127  144  177  182  209
 [46]  217  198  200  214  229  259  251  264  267  290  301  287  359  395  394
 [61]  398  372  371  410  479  483  476  516  528  532  549  604  609  639  694
 [76]  704  706  726  696  720  728  799  808  825  842  840  966  987 1013 1072
 [91] 1057 1085 1105 1117 1167 1252 1300 1318 1411 1497 1523 1590 1685 1678 1652
[106] 1722 1793 1913 1994 2061 2108 2212 2351 2447 2544 2636 2613 2722 2901 2935
[121] 3101

[[114]]
  [1]   10   34   26   21   18   14   22   23   28   21   31   27   33   24   21
 [16]   34   49   52   42   44   34   43   43   46   42   60   66   81   74   63
 [31]   72   69   74   85   75   88  108  126  104  103   93  116  121  141  127
 [46]  160  136  139  131  138  157  194  163  163  161  181  175  164  198  230
 [61]  264  268  280  261  252  255  297  293  313  385  392  439  440  420  508
 [76]  555  542  585  606  641  620  650  716  766  756  754  792  925  880 1028
 [91] 1062 1139 1169 1208 1225 1297 1357 1427 1362 1485 1601 1658 1646 1701 1780
[106] 1859 2038 2180 2274 2272 2377 2505 2606 2687 2840 2967 3054 3129 3395 3430
[121] 3555

[[115]]
  [1]  10  22  16  13  11  11  17  13  20  24  25  24  15  13  11  10  11  11
 [19]  10  15  12  11  11   9  16  13  13   9  18  13  11   9  15  19  22  30
 [37]  24  23  19  20  27  39  50  62  59  53  58  59  53  51  47  56  76  71
 [55]  65  86  87  89  87  80  91 120 124 114 111 135 150 167 175 156 176 157
 [73] 147 189 171 212 226 217 206 212 253 282 255 269 257 269 282 320 322 292
 [91] 295 326 365 362 366 377 430 442 449 453 456 499 551 556 548 549 605 651
[109] 637 725 677 719 730 743 781 835 930 906 884 874 898

[[116]]
  [1]   10   36   19   19   15   18   35   28   24   27   29   32   44   29   38
 [16]   37   29   36   43   54   47   48   42   35   41   54   45   41   53   44
 [31]   40   41   91   72   53   45   65   51   51   53   64   73   44   45   62
 [46]   76   74   64   51   66   61   69   69   86   84   87   83   87  124  140
 [61]  127  119  153  165  151  154  154  154  159  159  174  190  205  199  192
 [76]  216  240  266  276  281  304  343  309  325  360  400  480  490  498  492
 [91]  524  488  498  539  566  633  631  638  613  695  731  712  776  808  862
[106]  916  899  926 1015 1027 1171 1225 1214 1268 1365 1366 1425 1457 1524 1632
[121] 1640

[[117]]
  [1]   10   25   26   20   17   22   29   27   29   40   35   49   50   52   62
 [16]   72   74   60   62   69   69   47   49   44   42   52   56   65   63   69
 [31]   65   87   73   71   84   93   85  102  118  108   98   97  129  134  116
 [46]  138  142  149  142  133  172  152  143  156  199  207  178  195  204  180
 [61]  233  234  244  246  252  273  276  288  307  336  360  379  367  381  422
 [76]  425  471  481  483  546  555  566  575  633  649  658  669  748  767  782
 [91]  783  857  908  981  995 1094 1103 1143 1303 1253 1281 1286 1391 1396 1481
[106] 1530 1598 1585 1690 1880 1966 2097 2098 2187 2206 2362 2418 2555 2626 2592
[121] 2685

[[118]]
  [1]  10  34  23  18  14  10  11  14  17  20  21  17  18  17  27  17  19  17
 [19]  28  41  37  41  41  36  35  37  29  22  30  36  30  33  36  26  25  34
 [37]  34  34  35  65  51  56  44  46  37  49  48  51  58  64  65  73  98  97
 [55]  94  80  65  74  83  91 107  96 120  93  91  92 122 127 122 141 131 136
 [73] 118 122 141 137 142 172 166 160 187 170 206 175 162 160 167 180 173 197
 [91] 191 187 190 220 198 183 191 199 215 223 204 220 244 249 279 334 318 314
[109] 337 321 327 334 363 449 419 422 420 473 454 515 508

[[119]]
  [1]   10   27   50   42   34   32   34   47   61   44   41   61   61   65   71
 [16]   53   74   61   72   55   68  109  124  118  121  147  121  133  171  154
 [31]  161  158  181  199  212  211  210  249  230  255  223  298  330  338  302
 [46]  295  323  332  349  372  368  374  399  378  395  394  391  418  479  458
 [61]  451  474  499  531  558  568  592  646  622  700  667  638  666  740  719
 [76]  675  723  798  766  815  829  933  902  908  922  998 1056 1132 1085 1081
 [91] 1216 1236 1224 1305 1354 1525 1588 1635 1717 1818 1876 1884 1905 1963 2051
[106] 2191 2214 2350 2520 2633 2649 2764 2843 3019 3219 3240 3418 3463 3590 3714
[121] 3739

[[120]]
  [1]   10   13   10    9    9    9   19   18   18   20   16   14   16   23   25
 [16]   29   28   25   26   42   41   38   45   77   60   52   54   50   52   65
 [31]   79   77   58   65   79   70   83   88   98  101  102   87  108  123  112
 [46]  136  133  180  173  177  165  187  233  222  209  227  245  222  284  268
 [61]  275  259  266  311  379  408  368  377  386  424  454  425  468  478  486
 [76]  476  504  520  568  573  611  618  622  620  671  689  803  837  795  853
 [91]  860  967 1011 1010 1090 1074 1180 1197 1201 1226 1213 1340 1493 1525 1566
[106] 1680 1714 1846 1952 2132 2231 2314 2477 2564 2644 2712 2887 2949 3049 3158
[121] 3223

[[121]]
  [1]   10   39   26   22   18   20   26   20   32   38   45   37   39   42   33
 [16]   37   41   56   50   54   60   61   52   55   65   70   84   82   75   85
 [31]   89   81  102  130  128  115  100  105  129  146  158  171  190  185  200
 [46]  196  203  202  236  257  220  242  251  286  289  261  298  292  307  316
 [61]  351  319  343  350  371  382  371  364  392  401  463  479  498  558  524
 [76]  562  599  642  666  683  733  660  691  736  788  872  898  894  936 1063
 [91] 1126 1110 1152 1165 1280 1337 1403 1394 1524 1512 1674 1710 1729 1798 1816
[106] 1860 1905 2098 2181 2217 2253 2392 2565 2558 2757 2747 2812 2970 3091 3228
[121] 3373

[[122]]
  [1]   10   29   24   18   13   10   17   19   14   14   17   21   21   20   11
 [16]    9   19   22   15   15   14   15   29   27   27   31   25   19   35   48
 [31]   40   44   41   42   51   49   52   51   47   57   63   80   74   78   82
 [46]   76   90  100  100   94   91  109  105   97  114  122  135  122  136  140
 [61]  149  162  154  148  155  158  178  192  204  199  243  233  233  243  247
 [76]  258  216  211  242  298  307  277  285  280  279  335  385  436  405  392
 [91]  430  450  460  454  535  550  566  581  570  675  703  695  786  768  767
[106]  812  799  807  838  879  943  973 1006 1050 1027 1127 1116 1088 1186 1231
[121] 1242

[[123]]
  [1]   10   16   25   17   14   22   24   27   18   14   10   13   15   21   27
 [16]   21   21   18   21   24   17   13   17   30   35   26   46   39   34   26
 [31]   21   33   34   45   49   35   55   67   63   60   57   61   67   58   62
 [46]   69   51   55   59   58   47   57   67   51   55   69  108  111  106  118
 [61]  119  146  118  134  146  167  170  162  179  172  168  160  176  203  226
 [76]  221  195  177  197  235  227  262  266  273  254  296  266  324  375  369
 [91]  388  399  439  457  445  428  524  520  539  562  617  654  633  674  742
[106]  799  866  823  863  877  870  889 1009 1095 1070 1104 1161 1149 1163 1163
[121] 1268

[[124]]
  [1]  10  33  33  27  17  14  12   9  13  12   7   7   7   5   8  12  20  25
 [19]  23  20  15  16  15  13  17  13  13  11  10  23  13  10  17  11  13  16
 [37]  12  17  15  13  15  15  14  22  14  19  13  12  17  14  17  18  14  11
 [55]  21  17  18  15  13  15  16  31  28  24  22  18  20  20  14  12  10  10
 [73]   8  20  13  14  12  15  15   8  11  14  21  27  19  17  20  20  34  42
 [91]  37  40  38  50  44  52  45  51  60  53  50  70  62  94  89  76  87  80
[109]  97 101 114 120 105 112 124 142 175 186 201 204 191

[[125]]
  [1]  10  32  27  26  27  31  30  27  40  47  37  30  29  27  34  31  31  31
 [19]  26  34  37  48  39  50  51  38  40  31  32  30  39  37  40  40  45  39
 [37]  38  51  61  43  45  48  50  50  52  54  50  55  48  54  49  46  55  54
 [55]  52  78  85  81  84  82 116 120 120 114 113 119 129 135 129 136 138 141
 [73] 163 199 189 185 173 183 189 238 214 203 227 204 262 245 228 252 298 304
 [91] 289 293 290 313 309 333 321 355 386 397 414 421 403 442 485 484 514 528
[109] 568 585 574 576 637 654 667 739 764 803 877 868 945

[[126]]
  [1]   10   33   36   23   23   34   41   40   33   31   37   54   64   55   44
 [16]   50   51   52   79   83   77   67   65   67   89   90  105   90   98   96
 [31]  106  146  164  158  152  126  143  158  170  179  140  146  156  148  202
 [46]  205  189  193  204  243  216  244  226  236  257  243  266  319  336  297
 [61]  286  326  341  371  382  416  465  431  434  432  480  498  545  578  571
 [76]  623  677  685  673  634  689  758  790  791  884  943  914  965  970 1014
 [91] 1041 1067 1167 1203 1266 1248 1263 1266 1382 1431 1502 1543 1648 1875 1848
[106] 1935 2018 2103 2207 2303 2402 2477 2565 2656 2743 2781 2915 2944 3055 3087
[121] 3194

[[127]]
  [1]   10   47   52   48   37   39   57   44   42   35   31   34   33   32   37
 [16]   36   41   45   53   50   48   54   64   56   64   70   76   89  120   94
 [31]   94  107  146  164  161  181  170  201  223  234  259  255  270  260  255
 [46]  270  277  298  352  330  327  332  331  341  373  407  389  388  412  482
 [61]  530  538  508  556  638  656  690  693  732  753  832  909  925  883  996
 [76] 1073 1145 1230 1243 1277 1277 1339 1383 1412 1444 1440 1585 1588 1736 1783
 [91] 1826 1856 1957 2166 2157 2243 2386 2452 2499 2490 2600 2857 2974 3047 3204
[106] 3383 3492 3551 3584 3796 3982 4193 4200 4370 4520 4735 4975 5249 5451 5703
[121] 6086

[[128]]
  [1]   10   29   37   38   36   49   61   52   56   52   55   63   43   40   44
 [16]   40   35   35   37   33   45   51   57   41   42   53   60   59   67   63
 [31]   75   88   96   78   95   92   89  104   98   88   95  110  111  101  110
 [46]  136  151  158  139  141  152  176  188  206  244  208  190  198  227  221
 [61]  212  219  208  224  231  248  273  259  277  278  303  318  302  359  350
 [76]  362  353  397  426  460  495  504  484  473  497  538  591  575  672  709
 [91]  793  815  796  810  804  881  923 1043 1040 1052 1072 1124 1227 1295 1370
[106] 1446 1483 1403 1503 1564 1669 1712 1817 1863 1893 2009 2046 2110 2172 2236
[121] 2297

[[129]]
  [1]   10   45   42   37   36   35   36   52   64   75   83   79   68   68   65
 [16]   68   71   81   78   77   71   84   91   92   96  108  123  115  113  116
 [31]  110  102   94  102  121  118  119  115  138  126  127  139  169  179  191
 [46]  191  196  189  180  202  225  241  264  275  277  273  271  298  311  330
 [61]  334  357  337  325  359  417  445  461  459  444  456  566  586  576  549
 [76]  547  559  555  594  630  644  664  631  648  691  699  814  828  792  782
 [91]  841  908  923  965  945 1028 1034 1087 1106 1146 1174 1183 1234 1276 1323
[106] 1369 1420 1463 1506 1545 1601 1601 1732 1843 1933 1980 1962 2106 2116 2263
[121] 2365

[[130]]
  [1]   10   27   21   17   13   10    9   14   13   17   22   31   21   20   14
 [16]    9   15   12   12   31   26   23   19   21   34   29   37   30   32   30
 [31]   45   60   53   47   41   32   47   64   50   64   47   45   49   50   80
 [46]   65   82   98   95   95  110   91  101  102  111  103  108  131  144  162
 [61]  166  156  153  145  187  185  190  178  180  215  227  235  265  300  286
 [76]  309  353  326  348  327  354  395  395  462  473  472  473  507  552  572
 [91]  603  593  636  632  721  743  796  841  819  959  953 1040 1119 1156 1200
[106] 1236 1322 1303 1411 1463 1550 1590 1642 1719 1787 1863 1849 1903 2011 2059
[121] 2124

[[131]]
  [1]   10   26   17   13   12    9   28   17   18   13   19   14   31   29   29
 [16]   22   44   46   37   41   34   40   42   40   36   50   36   30   33   41
 [31]   41   44   30   51   38   38   39   48   45   48   40   49   47   51   56
 [46]   43   46   59   55   69   59   66   94   83   95  108   79  102  103   94
 [61]  115  118  131  141  148  154  136  133  157  172  165  189  182  175  178
 [76]  210  186  202  237  210  239  232  247  284  262  287  304  344  352  408
 [91]  383  403  419  487  491  489  476  535  554  610  645  660  717  705  704
[106]  713  706  850  904  938  978  961  894  972 1017 1000 1022 1098 1212 1240
[121] 1335

[[132]]
  [1] 10 48 33 25 22 15 14 10  8 16 18 13 12 16 11 10 19 26 11  5  3  3  1  1  1
 [26]  0  0  0  0  0  0  0  0  0  0  0  0  0  0  0  0  0  0  0  0  0  0  0  0  0
 [51]  0  0  0  0  0  0  0  0  0  0  0  0  0  0  0  0  0  0  0  0  0  0  0  0  0
 [76]  0  0  0  0  0  0  0  0  0  0  0  0  0  0  0  0  0  0  0  0  0  0  0  0  0
[101]  0  0  0  0  0  0  0  0  0  0  0  0  0  0  0  0  0  0  0  0  0

[[133]]
  [1]   10   33   47   27   26   20   23   24   47   43   32   34   30   30   33
 [16]   39   42   49   50   52   47   55   46   55   57   54   43   46   44   53
 [31]   69   57   51   47   46   50   62   72   56   61   65   62   78   79   96
 [46]   87  100   97   84  124  110  129  125  132  144  153  160  168  183  167
 [61]  170  168  170  184  199  219  224  228  265  287  262  252  265  268  282
 [76]  332  326  353  370  361  360  389  396  386  434  418  405  439  463  437
 [91]  490  471  478  465  534  577  561  539  566  639  649  676  722  706  778
[106]  797  869  896  936  963 1055 1106 1158 1200 1202 1269 1291 1345 1404 1458
[121] 1558

[[134]]
  [1]   10   42   40   25   19   17   21   21   27   21   25   22   24   21   24
 [16]   36   30   32   26   24   25   46   42   37   37   34   43   41   45   50
 [31]   53   66   59   65   79   85   94   88   84   82   80  108  115  122  116
 [46]  117  131  124  135  148  155  156  152  155  159  165  155  180  168  187
 [61]  206  204  190  197  203  201  248  271  226  265  269  281  270  289  295
 [76]  337  313  299  343  369  395  358  358  382  418  462  452  460  466  478
 [91]  537  572  663  676  662  660  677  712  836  881  882  945  975 1007 1061
[106] 1133 1169 1176 1195 1218 1331 1255 1383 1413 1428 1499 1560 1636 1624 1648
[121] 1691

[[135]]
  [1] 10 46 23 24 20 25 18 25 19 35 39 26 22 19 18 13  9  8  7  6  4  7 11 11  8
 [26]  9  9 14  9 11  8  7 10 10  9  7  6  5 10  8  9 12  8  6  6  5  8  7 16 16
 [51] 13  9  8 13 24 14 15 13 10 10  7 13 11 10 13  6  4  4  7 12  7  7  6  4  4
 [76]  4  3 11  9  4  4  4  3  3  3  3  9  9  7 12 11  8 14 15 12  9 14 12 14 23
[101] 22 31 36 39 33 39 36 35 42 36 46 55 48 67 75 71 72 66 64 62 91

[[136]]
  [1]   10   43   53   47   39   39   44   39   51   48   59   77   78   74   72
 [16]   75   75   73   89   85   83   78   74   83   87  104  118  118  118  135
 [31]  142  155  171  169  192  186  142  141  177  164  185  204  211  190  176
 [46]  210  207  182  174  203  216  241  239  249  241  251  277  254  269  293
 [61]  311  314  328  353  368  416  381  390  393  422  517  497  511  616  635
 [76]  641  635  665  735  701  684  708  710  712  716  715  794  904  886  885
 [91]  954 1037 1026 1043 1168 1171 1236 1214 1285 1334 1403 1402 1507 1503 1543
[106] 1608 1655 1773 1875 1811 1916 1966 2069 2256 2272 2410 2566 2731 2883 2999
[121] 3022

[[137]]
  [1]   10   45   53   39   32   36   31   38   46   58   57   55   63   57   62
 [16]   62   63   72   85   68   76  102   87   96  101  114   99  106  118  129
 [31]  129  108  103  106  112  117  100  110  111  109  114  125  117  123  131
 [46]  137  133  124  133  142  183  171  181  180  195  218  226  226  233  268
 [61]  288  281  290  298  324  330  335  363  367  393  447  488  492  466  520
 [76]  530  583  613  603  641  687  696  696  834  803  846  831  851  933  978
 [91] 1031 1082 1078 1111 1239 1210 1235 1257 1374 1355 1404 1561 1643 1659 1745
[106] 1811 1889 1944 1971 2078 2186 2280 2437 2518 2550 2660 2645 2807 3060 3161
[121] 3230

[[138]]
  [1]   10   36   21   13   13   10   12   12   20   22   17   12   19   31   37
 [16]   27   23   19   32   35   47   49   56   49   42   49   45   54   50   57
 [31]   53   66   93   96   98   94   97  121  125  127  140  158  189  181  162
 [46]  175  207  189  208  222  234  253  237  255  238  267  276  288  308  277
 [61]  308  333  316  296  357  380  362  407  412  416  448  441  452  500  496
 [76]  510  597  570  621  619  718  739  775  769  808  860  866  936  939  976
 [91] 1057 1102 1139 1219 1309 1391 1460 1519 1481 1666 1642 1684 1734 1846 1916
[106] 1895 1889 2024 2084 2112 2241 2481 2554 2620 2796 2737 2850 2991 3114 3195
[121] 3420

[[139]]
  [1]  10  40  34  30  23  25  17  25  22  22  21  32  22  23  19  19  18  14
 [19]  19  24  41  37  43  33  30  35  40  32  43  52  59  37  41  50  40  32
 [37]  34  43  45  39  40  38  56  72  62  54  50  51  50  60  46  74  83  74
 [55]  72  88  87 101 104 103  94 115 136 122 137 132 122 146 141 125 129 142
 [73] 151 150 151 163 176 162 159 164 169 194 180 182 186 205 261 252 290 266
 [91] 279 285 309 307 305 291 309 334 288 291 321 332 355 386 365 438 419 440
[109] 451 448 416 474 457 495 490 537 531 555 635 662 689

[[140]]
  [1]   10   41   43   29   23   21   20   61   63   51   45   53   67   68   76
 [16]   64   82   98   78   88   93   82   92  119  113  121  131  153  159  161
 [31]  164  161  169  168  133  164  169  171  165  210  213  190  228  208  238
 [46]  248  282  276  278  297  375  331  301  298  323  366  372  338  369  394
 [61]  494  471  462  465  479  514  549  576  583  623  683  688  794  821  805
 [76]  862  852  958 1036 1071 1131 1156 1164 1232 1339 1384 1388 1429 1476 1550
 [91] 1659 1692 1678 1748 1865 1915 2025 2127 2198 2348 2388 2424 2515 2659 2775
[106] 2871 2927 3116 3216 3360 3386 3427 3599 3743 3802 3958 3988 4143 4395 4596
[121] 4722

[[141]]
  [1] 10 25 21 20 19 16 13 20 23 19 12  9 13 29 36 18 16 13 12 26 15 13 16 15 23
 [26] 13 16 11 17 31 26 26 25 21 23 18 28 27 23 16 13 14 13 11  9 14 10  9 11  9
 [51]  7  6  6  7 12 14 10 13  9  7 11  8  8 11  8  6 12  7  4  3  2  2  2  3  3
 [76]  1  1  1  2  2  2  1  1  1  1  1  1  1  1  1  1  1  1  1  1  0  0  0  0  0
[101]  0  0  0  0  0  0  0  0  0  0  0  0  0  0  0  0  0  0  0  0  0

[[142]]
  [1]  10  21  18  12  12  15  23  13  12  16  18  20  23  18  25  16   9   9
 [19]   6   6   6   5   5  12  15  14  11   9  13  13  19  17  10  16   8  16
 [37]  21  21  15  14  18  23  18  20  16  21  19  21  33  31  28  31  45  44
 [55]  37  33  25  32  37  36  41  41  38  33  30  40  41  35  34  42  54  41
 [73]  42  40  35  40  56  51  56  55  55  56  70  57  64  83 109 104 109 106
 [91] 123 131 135 149 124 141 150 159 156 136 133 143 181 177 181 165 142 171
[109] 172 179 199 238 220 254 258 282 264 280 276 288 300

[[143]]
  [1]   10   35   34   34   38   35   34   43   53   44   45   48   47   40   54
 [16]   53   68   83   88   77   83   73   74   85  106  101  102  118  113   93
 [31]   92  100   98  105  108   82   96   96  129  108  115  107  112  129  131
 [46]  139  131  117  132  127  142  172  165  173  162  178  208  191  187  188
 [61]  204  223  233  238  320  314  304  304  336  374  387  381  412  409  425
 [76]  449  482  512  468  475  441  471  476  492  524  508  591  572  599  601
 [91]  634  685  669  683  722  739  825  881  928  964  961  932  991 1039 1141
[106] 1242 1304 1290 1435 1408 1467 1505 1625 1624 1693 1682 1781 1851 1925 2044
[121] 2015

[[144]]
  [1]  10  10  15   7   7   7  10  18  19  13  12   8  20  18  20  22  22  17
 [19]  19  19  23  19  17  21  24  23  23  16  14  27  29  25  29  24  12  15
 [37]  19  20  20  13  12  27  28  29  21  23  21  33  41  41  46  47  63  73
 [55]  69  78  72  87 102 109  88  79  82 108 120 103 119 131 136 140 156 132
 [73] 121 115 126 148 164 180 177 164 171 184 221 266 206 208 235 256 285 321
 [91] 303 295 313 333 346 330 353 362 345 364 388 374 424 403 417 430 513 574
[109] 602 571 608 634 657 695 675 707 753 824 828 913 941

[[145]]
  [1]   10   36   22   25   28   28   30   35   29   43   39   26   38   38   25
 [16]   39   40   41   43   37   43   45   61   63   59   62   68   70   67   61
 [31]   82   64   78   78   91   75   69   95  108  106  102  104  105  100   97
 [46]  123  121  125  132  132  123  164  159  168  154  158  196  211  204  200
 [61]  183  190  151  160  199  215  217  207  181  190  216  240  251  267  273
 [76]  312  335  334  371  351  344  345  369  389  400  415  400  405  480  424
 [91]  425  488  503  526  508  575  571  607  622  627  646  656  668  749  781
[106]  837  826  863  931 1004 1006 1006 1043 1101 1192 1182 1272 1315 1351 1463
[121] 1497

[[146]]
  [1] 10 17 15 13 11  9  7  6  4  4  8  7  8 13  7  5  3  7  5  3  3  3  8 11  7
 [26]  5  6 10  6  4 10 11  7  5  4  4  4  5  3  8  5  5  7  5  4  6  4  4  3 10
 [51]  7  7  5  5 18 14 16 14  7  6  8 14 22 22 16 27 23 16 27 29 17 21 23 21 17
 [76] 13 17 10 17 13 10 10 16 19 14 15 12 17 13 18 14 21 24 19 13 17 27 18 21 24
[101] 34 25 21 21 32 37 62 48 45 38 35 31 35 41 42 50 44 41 48 38 52

[[147]]
  [1]  10  29  30  33  25  19  26  23  15  25  17  15  18  21  32  28  23  19
 [19]  17  22  24  27  19  23  18  28  47  33  32  28  31  43  52  35  28  31
 [37]  29  28  33  35  30  29  30  39  35  32  40  34  47  32  30  33  33  40
 [55]  51  50  62  54  69  56  65  69  69  69  65  66  67  72  71 107  92  77
 [73]  92 124 121 112 115 108 137 122 115 126 132 169 201 201 193 189 203 232
 [91] 233 256 253 243 264 284 277 307 339 339 345 331 367 385 403 374 375 402
[109] 476 504 484 492 503 564 565 564 583 682 703 728 709

[[148]]
  [1]   10   27   24   20   18   15   25   34   38   37   29   28   32   30   38
 [16]   40   39   38   46   49   65   65   66   71   85   86  107   98   96  100
 [31]  107  106  119  126  125  142  147  174  172  132  148  160  220  235  262
 [46]  278  267  263  308  276  364  339  356  338  386  390  418  476  551  566
 [61]  547  568  593  605  597  591  625  639  666  640  693  667  689  730  776
 [76]  790  823  868  874  885  911  953  971  984  997 1043 1131 1229 1258 1273
 [91] 1246 1427 1577 1613 1629 1698 1735 1759 1891 1932 1941 2093 2245 2347 2381
[106] 2368 2446 2571 2714 2822 2863 3029 3103 3174 3367 3428 3692 3845 3930 4065
[121] 4271

[[149]]
  [1]   10   31   26   28   23   30   25   39   29   26   20   31   36   49   37
 [16]   49   50   46   53   54   56   53   60   62   76   77   76   78   99  108
 [31]  127   98  102   86  119  122  143  124  106  128  138  132  135  128  146
 [46]  155  179  177  172  202  168  167  200  186  217  202  184  200  196  197
 [61]  231  285  294  261  270  288  326  363  379  366  348  408  447  450  492
 [76]  518  542  544  539  612  587  583  646  682  752  766  823  849  855  842
 [91]  895  938  992 1007 1072 1087 1147 1176 1195 1244 1305 1380 1404 1498 1500
[106] 1487 1650 1704 1807 1963 2032 2090 2251 2246 2374 2427 2504 2582 2726 2824
[121] 3005

[[150]]
  [1]   10   30   36   28   18   19   20   18   20   16   21   19   12    9   20
 [16]   23   23   14   12   19   15   13   23   30   24   24   44   46   43   45
 [31]   35   44   49   50   48   60   47   41   49   62   62   70   85   77   65
 [46]   72   98  109  111  105  111  122  112  108  116  115  101  121  144  127
 [61]  101  111  111   98  104  129  138  165  156  145  181  155  178  189  212
 [76]  201  197  190  212  218  209  215  219  231  213  230  260  290  308  296
 [91]  296  323  336  354  342  365  361  388  390  351  365  438  465  461  475
[106]  509  552  612  591  609  659  691  683  695  743  755  774  821  895  986
[121] 1013

> save(reslist, file=paste("output",iter,".rda",sep=""))
> 
> 
> ###############################################################
> 
> 
> # Clear the workspace and turn off graphics.
> #  Load all the functions you need by sourcing the provided demographic.R file
> #  Read in the job number from the cluster. To do this, your code should include a new
> # variable iter and should start with the line:
> # iter <- as.numeric(Sys.getenv(PBS_ARRAY_INDEX))
> #  Control the random number seeds so that each parallel simulation takes place with a
> # different seed. Your function should therefore set the random number seed as iter so that
> # each parallel simulation has a unique random seed.
> #  In each parallel run, select the initial condition to be used. Ensure that 25 of the parallel
> # simulations are allocated to each of the initial conditions.
> #  Create a variable which is the filename to store your results. The end of the filename
> # should be the number iter to ensure that simulation files do not overwrite one another on
> # the cluster.
> #  Initialise a list which will contain the results of your 150 simulations.
> #  Call the stochastic_simulation function to do the appropriate simulation 150 times,
> # appending the output to the results list, and then save the results list.
> 
> #four initial conditions (25 cluster runs per)
> #each cluster run runs simulation 150 times
> #1) large population of 100 adults
> #2) small population of 10 adults
> #3) 100 individuals spread
> #4) small population of 10 individuals
> 
R has finished running

============================================

        Job resource usage summary 

                 Memory (GB)    NCPUs
 Requested  :         1             1
 Used       :         0 (peak)   0.77 (ave)

============================================
