R is about to run

R version 4.4.1 (2024-06-14) -- "Race for Your Life"
Copyright (C) 2024 The R Foundation for Statistical Computing
Platform: x86_64-conda-linux-gnu

R is free software and comes with ABSOLUTELY NO WARRANTY.
You are welcome to redistribute it under certain conditions.
Type 'license()' or 'licence()' for distribution details.

R is a collaborative project with many contributors.
Type 'contributors()' for more information and
'citation()' on how to cite R or R packages in publications.

Type 'demo()' for some demos, 'help()' for on-line help, or
'help.start()' for an HTML browser interface to help.
Type 'q()' to quit R.

> 
> 
> growth_matrix <- matrix(c(0.1, 0.0, 0.0, 0.0,
+ 0.5, 0.4, 0.0, 0.0,
+ 0.0, 0.4, 0.7, 0.0,
+ 0.0, 0.0, 0.25, 0.4),
+ nrow=4, ncol=4, byrow=T)
> 
> reproduction_matrix <- matrix(c(0.0, 0.0, 0.0, 2.6,
+ 0.0, 0.0, 0.0, 0.0,
+ 0.0, 0.0, 0.0, 0.0,
+ 0.0, 0.0, 0.0, 0.0),
+ nrow=4, ncol=4, byrow=T)
> 
> clutch_distribution <- c(0.06,0.08,0.13,0.15,0.16,0.18,0.15,0.06,0.03)
> 
> #=========================================================================================
> rm(list=ls())
> graphics.off()
> source("Demographic.R")
> source("kl2621_HPC_2024_main.R")
[1] 0 0 0 0 3
[1] 3 3 2 2 2
[1] 2 2
 [1] 7 5 4 3 3 2 1 1 1 1 1 1 1 1 1 1 1 1 1 1 1
> 
> 
> ###4 initial conditions
> 
> ############################################################
> 
> 
> 
> #VVVVVVVVVVVV-------------COMMENT ME OUT WHEN RUNNING THE THING
> #iter <- 5
> #VVVVVVVVVVV--------------UNCOMMENT ME OUT
> iter <- as.numeric(Sys.getenv("PBS_ARRAY_INDEX"))
> set.seed(iter)
> 
> 
> if (iter <= 25) {
+ initial_state <- state_initialise_adult(4,100) #100 adults
+ } else if (iter >25 && iter <= 50) {
+ initial_state <- state_initialise_adult(4,10) #10 adults
+ } else if (iter >50 && iter <= 75) {
+ initial_state <- state_initialise_spread(4,100) #100 spread
+ } else {
+ initial_state <- state_initialise_spread(4,10) #10 spread
+ }
> 
> reslist <- list()
> 
> ####100 cluster runs
> ###################################################
> ####150 runs of stochastic_simulation per cluster run
> for (i in 1:150) {
+     #################################
+     ###120 steps of stochastic_simulation per simulation
+     stochasticresult <- stochastic_simulation(initial_state,growth_matrix,reproduction_matrix,clutch_distribution,120)
+     reslist[[i]] <- stochasticresult
+     #################################
+ }
> ###################################################
> 
> print(reslist)
[[1]]
  [1]   10   12    7    7    7   14   16   10   17   25   23   19   20   17   27
 [16]   28   21   20   34   44   35   30   23   27   29   43   44   41   35   33
 [31]   34   33   31   45   44   35   33   50   53   67   69   77   84  101   95
 [46]   91  116  116  126  121  123  144  160  163  145  157  122  133  176  185
 [61]  207  229  192  171  196  199  193  184  196  214  244  252  242  254  245
 [76]  283  342  371  338  352  359  386  414  404  435  470  515  523  561  506
 [91]  512  551  578  605  666  686  677  778  759  783  815  869  847  945 1034
[106] 1035 1097 1182 1204 1170 1233 1284 1357 1380 1465 1488 1445 1508 1688 1815
[121] 1890

[[2]]
  [1]   10   12   19   16   12   15   20   19   10   17   17   16   11   15   11
 [16]   14   12    9   13   11   18   16   16   14   15   27   21   35   31   26
 [31]   28   29   27   37   37   38   45   30   29   24   40   40   52   42   46
 [46]   34   45   48   50   46   55   48   45   68   66   60   71   64   74   75
 [61]   93   91   94   94  106  123  140  129  134  142  158  147  154  162  176
 [76]  159  176  189  203  197  204  227  229  256  229  237  224  254  269  260
 [91]  292  328  328  328  321  325  360  385  388  423  417  472  476  511  591
[106]  537  578  654  708  697  723  700  725  746  752  795  854  871  963 1005
[121] 1031

[[3]]
  [1]  10   8  14  14  14  13  17  15  10  13  21  20  17  11  11  15  16  19
 [19]  20  17  15  20  17  14  14  12  15  13  15  14  12  12  12  22  18  26
 [37]  17  32  22  22  28  42  35  28  27  24  28  31  26  30  18  24  15  14
 [55]  24  22  15  26  27  22  28  20  25  32  44  47  48  44  36  46  51  56
 [73]  45  49  42  53  67  70  66  71  65  49  49  60  80  75  85  80  74  87
 [91]  95  93 100 102 121 139 153 154 152 162 142 164 152 133 120 158 168 160
[109] 129 133 152 171 184 217 204 221 232 249 274 288 304

[[4]]
  [1]  10  10  11  11   9   5   4  14  10   9   8   8   5   3   3   2   6   4
 [19]   3   3   2   2   2   2   2   9   5   3   2   7   8  12   5   5  11   7
 [37]   8  10   7   4  15  15  11   9  15  19  17  12  11   9  14  18  12  13
 [55]  17  17  18   9   8   8  12  19  18  16  12  10  12  19  21  13  18  15
 [73]  20  23  24  19  15  18  16  18  23  27  42  35  39  33  50  54  58  60
 [91]  47  51  68  75  79  57  60  71  74  90  69  80 105  94  92  92 114 140
[109] 131 126 109 100  98  90 133 132 117 136 137 133 136

[[5]]
  [1]   10   15   21   19   17   14   15   16   11   16   15   17   12   11   21
 [16]   10   16   21   21   16   18   25   22   16   15   25   21   26   24   23
 [31]   25   22   24   30   24   35   32   23   28   35   48   46   47   43   50
 [46]   66   67   59   62   64   65   68   82   96   83   84   95  112   97  100
 [61]   87   98  103  109  135  127  129  122  138  167  177  180  178  167  207
 [76]  209  234  253  275  268  267  282  280  307  331  320  317  302  303  333
 [91]  362  364  358  428  429  415  419  423  500  488  555  565  551  568  560
[106]  609  611  653  704  755  753  774  797  832  873  888  861  974  960 1032
[121] 1041

[[6]]
  [1]   10    8    7    6   11   12   15   16   18   14   14   15   18   15   12
 [16]   12   21   26   19   36   37   27   20   22   23   23   24   25   43   38
 [31]   43   37   42   34   33   28   44   47   56   52   42   41   47   68   53
 [46]   56   52   48   54   56   48   59   73   67   65   62   84   75   84   71
 [61]   84   98  105   90   87  109  135  153  122  116  128  123  149  154  159
 [76]  156  144  164  184  195  194  214  226  228  226  243  248  285  261  278
 [91]  272  265  323  317  333  357  375  396  458  460  481  489  524  554  576
[106]  598  606  633  649  654  635  722  738  788  793  745  761  748  799  931
[121] 1019

[[7]]
  [1] 10 15 10  7  7  5  9 14 10  8  7  5  4  7  6  6  4  8  4  3  3  3  3  3  2
 [26]  2  1  6  4  4  3  3  7  6  4  4  4 10  6  7  8 14 11 14 19 14 17 13 14  9
 [51] 14  9  8  7 12  7  7  6  6  6  6  5  4 12  9  7  4  3  3  3  3  8  5  3  2
 [76]  7  9  7  5  5  5  5  4  4  4 22 11  8  5  6  5  3  8 17 11 11  8  7 15 15
[101] 14 13 11  8 13 16 16 17 10 16 19 29 17 18 13 18 27 31 32 31 33

[[8]]
  [1]   10   16   20   21   20   29   33   27   30   31   38   49   49   38   49
 [16]   42   60   70   67   55   62   61   57   74   77   81   99   82   88   95
 [31]   98  120  142  115  118  139  149  153  157  178  190  195  216  204  223
 [46]  230  243  254  297  331  324  320  351  346  402  427  416  401  398  416
 [61]  469  480  490  495  497  518  509  521  517  539  610  641  593  648  708
 [76]  715  721  785  822  843  853  849  911  955  985 1012 1070 1153 1181 1241
 [91] 1250 1318 1353 1412 1505 1590 1625 1742 1839 1941 2001 2192 2292 2269 2340
[106] 2517 2487 2541 2665 2732 2786 2828 2943 3114 3205 3297 3413 3593 3643 3839
[121] 3893

[[9]]
  [1]   10   21   28   27   26   33   41   41   29   23   23   24   27   23   28
 [16]   20   20   14   13   24   39   46   33   29   45   41   48   39   48   39
 [31]   44   46   52   50   63   62   64   60   60   59   40   51   52   56   56
 [46]   65   87   68   75   73   84   96  111  110  106  124  104  112  112  113
 [61]  113  121  138  117  141  141  149  144  176  163  183  190  195  212  245
 [76]  217  187  219  243  254  297  305  305  324  379  377  405  389  364  362
 [91]  344  381  428  449  446  464  476  539  497  511  552  565  632  598  611
[106]  663  730  793  818  804  835  823  876  918  979  999 1066 1039 1084 1090
[121] 1094

[[10]]
  [1]   10    8   15   13   12   11   20   15   17   15   15   27   20   17   18
 [16]   20   26   37   50   45   44   54   63   67   94   88   79   80   88   81
 [31]   86   85   86  116  131  118  110  127  127  149  166  163  175  158  176
 [46]  199  195  233  214  208  201  236  264  279  272  254  274  287  335  343
 [61]  326  331  332  360  417  397  423  444  424  438  480  519  541  546  558
 [76]  597  594  637  700  708  752  733  792  866  886  868  891  982 1032 1062
 [91] 1067 1056 1145 1208 1338 1417 1365 1429 1429 1537 1584 1601 1736 1751 1863
[106] 1995 2188 2229 2311 2414 2502 2657 2738 2789 2929 3146 3227 3290 3365 3552
[121] 3783

[[11]]
  [1]  10  11   9  12  12  11   7   7   7   6  17  17  25  19  14  23  23  29
 [19]  42  47  56  48  46  38  47  27  38  29  36  37  38  40  41  52  48  37
 [37]  41  50  68  57  54  54  60  60  56  52  58  67  74  66  80  81  66  79
 [55]  75 104 109  95 106  86  90 107 110  99 103  87  84  80  95  89 107  92
 [73]  80  93  93 111 102 104 122 143 150 145 171 166 171 168 208 222 213 223
 [91] 247 253 271 287 260 283 289 291 281 303 361 326 353 385 365 379 401 402
[109] 402 385 394 424 450 440 420 478 463 482 493 504 524

[[12]]
  [1]   10   12    9    8    8    6   15   19   16   19   24   42   40   29   32
 [16]   38   41   45   39   44   47   68   53   45   51   52   47   58   69   71
 [31]   56   53   65   67   66   86   89   98   82   91  114  125  133  136  169
 [46]  176  191  174  205  219  221  229  220  229  304  288  248  237  237  263
 [61]  322  300  262  296  294  295  296  340  346  334  338  364  390  375  398
 [76]  393  386  413  422  465  471  452  527  496  503  524  576  580  678  688
 [91]  670  722  783  844  914  976  995 1024 1153 1170 1244 1287 1377 1353 1401
[106] 1494 1553 1596 1670 1762 1872 1968 1997 1997 2092 2213 2229 2446 2527 2641
[121] 2684

[[13]]
  [1]   10   17   12   13   14   11    9   10   16   10   16   11   16   12   17
 [16]   28   25   28   19   17   34   46   46   45   49   73   89   99   86   93
 [31]   86   95   80   89  101   77   96  120  124  117  133  115  126  125  150
 [46]  147  130  152  175  178  181  229  223  214  216  227  215  236  261  282
 [61]  287  305  310  306  317  327  337  352  366  374  434  441  424  442  464
 [76]  460  495  517  507  596  565  568  599  616  652  666  720  802  772  835
 [91]  833  818  830  840  932  905  906  960 1044 1023 1197 1258 1231 1351 1371
[106] 1323 1481 1603 1651 1771 1880 1818 1927 2052 2175 2107 2234 2338 2524 2522
[121] 2596

[[14]]
  [1]  10   7   6   5   5   7  14  10   9   4   4  11   9   8  10   8  23  22
 [19]  14  16  12  15  18  18  17  14  19  16  18  14  24  19  27  25  31  27
 [37]  51  47  36  33  46  42  54  54  50  54  51  50  41  59  46  59  54  62
 [55]  60  69  73  78  77  70  61  61  71 100  96  93 105 115  98  93 126 109
 [73] 113 122  94 114 111  99 101 114 116 110 114 118  92 120 140 133 135 150
 [91] 140 169 146 151 167 177 178 179 195 208 209 206 198 222 230 236 262 246
[109] 276 288 308 352 348 373 389 432 427 447 440 433 446

[[15]]
  [1] 10 13  8  4  4  4  4  5  3  3  2  2  1  1  1  1  1  1  6  4  3  3  2  1  0
 [26]  0  0  0  0  0  0  0  0  0  0  0  0  0  0  0  0  0  0  0  0  0  0  0  0  0
 [51]  0  0  0  0  0  0  0  0  0  0  0  0  0  0  0  0  0  0  0  0  0  0  0  0  0
 [76]  0  0  0  0  0  0  0  0  0  0  0  0  0  0  0  0  0  0  0  0  0  0  0  0  0
[101]  0  0  0  0  0  0  0  0  0  0  0  0  0  0  0  0  0  0  0  0  0

[[16]]
  [1]   10    9   20   19   20   14   15   26   22   16   14   13    7   11   12
 [16]   11   15   10   10    8    7   12   14    8   12   16   14   18   32   29
 [31]   30   27   31   40   42   49   55   59   82   75   74   61   93   94   87
 [46]  103   91  101  122  124  110  152  157  155  185  162  188  215  191  195
 [61]  196  170  233  214  253  274  275  315  375  374  335  375  390  385  408
 [76]  455  476  492  524  514  504  469  525  553  621  604  582  617  696  722
 [91]  701  758  746  795  756  728  816  904  895  877  911  968 1036 1045 1007
[106] 1051 1072 1102 1158 1222 1318 1411 1366 1436 1509 1609 1664 1732 1778 1774
[121] 1852

[[17]]
  [1]   10    8   11    8    7   13   10    9   15   14   12   15   27   21   26
 [16]   23   26   27   31   30   29   27   23   31   49   41   45   35   27   43
 [31]   36   32   47   40   49   57   58   54   54   45   46   51   58   62   70
 [46]   61   56   60   83   81   71   78   82   79   64   72   95   99   82  110
 [61]  117  114  119  133  124  131  139  127  118  157  150  150  146  200  174
 [76]  184  201  209  254  259  290  286  303  324  369  332  356  418  478  467
 [91]  483  540  536  557  556  585  608  670  636  648  678  692  680  756  784
[106]  847  808  832  885  984 1024 1048 1070 1136 1205 1175 1277 1293 1310 1340
[121] 1417

[[18]]
  [1]   10   14   21   13   10    8    9   13   11   10   13   22   15   12   14
 [16]   32   21   22   29   39   47   37   31   42   47   56   46   50   56   56
 [31]   61   52   60   67   64   85   81   81   98   92   84   97   96   98  109
 [46]  108   97   85   99  107  113  117  110  101  121  131  122  114  120  127
 [61]  120  131  137  156  155  142  146  170  168  176  151  157  182  193  187
 [76]  178  178  183  216  224  221  245  241  306  338  393  379  371  409  377
 [91]  400  417  464  486  474  480  500  526  514  500  496  548  572  594  593
[106]  639  623  641  707  685  704  716  803  877  921  967 1026 1044 1134 1204
[121] 1226

[[19]]
  [1]   10   13   11   13   20   20   23   21   17   28   25   37   27   35   27
 [16]   37   44   48   62   65   59   59   78   88  105  108  114  122  128  130
 [31]  134  134  151  165  166  205  215  245  244  213  227  215  208  197  220
 [46]  216  232  240  256  276  275  258  281  319  375  373  373  417  385  364
 [61]  356  417  406  444  448  496  510  575  603  613  622  625  657  744  747
 [76]  700  735  726  721  791  840  845  903  899  943  959 1046 1144 1144 1199
 [91] 1264 1296 1366 1336 1433 1420 1510 1532 1644 1662 1627 1717 1851 1873 1899
[106] 2003 2019 2176 2283 2323 2493 2482 2641 2734 2947 2957 2971 3208 3334 3487
[121] 3577

[[20]]
  [1]  10   7  13   9   9  18  22  19  17  15  13  12   9  21  13  21  21  24
 [19]  29  24  23  20  23  13  18  18  11  23  14  12  11   9  20  18  12  10
 [37]  14  11  11  11   9   8   8   7  16  14  16  17  17  14  10  13   9  15
 [55]  11  16  18  19  21  16  20  24  29  34  36  34  32  22  21  18  28  25
 [73]  20  18  26  17  22  28  20  16  20  17  18  18  22  21  26  28  31  46
 [91]  55  53  61  66  62  65  68  76  77  85  78  78  65  74  68  73  85  72
[109]  78  81  79  75  84  87 118 121 120 111 103 113 119

[[21]]
  [1] 10 17 17 15 17 14 24 22 18 12 16 15 22 17 19 19 14 15 46 34 20 17 22 19 26
 [26] 21 25 16 18 14 10  8  7 19 14 19 18 18 16 14 10 21 22 27 17 18 13 12 13 11
 [51] 18 25 21 19 14 24 26 29 22 18 16 18 20 19 11  8  7  4  3  8  5  4  3  1  1
 [76]  1  1  1  1  0  0  0  0  0  0  0  0  0  0  0  0  0  0  0  0  0  0  0  0  0
[101]  0  0  0  0  0  0  0  0  0  0  0  0  0  0  0  0  0  0  0  0  0

[[22]]
  [1]   10   10   14   19   24   17   18   17   18   16    8   10    6   19   26
 [16]   25   26   29   31   23   30   46   47   46   46   42   47   64   97   80
 [31]   75   62   59   70   84   92   85   93  102  109  118  135  107  141  158
 [46]  151  143  143  139  130  166  165  193  184  168  222  225  255  248  268
 [61]  269  281  322  321  345  317  329  355  396  410  432  448  468  444  483
 [76]  529  519  552  613  615  630  695  730  694  752  819  883  843  806  858
 [91]  840  873  917  887  937  961 1051 1135 1273 1317 1278 1314 1341 1481 1466
[106] 1559 1581 1630 1692 1740 1759 1837 1947 2079 2132 2222 2336 2402 2473 2668
[121] 2784

[[23]]
  [1] 10 15 17 18 11 11 10  8  6  5  4  4  3  2  1  9 13  9  6  6 10 11 10  7  7
 [26] 11  6  5  8  9  6  3  2  2  2  7  3  3  3  2  1  1  1  1  0  0  0  0  0  0
 [51]  0  0  0  0  0  0  0  0  0  0  0  0  0  0  0  0  0  0  0  0  0  0  0  0  0
 [76]  0  0  0  0  0  0  0  0  0  0  0  0  0  0  0  0  0  0  0  0  0  0  0  0  0
[101]  0  0  0  0  0  0  0  0  0  0  0  0  0  0  0  0  0  0  0  0  0

[[24]]
  [1]  10  15  12  11   9  16  20  21  23  27  24  22  20  17  13  20  31  24
 [19]  17  16  23  23  23  18  14  15  16  26  26  17  26  17  15  19  29  38
 [37]  29  25  23  22  37  33  43  40  33  46  41  44  52  43  42  44  54  83
 [55]  88  79  65  73  81  82  64  73  84  95 102  99 111 106 103 137 155 153
 [73] 163 161 206 186 185 185 178 207 226 233 264 230 242 267 291 264 252 254
 [91] 232 261 308 325 320 314 353 407 416 460 467 455 467 481 536 581 606 615
[109] 646 642 670 713 752 758 777 784 840 852 825 892 913

[[25]]
  [1] 10  7  5 11  6 10  3  2  2  2  2  2  7  4  4  3  5  2  2  2  3  3  3  3  3
 [26]  6  4  2  2  2  9  5  5  5  5  3  3  3  3  6 11  6  6  6 11  9  7  9  8  9
 [51]  6  4  4  6 10  8  4  6 11  6  5  4  9  8 12  9 16 12 10  7  5  5 16 13 14
 [76] 12 11  8  7 12 15 18 22 18 18 16 13 11 21 14 22 18 16 24 18 14 12 13 14  9
[101]  7  4  4  4  9  5 18 13 11  9 14  9 12  9  8 12  7  7  4  4  6

[[26]]
  [1]  10  14   9   7   6  17  13  10   8   6   6   9   6   6  12   9  13  10
 [19]  21  16  17  15  18  17  21  19  24  26  25  28  24  21  22  25  22  23
 [37]  41  45  42  34  36  36  34  59  44  55  42  47  64  53  63  81  80  94
 [55]  83  72  77  74  70  85 104  85  71  79 101 104  93  95  81  99 106 116
 [73] 117  87  86 110  98 109  85 105 125 108 120 113 130 129 151 143 142 154
 [91] 161 169 182 164 175 184 182 191 222 229 225 242 257 270 283 304 312 327
[109] 385 358 361 349 384 451 458 445 440 554 493 548 590

[[27]]
  [1]   10   17   10   14   13   11   10   15    9    9   16   11   10   15   11
 [16]   12   12   11   14   18   12   12   17   22   20   19   28   27   35   29
 [31]   36   35   43   36   29   28   37   50   62   48   42   47   53   63   67
 [46]   67   59   52   53   45   64   63   61   75   88   71  116   96   77   68
 [61]   83  127  110  108  127  127  139  155  148  150  160  174  174  189  231
 [76]  192  208  218  214  239  230  239  212  236  273  247  288  297  243  291
 [91]  288  303  314  330  323  349  349  370  389  407  494  489  490  515  556
[106]  553  572  578  598  609  643  653  667  670  728  785  873  907  942  960
[121] 1027

[[28]]
  [1]  10   8   6  11  10  16   9   6   6   5   4   4   3   2   2   1   9  10
 [19]  10   6  10  27  21  22  18  21  22  21  21  24  24  19  17  39  30  22
 [37]  25  24  24  32  47  54  43  50  49  42  42  50  49  40  46  40  41  40
 [55]  41  36  41  53  62  83  75  72  74  80  84  95  98 112 115 101 104 118
 [73] 122 123 109 116 119 128 125 107 132 154 158 166 164 181 232 241 263 279
 [91] 272 255 266 265 267 294 307 352 349 336 312 375 376 386 411 403 465 438
[109] 465 496 507 542 573 597 631 662 766 775 766 826 858

[[29]]
  [1]  10  15  19  21  21  17  17  20  35  25  21  26  28  26  19  24  30  24
 [19]  17  19  26  19  14  23  21  19  18  20  16  14  32  30  22  26  34  29
 [37]  24  45  34  35  36  33  28  31  33  27  22  27  27  38  40  44  33  34
 [55]  25  28  18  39  27  30  24  19  19  23  24  19  29  25  23  25  44  32
 [73]  30  44  33  21  24  31  30  33  37  51  50  46  47  83  87  75  69  81
 [91]  86  97  99 125 101 108 128 135 160 139 138 154 139 150 164 186 181 190
[109] 221 208 259 242 246 261 279 300 342 323 306 313 344

[[30]]
  [1]   10    5    5   11   12   10   14   17   12   15   17   11    8    7   15
 [16]   24   38   27   28   25   45   31   33   51   47   45   53   61   57   56
 [31]   60   50   46   58   71   78   64   76   82   76   89  106  106  113  124
 [46]  133  172  167  159  159  195  186  182  196  229  218  235  221  265  275
 [61]  271  250  271  278  285  338  334  314  310  340  328  344  349  346  366
 [76]  332  342  335  371  408  410  435  472  448  440  490  549  562  570  568
 [91]  642  688  689  752  801  767  807  806  896  948  985 1047 1044 1098 1169
[106] 1263 1282 1332 1308 1423 1479 1482 1589 1594 1814 1854 1932 2034 2119 2243
[121] 2337

[[31]]
  [1] 10  9  3  1  1  1  0  0  0  0  0  0  0  0  0  0  0  0  0  0  0  0  0  0  0
 [26]  0  0  0  0  0  0  0  0  0  0  0  0  0  0  0  0  0  0  0  0  0  0  0  0  0
 [51]  0  0  0  0  0  0  0  0  0  0  0  0  0  0  0  0  0  0  0  0  0  0  0  0  0
 [76]  0  0  0  0  0  0  0  0  0  0  0  0  0  0  0  0  0  0  0  0  0  0  0  0  0
[101]  0  0  0  0  0  0  0  0  0  0  0  0  0  0  0  0  0  0  0  0  0

[[32]]
  [1]   10   15   14   11   29   28   25   25   30   26   29   25   34   47   45
 [16]   41   37   24   34   26   33   30   38   36   31   28   26   37   41   52
 [31]   48   56   41   39   39   55   75   64   57   60   66   64   85   74   92
 [46]   85   94   91   85  101   90   99  117  136  136  128  136  162  135  142
 [61]  149  144  150  166  161  187  203  219  226  248  269  277  284  323  312
 [76]  320  383  392  401  410  429  415  440  449  475  507  563  604  610  571
 [91]  585  601  612  683  699  735  773  773  791  839  886  939  968 1009 1089
[106] 1114 1153 1180 1200 1247 1286 1365 1422 1428 1445 1710 1797 1740 1766 1873
[121] 1903

[[33]]
  [1]  10  11  15   9  14  13  15  29  27  22  25  26  24  20  24  15  21  11
 [19]  14  13  10   8   7   7   7  16  16  10   9   7   8  13  14  12  21  14
 [37]  13  11  16  27  31  35  35  24  40  26  26  28  42  43  34  26  31  41
 [55]  43  41  38  37  35  37  33  30  33  39  43  40  40  45  53  45  35  35
 [73]  31  29  31  28  40  45  56  49  48  42  40  30  42  50  57  73  46  42
 [91]  51  59  63  81  82  76  89  91  81  70  90  80  65  81  79 102  79  85
[109]  89 124 113  99 102 100 132 135 142 127 135 132 133

[[34]]
  [1]   10   14   11   11   17   24   32   31   23   29   28   36   32   40   41
 [16]   49   52   49   60   73   94   92   71   68   70   80   86   78   73   96
 [31]   87   99   95  109   93  105  117  105  102  118  114  114  137  146  160
 [46]  160  155  180  181  189  228  233  226  213  242  267  286  274  272  277
 [61]  326  361  340  351  368  379  398  465  490  462  456  478  488  504  532
 [76]  549  530  565  572  620  593  623  650  714  698  792  796  813  876  894
 [91]  938 1004 1068 1096 1203 1249 1296 1338 1419 1485 1592 1735 1693 1630 1759
[106] 1899 1881 2056 2097 2247 2261 2387 2459 2498 2592 2591 2745 2851 3050 3107
[121] 3231

[[35]]
  [1]   10   21   18   12   14   10   14   14   10    8    7   14   25   21   33
 [16]   26   23   23   32   37   51   38   43   44   50   51   62   60   59   58
 [31]   73   59   73   82   81   86   83   97  104  106  105  101   94  102   82
 [46]  106  117  108  114  147  141  137  128  132  138  170  163  120  134  140
 [61]  170  193  197  226  196  215  242  257  253  285  326  324  320  326  431
 [76]  454  480  483  517  493  490  530  555  610  631  623  645  674  691  779
 [91]  772  773  831  846  870  909  941  949 1027 1019 1061 1173 1155 1193 1233
[106] 1225 1268 1373 1355 1419 1488 1509 1554 1664 1694 1770 1797 1854 2017 1961
[121] 2014

[[36]]
  [1]   10    7    6    9    8   17   12   19   15   25   14   17   13   15   19
 [16]   29   23   20   19   20   21   16   29   31   29   27   22   31   30   30
 [31]   48   45   47   63   48   62   62   68   70   80   66   62   63   74   79
 [46]   79   80   86  114  110  106   91  110  103  105   98  102  106  126  112
 [61]   99  120  139  137  156  188  193  175  170  187  216  265  297  290  277
 [76]  312  289  309  338  345  340  370  420  409  412  414  397  459  517  559
 [91]  491  485  539  545  548  578  593  616  653  694  722  719  752  791  836
[106]  834  912  940 1015 1035 1025 1059 1143 1218 1335 1356 1373 1347 1466 1467
[121] 1670

[[37]]
  [1]  10   7   7   7  11   6   6   6   9   6   7   4   7   4   3   3   9   5
 [19]   3   3   8   6   9  11   6   5   5   5  17   9  16  19  26  23  26  32
 [37]  24  28  40  26  33  34  38  40  49  37  29  32  40  42  37  42  39  51
 [55]  48  63  78  73  51  65  82  81  74  74  73  61  76  99 100 107 126 134
 [73] 134 135 163 165 166 196 169 193 215 207 179 190 218 233 223 220 247 260
 [91] 266 269 317 313 331 320 337 383 411 380 391 420 413 454 472 486 486 480
[109] 498 521 596 605 614 619 634 634 626 687 688 722 763

[[38]]
  [1] 10  7  9 12 11  7  7  9  8  8  7  6  6 11  8 17 14 18 23 15 11 10  7  7  7
 [26]  4  7  3  9  6  4  3  3 11 12  4  4  8  7  4  3  2  1  1  1  3  1  1  1  1
 [51]  1  1  1  1  1  0  0  0  0  0  0  0  0  0  0  0  0  0  0  0  0  0  0  0  0
 [76]  0  0  0  0  0  0  0  0  0  0  0  0  0  0  0  0  0  0  0  0  0  0  0  0  0
[101]  0  0  0  0  0  0  0  0  0  0  0  0  0  0  0  0  0  0  0  0  0

[[39]]
  [1] 10  6  6 10  7  5  3  3  9 14 10  7  6  5  3  1  1  1  1  1  1  1  1  1  6
 [26]  2  2  2  1  0  0  0  0  0  0  0  0  0  0  0  0  0  0  0  0  0  0  0  0  0
 [51]  0  0  0  0  0  0  0  0  0  0  0  0  0  0  0  0  0  0  0  0  0  0  0  0  0
 [76]  0  0  0  0  0  0  0  0  0  0  0  0  0  0  0  0  0  0  0  0  0  0  0  0  0
[101]  0  0  0  0  0  0  0  0  0  0  0  0  0  0  0  0  0  0  0  0  0

[[40]]
  [1]   10   17   18   12   10   14   18   24   22   21   30   33   42   44   47
 [16]   38   43   48   37   36   48   45   63   76   64   54   57   66   70   68
 [31]   77   65   94   80   69   69   87   96   89   96   87   73   87   93  108
 [46]  116  114  128  112  138  161  150  144  141  129  142  157  167  151  161
 [61]  184  172  176  182  209  215  217  211  241  265  252  244  289  285  280
 [76]  285  289  346  341  328  329  387  401  413  425  462  471  500  479  545
 [91]  508  545  586  602  647  618  676  664  778  837  895  903  916 1046 1110
[106] 1093 1138 1270 1302 1318 1348 1448 1512 1558 1578 1560 1645 1641 1747 1749
[121] 1778

[[41]]
  [1]  10  12  18  16  11  11  12  11  11  24  19  14  14  13  12  14  17  12
 [19]  17  18  16  14  11   9  19  26  16  19  13  15  13  13  21  22  12   9
 [37]   7   6   4   4   4  18   8   6   5   9  13   9  12   6  11  12  10  13
 [55]  15  14  11   9  21  23  24  20  17  23  28  25  23  25  25  27  27  29
 [73]  45  32  36  29  27  31  51  49  37  42  49  66  49  52  54  55  63  65
 [91]  75  86  99 102 114 107 106 114 134 156 140 163 141 163 142 156 174 194
[109] 211 205 192 197 240 254 282 273 278 295 278 313 363

[[42]]
  [1]  10  12   9  14  17  11   9   9   6   5   8   8  13  11   9   9   7  11
 [19]   9   6  15  23  16  16  18  10  23  34  34  26  30  29  26  35  31  30
 [37]  21  21  22  17  31  27  21  22  27  38  37  43  56  44  44  33  46  52
 [55]  58  49  57  61  53  57  61  65  67  70  79  68  74  77  78  89 106 105
 [73] 118 119 113 121 147 134 145 124 132 114 117 121 147 141 152 150 149 159
 [91] 180 192 223 232 262 236 228 235 256 299 296 319 375 352 302 309 346 388
[109] 337 360 388 436 448 437 502 501 495 481 503 552 556

[[43]]
  [1]   10   15   11   16   11   11   17   13   17   25   19   14   11   18   32
 [16]   22   18   16   19   19   17   26   18   12   14   16   17   17   11   11
 [31]   21   28   27   22   27   24   30   44   49   38   48   44   57   70   73
 [46]   75   55   50   63   64   63   61   61   88   77   73   69   80  108  123
 [61]  131  145  164  150  154  185  209  243  241  229  262  284  263  268  266
 [76]  287  316  289  270  304  318  292  291  349  374  388  333  364  364  390
 [91]  407  400  434  438  461  497  521  553  520  533  563  605  603  582  560
[106]  598  618  670  746  744  753  825  835  913  939  924  894  938 1067 1118
[121] 1185

[[44]]
  [1]   10   17   12   11   12   10    6   10   19   12   10    8   20   35   31
 [16]   29   25   28   27   20   22   30   33   22   19   22   24   25   30   24
 [31]   21   32   29   38   38   41   45   49   52   59   69   66   80   70   79
 [46]   78   93   96  109  106  136  152  176  150  142  146  151  176  157  188
 [61]  220  208  199  221  238  231  255  246  224  227  265  260  271  284  274
 [76]  279  304  314  314  365  368  368  363  383  365  408  488  506  492  479
 [91]  520  562  640  605  580  592  605  660  744  736  775  829  854  917  983
[106] 1015 1016 1083 1033 1036 1137 1223 1332 1416 1333 1341 1447 1448 1566 1641
[121] 1668

[[45]]
  [1]   10   16   27   24   33   26   32   31   33   27   38   36   35   34   36
 [16]   36   46   49   57   58   52   50   56   52   49   54   62   61   68   71
 [31]   67   64   60   62   64   69   68   66   92  110   94   88   88  130  121
 [46]  125  130  116  115  121  123  121  117  101   97  104  107  132  115  123
 [61]  124  153  171  144  156  158  149  179  177  178  174  168  176  209  212
 [76]  243  232  278  275  274  261  293  330  310  316  357  331  388  402  391
 [91]  422  445  445  473  461  533  574  544  567  556  626  651  642  652  685
[106]  702  695  669  726  726  697  722  750  783  842  844  892  961  987 1032
[121] 1028

[[46]]
  [1]  10  10  12  15  17  12  16  17  12   9  11  17  17  12   9  13  12   7
 [19]   6  13  17  13  11  20  22  16  15  19  28  18  21  22  25  21  22  29
 [37]  37  42  37  36  41  49  63  59  75  54  59  59  65  64  62  70  82  88
 [55] 113  91  96  92 103  82 101 111 115 106 106 113 111 103  92  90 100 113
 [73] 139 132 120 104 131 134 153 145 144 126 179 191 185 189 188 200 197 213
 [91] 222 210 256 259 266 232 231 245 268 281 279 295 297 320 300 292 298 346
[109] 392 425 404 427 442 458 494 516 554 594 639 593 670

[[47]]
  [1]   10   12   10   16   13   13   18   40   45   38   36   37   36   46   46
 [16]   56   54   53   62   59   49   49   59   74   99   97   93   91  120  126
 [31]  130  140  133  137  140  149  165  145  149  131  120  132  136  126  139
 [46]  152  148  185  177  186  158  160  161  185  202  221  229  215  243  259
 [61]  275  296  306  325  350  316  340  411  413  430  445  499  495  522  531
 [76]  540  564  602  602  646  611  636  612  672  746  809  787  808  858  954
 [91]  938  974 1100 1199 1273 1282 1322 1286 1442 1557 1625 1737 1818 1792 1819
[106] 1927 2045 2108 2196 2322 2389 2542 2590 2841 2991 2959 3082 3200 3376 3529
[121] 3708

[[48]]
  [1] 10  8  6  5  5  9 22 23 12 10 10 11 10  6  4  3  9  4  6 12  6  6  5  4  4
 [26] 13 10  7  7 16 16 12 14 12 21 19 15 14 10 21 27 25 20 22 26 21 23 15 13 16
 [51] 23 28 22 30 23 20 20 22 26 23 22 19 17 16 20 30 26 19 16 16 17 10  4 17 16
 [76] 14  9  8  7 12 10  6  3  1  1  1  1  1  1  1  1  9  5  4  4  4  2  7  6  8
[101]  6  5  5  7  5  5  5  5  4  6  4  4  2  8  5  3  3  7  4  4  4

[[49]]
  [1]  10  13  11  13  11  11  13  13  13  14  23  21  21  15  13  16  16  11
 [19]  16  16  11  16  13  13  20  14  17  12  17  27  20  15  21  26  29  21
 [37]  18  21  28  23  24  24  24  36  38  40  45  31  41  44  44  48  46  48
 [55]  60  51  53  54  49  58  67  61  61  57  63  71  67  71  67  78  67  61
 [73]  62  75  93 111 128  95 107 125 137 151 135 147 143 131 154 141 138 144
 [91] 146 144 127 150 171 168 161 189 213 209 222 206 209 255 271 270 236 268
[109] 266 295 297 322 309 326 332 398 390 392 390 371 413

[[50]]
  [1]  10  12   9   7   7   7   8   9  10  11  11  12   9  12  10   6   4   3
 [19]   6   5   7   6   3   3   3   2   6   9   8   6   5   5   5  11   8  12
 [37]  11  14  16   9   6  13  13   8   6   6  11  13   5   5   4   4  10   4
 [55]   3   3   8   7   5   5   8  13  10  13  11  10   8   8   7  14  10   8
 [73]   8  14  16  31  28  35  36  56  56  56  56  60  71  88 104  87  98 104
 [91]  94 106 103 104  96 120 111 109 115 130 133 117 134 158 146 132 167 186
[109] 191 156 156 148 145 162 163 170 162 188 179 166 157

[[51]]
  [1]  10   9   6   5   5   9  11  13  19  16  12  11  11  17  21  34  24  31
 [19]  38  35  33  41  40  40  35  40  46  48  49  43  38  37  40  32  43  34
 [37]  32  35  29  29  33  32  43  35  29  39  34  41  49  46  35  35  48  44
 [55]  41  44  45  52  41  48  60  56  49  48  47  93  71  60  78 100  99  91
 [73]  94 105 111 109 112 127 126 122  97 125 133 138 137 145 161 153 167 196
 [91] 212 169 160 186 197 229 198 190 237 248 247 282 276 309 318 332 383 358
[109] 336 338 393 394 422 451 434 523 569 527 539 553 570

[[52]]
  [1]  10   8  14  11  12  20  19  18  14  14  16  24  15  12  11  17  12  10
 [19]  17  14  12   5   5   3   2   9   6   5   6   5   4   4   4   4  11  15
 [37]  17  15  11  15  15  13  12  14  22  16  16  11  16  21  28  23  26  27
 [55]  30  41  35  33  29  26  37  31  24  21  26  23  23  27  23  24  35  25
 [73]  22  25  25  20  22  23  24  22  17  21  29  24  21  25  22  20  29  47
 [91]  60  63  65  66  68  68  84  76  76  74  71  73  77  79 100 101  96 107
[109] 135 131 119 147 151 148 165 161 179 183 184 202 185

[[53]]
  [1]   10   13   17   25   17   15   14   22   19   24   17   17   14   11   28
 [16]   21   30   19   31   27   20   17   22   32   35   36   31   31   37   61
 [31]   63   44   29   35   32   44   46   61   60   68   68   51   49   50   70
 [46]   87   85   73   78   91  114  103  102  108  104  114  155  154  136  134
 [61]  136  174  173  148  166  162  160  180  175  184  197  194  204  215  211
 [76]  214  210  251  268  272  350  293  339  323  313  340  365  392  396  460
 [91]  453  479  426  451  455  512  543  544  551  582  609  700  673  652  627
[106]  704  764  790  834  811  871  898  924  932 1020 1037 1064 1109 1149 1237
[121] 1242

[[54]]
  [1]   10   17   14   17   11   15   20   15   13   13   16   14   15    9   14
 [16]   12   24   28   32   26   29   28   33   27   30   36   30   21   17   16
 [31]   19   32   33   26   21   27   26   29   48   50   47   44   44   40   55
 [46]   67   57   65   83   76   81   79   79   87  113  137  132  117  115  134
 [61]  124  133  135  162  151  142  160  201  204  210  217  221  246  227  203
 [76]  201  210  246  253  275  273  284  323  323  347  355  375  363  407  453
 [91]  498  529  514  501  547  619  665  745  784  840  870  944  923  976  993
[106] 1058 1015 1052 1193 1199 1241 1294 1373 1466 1492 1512 1621 1751 1761 1768
[121] 1896

[[55]]
  [1]   10   12   15   14   13   11   21   19   19   15   25   25   23   21   34
 [16]   33   34   27   24   25   30   34   38   33   32   32   32   26   33   29
 [31]   48   49   52   55   48   49   61   53   46   51   62   64   94   78   72
 [46]   90   90   99  110  106  108  121  124  118  140  153  131  122  131  146
 [61]  166  165  199  193  199  237  244  246  236  253  288  293  287  305  317
 [76]  340  399  386  402  416  449  485  506  553  537  579  609  605  650  668
 [91]  674  681  782  817  879  921  950  991  995 1086 1077 1140 1172 1208 1326
[106] 1369 1412 1478 1457 1514 1641 1744 1888 1974 2036 2159 2192 2259 2499 2460
[121] 2612

[[56]]
  [1]   10   13   15   16   24   23   22   15   16   28   26   24   22   27   24
 [16]   26   34   27   31   43   54   47   51   62   73   74   93   82   80   95
 [31]  101   99  106  110  102  116  161  173  177  149  170  186  199  170  185
 [46]  173  189  195  164  168  200  224  209  220  238  272  298  276  285  299
 [61]  267  264  285  316  300  321  356  375  331  347  407  466  440  441  451
 [76]  499  534  519  560  535  554  622  701  716  758  708  745  735  839  869
 [91]  851  879  987  975  939  949 1038 1098 1103 1150 1161 1264 1337 1397 1510
[106] 1634 1686 1649 1717 1695 1867 1888 1952 2053 2108 2186 2251 2338 2507 2527
[121] 2627

[[57]]
  [1]  10   8  12   6   6   4   6   4   5   7   7   6   5   5   9  14  13   7
 [19]   6   6   5   4   8  13   7  13   9   7  11  13   8  21  16  12  11  12
 [37]  14  10  11  15  14  11  14  17  13  12  10   9  20  20  28  23  26  24
 [55]  14  17  28  24  34  34  28  40  37  50  50  50  63  65  62  58  52  64
 [73]  57  53  69  94  83  83  86  95  71  62  63  67  65  72  78  77  74  68
 [91]  76  70  60  69  66  90  90 109 114 104  91 113 111 104  96 131 117 131
[109] 141 150 155 132 135 120 145 160 133 163 206 197 163

[[58]]
  [1]   10   17   11   15   11   15    9    7   12   20   15   14   14   23   24
 [16]   26   25   30   31   27   26   43   38   34   34   40   59   53   56   56
 [31]   76  101  100   94   90   87   74   97   95  124  141  120   99  117  153
 [46]  162  143  151  143  159  163  168  153  193  155  149  158  201  190  166
 [61]  203  209  181  210  210  232  270  306  308  295  324  352  408  413  421
 [76]  392  411  468  477  450  471  476  483  517  557  572  537  544  568  601
 [91]  669  648  671  706  730  787  792  851  812  861  904  964 1000  992 1030
[106] 1072 1134 1145 1169 1218 1277 1342 1251 1358 1407 1437 1583 1540 1610 1697
[121] 1684

[[59]]
  [1]   10   20   15   17   27   21   17   21   18   25   20   17   16   21   19
 [16]   15   18   19   21   15   21   30   23   22   27   28   39   35   32   37
 [31]   36   40   32   45   80   80   59   65   85  107  119  125  108  115  141
 [46]  136  139  150  163  152  152  172  191  181  168  173  153  152  175  155
 [61]  163  169  180  181  186  204  220  251  268  227  203  251  247  255  253
 [76]  260  263  264  261  294  318  320  363  350  380  372  424  414  442  460
 [91]  506  512  548  613  673  668  679  703  664  748  764  802  796  828  888
[106]  868  908  947  943  994 1021 1109 1156 1240 1313 1286 1354 1360 1437 1634
[121] 1653

[[60]]
  [1]   10    9    9   10   17   29   14   18   17   16   13   12   11   17   21
 [16]   21   19   16   13   23   28   33   18   24   22   26   35   34   33   32
 [31]   29   44   42   64   51   54   52   69   84   71   61   75   80   80   87
 [46]   92   98  103  113  136  123  152  162  153  173  159  177  157  167  192
 [61]  185  171  183  177  172  192  200  241  216  222  259  269  261  282  288
 [76]  279  291  319  392  367  388  418  419  436  478  486  460  504  521  602
 [91]  631  623  677  710  742  721  700  784  880  921  959  971 1004 1062 1072
[106] 1077 1190 1174 1209 1217 1213 1323 1416 1429 1465 1487 1563 1645 1706 1774
[121] 1820

[[61]]
  [1]   10   13    8    7   12    8   14   18   14   10    8    7   20   24   21
 [16]   26   21   24   19   36   41   50   53   52   68   64   72   63   75   95
 [31]   82   91  117  125  103  106  100  111  106  128  117  135  126  123  137
 [46]  142  145  155  149  142  142  143  167  161  154  164  177  179  173  175
 [61]  182  192  186  191  212  201  222  215  240  262  248  254  247  265  260
 [76]  297  334  348  331  334  348  331  370  426  445  435  438  456  500  502
 [91]  519  534  574  565  592  581  616  709  678  711  714  745  781  834  853
[106]  848  906  915  979 1071 1211 1221 1202 1228 1338 1404 1468 1547 1667 1657
[121] 1707

[[62]]
  [1]  10  16  18  23  21  18  27  33  30  22  19  39  33  31  25  19  25  33
 [19]  45  38  35  29  46  36  28  26  38  33  33  50  39  45  52  48  58  77
 [37]  76 128 114  98  99  96  88 114 106 103 104 105 101 110  90  79 106 112
 [55] 112 111 107  90  99 103 107 102 117 133 148 128 121 124 178 188 189 190
 [73] 174 168 184 187 197 194 212 210 218 232 260 274 273 271 290 314 337 338
 [91] 336 349 344 373 397 400 406 419 426 455 452 465 499 525 491 512 515 579
[109] 635 652 685 645 688 707 749 764 790 785 817 853 874

[[63]]
  [1]   10   17   16   18   39   35   33   34   31   36   42   47   51   51   47
 [16]   53   61   57   62   54   56   61   58   68   70   66   73   51   55   45
 [31]   42   43   38   40   39   40   42   50   61   65   67   75   97  102   96
 [46]   78   90  105  106  108  108  114  112  114  116  125  122  116  116  148
 [61]  163  203  172  180  161  160  155  151  154  157  179  180  188  183  202
 [76]  243  247  245  198  197  233  252  267  277  251  285  270  252  280  259
 [91]  284  257  236  299  310  345  343  398  397  426  471  482  493  492  502
[106]  534  569  586  631  662  694  687  740  792  792  794  844  886  909  929
[121] 1019

[[64]]
  [1]   10   15   14   10   10   12   11   14   17   19   22   20   15   22   34
 [16]   30   31   25   38   51   57   50   59   47   58   65   53   62   64   53
 [31]   70   63   56   73   82   62   63   71   73   78   77   99   85  102   95
 [46]  106  124  122  125  118  116  123  115  102  112   97  122  132  151  128
 [61]  150  150  173  184  206  202  192  196  226  224  249  241  228  236  233
 [76]  237  250  287  259  253  297  287  327  359  321  355  373  412  414  414
 [91]  475  453  440  466  455  478  542  558  562  560  514  541  602  650  607
[106]  658  688  715  774  837  781  776  862  941  940  934  930  962  988 1013
[121] 1028

[[65]]
  [1] 10 10 11  9  8 10 19 14 11  8  6  9  6  5  4  5  2  3  1  1  1  1  1  1  1
 [26]  1  3  2  0  0  0  0  0  0  0  0  0  0  0  0  0  0  0  0  0  0  0  0  0  0
 [51]  0  0  0  0  0  0  0  0  0  0  0  0  0  0  0  0  0  0  0  0  0  0  0  0  0
 [76]  0  0  0  0  0  0  0  0  0  0  0  0  0  0  0  0  0  0  0  0  0  0  0  0  0
[101]  0  0  0  0  0  0  0  0  0  0  0  0  0  0  0  0  0  0  0  0  0

[[66]]
  [1] 10 17 13 17 24 19 23 16 10 10 12 11  7  4 11 13  9 12 12 15  9  8  5  5  7
 [26]  7  3  2 12  5  6  3  5  3 10  2  2  2  7  5  4  4  4  4  8 10  7  6  6 10
 [51]  9 11 11  9  9 16 12 19 17 12 13 13 15 23 15 17 17 13 12 11 21 16 12 13 15
 [76] 11 26 29 42 30 23 30 38 36 31 25 21 27 49 38 39 44 37 38 47 41 39 37 39 47
[101] 54 60 57 51 78 67 79 61 74 81 64 60 75 62 69 56 72 58 49 60 61

[[67]]
  [1] 10 13  9 12 17 12 10 15 18 17 15 14 16 19 21 26 23 16 13 16 20 13 19 19 21
 [26] 20 14 12 14 20 17 28 25 31 27 32 29 22 29 30 30 22 31 32 27 31 26 25 19 30
 [51] 18 17 16 13 22 13 23 19 23 25 14 10  8 17 18 13 10 12 12 14  7  6  6  6 14
 [76] 26 18 15 14 16 16 28 18 21 22 39 33 36 29 24 42 26 22 33 36 42 24 24 34 36
[101] 22 34 46 38 42 45 40 52 43 47 32 30 37 46 49 56 60 58 69 62 84

[[68]]
  [1]   10   20   28   28   27   21   29   23   16   23   18   18   26   36   44
 [16]   40   35   35   34   37   77   70   59   51   71   88   69   85   82   61
 [31]   80  112   94  118  108  135  111  118  106  127  135  147  168  171  160
 [46]  180  188  185  197  170  175  197  201  204  206  217  228  268  299  297
 [61]  325  325  318  308  376  420  433  488  475  455  459  465  508  569  603
 [76]  611  576  627  612  627  676  701  720  777  788  825  865  900  928  939
 [91] 1028 1077 1152 1106 1135 1240 1265 1318 1270 1375 1383 1449 1510 1529 1581
[106] 1600 1718 1729 1734 1860 1825 1950 2007 2132 2239 2280 2285 2434 2555 2647
[121] 2716

[[69]]
  [1]   10   17   21   14   17   15   23   14   28   23   16   18   32   41   26
 [16]   20   18   32   31   36   41   37   51   44   39   37   50   60   55   47
 [31]   43   57   56   66   54   68   64   59   69   64   64   63   74   75   80
 [46]   91   88   93  103   96   94   86   87  107  105   87   73   88   80   97
 [61]   89  104  130  107  105  115  109  105  108  159  174  197  188  181  186
 [76]  204  208  247  253  234  249  277  317  354  345  349  339  356  341  340
 [91]  340  368  417  389  373  403  444  434  464  477  536  513  527  561  573
[106]  599  653  671  712  745  808  895  863  916  940 1003 1041 1100 1124 1147
[121] 1224

[[70]]
  [1] 10  7  7 12 13 10  8  6  5  4  9 10  8  4  4  4  5  4  4  2  2  2  4  2  0
 [26]  0  0  0  0  0  0  0  0  0  0  0  0  0  0  0  0  0  0  0  0  0  0  0  0  0
 [51]  0  0  0  0  0  0  0  0  0  0  0  0  0  0  0  0  0  0  0  0  0  0  0  0  0
 [76]  0  0  0  0  0  0  0  0  0  0  0  0  0  0  0  0  0  0  0  0  0  0  0  0  0
[101]  0  0  0  0  0  0  0  0  0  0  0  0  0  0  0  0  0  0  0  0  0

[[71]]
  [1]  10  20  12  11  10   8  11  10  21  17  18  12  11  11   5   4   4   4
 [19]   3   5   4   2   1   1   6   8   7   7   6  10   9   7   6   5  15   6
 [37]  11   7  14  17  14  25  25  32  36  24  25  32  30  27  41  34  33  37
 [55]  37  27  21  32  33  30  33  38  32  27  34  34  44  41  34  26  26  25
 [73]  42  46  39  34  37  70  79  83  96  81  66  85 112 122 120 100 103 110
 [91] 117 134 132 138 152 146 142 136 148 157 174 166 153 192 201 220 218 195
[109] 201 220 246 247 252 267 235 265 292 308 352 340 349

[[72]]
  [1]   10   12   11   10   16   12   31   28   29   26   25   32   27   23   18
 [16]   15   13   12   18   16   16   15   14   31   46   55   48   56   51   62
 [31]   64   61   50   55   60   80   79   88   93   82   78  100   87  105  111
 [46]   93  100  115  123  122  123  148  145  124  135  173  160  173  178  182
 [61]  172  161  188  210  227  206  205  201  244  308  277  269  289  253  279
 [76]  276  299  271  268  272  296  323  330  330  322  343  381  394  415  392
 [91]  395  465  472  527  583  600  582  619  657  727  740  734  796  816  810
[106]  861  946  985 1014 1018 1117 1141 1197 1196 1285 1222 1309 1244 1372 1429
[121] 1604

[[73]]
  [1]   10   21   20   13   20   24   19   26   35   30   29   29   30   33   41
 [16]   40   38   37   35   36   35   43   55   42   36   32   28   46   29   23
 [31]   36   38   35   34   42   38   41   47   45   58   67   57   63   50   59
 [46]   80   66   90   99  102  110  124  120  111  122  114  146  136  139  141
 [61]  160  155  151  181  173  151  152  177  164  158  174  179  193  204  217
 [76]  224  223  206  242  258  256  255  276  282  274  305  303  317  388  396
 [91]  446  454  476  514  561  595  609  609  644  664  698  703  754  782  760
[106]  830  888  955  939 1060 1119 1038 1115 1181 1195 1252 1257 1328 1358 1490
[121] 1476

[[74]]
  [1]  10  12  12  11  12  11  15  14  15  12  12  18  19  13  11   7   6  10
 [19]  13   9  13  14  10   6  14   7   6  13  11  10  14  16   7   9  15  13
 [37]   8  15  21  25  20  16  10  13  14  15  28  18  16  12  14  16  14  20
 [55]  24  23  20  18  21  24  29  33  32  36  31  31  31  45  41  37  45  44
 [73]  44  48  51  50  40  44  51  52  56  48  38  51  63  61  59  67  73  57
 [91]  55  63  66  80  60  65  75  83  68  66  63  77  93  67  82  94  81  85
[109] 103 107 123 131 132 153 160 158 151 170 204 192 195

[[75]]
  [1]   10   14   25   17   25   18   17   18   24   19   31   20   17   15   26
 [16]   32   25   19   25   21   33   40   35   39   34   29   29   38   33   39
 [31]   43   42   32   41   47   62   56   79   91   79   72   63   54   55   81
 [46]   97  113  106  102  101  120  111  126  137  155  162  159  160  189  220
 [61]  251  280  255  240  279  329  366  334  345  328  340  340  347  378  359
 [76]  377  424  484  481  439  468  501  521  549  563  585  616  657  646  719
 [91]  727  692  755  738  793  815  827  824  842  908  989  985 1017 1162 1206
[106] 1266 1278 1275 1310 1455 1499 1498 1458 1549 1605 1848 1954 1968 1975 2041
[121] 2185

[[76]]
  [1]   10   11   23   23   28   24   20   23   34   60   63   47   42   35   42
 [16]   51   48   54   78   69   90   77   93   85  120  118  105   84   81  105
 [31]   95  102  104  114  104  112  136  131  152  133  123  140  156  176  159
 [46]  161  180  179  215  221  217  216  205  223  223  247  247  283  287  285
 [61]  274  293  297  298  310  314  331  346  374  414  458  447  466  470  485
 [76]  557  523  561  572  560  597  639  663  723  668  753  739  753  791  834
 [91]  857  860  859  947  983 1005  995 1108 1130 1175 1253 1205 1284 1392 1430
[106] 1427 1486 1614 1599 1700 1752 1885 1860 1946 2121 2153 2230 2323 2333 2460
[121] 2538

[[77]]
  [1]  10   5  11   9   8  11   8  12   9  14  25  31  33  33  21  17  22  38
 [19]  31  21  24  26  27  15  12   9  15  11  14   7  13  16  22  30  27  24
 [37]  21  22  33  24  18  21  17  39  21  18  19  31  32  36  46  35  30  29
 [55]  38  32  40  47  39  32  29  41  39  57  52  45  52  71  76  70  60  73
 [73]  65  70  68  77  87 108 105  89 116 124 131 156 124 119 112 125 143 135
 [91] 155 166 166 173 221 227 209 208 200 219 224 261 219 216 248 278 282 297
[109] 289 285 287 314 311 318 310 353 403 364 391 379 397

[[78]]
  [1]   10   14    7    7    6   19   15    7    7   10   28   30   27   28   18
 [16]   28   37   54   56   59   46   55   70   99   97   76   73   63  103  127
 [31]  132  121  120  128  144  142  156  168  167  182  160  174  179  188  211
 [46]  264  265  268  252  272  280  306  321  315  333  321  286  349  384  367
 [61]  406  413  403  386  405  449  491  471  442  486  539  531  503  519  521
 [76]  543  577  611  618  623  637  698  723  766  756  796  816  862  885  907
 [91]  958 1017 1073 1109 1127 1110 1170 1231 1239 1297 1343 1433 1524 1582 1592
[106] 1621 1589 1540 1573 1644 1774 1886 1975 2036 2113 2105 2264 2353 2504 2570
[121] 2640

[[79]]
  [1]   10   12   16    8    5    5   16   11   15   10    9   17   15   17   19
 [16]   14   16   16   15   17   15   21   22   21   29   32   31   40   27   21
 [31]   20   19   22   26   33   26   27   40   39   44   46   49   41   35   37
 [46]   41   54   69   60   82   88   97   89   90   90  120  117  115  113  118
 [61]  151  149  160  174  157  172  178  186  205  208  234  205  201  193  241
 [76]  304  300  276  266  273  263  282  290  306  297  318  320  320  353  321
 [91]  358  367  368  390  372  390  390  423  487  523  514  506  531  585  601
[106]  597  629  683  656  691  700  702  681  695  750  865  903  930  881  941
[121] 1025

[[80]]
  [1]   10   10    8   16    9    8    8    7   10   16   13   16   18   26   28
 [16]   37   29   25   37   44   32   39   47   41   40   51   40   52   61   53
 [31]   53   60   61   74   71   77   70   65   83   80   76   81   86   91   91
 [46]  102   98   78   87  107   99  142  153  155  156  150  153  162  137  148
 [61]  137  159  155  170  191  191  202  211  245  221  222  253  231  241  262
 [76]  291  291  305  305  342  324  362  341  370  391  373  413  445  420  449
 [91]  481  513  514  570  573  568  626  665  659  692  717  756  843  870  868
[106]  862  898  981  996  997 1096 1147 1163 1114 1109 1252 1316 1311 1334 1410
[121] 1452

[[81]]
  [1]   10   12   15   11    9   15   20   13   16   22   21   31   31   30   40
 [16]   31   39   56   41   34   41   36   45   39   43   37   38   30   42   48
 [31]   38   35   33   32   48   46   38   37   42   38   45   51   59   65   92
 [46]   82   76   89   76   62   70   68   84   73  118  106   91   82   94   92
 [61]   83  100   73   91   91  110  119  117  129  118  111  110  106  141  162
 [76]  210  204  175  180  211  238  259  252  246  246  241  256  275  276  296
 [91]  321  339  338  419  417  420  446  441  487  493  557  574  625  640  661
[106]  672  703  666  720  735  773  806  832  937  931  941  994 1033 1091 1100
[121] 1133

[[82]]
  [1]   10    8   12    8   14   13   24   25   18   20   26   30   27   29   34
 [16]   44   41   41   44   51   49   56   60   60   56   55   58   74   58   78
 [31]   74   66   83   98  118  131  130  115  113  110  129  104  126  141  140
 [46]  138  126  163  158  145  159  158  182  186  182  159  175  183  185  228
 [61]  250  226  230  223  250  287  282  310  298  328  334  302  327  381  405
 [76]  390  406  419  421  458  464  470  504  514  614  626  683  675  740  726
 [91]  756  783  810  831  865  908  954 1038 1073  995 1109 1163 1212 1296 1302
[106] 1335 1336 1366 1496 1513 1584 1674 1770 1794 1831 1899 2053 2193 2219 2218
[121] 2342

[[83]]
  [1]   10   16   18   15   25   29   32   38   40   34   33   27   32   25   33
 [16]   32   25   40   36   36   38   31   36   41   42   34   40   31   29   29
 [31]   51   58   60   75   75   80   65   72   65   70   74   87  102  108   93
 [46]  104  143  134  145  164  159  145  152  189  208  213  182  181  221  231
 [61]  253  280  266  264  264  272  275  311  332  339  352  393  437  451  472
 [76]  449  443  497  570  527  589  604  648  679  695  691  699  763  734  765
 [91]  840  864  928  984  990 1036 1154 1225 1218 1230 1300 1353 1471 1575 1641
[106] 1674 1695 1716 1851 1946 2059 2158 2267 2370 2515 2502 2592 2730 2906 2985
[121] 3027

[[84]]
  [1] 10  8  7 10  9  8  8  7  5  5  7  5  3  3  3  8  4  2  2  2  2  2  1  1  3
 [26]  1  1  0  0  0  0  0  0  0  0  0  0  0  0  0  0  0  0  0  0  0  0  0  0  0
 [51]  0  0  0  0  0  0  0  0  0  0  0  0  0  0  0  0  0  0  0  0  0  0  0  0  0
 [76]  0  0  0  0  0  0  0  0  0  0  0  0  0  0  0  0  0  0  0  0  0  0  0  0  0
[101]  0  0  0  0  0  0  0  0  0  0  0  0  0  0  0  0  0  0  0  0  0

[[85]]
  [1]   10   12    8    5    8    5    7   12    8    5    5   13    8    7   13
 [16]    9    8   21   25   23   35   29   33   37   31   26   45   41   37   61
 [31]   55   55   52   52   39   37   49   53   49   61   32   28   28   37   57
 [46]   54   56   47   48   65   69   70   61   73   91   95   84  104  110  121
 [61]  108  113  118  125  117  137  163  159  186  205  244  222  246  238  258
 [76]  295  280  287  330  329  329  328  385  370  358  357  395  431  470  477
 [91]  486  472  501  547  554  589  647  628  727  811  751  810  779  778  797
[106]  885  971  937  949  975 1062 1141 1144 1116 1236 1224 1340 1397 1449 1480
[121] 1506

[[86]]
  [1]  10   8   8   7   7   7  21  15  12  15  25  13  10  10  14  16  17  15
 [19]  12  10  19  19  16  19  16  20  21  20  15  15  14  16  15  21  18  17
 [37]  20  12  10  23  17  22  20  17  16  18  20  21  23  31  21  33  36  46
 [55]  42  37  39  44  39  43  57  69  81  70  63  65  62  62  70  93  84  85
 [73]  80  96  93  87  78  86  99  96 108 109  91  98 144 143 133 125 129 141
 [91] 161 186 215 226 230 225 266 269 288 276 273 342 356 334 385 381 387 382
[109] 415 449 468 450 447 446 522 545 539 529 553 607 629

[[87]]
  [1]   10    6   14   10   16   16   14   13   10    7   11    9   10   16   26
 [16]   25   37   27   26   47   60   49   48   45   37   41   83  104   86   83
 [31]   98   91   83   69   68   50   67   97   99   99   74   73  115  127  132
 [46]  147  152  150  172  168  158  177  163  166  209  188  184  208  217  224
 [61]  222  229  229  251  255  307  308  298  311  361  394  377  360  355  351
 [76]  408  379  383  410  445  371  428  460  488  523  533  556  609  642  687
 [91]  693  727  726  757  767  847  883  885  937 1005 1051 1126 1197 1233 1293
[106] 1301 1398 1460 1544 1626 1658 1757 1840 1955 1935 2016 2111 2055 2222 2313
[121] 2323

[[88]]
  [1]   10    8    8   12    9    7    7    6   13   12    8    7   13   11   18
 [16]   11   15    9    9    8    6   26   27   24   29   27   31   43   47   48
 [31]   58   49   49   60   75   67   72   79   71   72   71   93   88   81  105
 [46]  120  115  116  120   90  116  122  109  118  135  150  149  126  139  148
 [61]  158  171  188  230  270  252  263  271  290  309  299  296  309  299  321
 [76]  352  360  363  396  403  379  353  402  425  488  449  430  443  478  527
 [91]  589  577  567  569  664  676  684  727  736  774  807  829  871  883  953
[106]  939  988 1075 1105 1136 1181 1140 1190 1234 1293 1288 1332 1348 1515 1538
[121] 1535

[[89]]
  [1] 10 16 21 13 11 10  9 11  8  7 10 13 14 21 15 16 12 10  8  9  8  6  5  4  4
 [26]  3  4  4  3  3  2  2  2  7  5  4  2  2  1  0  0  0  0  0  0  0  0  0  0  0
 [51]  0  0  0  0  0  0  0  0  0  0  0  0  0  0  0  0  0  0  0  0  0  0  0  0  0
 [76]  0  0  0  0  0  0  0  0  0  0  0  0  0  0  0  0  0  0  0  0  0  0  0  0  0
[101]  0  0  0  0  0  0  0  0  0  0  0  0  0  0  0  0  0  0  0  0  0

[[90]]
  [1] 10 11 14 10 11  9  6  3  3 11  8  6  6  2  2  2  2  4  8  3  2  2  1  1  0
 [26]  0  0  0  0  0  0  0  0  0  0  0  0  0  0  0  0  0  0  0  0  0  0  0  0  0
 [51]  0  0  0  0  0  0  0  0  0  0  0  0  0  0  0  0  0  0  0  0  0  0  0  0  0
 [76]  0  0  0  0  0  0  0  0  0  0  0  0  0  0  0  0  0  0  0  0  0  0  0  0  0
[101]  0  0  0  0  0  0  0  0  0  0  0  0  0  0  0  0  0  0  0  0  0

[[91]]
  [1]   10   14   12   16   13   11   14   10    9    7   14    9    5    4   17
 [16]   18   12   10   14   19   22   22   26   27   30   38   55   43   35   54
 [31]   39   39   56   48   46   43   43   42   44   47   47   46   40   53   63
 [46]   63   54   56   58   56   76   87   81   60   74   87  100  106  100  105
 [61]  124  121  151  168  161  174  181  236  213  211  219  265  269  278  293
 [76]  300  322  336  377  372  395  397  420  476  503  539  520  568  621  643
 [91]  692  701  789  833  836  824  859  969  958  973  989 1110 1117 1137 1234
[106] 1267 1373 1399 1489 1641 1655 1714 1765 1878 1912 1895 2038 2205 2239 2241
[121] 2443

[[92]]
  [1]   10   12   10    7    6   12   15   30   22   14   15   20   15   18   15
 [16]   33   42   48   52   56   49   57   54   56   64   72   62   78   91   88
 [31]  103  116  103  113  128  151  163  166  164  192  196  178  190  209  226
 [46]  236  251  245  247  278  308  289  328  353  360  352  376  432  452  448
 [61]  431  481  505  585  569  562  577  549  568  618  629  693  712  733  777
 [76]  781  843  854  926 1049 1062 1083 1126 1177 1280 1322 1371 1344 1413 1453
 [91] 1515 1556 1632 1733 1878 2015 2001 2119 2160 2282 2326 2619 2664 2757 2792
[106] 2831 2899 2935 3047 3174 3287 3439 3493 3721 3799 3872 4003 4233 4343 4576
[121] 4805

[[93]]
  [1] 10 21 16 12  9 19 16 11  9  9  5  3  4  3  3  3  7  4  4  3 11 14 10  6  5
 [26]  4  8  5  5  5  5  4  4  3  2  2  2  5  2  1  1  1  1  1  1  1  0  0  0  0
 [51]  0  0  0  0  0  0  0  0  0  0  0  0  0  0  0  0  0  0  0  0  0  0  0  0  0
 [76]  0  0  0  0  0  0  0  0  0  0  0  0  0  0  0  0  0  0  0  0  0  0  0  0  0
[101]  0  0  0  0  0  0  0  0  0  0  0  0  0  0  0  0  0  0  0  0  0

[[94]]
  [1]   10   21   18   20   25   25   25   34   41   37   46   42   42   43   30
 [16]   24   34   50   58   63   63   59   59   54   57   53   67   81   78   76
 [31]   80   96   67   82   94  103  105  111  132  135  157  166  150  170  177
 [46]  158  199  179  173  191  204  203  204  221  247  249  293  286  289  303
 [61]  316  329  370  389  400  422  421  455  464  453  447  494  541  540  627
 [76]  646  626  624  621  649  712  790  765  798  804  881  856  912  943 1037
 [91] 1074 1114 1105 1114 1241 1285 1259 1377 1393 1475 1531 1598 1584 1718 1778
[106] 1891 1899 1913 1995 2087 2174 2263 2346 2395 2371 2511 2638 2700 2867 2912
[121] 3050

[[95]]
  [1] 10 11  7  6  6  3  3  2  2  5  7  9  7  4  3  3  2  2  2  2 10  7  5  4  3
 [26]  3 10  5  4 13 11  8 11  7 20 20 15 15 12 14 11 13 11 19 29 21 14 10 10 11
 [51] 14 11 10  8 11  8  6  8  3  1  6  2  2  2  2 11  8  7  4  2  1  6  4  3  3
 [76]  3  3  3  8 10  7  6  6  8 18 19 13 18 14 14 23 30 28 26 29 32 35 39 29 33
[101] 24 42 53 40 39 28 37 34 31 38 30 29 28 27 46 49 49 61 56 77 65

[[96]]
  [1]  10   6   7   7  13  17  19  16  12  16  23  18  20  22  27  20  26  24
 [19]  18  31  20  16  22  17  10  11  13   8   5   8   5   5   8   4   6   6
 [37]   9  11  12  14   8   8   8  16  13  10  10  12  13  14  20  27  26  23
 [55]  30  30  29  34  29  41  53  42  47  48  42  41  35  33  42  67  61  52
 [73]  57  80  73  71  57  48  53  89  94  69  82  76  90  84  60  92  90  88
 [91]  93  99  94 107  89  88  96 109 121 118  98 110 124 126 137 137 117 131
[109] 160 173 189 163 151 173 175 211 196 196 200 207 206

[[97]]
  [1]   10   13   12    9    9   15   21   26   21   19   31   25   36   36   40
 [16]   58   54   36   39   35   38   51   41   53   61   70   67   66   73   83
 [31]   82   89   88  110  124  158  151  160  144  178  180  209  217  233  202
 [46]  214  219  189  180  205  260  274  272  294  317  324  329  388  379  390
 [61]  437  413  422  408  456  481  510  527  559  552  549  584  617  640  640
 [76]  664  656  709  752  783  785  796  816  860  903  937  887  903  960 1062
 [91] 1112 1151 1186 1227 1270 1381 1409 1405 1471 1530 1570 1692 1689 1850 1877
[106] 1939 2100 2270 2325 2530 2539 2750 2895 2981 3067 3164 3243 3441 3675 3786
[121] 3888

[[98]]
  [1]   10    7    6    4    7    6    5    6    5    3    2    2    8    5    4
 [16]    4    2    2    2    2    4    3    2    2    8   10   10   12   16   19
 [31]   22   30   20   26   24   23   24   29   33   32   39   45   50   44   46
 [46]   47   53   58   48   55   51   35   46   44   46   55   45   46   63   56
 [61]   54   52   61   65   68   56   57   95  102  105  108  124  127  144  136
 [76]  155  149  181  183  211  226  217  211  227  270  290  323  296  296  299
 [91]  318  322  343  345  374  382  390  439  476  513  500  569  565  591  620
[106]  668  725  743  712  725  794  766  873  895  953  981 1006 1051 1048 1038
[121] 1165

[[99]]
  [1]  10   7  11  16   5   8   5   5   5  11   7   5   5   5   5   8  14  12
 [19]  15  22  24  21  16  19  13  11  20  21  24  24  27  40  29  33  26  31
 [37]  26  31  27  22  21  35  38  40  41  35  37  40  51  42  47  44  53  61
 [55]  67  55  49  47  58  60  52  50  59  57  66  67  76  73  64  62  79  69
 [73]  65  66  67  60  60  72  74  79  79  87  66  70  67  73  81  94 108 101
 [91]  83  84  96 106 144 120 141 150 182 175 164 182 194 179 208 204 183 214
[109] 201 233 241 261 265 287 302 285 302 309 331 340 359

[[100]]
  [1]  10  12  11   8   7   6   6  14   9   8  15  13  17  15  17  25  22  23
 [19]  16  20  26  39  47  41  41  31  35  45  40  33  37  30  31  45  32  36
 [37]  37  29  33  47  47  63  55  58  54  52  74  77  58  59  66  60  62  65
 [55]  67  95  95 102  87  91 106 115 117  99  78  91 110  82  94  81  80  96
 [73]  89  99 106 106 137 134 142 129 144 166 152 139 155 159 153 153 180 169
 [91] 158 176 187 187 220 208 201 225 217 241 260 240 249 279 291 310 307 363
[109] 377 422 436 454 419 462 459 514 570 596 617 663 667

[[101]]
  [1]  10   8  10  11   7   4   4   4   3  10   6   6   5   5  10  12  26  18
 [19]  21  19  20  17  22  21  22  27  27  28  30  37  42  43  39  34  44  55
 [37]  54  46  43  43  44  52  68  52  49  59  60  73  83  99  84  71  82  95
 [55]  69  91 110  98  89 102 104 119 110 113 126 140 142 125 129 151 144 153
 [73] 156 180 181 196 215 220 210 208 225 253 229 246 260 278 317 339 381 358
 [91] 336 326 342 367 407 417 404 375 402 426 420 471 501 498 503 553 578 575
[109] 546 575 593 645 642 692 705 734 778 815 896 906 943

[[102]]
  [1]   10    9    7    6    6    5   14   16   12   10   15   16   18   24   31
 [16]   30   30   28   20   19   14   25   22   24   24   42   43   34   39   40
 [31]   42   39   54   42   46   59   70   58   50   60   70   83   87   76   72
 [46]   63   69   68   85   84  100  115  107   93  101  112  107  107  108  111
 [61]  121  123  119  169  184  181  189  202  216  205  226  247  260  289  328
 [76]  348  337  359  360  413  387  383  440  454  444  510  489  528  597  653
 [91]  625  680  684  727  737  743  774  818  942  902  921  994 1112 1179 1221
[106] 1269 1272 1376 1385 1516 1591 1542 1671 1749 1847 1832 1900 2002 2088 2192
[121] 2182

[[103]]
  [1]  10   8  11   9   8   7   6   8  10  13   9   8  15  11  10  14  13   8
 [19]  15  12   9  11   9   8   7   9  10  11   7   7   6  15  13  13  11   8
 [37]  10  14  24  19  13  17  26  24  21  21  14  19  22  17  27  23  21  28
 [55]  46  30  27  18  20  30  24  23  25  27  32  24  23  25  30  35  33  34
 [73]  38  33  29  45  41  35  30  31  25  34  39  53  47  40  59  67  86  86
 [91]  80  60  75  81  65  58  70  99 100 101  97  77  73  74 100 112 105 116
[109] 119 143 142 145 163 191 219 203 221 225 242 250 251

[[104]]
  [1]   10   16   24   22   15   12   20   11   16   13    9    8   10   11    9
 [16]    7    6   12   10   17   10   11    9   14   11   17   16   23   20   29
 [31]   27   24   33   39   45   44   41   54   52   50   64   61   65   71   78
 [46]   75   90   82   90   93  104   98  110  116  124  151  124  145  157  172
 [61]  166  168  181  191  167  214  197  206  240  231  230  263  256  253  276
 [76]  309  334  313  306  303  309  317  352  341  341  379  408  443  436  446
 [91]  461  504  566  591  538  608  605  624  670  687  703  759  791  782  825
[106]  866  910  915 1019 1023 1038 1005 1043 1040 1152 1156 1115 1118 1211 1340
[121] 1409

[[105]]
  [1]  10  19  15  18  12  21  27  18  24  24  18  22  20  24  31  27  16  16
 [19]  13  15  22  15   9  12  17  15  12  11  15  15  22  15  12  15  14  10
 [37]  11  10  12  10  13  12  16  16  25  28  38  47  53  51  39  35  36  35
 [55]  41  40  37  51  60  44  50  45  40  31  46  59  49  51  49  63  67  71
 [73]  65  70  68  63  79  85  88  92  89  90  94  83  80 120 103  89  84 100
 [91] 116 101  94 100 115 128 146 158 148 128 141 165 153 175 207 195 210 244
[109] 251 249 263 278 282 280 288 305 322 368 355 340 389

[[106]]
  [1] 10  4  4  4  8  3  2  2  2  2  2  2  8 13 11 12 10  7  7 12 10  7  5  5 17
 [26] 15 17 17 10 13 15 11  8  8  7 16 14 10  8 11 11  6  5  4  1  1  1  1  1  6
 [51]  8  6  5  4  3  2  2  1  8  5  4  3  3  3  3  9  6  4  4  7  6  5  7  5  8
 [76] 11 14 21 14 16 16 25 26 21 20 24 21 30 27 21 23 24 31 31 31 33 37 29 27 21
[101] 30 26 19 14 18 15 23 29 19 13 17 34 28 37 28 30 35 36 38 50 43

[[107]]
  [1] 10  7  5  2  1  1  1  0  0  0  0  0  0  0  0  0  0  0  0  0  0  0  0  0  0
 [26]  0  0  0  0  0  0  0  0  0  0  0  0  0  0  0  0  0  0  0  0  0  0  0  0  0
 [51]  0  0  0  0  0  0  0  0  0  0  0  0  0  0  0  0  0  0  0  0  0  0  0  0  0
 [76]  0  0  0  0  0  0  0  0  0  0  0  0  0  0  0  0  0  0  0  0  0  0  0  0  0
[101]  0  0  0  0  0  0  0  0  0  0  0  0  0  0  0  0  0  0  0  0  0

[[108]]
  [1]  10  13  17  17  17  18  16  15  14  10   8  12  25  26  18  16  13  22
 [19]  20  15  22  22  24  25  33  22  20  22  26  30  25  19  17  26  32  33
 [37]  29  24  26  21  29  43  44  50  43  39  48  59  64  61  57  51  74  90
 [55]  80  80  77  70  58  64  69  64  60  59  75  71  60  75  89  84  85  94
 [73] 111 134 128 124 135 157 149 145 129 154 139 145 159 183 157 142 144 152
 [91] 168 171 180 196 230 230 191 219 239 240 259 266 293 351 378 369 376 378
[109] 460 436 494 490 492 508 554 548 539 616 731 740 724

[[109]]
  [1]  10  12   9   9   9   9   8   7  24  18  10   8   9  15  14  10   7   7
 [19]  19  22  14  10   8   6   5   5  16  16  11  10   7  16  11  22  26  18
 [37]  23  17  21  27  27  24  17  16  19  16  21  34  32  25  38  36  39  41
 [55]  43  62  52  54  54  58  50  63  44  42  51  49  42  53  69  64  51  72
 [73]  73  95  94 105 105  97 106  79  86  88  85 100 117 106  90 101 102 110
 [91] 124 127 144 147 157 134 138 190 188 172 164 208 216 203 231 250 245 235
[109] 244 279 269 274 284 337 353 340 381 393 402 399 364

[[110]]
  [1]   10   20   19   15   20   17   14   12   24   23   17   14   12   28   37
 [16]   31   29   27   46   38   46   48   43   40   51   39   35   43   38   56
 [31]   47   43   35   45   51   72   66   69   73   81   84   75   78   80  100
 [46]   97   91   91   87   92  120  125  127  119  121  123  150  127  137  131
 [61]  146  141  177  168  178  159  163  196  218  214  226  245  254  258  230
 [76]  233  238  246  241  278  269  266  287  326  366  364  356  415  425  408
 [91]  415  441  470  506  477  467  536  592  583  566  602  588  651  755  758
[106]  779  786  797  846  914  938  978 1023 1081 1098 1212 1233 1205 1209 1218
[121] 1382

[[111]]
  [1]   10   24   19   18   25   29   28   25   19   20   23   24   24   26   28
 [16]   32   36   27   20   24   31   38   30   35   34   42   38   44   47   38
 [31]   43   31   39   39   35   46   76   71   81   79   61   72   72   91   90
 [46]   95   85   90  107  138  138  133  137  128  122  163  172  187  192  181
 [61]  178  185  193  234  228  230  238  242  279  284  291  323  305  286  313
 [76]  326  350  367  346  372  406  438  482  499  507  509  515  496  497  535
 [91]  539  547  559  550  572  638  673  751  783  778  788  884  927  964  937
[106]  900  933  926  985 1077 1196 1230 1254 1280 1307 1366 1378 1376 1542 1539
[121] 1674

[[112]]
  [1]   10   12    7   25   24   19   15   13   12   11   30   17   16   18   20
 [16]   15   13   31   27   22   22   20   27   27   24   29   32   34   38   40
 [31]   38   32   34   29   27   36   43   48   51   48   54   52   54   61   60
 [46]   58   62   58   68   67   72   74   54   66   71   72   64   77   84  102
 [61]  113  127   97  115  116  125  137  182  176  208  173  162  193  218  224
 [76]  218  217  241  242  238  276  260  331  328  327  332  332  382  367  423
 [91]  429  470  493  498  561  640  654  647  667  703  732  769  789  810  865
[106]  841  831  887  910  895  952  997 1061 1113 1073 1169 1209 1252 1248 1241
[121] 1361

[[113]]
  [1]  10  10  10   8   6   5   4   3   3   2   3   7   4   7   5   5   4   4
 [19]   4   4   6   9   7  10   8  16  10  12   7   7   5   3   3   9   8   7
 [37]   6   6   6  18  16  12  14  12   6  12  26  24  18  16  22  32  23  31
 [55]  35  34  35  39  49  53  46  43  51  54  38  47  52  58  72  76  57  50
 [73]  47  55  48  75  66  72  80  79  62  74  70  58  59  69  83  91  89  86
 [91]  81  97 104 120 134 148 151 172 182 177 163 184 192 225 194 180 188 182
[109] 216 188 211 209 238 224 245 267 281 327 297 278 278

[[114]]
  [1]  10  15  17  18  12   9   6   6  10  13   9   7   7   6   5   5   4  18
 [19]  14  13   9   8  13  27  18  26  31  30  24  28  25  25  34  28  21  30
 [37]  40  31  24  33  33  35  37  42  39  44  66  65  61  56  51  49  48  82
 [55]  98  84  94 116  89  92 115 114 112 107  89 137 133 155 150 133 123 132
 [73] 134 140 135 137 162 155 141 155 197 187 177 173 170 194 188 205 212 227
 [91] 242 237 263 271 253 276 285 311 299 290 265 282 279 304 312 366 346 347
[109] 361 342 393 416 446 427 412 398 454 530 535 534 575

[[115]]
  [1]   10   10   10    6    5    5    8    8    8   11   12   20   12   10    8
 [16]   12   19   15    9    8   11    9   11   15   14   16   11   10   15   23
 [31]   31   30   26   25   20   29   25   18   29   22   19   22   33   31   37
 [46]   34   27   34   34   30   42   49   51   60   58   64   59   71   83   71
 [61]   72   85   90   98  112  127  130  117  142  137  133  157  153  186  196
 [76]  192  187  222  222  247  271  256  291  312  284  271  349  319  351  388
 [91]  374  399  409  479  451  475  522  559  526  560  597  605  614  653  706
[106]  720  757  755  781  787  812  815  858  847  888  926  974 1007 1077 1098
[121] 1110

[[116]]
  [1] 10  9 20 19 16 20 19 13 17 11 13 15 15 17 18 12 10 13 12 11 18 12 11 11  8
 [26] 13 15 12 10  8 14 23 19 19 18 29 26 26 21 20 17 20 23 30 19 13  9 16 24 20
 [51] 24 25 19 14 14 10  9 14 15 14 17 26 28 20 18 27 18 14 26 38 31 24 20 22 25
 [76] 26 17 20 16 23 14 18 21 16 18 18 20 20 10  8 14  9  5  4  7  4  4  4 10  8
[101] 10 17  8  5  5 10  8 13  6  4  4  3  5  0  0  0  0  0  0  0  0

[[117]]
  [1]   10   13   18   20   19   21   17   12    9   12   17   19   24   25   28
 [16]   25   21   27   25   26   34   33   26   35   29   23   20   30   50   49
 [31]   40   35   31   51   52   44   38   49   63   56   52   64   73   77   76
 [46]   81   89  107   95  115  120  116  106  128  141  143  129  147  145  164
 [61]  145  144  166  171  181  202  193  196  226  209  255  233  247  295  287
 [76]  289  324  319  314  308  371  391  385  396  415  416  413  409  469  514
 [91]  524  569  544  572  609  658  681  733  701  789  817  925  960 1013 1062
[106] 1066 1107 1097 1176 1250 1328 1420 1381 1457 1622 1602 1660 1772 1859 1860
[121] 1971

[[118]]
  [1] 10 13 12 15 15 14 12 17 10  9 12  7  6 10  8  5  4  8  6  6  5  4  3  3  2
 [26]  1  3  2  1  1  1  1  1  1  0  0  0  0  0  0  0  0  0  0  0  0  0  0  0  0
 [51]  0  0  0  0  0  0  0  0  0  0  0  0  0  0  0  0  0  0  0  0  0  0  0  0  0
 [76]  0  0  0  0  0  0  0  0  0  0  0  0  0  0  0  0  0  0  0  0  0  0  0  0  0
[101]  0  0  0  0  0  0  0  0  0  0  0  0  0  0  0  0  0  0  0  0  0

[[119]]
  [1]   10   15   16   18   17   16   14   14   15   14   16   36   31   30   42
 [16]   30   29   39   33   30   23   40   42   39   33   30   51   46   50   45
 [31]   56   65   53   70   82   96  102   96   88   80   88   96   82   89  121
 [46]  127  145  152  159  172  158  175  174  160  148  164  177  167  170  167
 [61]  208  223  233  261  280  258  287  245  267  279  276  295  326  359  381
 [76]  382  405  398  415  427  444  453  476  533  486  511  498  550  602  580
 [91]  576  615  645  646  653  694  720  737  773  754  831  873  917  906  968
[106]  985 1010 1033 1101 1218 1214 1255 1307 1342 1414 1495 1515 1588 1663 1654
[121] 1760

[[120]]
  [1]  10  14  23  20  12  20  17  15  13  18  25  17  17  10  20  14  20  16
 [19]  20  31  35  26  19  24  22  20  22  19  11  11  15  15  18  12  14  15
 [37]  21  21  17  21  28  22  22  23  33  36  29  35  49  53  50  54  51  47
 [55]  36  57  49  50  62  73  58  51  66  76  63  73  65  51  56  66  63  72
 [73]  68  63  73  91 106  75  89  97 108 108 105 113  93 104 102 114 131 130
 [91] 133 141 144 155 165 165 172 188 203 235 225 269 286 312 321 301 294 339
[109] 357 339 374 403 428 418 424 459 482 485 536 542 540

[[121]]
  [1]  10   5   8  13   8  14  14  24  16  12  11   7   8   8   7   6   6   8
 [19]  18  10  17  20  25  21  20  25  21  28  29  27  28  40  29  28  43  42
 [37]  35  34  37  30  40  37  50  43  37  50  36  44  39  55  44  49  43  40
 [55]  45  40  49  45  72  60  60  50  52  57  55  62  62  82  88  88  73  79
 [73]  89  70  78  82  76  92  84  85  95 109 103 118  99  97 114 115 131 132
 [91] 114 109 131 141 170 194 178 185 197 195 232 267 269 240 235 262 308 312
[109] 321 351 395 408 365 386 376 413 446 454 456 400 521

[[122]]
  [1]   10    8   13   19   15    9    8    6    9    5    3    3    3    2    2
 [16]    7    4    9    5    4    4    4    4    7   14   25   23   25   31   26
 [31]   28   34   37   41   47   46   46   48   46   37   66   73   69   61   57
 [46]   49   53   61   61   58   56   71   73   79   78   81   88   78   89   92
 [61]  124  122  116  111  120  111  140  127  122  114  146  140  126  125  136
 [76]  168  186  185  166  160  203  190  182  214  259  303  333  313  332  330
 [91]  402  369  425  432  461  481  503  513  490  538  634  619  647  717  762
[106]  783  815  782  831  882  955  925  939  997 1078 1070 1119 1090 1148 1284
[121] 1316

[[123]]
  [1]   10   12   10    9    8   16   14   14   13   18   29   25   26   32   30
 [16]   46   44   33   29   47   50   59   42   40   46   49   49   60   60   66
 [31]   47   65   54   62   77   68   82   81   88   79   90   88   95   87   83
 [46]   75   67   75   82   89  111  102   89  114  132  102  120  132  121  119
 [61]  138  140  185  197  204  178  183  207  229  214  221  228  203  207  260
 [76]  299  287  330  306  328  350  374  334  351  398  400  403  416  442  469
 [91]  494  486  474  528  569  513  515  548  605  610  648  637  693  736  753
[106]  837  852  853  836  878  986 1036 1088 1124 1233 1223 1327 1343 1305 1398
[121] 1463

[[124]]
  [1]   10   12   14   12   17   20   15   18   23   30   27   41   35   34   32
 [16]   53   56   52   59   59   47   54   61   74   86   92   71   83   79   90
 [31]  117  106  104  112  113  146  139  156  158  140  164  194  177  203  193
 [46]  214  195  233  250  273  223  252  280  303  280  311  317  317  319  357
 [61]  402  407  407  431  415  402  453  447  482  539  502  535  572  592  591
 [76]  609  626  648  663  694  738  780  804  835  823  831  913  941  890  945
 [91]  978 1093 1044 1151 1239 1309 1280 1335 1392 1456 1552 1537 1553 1675 1809
[106] 1874 1860 1944 2108 2204 2293 2353 2611 2558 2645 2735 2947 3034 3173 3202
[121] 3373

[[125]]
  [1] 10  6  4  3  2  1  1  1  1  1  1  1  0  0  0  0  0  0  0  0  0  0  0  0  0
 [26]  0  0  0  0  0  0  0  0  0  0  0  0  0  0  0  0  0  0  0  0  0  0  0  0  0
 [51]  0  0  0  0  0  0  0  0  0  0  0  0  0  0  0  0  0  0  0  0  0  0  0  0  0
 [76]  0  0  0  0  0  0  0  0  0  0  0  0  0  0  0  0  0  0  0  0  0  0  0  0  0
[101]  0  0  0  0  0  0  0  0  0  0  0  0  0  0  0  0  0  0  0  0  0

[[126]]
  [1]   10   15   26   25   20   18   25   26   38   29   26   25   44   57   53
 [16]   57   50   50   73   81   77   79  106   88  107   87   86   97   91  100
 [31]   96  105   87  110  126  120  135  141  140  129  161  157  202  194  212
 [46]  210  230  219  229  230  254  281  288  294  303  311  296  312  330  372
 [61]  356  349  334  360  363  405  449  429  428  509  521  526  551  522  573
 [76]  597  691  723  678  686  735  760  768  841  856  889  979 1020 1022 1084
 [91] 1211 1194 1239 1333 1410 1343 1408 1538 1617 1713 1825 1911 1858 1936 2005
[106] 2080 2130 2211 2339 2472 2646 2732 2868 2911 2948 3105 3266 3404 3514 3646
[121] 3899

[[127]]
  [1]  10  11   9  17  14   9   6   6  12  14   8   7   7  11   8  14  12   8
 [19]   8  15  11  12  20  20  15  14  14  16  16  16  18  14  17  13  10   9
 [37]  14   9  10  21  11  10   7   7  15   9   8   8  23  38  29  22  25  26
 [55]  36  25  22  23  27  24  15  11  20  18  21  23  28  24  16  14  13  23
 [73]  26  22  26  29  39  41  39  31  30  42  54  51  51  57  47  56  52  49
 [91]  51  43  57  58  58  61  72  62  75  83  87  90 101 101  97 105 112 123
[109] 144 148 140 129 165 151 177 184 159 175 191 201 179

[[128]]
  [1]   10    9   17   25   23   19   19   19   16   24   30   22   19   16   17
 [16]   11   13   11   18   15   11    7   12    7    7   13   14   11   10   13
 [31]   17   17   12   25   32   38   44   49   47   38   36   26   46   51   49
 [46]   61   65   56   56   55   92   85   95   72   93   98   97   88   75   95
 [61]  125  109  102  109  107   99  115  143  134  141  130  116  128  139  135
 [76]  131  142  137  143  166  177  180  179  174  194  205  223  240  254  285
 [91]  276  261  308  338  319  361  382  359  422  395  465  552  538  567  597
[106]  628  636  628  720  713  768  750  721  751  812  932  934 1019 1092 1027
[121] 1118

[[129]]
  [1]   10   10    8   16    9    8   13   18   23   24   26   32   27   27   20
 [16]   28   33   29   36   25   30   31   40   42   31   33   39   56   58   39
 [31]   46   44   49   71   66   59   56   52   60   66   68   61   61   85   80
 [46]   78   70   86  101  107   87   91  106  119  122  118  129  125  140  174
 [61]  187  187  174  197  169  206  220  234  233  265  283  273  268  254  244
 [76]  289  320  344  305  356  356  370  371  396  397  428  468  493  488  484
 [91]  558  545  608  646  591  592  656  702  694  751  843  831  893  944  992
[106] 1015  992 1063 1000 1083 1150 1198 1323 1325 1411 1470 1569 1616 1633 1785
[121] 1756

[[130]]
  [1]   10   10   13    9   16   21   18   21   37   33   36   32   47   44   47
 [16]   46   50   64   57   80   69   83   88   85   90  122  113  108  123  107
 [31]  137  137  154  125  132  139  153  139  133  127  125  134  180  175  184
 [46]  167  174  161  157  192  191  186  172  181  189  192  192  197  223  228
 [61]  192  228  250  239  242  239  251  274  250  255  305  307  325  373  370
 [76]  328  319  337  386  364  367  404  450  414  406  422  546  581  595  600
 [91]  596  670  732  728  737  776  791  825  869  964  951 1002  944 1011 1083
[106] 1206 1163 1176 1230 1230 1404 1493 1592 1569 1591 1669 1817 1910 2042 1987
[121] 2137

[[131]]
  [1]  10   7   8   5   5   5  14  20  17  15  11  18  17  25  18  18  20  27
 [19]  29  28  29  24  30  37  39  39  42  44  50  53  62  68  67  85  74  67
 [37]  63  59  61  55  56  61  59  49  58  64  79  79  62  72  90  79  72  80
 [55]  75  70  78  87  89  64  75  82  81  84  93  84 100 115 126 141 129 134
 [73] 130 134 128 149 135 144 150 158 149 160 186 207 212 199 204 239 250 248
 [91] 264 243 223 238 242 235 255 269 331 302 347 406 406 415 416 421 455 480
[109] 454 514 545 560 562 575 600 589 627 634 677 724 738

[[132]]
  [1] 10  6  3  3  5  2  1  1  1  1  1  1  1  1  0  0  0  0  0  0  0  0  0  0  0
 [26]  0  0  0  0  0  0  0  0  0  0  0  0  0  0  0  0  0  0  0  0  0  0  0  0  0
 [51]  0  0  0  0  0  0  0  0  0  0  0  0  0  0  0  0  0  0  0  0  0  0  0  0  0
 [76]  0  0  0  0  0  0  0  0  0  0  0  0  0  0  0  0  0  0  0  0  0  0  0  0  0
[101]  0  0  0  0  0  0  0  0  0  0  0  0  0  0  0  0  0  0  0  0  0

[[133]]
  [1]  10   8  19  12  11   9   9  30  31  28  21  17  22  26  26  18  30  18
 [19]  25  39  26  18  15  16  22  16  24  18  22  20  16  13  13  24  32  25
 [37]  37  26  18  19  15  32  42  29  22  19  23  22  20  32  40  36  41  39
 [55]  30  54  53  49  31  41  29  37  36  49  40  45  40  35  36  39  53  44
 [73]  38  33  42  51  55  57  60  56  49  63  75  86  86  79  75  76  87 102
 [91] 119 111  98 104 118 129 121 136 119 132 143 163 159 181 192 193 222 216
[109] 208 187 169 217 212 261 229 242 211 261 257 270 287

[[134]]
  [1]   10   16   14   19   28   21   16   16   24   24   26   24   27   32   26
 [16]   49   35   48   39   37   57   50   70   47   52   56   53   41   48   55
 [31]   49   56   60   62   77   84   80   83  107   96  109  104  115  127  146
 [46]  135  168  170  152  136  137  138  147  189  200  197  196  202  196  237
 [61]  214  236  230  228  234  273  285  284  280  300  336  366  385  366  392
 [76]  438  425  422  455  458  534  510  502  462  518  570  563  577  563  542
 [91]  608  661  638  617  652  701  771  793  866  901  941  948 1002 1080 1127
[106] 1132 1179 1200 1211 1262 1357 1429 1513 1536 1560 1559 1740 1820 1851 1917
[121] 1996

[[135]]
  [1]   10   14   11   13   12   11   18   18   25   19   18   18   27   20   36
 [16]   31   44   43   44   56   56   66   67   72   77   77   90   84   97   93
 [31]   95   72   87   87   84  104  112   95   83  106   98   78  101  122   99
 [46]  102  108  106  132  135  115  134  145  131  128  154  159  185  201  199
 [61]  217  240  249  222  255  284  283  243  270  306  327  311  325  334  392
 [76]  416  420  417  412  401  441  494  526  503  516  590  640  634  672  713
 [91]  744  744  810  889  871  963  956 1014 1045 1143 1123 1167 1236 1284 1306
[106] 1421 1484 1558 1625 1709 1785 1843 1825 1975 2093 2177 2248 2337 2500 2593
[121] 2668

[[136]]
  [1]   10   16   11    9   15   26   22   25   28   28   28   41   43   30   37
 [16]   45   47   52   36   49   40   49   59   68   70   53   56   59   86   91
 [31]   91   90   86  106  111  111  104  144  164  154  154  149  179  172  165
 [46]  189  220  200  225  250  279  281  255  287  279  279  287  300  325  343
 [61]  375  350  364  409  438  401  455  495  469  484  519  524  593  583  524
 [76]  556  677  720  695  712  760  725  774  801  912  966  989  961 1005 1105
 [91] 1142 1152 1225 1290 1327 1397 1382 1512 1593 1666 1614 1640 1770 1877 1879
[106] 2040 2081 2161 2202 2271 2398 2497 2508 2629 2801 2807 2850 3053 3133 3211
[121] 3265

[[137]]
  [1]   10   12   11   16   11   15   18   14   13   22   25   30   35   29   25
 [16]   44   54   43   56   73   70   60   78   72   82   76   86   71   96   99
 [31]   93  112   90   97  115  128  128  142  141  147  164  148  163  191  187
 [46]  184  198  207  251  264  249  286  310  332  353  373  426  446  445  496
 [61]  497  557  542  522  573  532  582  645  709  715  671  712  756  822  838
 [76]  854  860  950  917  955  991  995 1050 1121 1160 1232 1256 1236 1249 1342
 [91] 1415 1505 1493 1542 1614 1585 1646 1715 1789 1800 1854 1868 1974 2067 2160
[106] 2265 2336 2393 2507 2689 2800 2929 2976 2992 3101 3185 3442 3695 3802 3905
[121] 3892

[[138]]
  [1]  10  20  14  18  15  15  18  28  36  34  28  32  26  28  31  33  28  27
 [19]  22  26  32  29  31  29  27  29  33  42  33  33  31  32  45  28  35  41
 [37]  39  33  29  22  25  33  29  40  39  39  32  29  39  42  39  30  28  29
 [55]  37  36  43  46  52  58  53  80  69  70  82  85  71  81  90  97 120 121
 [73] 113 110 125 148 167 151 122 125 137 179 202 200 212 198 243 253 239 265
 [91] 239 231 240 251 261 290 273 272 294 271 287 307 286 350 369 384 369 370
[109] 423 441 479 468 467 559 575 562 574 588 642 691 680

[[139]]
  [1]   10   13   17   19   20   18   27   36   38   28   34   38   41   38   37
 [16]   35   39   47   64   48   53   64   62   55   51   55   50   43   41   39
 [31]   58   41   42   47   38   52   67   68   61   49   63   66   71   83   78
 [46]   87  104   95   93  111  118  105  116  142  149  170  181  198  205  231
 [61]  241  203  222  220  236  245  260  268  290  291  292  305  288  312  297
 [76]  318  320  309  328  317  292  259  324  349  411  457  438  434  450  495
 [91]  518  520  534  549  593  630  670  689  694  746  792  829  893  876  885
[106]  950 1036 1074 1035 1069 1107 1166 1332 1408 1417 1445 1515 1602 1719 1687
[121] 1752

[[140]]
  [1]  10  11   8   8  14   8   9   8  20  14  13   7   6   5  10   7   9   6
 [19]   4   5  12  18  22  20  19  22  21  33  34  30  26  45  46  68  63  50
 [37]  53  59  57  59  62  63  64  58  55  81  85  92  73  92  95  90 101 105
 [55]  88 107 102  94  84  85 107 108 110 110 114 142 157 153 165 149 161 170
 [73] 160 154 176 173 162 161 162 179 204 198 188 186 181 156 166 186 182 222
 [91] 217 245 235 229 264 308 336 332 380 371 377 376 374 393 375 386 415 457
[109] 449 440 496 516 548 559 634 680 683 720 770 777 837

[[141]]
  [1]  10  12   9   5   5   5   5   7   6   7   5   2   2   2   2   1   1   1
 [19]   1   5   3   2   2   2   2   7   7  10   4   4   4   4   8  12   8   8
 [37]   7  10   9  14  14  20  26  24  17  24  23  28  36  43  31  36  36  30
 [55]  37  46  42  38  40  47  41  54  54  47  41  52  41  50  61  64  74  62
 [73]  64  60  59  65  70  74  73  75  79  87 100 116  99 101 127 131 131 129
 [91] 143 125 128 173 145 139 139 176 185 197 189 181 157 215 230 221 230 259
[109] 281 269 246 299 265 268 297 313 279 321 298 282 296

[[142]]
  [1]   10    5   12   10   12   15   12    9   15   17   27   17   16   10   19
 [16]   22   19   14   13   11   11   20   16   13   16   22   28   23   20   25
 [31]   27   38   27   29   26   31   32   31   47   42   49   46   43   45   42
 [46]   67   67   72   86   82   84   96  102   97  107  125  121  128  152  158
 [61]  158  157  178  175  190  160  186  182  195  221  210  217  227  245  272
 [76]  277  306  287  294  323  330  364  360  391  401  408  454  421  449  497
 [91]  578  601  628  665  663  677  705  760  773  818  893  927  950 1015 1032
[106] 1131 1244 1354 1399 1423 1428 1443 1460 1635 1739 1739 1887 1928 2028 2141
[121] 2230

[[143]]
  [1]  10   9  16   9  12   8   8   5   6   5   4   5   4   8   7   6   8   6
 [19]   6   6   6  15  16  10   9   7  19  21  18  18  18  14  14  10  13  18
 [37]  12  15  28  22  23  26  24  25  20  24  17  19  37  17  14  25  19  13
 [55]  15  23  23  16  18  17  13  16  14  16  18  28  25  17  20  21  25  26
 [73]  36  37  33  33  28  30  42  44  38  24  29  36  46  47  58  46  56  63
 [91]  61  62  62  68  74  78  88 104  87  97 105 120 126 161 160 151 139 156
[109] 152 178 177 197 213 226 226 217 214 206 227 219 230

[[144]]
  [1]   10   13   18   19   20   15   21   20   21   23   22   34   24   30   28
 [16]   28   21   26   20   22   19   24   21   30   24   26   29   40   36   34
 [31]   32   41   48   41   34   71   72   92   91   92  105  105  125  119  115
 [46]  128  136  163  147  157  141  152  159  170  169  168  146  169  207  185
 [61]  216  220  215  211  246  252  292  287  268  242  282  293  303  307  335
 [76]  316  357  388  412  420  387  379  429  430  448  462  454  476  443  471
 [91]  425  479  501  513  524  524  535  591  579  596  628  644  668  710  775
[106]  782  775  765  793  797  826  877  908  982 1016  997 1072 1086 1111 1212
[121] 1263

[[145]]
  [1] 10 10 12 10  9  8 13  6  5  3  2  2  2  1  1  1  1  1  1  1  5  4  3  3  3
 [26]  3  2  2  1  0  0  0  0  0  0  0  0  0  0  0  0  0  0  0  0  0  0  0  0  0
 [51]  0  0  0  0  0  0  0  0  0  0  0  0  0  0  0  0  0  0  0  0  0  0  0  0  0
 [76]  0  0  0  0  0  0  0  0  0  0  0  0  0  0  0  0  0  0  0  0  0  0  0  0  0
[101]  0  0  0  0  0  0  0  0  0  0  0  0  0  0  0  0  0  0  0  0  0

[[146]]
  [1]   10   16   10   12    9    8    6   11   19   17   15   24   28   24   24
 [16]   21   22   38   33   34   29   34   32   32   37   47   33   35   45   36
 [31]   24   32   42   52   45   49   49   47   55   61   63   69   57   63   59
 [46]   52   49   50   51   57   65   55   63   64   60   66   82   83   87   83
 [61]  106  109  111  102  124  142  136  152  177  176  179  196  224  215  204
 [76]  235  275  296  275  272  312  278  259  315  307  337  326  319  320  333
 [91]  346  354  356  335  403  407  443  468  532  516  536  518  562  579  583
[106]  646  680  680  700  789  832  868  928 1006 1123 1072 1138 1177 1293 1316
[121] 1345

[[147]]
  [1]   10    7   13    8    7    5   13    5    4    7    7    7    6   10   12
 [16]   11   15   12    8   13   12   28   19   16   14   12   30   35   25   20
 [31]   26   34   27   43   45   34   36   49   44   51   64   66   57   58   51
 [46]   60   71   66   83   93  102   98  111  123  130  152  139  128  117  163
 [61]  179  171  156  187  223  215  234  240  236  253  259  233  242  239  249
 [76]  255  261  268  293  295  348  347  369  387  405  421  437  447  476  509
 [91]  549  537  609  680  717  661  672  776  751  791  858  926  932 1008 1073
[106] 1124 1170 1182 1357 1402 1484 1509 1478 1535 1689 1807 1850 1879 2067 2093
[121] 2287

[[148]]
  [1] 10  7  6  5  4  3  3  3  3  2  1  5  6  9  4  4  4 11 11 11 19 14 12  7  7
 [26] 12 11  9  8  8  8 12  9  8 11 13 26 24 22 17 15 20 14 19 17 15 14 20 22 27
 [51] 26 17 15 21 16 33 35 20 30 23 26 24 26 28 30 26 25 37 22 50 52 48 40 49 42
 [76] 45 38 33 26 37 36 27 20 21 33 23 22 29 46 53 34 32 38 44 53 57 61 66 68 63
[101] 65 52 54 61 61 53 63 67 59 61 61 68 61 50 65 72 72 65 78 71 87

[[149]]
  [1]   10   21   14   11    8   13   17   12   11   10   17   12   10   17   23
 [16]   18   25   27   25   21   31   31   36   26   29   46   36   49   57   63
 [31]   59   77   76   85   83   85   79   99   89   89   93   93   85  111  119
 [46]  107  126  110  121  130  148  136  116   99  138  119  135  142  130  139
 [61]  187  161  149  152  157  203  231  202  182  193  205  231  221  239  253
 [76]  275  305  317  334  316  325  378  396  422  451  439  471  496  522  522
 [91]  522  574  552  567  620  634  664  698  699  719  735  826  859  856  887
[106]  930  981  974 1014 1072 1123 1163 1241 1328 1399 1512 1576 1626 1650 1743
[121] 1816

[[150]]
  [1]  10  14   8  14  13   9  16  15  11  14  20  11  16  16  11  14  12  10
 [19]   7  10  17  16  16  27  29  28  33  28  21  30  31  31  33  51  46  49
 [37]  37  44  40  40  58  47  48  40  45  62  57  55  58  57  59  59  64  85
 [55]  94 110  88  99  98 124 124 119 110 109 117 119 138 140 143 128 157 146
 [73] 159 146 152 167 173 165 190 169 189 191 209 201 219 247 241 268 280 278
 [91] 261 290 284 298 309 346 363 327 375 328 387 369 379 389 369 415 414 436
[109] 452 466 472 546 571 602 583 639 672 756 761 810 841

> save(reslist, file=paste("output",iter,".rda",sep=""))
> 
> 
> ###############################################################
> 
> 
> # Clear the workspace and turn off graphics.
> #  Load all the functions you need by sourcing the provided demographic.R file
> #  Read in the job number from the cluster. To do this, your code should include a new
> # variable iter and should start with the line:
> # iter <- as.numeric(Sys.getenv(PBS_ARRAY_INDEX))
> #  Control the random number seeds so that each parallel simulation takes place with a
> # different seed. Your function should therefore set the random number seed as iter so that
> # each parallel simulation has a unique random seed.
> #  In each parallel run, select the initial condition to be used. Ensure that 25 of the parallel
> # simulations are allocated to each of the initial conditions.
> #  Create a variable which is the filename to store your results. The end of the filename
> # should be the number iter to ensure that simulation files do not overwrite one another on
> # the cluster.
> #  Initialise a list which will contain the results of your 150 simulations.
> #  Call the stochastic_simulation function to do the appropriate simulation 150 times,
> # appending the output to the results list, and then save the results list.
> 
> #four initial conditions (25 cluster runs per)
> #each cluster run runs simulation 150 times
> #1) large population of 100 adults
> #2) small population of 10 adults
> #3) 100 individuals spread
> #4) small population of 10 individuals
> 
R has finished running

============================================

        Job resource usage summary 

                 Memory (GB)    NCPUs
 Requested  :         1             1
 Used       :         0 (peak)   0.85 (ave)

============================================
