R is about to run

R version 4.4.1 (2024-06-14) -- "Race for Your Life"
Copyright (C) 2024 The R Foundation for Statistical Computing
Platform: x86_64-conda-linux-gnu

R is free software and comes with ABSOLUTELY NO WARRANTY.
You are welcome to redistribute it under certain conditions.
Type 'license()' or 'licence()' for distribution details.

R is a collaborative project with many contributors.
Type 'contributors()' for more information and
'citation()' on how to cite R or R packages in publications.

Type 'demo()' for some demos, 'help()' for on-line help, or
'help.start()' for an HTML browser interface to help.
Type 'q()' to quit R.

> 
> 
> growth_matrix <- matrix(c(0.1, 0.0, 0.0, 0.0,
+ 0.5, 0.4, 0.0, 0.0,
+ 0.0, 0.4, 0.7, 0.0,
+ 0.0, 0.0, 0.25, 0.4),
+ nrow=4, ncol=4, byrow=T)
> 
> reproduction_matrix <- matrix(c(0.0, 0.0, 0.0, 2.6,
+ 0.0, 0.0, 0.0, 0.0,
+ 0.0, 0.0, 0.0, 0.0,
+ 0.0, 0.0, 0.0, 0.0),
+ nrow=4, ncol=4, byrow=T)
> 
> clutch_distribution <- c(0.06,0.08,0.13,0.15,0.16,0.18,0.15,0.06,0.03)
> 
> #=========================================================================================
> rm(list=ls())
> graphics.off()
> source("Demographic.R")
> source("kl2621_HPC_2024_main.R")
[1] 0 0 0 0 3
[1] 3 3 2 2 2
[1] 2 2
 [1] 7 4 3 3 3 3 3 2 2 2 2 1 1 1 1 1 1 1 1 1 1
> 
> 
> ###4 initial conditions
> 
> ############################################################
> 
> 
> 
> #VVVVVVVVVVVV-------------COMMENT ME OUT WHEN RUNNING THE THING
> #iter <- 5
> #VVVVVVVVVVV--------------UNCOMMENT ME OUT
> iter <- as.numeric(Sys.getenv("PBS_ARRAY_INDEX"))
> set.seed(iter)
> 
> 
> if (iter <= 25) {
+ initial_state <- state_initialise_adult(4,100) #100 adults
+ } else if (iter >25 && iter <= 50) {
+ initial_state <- state_initialise_adult(4,10) #10 adults
+ } else if (iter >50 && iter <= 75) {
+ initial_state <- state_initialise_spread(4,100) #100 spread
+ } else {
+ initial_state <- state_initialise_spread(4,10) #10 spread
+ }
> 
> reslist <- list()
> 
> ####100 cluster runs
> ###################################################
> ####150 runs of stochastic_simulation per cluster run
> for (i in 1:150) {
+     #################################
+     ###120 steps of stochastic_simulation per simulation
+     stochasticresult <- stochastic_simulation(initial_state,growth_matrix,reproduction_matrix,clutch_distribution,120)
+     reslist[[i]] <- stochasticresult
+     #################################
+ }
> ###################################################
> 
> print(reslist)
[[1]]
  [1]   10   12   11   14   13   10   12    9    7    6   12    9    6    5   11
 [16]   17   12   10   12   15   11    7    7   18   13   10    8   20   17   14
 [31]    9   16   13   15   15   17   12    9   15   16   12   12   29   21   30
 [46]   31   30   35   51   56   49   58   59   53   53   61   74   80   85   99
 [61]  125  142  146  162  169  160  161  156  170  186  217  205  198  192  213
 [76]  245  259  255  228  214  256  285  314  323  318  360  344  341  356  369
 [91]  438  418  412  429  410  429  436  452  509  526  537  535  535  557  598
[106]  715  754  803  788  840  852  845  893  936  953  883  974 1070 1043 1049
[121] 1064

[[2]]
  [1]   10    8   14   15   18   16   14   18   10   16   29   27   22   44   58
 [16]   45   36   36   52   62   45   37   32   47   44   51   48   52   54   54
 [31]   63   61   71   54   63   72   59   62   70   69   84   91   83   63   68
 [46]   68   68   87   81   90   95  116  133  144  141  162  188  167  137  134
 [61]  148  182  175  187  187  186  219  227  243  275  274  277  276  291  307
 [76]  305  320  323  355  370  389  398  451  468  452  454  503  485  508  587
 [91]  618  621  579  618  613  659  684  812  819  811  880  901  980  974  991
[106] 1051 1124 1138 1149 1195 1225 1291 1365 1422 1438 1488 1603 1772 1692 1835
[121] 1871

[[3]]
  [1] 10 14 16  7  5  4  4  3  3  3  2  2  2  2  1  6  3  2  2  2  1  0  0  0  0
 [26]  0  0  0  0  0  0  0  0  0  0  0  0  0  0  0  0  0  0  0  0  0  0  0  0  0
 [51]  0  0  0  0  0  0  0  0  0  0  0  0  0  0  0  0  0  0  0  0  0  0  0  0  0
 [76]  0  0  0  0  0  0  0  0  0  0  0  0  0  0  0  0  0  0  0  0  0  0  0  0  0
[101]  0  0  0  0  0  0  0  0  0  0  0  0  0  0  0  0  0  0  0  0  0

[[4]]
  [1]  10   8   5   5   6   4   4   6   5  12  11   7   5   5  16  10  15  12
 [19]  11  15  11  11  16  18  12  14  11  15  12  16  20  16  24  15  11  10
 [37]  12  15  17  15  12  12  20  20  17  18  24  23  16  14  13  17  23  27
 [55]  20  16  14  22  28  37  25  23  24  19  48  33  26  23  28  44  55  45
 [73]  47  51  64  60  56  59  61  64  76  68  70  60  52  63  65  66  77  68
 [91]  83  84  62  83  84  70  74  83 121 105 105  99 112 110 107 105 109  83
[109]  81  88  97 101  97  95 106 101 117 153 149 155 169

[[5]]
  [1]  10  18   9   8  10   8   6   5   7  18  22  19  13  19  21  14  15  23
 [19]  21  18  14  22  17  24  28  25  26  26  27  28  34  40  43  32  27  41
 [37]  33  38  27  25  25  39  35  39  42  33  47  45  54  62  70  66  52  53
 [55]  58  81  63  48  43  46  46  49  56  44  38  29  30  32  39  35  41  52
 [73]  56  64  91  74  73  67  61  80  76  73  82  78  62  73  73  67  75  71
 [91]  76  82  74  87  87  93  88  99 110 123 136 115 125 136 139 151 192 172
[109] 180 182 206 235 245 220 238 256 279 308 294 274 331

[[6]]
  [1] 10  9 14 11  8  6 10  7  6  4  2  8  5  4  3  3  3  6  5  5  4  5  4  3  3
 [26]  2  5  8  6  6 10  7 10  7  8 11  6  5  4 11  7  6  6 11  6 12 15 17 18 20
 [51] 17 19 17 19 19 34 40 40 43 43 43 40 39 41 49 39 31 28 31 34 38 32 23 42 35
 [76] 28 19 26 28 35 39 38 34 27 33 40 38 32 32 33 28 22 23 25 30 55 52 62 65 63
[101] 71 56 51 61 65 63 65 78 57 77 66 49 64 61 59 54 54 66 66 91 94

[[7]]
  [1]  10  14  20  14  12  16  17   9  11   9  21  13  12  11  14  19  20  12
 [19]  18  18  15  18  17  20  39  20  17  24  24  37  41  40  28  23  26  29
 [37]  27  28  36  46  61  56  51  52  58  48  59  67  64  62  53  57  58  43
 [55]  50  51  50  48  77  77  73  53  58  65  70  75  74  79 103  86  90 102
 [73] 107  94  75  66  64  72  79  79  82  86  80  85  91 113 106 103  94  90
 [91] 108 100 136 148 147 152 164 155 146 192 191 230 249 277 285 266 268 271
[109] 317 326 340 354 359 383 389 391 399 383 412 414 453

[[8]]
  [1]  10  14   8   5   3   3   9   5   4   4   6   4  10  12   8   6   5   4
 [19]   4   6  15   9   7   7  15  24  27  26  19  16  12  16  14  16  17  17
 [37]  12  14  10   6  11  13  12  10  13  11  19  22  31  22  15  16  14  14
 [55]  27  27  33  29  20  30  51  50  45  46  42  33  31  25  33  34  33  32
 [73]  40  35  42  38  29  32  53  41  43  36  37  50  50  54  75  58  70  65
 [91]  85 103  85  76  75 103 141 156 143 143 140 155 153 158 161 154 144 159
[109] 204 205 200 181 181 184 201 201 197 206 223 258 253

[[9]]
  [1]   10   16   12   11   13   11   28   28   25   26   24   20   16   20   17
 [16]   13   22   25   19   20   19   21   25   28   23   38   39   27   31   36
 [31]   36   34   49   39   37   30   35   32   36   41   32   42   47   37   62
 [46]   64   63   62   70   74   73   69   75   93  105  110  111  125  112  103
 [61]  102  124  162  160  184  178  159  157  199  206  220  228  229  221  237
 [76]  272  258  258  270  296  250  310  346  307  309  364  375  384  404  420
 [91]  465  510  459  515  532  600  593  606  596  651  708  702  670  732  816
[106]  857  924  968 1015 1061 1092 1163 1183 1187 1217 1324 1303 1329 1399 1473
[121] 1529

[[10]]
  [1]   10   18   21   16   11   18   12   10   14   16   19   17   19   20   16
 [16]   24   38   39   45   33   35   40   44   43   54   63   61   61   52   76
 [31]   98   94   86  100  101  124  120  110  111  114  141  164  143  155  150
 [46]  163  202  179  202  228  196  227  191  220  196  241  271  256  252  266
 [61]  285  343  341  365  359  358  356  348  372  408  427  453  460  454  488
 [76]  513  557  589  659  611  679  709  727  794  868  903  909  907  840  924
 [91] 1030 1124 1154 1255 1307 1333 1362 1447 1495 1552 1521 1687 1765 1854 1927
[106] 1922 1908 2151 2172 2278 2389 2371 2512 2582 2731 2875 2963 3072 3127 3334
[121] 3480

[[11]]
  [1] 10 12  9  8  7 11 11  8  7  5  4  9  7  5  4  4  3  3 15 10 15 10  9 10  7
 [26]  5  9  8  7 11  8 10 14  6 10  8  5  4  4  2  5  4  2  7  4  1  1  1  1  1
 [51]  1  0  0  0  0  0  0  0  0  0  0  0  0  0  0  0  0  0  0  0  0  0  0  0  0
 [76]  0  0  0  0  0  0  0  0  0  0  0  0  0  0  0  0  0  0  0  0  0  0  0  0  0
[101]  0  0  0  0  0  0  0  0  0  0  0  0  0  0  0  0  0  0  0  0  0

[[12]]
  [1]   10   18   22   26   21   22   23   36   37   45   46   42   51   48   44
 [16]   52   62   51   62   66   59   76   76   58   52   64   70   77   92   74
 [31]   70   76   80   99   98  116  119  110  100  133  150  145  147  166  172
 [46]  159  146  124  131  173  207  212  203  220  210  204  207  235  261  264
 [61]  280  279  285  309  348  391  419  385  421  453  493  476  557  544  543
 [76]  580  605  644  637  634  626  742  804  779  760  809  863  851  928  921
 [91]  955  997 1031 1100 1103 1155 1294 1294 1361 1491 1495 1549 1565 1667 1709
[106] 1795 1838 1947 1983 2010 2128 2325 2333 2391 2424 2487 2686 2748 2797 2832
[121] 2966

[[13]]
  [1]   10   14   11    9    7    7   11    7   13   21   15   14   20   16   15
 [16]   24   13   14   18   14   11   10   14   20   12   16   11   15   18   13
 [31]   19   24   22   18   15   24   29   36   53   50   52   52   74   81   77
 [46]   95   98   98   87  105  135  131  146  131  124  142  141  166  162  166
 [61]  162  173  168  168  160  172  154  176  173  191  196  216  191  240  203
 [76]  197  193  222  237  225  204  241  238  249  258  274  304  324  365  397
 [91]  373  409  410  427  463  423  437  470  475  533  516  551  539  569  618
[106]  674  719  748  851  940  818  813  869  981  965 1060 1117 1168 1161 1294
[121] 1299

[[14]]
  [1]   10   10    7    9   11    8    6    5    5   11   20   21   15   18   17
 [16]   16   14   12   13   20   24   17   21   22   18   29   26   24   26   26
 [31]   35   41   34   36   44   44   43   45   60   71   69   82   71   81   84
 [46]   82   84   83   66   64   71   76   92   90   97   90   95   99  131  150
 [61]  148  153  144  125  165  164  156  146  155  165  191  192  200  182  207
 [76]  198  251  297  305  285  278  293  318  304  317  355  384  391  380  378
 [91]  406  426  434  469  449  466  527  560  531  605  617  655  684  718  791
[106]  780  795  875  921  960 1005 1015 1028 1128 1185 1233 1322 1378 1387 1478
[121] 1544

[[15]]
  [1]   10   12    8   10   15   11    9   23   21   13   19   15   13   19   20
 [16]   36   26   21   22   27   40   34   25   23   28   32   31   24   26   30
 [31]   24   36   57   54   44   39   46   42   29   29   37   26   42   50   38
 [46]   42   37   35   36   46   47   49   42   56   72   88   76   59   59   70
 [61]   89   76   94   90   89  118  137  119  110  121  138  150  146  150  155
 [76]  176  188  187  203  210  224  237  260  212  247  269  308  316  337  353
 [91]  345  364  390  415  474  461  462  506  501  541  566  579  626  582  637
[106]  617  686  744  710  765  852  835  844  826  831  926  962 1004 1056 1103
[121] 1119

[[16]]
  [1] 10  7  9 13 11 10 16 14 11  9  7  6  3  8  6  6  7 12  8  6  8 10 11 15 12
 [26] 11 12 11 13  9 18 24 25 13 12 10 16 17  8  7  8  6  9  8  7 13  6  7  5  5
 [51]  5  9  7  6  5  8 14 12 10 10 14 13 19 25 19 15 12 16 22 14 19 22 25 19 21
 [76] 26 30 21 20 18 15 22 17 14 11 13 17 25 21 13 11 12 11 25 19 16 15 17 22 17
[101] 19 17 12 21 19 28 26 30 24 25 27 31 39 41 43 34 46 41 38 40 47

[[17]]
  [1]   10    6   15   10    7   11    8    7    9    6    5   12    7   16   13
 [16]   17   20   21   18   18   18   21   20   17   27   26   29   25   26   32
 [31]   25   22   33   38   43   37   35   43   46   49   52   64   78   65   75
 [46]   81   78   91   95   90  100   90   89   92   89  110  124  158  139  160
 [61]  148  137  168  181  208  236  235  232  228  254  243  256  287  298  275
 [76]  278  286  287  315  308  313  338  362  371  415  410  405  437  469  450
 [91]  527  564  605  663  702  750  819  865  888  917 1011 1027 1140 1156 1167
[106] 1222 1260 1322 1399 1526 1562 1607 1659 1725 1826 1861 1929 1942 2031 2115
[121] 2276

[[18]]
  [1]   10   10    8    8    7    7   16   23   22   25   24   31   42   32   30
 [16]   32   27   26   17   16   23   24   17   21   17   21   21   36   29   39
 [31]   43   36   30   56   54   58   62   50   61   61   54   39   41   51   61
 [46]   62   69   86   83   72   75   85  114  123   89  109  111  124  132  148
 [61]  155  134  168  176  182  190  218  203  178  173  176  179  194  220  241
 [76]  265  290  244  255  283  314  349  368  334  360  394  422  444  479  492
 [91]  498  488  534  540  586  544  592  580  691  743  779  756  729  789  867
[106]  938  966  944  985 1051 1153 1159 1191 1231 1285 1321 1364 1461 1574 1656
[121] 1698

[[19]]
  [1]   10   22   13   18   10    8   11   11   17   19   24   21   28   24   21
 [16]   21   29   39   26   23   25   20   26   32   27   24   24   35   40   38
 [31]   58   58   56   58   58   50   54   67   68   73   75   87   82   95  101
 [46]  106   94   98   92   99  109  109  137  136  130  114  130  132  129  138
 [61]  159  139  153  159  185  219  214  207  224  226  217  259  237  272  329
 [76]  351  336  364  361  335  352  373  407  424  483  482  457  493  489  464
 [91]  493  467  549  586  565  549  606  603  608  632  656  706  687  729  736
[106]  818  804  904  886  959  929  973 1092 1108 1040 1145 1173 1335 1363 1352
[121] 1387

[[20]]
  [1] 10 10 11 10  4  3  3  3  3  2  2  3  2  2  4  2  6  2  2  2  1  1  1  4  3
 [26] 11  5  1  1  1  1  0  0  0  0  0  0  0  0  0  0  0  0  0  0  0  0  0  0  0
 [51]  0  0  0  0  0  0  0  0  0  0  0  0  0  0  0  0  0  0  0  0  0  0  0  0  0
 [76]  0  0  0  0  0  0  0  0  0  0  0  0  0  0  0  0  0  0  0  0  0  0  0  0  0
[101]  0  0  0  0  0  0  0  0  0  0  0  0  0  0  0  0  0  0  0  0  0

[[21]]
  [1] 10  6  9  9  8  8  8 12 10  8  6  4  5  9  5  4  3  2  0  0  0  0  0  0  0
 [26]  0  0  0  0  0  0  0  0  0  0  0  0  0  0  0  0  0  0  0  0  0  0  0  0  0
 [51]  0  0  0  0  0  0  0  0  0  0  0  0  0  0  0  0  0  0  0  0  0  0  0  0  0
 [76]  0  0  0  0  0  0  0  0  0  0  0  0  0  0  0  0  0  0  0  0  0  0  0  0  0
[101]  0  0  0  0  0  0  0  0  0  0  0  0  0  0  0  0  0  0  0  0  0

[[22]]
  [1]  10  17  18  23  26  23  26  26  28  23  20  18  27  24  25  19  22  26
 [19]  33  34  23  21  24  28  42  40  33  20  18  16  23  19  25  29  28  36
 [37]  29  35  34  33  26  27  34  32  31  31  36  31  30  35  29  33  28  20
 [55]  16  25  25  27  28  24  23  20  14  22  35  36  31  36  27  19  30  36
 [73]  32  29  37  27  38  31  33  28  42  41  46  45  51  44  54  53  56  55
 [91]  46  66  67  55  68  66  69  73  65  59  67  69  89  89  93  77  89  94
[109] 108 110 113 118 122 118 130 135 124 137 135 115 121

[[23]]
  [1]   10   12   17   21   23   16   15   13   14   23   18   19   23   20   21
 [16]   27   31   21   21   40   44   26   25   31   52   67   53   51   53   57
 [31]   49   42   52   71   85   63   67   74   99  108  120  107  132  102  130
 [46]  130  142  146  150  142  162  186  163  156  164  173  189  175  208  203
 [61]  217  230  258  290  276  298  315  338  325  346  373  389  465  491  511
 [76]  517  511  560  566  598  644  671  637  672  687  723  772  833  904  877
 [91]  921  921  950  966 1012 1070 1130 1170 1160 1117 1152 1239 1399 1416 1505
[106] 1567 1672 1701 1812 1852 1849 1924 2159 2200 2266 2350 2476 2482 2646 2665
[121] 2799

[[24]]
  [1]  10  13   6   4  12  12   8   6   5   5  10   8   7   7  19  25  19  16
 [19]  18  13  16  13  10  10   9   7  12  23  15   9   8  10  11   7   6   6
 [37]  12  19  13  12  11   8  22  25  22  21  18  16  29  39  22  23  22  27
 [55]  37  41  32  28  30  41  43  43  34  31  44  49  71  52  61  77  82  82
 [73]  86  71  80 100  97 116 115 107 121 107 132 134 129 146 174 177 170 200
 [91] 187 213 208 240 230 253 257 255 294 302 304 328 343 336 346 338 367 360
[109] 354 398 447 434 437 416 430 453 476 494 500 527 538

[[25]]
  [1] 10  6  6  3  2  4  3  2  1  1  1  1  1  1  7  2  2  2  1  0  0  0  0  0  0
 [26]  0  0  0  0  0  0  0  0  0  0  0  0  0  0  0  0  0  0  0  0  0  0  0  0  0
 [51]  0  0  0  0  0  0  0  0  0  0  0  0  0  0  0  0  0  0  0  0  0  0  0  0  0
 [76]  0  0  0  0  0  0  0  0  0  0  0  0  0  0  0  0  0  0  0  0  0  0  0  0  0
[101]  0  0  0  0  0  0  0  0  0  0  0  0  0  0  0  0  0  0  0  0  0

[[26]]
  [1] 10 19 12  7 12  7  6  5  4 15  9  7  6  6 12 16 25 15 18 15 13 20 22 13 19
 [26] 11 10 13 16 19 17 22 20 13 21 19 28 35 21 18 17 14 19 19 18 17 17 13 12 12
 [51] 15 14 10 12 17 22 23 24 16 16 23 41 24 21 14 31 27 25 17 15 16 19 16 12 19
 [76] 18 13 12 12 14 10  9 22 13 16  8 14  7  6  5  5  5  4  3  2  2  7 12 11 10
[101]  9  7  7 13 11  8 14 21 18 18 12 11 13  9 29 15 13 11 20 24 16

[[27]]
  [1]  10  18  18  18  14  12   9  15  27  28  31  35  29  32  32  37  39  60
 [19]  41  45  44  48  47  57  50  56  58  61  44  43  46  54  52  38  32  32
 [37]  54  52  53  39  50  46  64  63  51  48  50  54  76  78  83  84  98  77
 [55]  88 109 122 106 142 137 137 144 163 168 146 180 158 171 170 145 154 188
 [73] 186 182 168 189 198 193 188 210 217 227 252 254 245 252 275 296 320 304
 [91] 331 323 363 347 382 397 410 379 382 390 416 399 425 452 447 449 489 477
[109] 468 476 503 550 574 605 597 575 628 631 700 673 695

[[28]]
  [1]   10   11   13   16   11    9    7   16   17   26   19   18   18   13   21
 [16]   17   21   17   14   10   13   14   12   18   13   16   17   14   11    8
 [31]    6   11   15   17   14   19   22   23   31   26   19   24   24   25   30
 [46]   30   33   36   35   40   29   24   40   53   61   63   46   60   62   70
 [61]   78   84   82  108  113  108  113  135  107  122  133  129  125  124  135
 [76]  143  147  186  156  146  187  230  227  197  223  266  250  248  249  276
 [91]  325  347  389  364  361  424  453  446  425  444  434  509  438  494  568
[106]  588  630  639  679  737  736  806  765  865  907  971 1057 1196 1117 1229
[121] 1282

[[29]]
  [1]  10  18  22  18  13  13  14   7  15  17  20  16  19  18  18  26  36  35
 [19]  30  29  30  27  41  38  33  34  27  31  35  28  43  38  44  38  34  39
 [37]  38  40  29  22  33  36  34  32  32  36  43  34  35  45  33  42  33  34
 [55]  33  37  66  56  57  47  36  46  61  62  47  55  62  74  73  77  67  65
 [73]  84  80  83  83 106  99  96  95  84  83  78  85 100  94  82  96 102 110
 [91] 102 108 126 157 139 140 152 148 146 154 168 172 178 177 189 172 171 192
[109] 210 199 269 242 259 266 308 292 304 320 332 314 339

[[30]]
  [1]   10   14   29   17   14   13   14   33   31   27   17   15   11   27   21
 [16]   28   18   17   19   28   26   31   32   24   27   43   45   31   37   36
 [31]   44   54   45   49   44   45   36   36   51   46   43   36   38   37   42
 [46]   48   51   45   58   61   52   52   86   70   74   78   69   77   90  103
 [61]  111  119  114  117  122  139  146  149  153  145  148  152  166  194  194
 [76]  215  208  239  229  253  271  267  303  282  324  340  324  337  347  397
 [91]  442  381  423  419  436  484  500  525  547  594  576  623  677  733  757
[106]  805  786  813  868  921  892  983 1000 1039 1035 1156 1290 1333 1333 1385
[121] 1514

[[31]]
  [1] 10 13 16  9  8  8  8  6  6  7 13 12 10  9 15  9  7  5  3  2  2  2  7 11  9
 [26]  6  3  3  2  2  9  6  4  3  2  2  4  2  2  1  1  1  1  1  0  0  0  0  0  0
 [51]  0  0  0  0  0  0  0  0  0  0  0  0  0  0  0  0  0  0  0  0  0  0  0  0  0
 [76]  0  0  0  0  0  0  0  0  0  0  0  0  0  0  0  0  0  0  0  0  0  0  0  0  0
[101]  0  0  0  0  0  0  0  0  0  0  0  0  0  0  0  0  0  0  0  0  0

[[32]]
  [1]   10    9   14   12   10    8   11    6    4    4    4    4    9   13   10
 [16]    8    8   24   26   31   25   21   30   22   31   36   52   76   62   64
 [31]   79   55   80   82   79   71   66   84  121  109  116  119  125  100  142
 [46]  130  132  144  142  150  156  129  152  142  171  174  195  188  170  194
 [61]  216  222  240  235  232  240  230  298  316  279  273  274  255  338  347
 [76]  341  343  396  366  425  446  470  450  478  549  549  529  588  619  615
 [91]  669  682  636  676  719  747  758  767  740  826  836  829  835  910  889
[106]  907  966  971 1009 1089 1157 1181 1230 1258 1275 1270 1337 1393 1422 1499
[121] 1609

[[33]]
  [1]  10  11   4   4   4   4   4   4  18  19  15  11  14  11  21  14  12  10
 [19]   9   8   7  13  13   7   9  13  10  14  10   8   4   3   8   6  11   9
 [37]  10  14   9   6   8  13  10   7   7   9  17  21  15  13  19  17  24  30
 [55]  36  32  27  29  30  21  27  37  53  36  33  31  41  53  55  60  47  44
 [73]  49  42  53  63  60  55  53  49  52  46  46  38  48  41  47  73  66  68
 [91]  64  92  68  77  79  73  88  83  80  83  85  83 101 112 103  97  91 100
[109] 114 111 107 125 124 136 160 161 157 162 158 148 138

[[34]]
  [1]  10  13  14  11   9   8   6   4   4   3  10   5   4   3   3   2   8   6
 [19]   3   7   3   2   2   7   6   4   4   9  13   9   7  10   7  10   9  14
 [37]  10   7   7  14  14  19  15  16  13  12  23  23  19  16  13  14  13  13
 [55]  19  34  33  28  21  20  44  42  32  33  38  19  41  46  32  33  47  47
 [73]  59  60  42  54  47  74  83  94  85  80  84  78  86  91  91  98 120  85
 [91]  94  93 105 116 105 136 148 170 150 145 144 175 226 241 227 257 252 288
[109] 291 286 306 309 329 358 339 339 355 374 387 400 420

[[35]]
  [1]  10  11  17  17  11   8   8   8  15  19  20  17  13  13  17  14  10  22
 [19]  13  21  14  21  17  16  13  21  13  16  15  19  19  26  29  33  29  22
 [37]  33  42  38  36  33  31  34  45  42  44  42  46  63  93  74  62  68  62
 [55]  68  77  78  94  83  89  85 102  91  90  98 100  90 111 115 118 131 147
 [73] 151 154 165 193 188 191 203 217 241 250 226 230 235 213 242 223 248 257
 [91] 276 329 304 312 330 320 354 391 386 394 425 427 437 434 467 488 534 533
[109] 553 533 548 530 582 671 693 699 741 719 701 798 875

[[36]]
  [1] 10  6 10  8  7  5  5  9  9  5  5  4  4  4  7  2  2  2  2  1  1  0  0  0  0
 [26]  0  0  0  0  0  0  0  0  0  0  0  0  0  0  0  0  0  0  0  0  0  0  0  0  0
 [51]  0  0  0  0  0  0  0  0  0  0  0  0  0  0  0  0  0  0  0  0  0  0  0  0  0
 [76]  0  0  0  0  0  0  0  0  0  0  0  0  0  0  0  0  0  0  0  0  0  0  0  0  0
[101]  0  0  0  0  0  0  0  0  0  0  0  0  0  0  0  0  0  0  0  0  0

[[37]]
  [1]  10  19  19  15  19  24  14  25  23  25  23  20  19  15  11  12  10  11
 [19]  13  11   6   5   5   4  12   6   5   5   7   6   4   3  16  13   8   6
 [37]   6  10   7   5   5   4   4  10  15  14   8  12   9   8  16  24  26  25
 [55]  20  17  23  32  24  19  29  23  27  24  20  15  19  17  11  11  16  20
 [73]  15  18  12  12  13  15  13  15  14  12  26  32  27  23  20  24  18  28
 [91]  28  32  46  40  60  47  52  53  51  52  45  59  51  48  56  64  52  63
[109]  88  95 102 102  91  97 114 123 109 121 114 117 123

[[38]]
  [1]   10   10   18   13   11   10   25   29   29   32   30   23   20   28   27
 [16]   37   34   45   34   34   27   38   35   43   41   45   40   43   34   42
 [31]   53   62   66   88  107  108  121  123  126  133  118  113  132  127  117
 [46]  137  142  127  159  189  166  189  196  233  235  227  239  238  242  260
 [61]  296  307  324  341  381  380  351  344  328  312  344  377  380  367  351
 [76]  379  437  448  454  480  549  541  575  575  562  625  626  699  732  719
 [91]  727  739  794  827  841  905  930  944  922 1044 1077 1130 1218 1169 1193
[106] 1194 1232 1394 1454 1507 1584 1594 1758 1711 1871 1905 1956 2128 2195 2193
[121] 2404

[[39]]
  [1]  10   6  10   6   5   9   9  21  12  12  17  12  13   8  14  21  12  12
 [19]  10   9   8  14  12  24  22  21  18  14  13  15  15  23  16  14  24  33
 [37]  24  22  26  23  30  31  42  27  38  55  52  46  36  30  50  65  76  57
 [55]  63  61  56  56  51  76  69  60  69  63  80  84  68  68  75  81  88  89
 [73]  93  69  83  78 110 151 146 146 142 141 164 150 137 136 166 155 161 182
 [91] 165 161 205 206 222 253 249 257 276 303 305 295 321 304 312 285 337 335
[109] 362 341 347 348 418 415 423 461 447 467 484 506 511

[[40]]
  [1]  10  14  10   9  12   9  15  14   8  11   7   7   6   7  11  15  10   7
 [19]   6   5   9  14   6   4   3   3   9   4   4   4   4   5  11   7   7   5
 [37]   4   3  16  20  13   9   7  10  18  10   7   4   4   4  10   7  14   7
 [55]   5   3  10   6  10  12   9   8  13  15  12  10   8   8  10  13  13  19
 [73]  17  16  18  16  17  21  25  30  28  27  36  38  31  31  31  29  20  21
 [91]  25  23  19  32  43  38  34  42  45  50  51  55  63  65  65  68  90  77
[109]  96  99  88  94 105 132 121 141 131 141 137 151 142

[[41]]
  [1]   10   18   14   13   18   22   18   19   15   22   37   36   35   34   46
 [16]   45   61   57   41   51   55   47   69   81   69   55   65   69   80   87
 [31]   87   84   91   85   90   88  100   97   98  105   90   91  100  126  102
 [46]  127  140  139  143  155  136  149  168  161  184  174  173  187  198  219
 [61]  211  210  203  221  207  233  291  296  265  258  288  357  373  404  408
 [76]  415  446  530  578  596  591  598  599  642  712  758  754  773  767  825
 [91]  862  887  920  939  922 1014 1050 1097 1143 1191 1289 1309 1323 1359 1427
[106] 1481 1597 1682 1678 1841 1913 1916 1987 2132 2266 2323 2405 2452 2495 2684
[121] 2955

[[42]]
  [1]  10  10  16  18  12  10   8  17  10  13  11  10  12   7   6   8  13  10
 [19]  10   7  12  23  14  11   9   7  19  14  17  15  10   9  11   8  12  10
 [37]   8   7  16  28  33  37  36  31  19  22  16  29  32  46  31  27  25  28
 [55]  32  37  33  35  30  38  38  47  51  42  34  30  44  30  38  34  45  39
 [73]  44  32  30  44  66  70  59  68  85  80  74  91  93  87  76  75  86  98
 [91] 106  99  91 114 127 136 142 155 161 170 185 185 158 157 162 184 172 189
[109] 204 180 182 244 246 259 233 229 274 281 270 250 240

[[43]]
  [1] 10 11  6  2  2  1  1  1  1  1  1  1  1  1  1  0  0  0  0  0  0  0  0  0  0
 [26]  0  0  0  0  0  0  0  0  0  0  0  0  0  0  0  0  0  0  0  0  0  0  0  0  0
 [51]  0  0  0  0  0  0  0  0  0  0  0  0  0  0  0  0  0  0  0  0  0  0  0  0  0
 [76]  0  0  0  0  0  0  0  0  0  0  0  0  0  0  0  0  0  0  0  0  0  0  0  0  0
[101]  0  0  0  0  0  0  0  0  0  0  0  0  0  0  0  0  0  0  0  0  0

[[44]]
  [1] 10  9  6  6  6  5  7  6  4  3  3  3  3  2  3  2  2  1  1  9  5  3  3  3  2
 [26]  2  6  9 10  7  7  7  5 11  7  7  6  4  3  4  3  3  8  6  3  2  8 13  7  4
 [51]  3  1  1  0  0  0  0  0  0  0  0  0  0  0  0  0  0  0  0  0  0  0  0  0  0
 [76]  0  0  0  0  0  0  0  0  0  0  0  0  0  0  0  0  0  0  0  0  0  0  0  0  0
[101]  0  0  0  0  0  0  0  0  0  0  0  0  0  0  0  0  0  0  0  0  0

[[45]]
  [1]   10   10    8   10   21   20   24   16   13   13   15   14   23   22   16
 [16]   20   16   24   30   22   24   27   26   25   33   33   34   34   31   35
 [31]   43   55   59   67   66   69   81   93   71   91   80   83   80   70   84
 [46]   94   80   90   83   91   96  101  111  113  113  137  126  120  130  166
 [61]  167  160  181  178  210  227  240  248  261  272  282  302  292  335  323
 [76]  307  311  344  377  398  422  433  463  516  543  505  529  524  528  556
 [91]  590  666  715  732  731  736  805  802  868  924 1005  961  991 1047 1082
[106] 1135 1169 1196 1318 1361 1349 1515 1587 1544 1678 1673 1712 1864 1907 2079
[121] 2103

[[46]]
  [1]   10   19   12   13   19   23   24   20   28   22   19   35   22   36   30
 [16]   38   34   43   61   54   43   40   48   44   55   51   59   59   76   64
 [31]   75   70   79   65   82   91   94   99   82  101  103  105  116  122  134
 [46]  148  119  121  106  130  139  126  116  126  119  131  145  170  163  187
 [61]  185  209  227  242  278  286  288  285  272  259  285  295  305  293  313
 [76]  322  321  337  388  378  407  463  477  542  508  529  557  583  593  635
 [91]  684  649  659  685  703  756  776  763  825  907  952 1000 1019 1048 1154
[106] 1130 1172 1181 1228 1337 1385 1469 1521 1529 1642 1631 1754 1724 1868 1969
[121] 2049

[[47]]
  [1]   10   15   12   12   10   20   13   17   19   24   19   26   37   45   47
 [16]   52   43   64   52   73   89   76   70   79   84   87   93  109  116  112
 [31]   98  100  108  118  130  121  132  102  111  165  159  155  141  143  163
 [46]  153  144  146  152  169  179  188  210  192  202  245  235  230  259  253
 [61]  262  291  286  269  271  300  289  266  294  281  308  297  338  326  351
 [76]  361  389  443  454  478  475  482  497  537  591  642  662  696  676  684
 [91]  743  738  774  771  811  844  916  906  931 1058 1045 1024 1053 1120 1150
[106] 1285 1274 1269 1315 1395 1404 1484 1474 1463 1561 1697 1688 1829 1912 1998
[121] 2031

[[48]]
  [1]   10   16   13   14   12   10   17   11   15   29   33   29   28   25   29
 [16]   35   38   30   27   27   28   34   36   46   53   50   46   57   71   69
 [31]   68   61   69   96   73   79   65   73   68   70   67   72   74   80   82
 [46]   99   94  108  112   99  109  120  128  126  149  165  183  222  209  232
 [61]  230  238  285  265  263  277  302  314  333  350  398  465  502  478  530
 [76]  562  509  536  535  574  584  620  593  638  691  736  721  762  821  849
 [91]  888  973 1036 1029 1002 1144 1211 1272 1262 1320 1458 1524 1546 1637 1758
[106] 1858 1961 2061 2084 2217 2277 2378 2284 2434 2591 2704 2866 2885 3011 3110
[121] 3250

[[49]]
  [1] 10 12  7  4  6  4  3  3  3  3  1  1  0  0  0  0  0  0  0  0  0  0  0  0  0
 [26]  0  0  0  0  0  0  0  0  0  0  0  0  0  0  0  0  0  0  0  0  0  0  0  0  0
 [51]  0  0  0  0  0  0  0  0  0  0  0  0  0  0  0  0  0  0  0  0  0  0  0  0  0
 [76]  0  0  0  0  0  0  0  0  0  0  0  0  0  0  0  0  0  0  0  0  0  0  0  0  0
[101]  0  0  0  0  0  0  0  0  0  0  0  0  0  0  0  0  0  0  0  0  0

[[50]]
  [1]  10  11  11  11  10  10  21  22  15  13  23  17  16  20  25  15  16  13
 [19]  18  31  37  31  25  31  37  42  45  44  38  38  37  51  47  40  53  49
 [37]  50  46  55  59  52  61  69  72  86  67  53  59  63  70  68  68  59  63
 [55]  80  92 109 104  83  94  79 102 100 125 117 122 123 145 151 141 133 133
 [73] 129 138 152 155 153 139 140 136 150 175 193 187 217 234 238 204 192 225
 [91] 272 238 251 265 284 327 324 310 290 285 338 347 378 377 424 440 423 447
[109] 451 510 520 522 543 555 516 513 578 619 636 723 713

[[51]]
  [1]   10   14   14   11   13   11   15   13   18   18   30   41   26   27   21
 [16]   25   22   42   35   40   47   49   53   59   70   64   63   68   87   73
 [31]   95   95  103  102  123  134  133  127  126  156  148  152  156  171  181
 [46]  179  186  188  199  208  248  267  272  265  239  278  296  322  385  374
 [61]  370  384  378  420  411  441  424  501  468  572  608  615  638  635  735
 [76]  797  760  826  858  942  957  945  990 1007 1037 1143 1233 1215 1243 1319
 [91] 1415 1478 1536 1593 1725 1775 1914 1936 1999 2054 2140 2234 2353 2374 2508
[106] 2724 2791 2987 3008 3135 3315 3426 3478 3748 4018 4154 4349 4489 4629 4851
[121] 5079

[[52]]
  [1]  10   8   5   4   9  11   6   4   8   7  13   5   7   4   1   4   2   2
 [19]   2   2   2   5   9  10   7   5   5   4   8  10  13   6  12   7   6   8
 [37]   9   7  12  21  15  21  21  30  24  30  25  27  30  36  38  45  51  40
 [55]  40  48  56  55  43  45  42  51  66  69  71  72  60  69  87  85  92  83
 [73]  84  90 100 133 130 117 106 117 156 145 182 162 166 181 216 235 229 198
 [91] 238 237 261 300 288 287 304 305 344 363 351 391 428 448 442 453 516 539
[109] 555 614 611 629 655 650 627 655 690 730 734 775 833

[[53]]
  [1]   10   15   30   20   26   29   22   28   39   52   39   43   36   44   38
 [16]   51   45   48   45   66   53   50   65   52   44   56   52   60   55   58
 [31]   58   53   58   49   60   65   60   61   64   67   56   62   67   56   54
 [46]   59   59   57   65   66   68   64   87   80   78   87   89   90  102  109
 [61]  126  111  110  125  154  171  201  164  126  141  143  174  163  171  189
 [76]  176  196  175  198  215  234  231  245  221  250  308  335  319  342  359
 [91]  374  392  442  445  485  498  508  502  511  562  665  642  649  676  740
[106]  846  877  869  905  940  996  995 1029 1063 1073 1112 1193 1248 1355 1397
[121] 1400

[[54]]
  [1] 10  8  8 19 21  9  8 12  8  7  7  8 12 12 12 15 13 10 10 10  9 19 14 17 24
 [26] 19 14 15 23 19 26 25 35 41 26 26 30 23 29 25 24 22 34 25 21 15 21 17 15 16
 [51] 18  9 11 17 15 19 15 13 24 26 18 21 17 13 16 11  9 16 21 16 11 10  7 12 16
 [76] 17 12  8  7  5  6  5  3  2  7  3  1  1  1  1  1  1  1  1  1  1  0  0  0  0
[101]  0  0  0  0  0  0  0  0  0  0  0  0  0  0  0  0  0  0  0  0  0

[[55]]
  [1]  10  17   8   7   6  11  12  10   8  14  16  17  11  10   7   9  18  15
 [19]  14  16  25  22  23  19  21  19  32  32  22  32  29  25  27  20  35  35
 [37]  28  27  20  23  16  27  26  17  21  30  42  43  68  53  57  45  48  56
 [55]  82  76  79  88  84  94 100 121 120 117 113 115 137 149 147 159 183 172
 [73] 175 158 160 174 198 180 205 198 210 219 217 206 241 238 244 224 238 270
 [91] 259 233 249 262 287 255 304 306 330 325 359 370 396 414 420 459 484 497
[109] 476 530 599 635 638 697 754 776 799 837 887 926 907

[[56]]
  [1]  10   7  11   8  13  13   8  12   8  12  18  12   9   9  11  21  29  31
 [19]  19  30  28  35  22  15  17  11  21  16  20  19  15  14  32  45  38  34
 [37]  27  24  23  35  42  37  24  32  35  44  46  46  51  39  45  38  42  38
 [55]  54  60  57  55  45  45  46  56  67  81  89  80  86  98 105 102  95  81
 [73]  94  97  94  93  90  90 107 112 117 114 103 119 119 153 159 170 151 137
 [91] 134 156 167 171 167 214 199 221 210 220 235 250 265 265 306 295 308 288
[109] 320 354 346 328 297 341 342 394 367 422 476 443 488

[[57]]
  [1]  10  15   8   6   6  14   6   5   4   8   6   8  10   7   6   5   7   9
 [19]  11   6   9  14  12  11   8   6   5   5  10  13  10   9   8   9   7  14
 [37]  17  21  29  29  19  11   9  13  20  10   8   6   6   5   3   2   1   6
 [55]   8   7   4  10  11  13  10   8   7  12  10  19  11  10  11  16  18  20
 [73]  16  13  13  12  15  18  15  18  16  17  24  30  33  24  25  27  23  22
 [91]  19  26  32  39  34  40  43  62  77  66  58  59  50  79  85  80  79  95
[109]  88  95  92 108 107 123 122 148 169 141 146 143 149

[[58]]
  [1]   10   10    8   10   14   23   24   29   24   21   24   34   35   27   28
 [16]   23   31   28   30   19   23   23   22   32   31   20   33   36   33   21
 [31]   38   32   35   32   35   40   49   54   50   57   52   59   52   64   53
 [46]   57   59   67   70   69   69   80  100  110  104   82   91  107  119  120
 [61]  121  145  149  182  193  229  216  226  259  262  312  284  282  307  279
 [76]  326  315  335  344  333  365  346  387  397  416  404  424  438  484  472
 [91]  508  555  572  586  654  693  743  821  812  814  871  918 1021 1041 1058
[106] 1075 1083 1183 1252 1277 1355 1425 1458 1544 1627 1623 1761 1862 1892 2024
[121] 2050

[[59]]
  [1]  10   7  13  14  10  16  15  11  20  15  18  13  10  21  18  18  16  17
 [19]  14  18  30  33  35  41  30  26  34  45  43  37  36  47  42  38  67  58
 [37]  63  73  66  61  66  74  78  78  76  86  78  81  78  77  80  82  83  69
 [55]  72  73  94  95 121 126 115 135 124 135 134 129 105 112 115 125 128 134
 [73] 148 146 154 155 171 153 149 128 155 172 154 177 170 169 205 225 239 243
 [91] 263 288 296 327 340 308 360 367 373 390 357 353 358 362 414 422 421 447
[109] 448 433 484 526 538 532 562 588 654 703 741 805 808

[[60]]
  [1]  10  10  17  11   8  12  15  14  10   8   6  15  15  14  17  14  16  20
 [19]  15  14  14  17  21  16   9   7  11  12  15  12  13  21  26  18  22  18
 [37]  22  21  15  14  15  23  16  12   9  12  25  30  19  15  14  19  24  32
 [55]  28  18  29  19  23  14  21  20  17  22  30  27  26  32  43  60  53  45
 [73]  46  40  41  38  83  59  73  78  76  64  65  62  77  85  69  73  80  70
 [91]  82  67  55  69  76  58  57  74  64  65  57  86  83  82  76  79 103 102
[109] 109 109 115 119 132 136 169 149 153 132 142 149 139

[[61]]
  [1] 10 12 13  8  9  7  6  5  9  6  6  4  3  9  5  4  4  3  3  9  3  3  3  3  6
 [26] 12 16  8 11  8 10  7  6  6  5 11 21 14 17 19 20 19 22 14 20 13 17 10 21 11
 [51] 10 13  9  7  7  7 22 11 14 15 10 11 11 11 15 12  8  7 10 12  8  8 17  9  7
 [76]  5 11 15 11  8 20 15 14 13 20 25 30 30 43 32 34 28 26 34 32 39 48 36 35 32
[101] 32 25 27 25 27 24 25 31 22 20 22 26 34 37 46 54 50 48 51 53 66

[[62]]
  [1]  10  17  12   8  14  21  20  29  18  15  26  17  29  25  28  28  29  31
 [19]  25  25  38  34  44  47  48  37  38  29  28  41  47  37  30  43  35  42
 [37]  29  24  24  49  57  49  44  39  43  56  63  63  57  60  60  74  76  73
 [55]  66  63  71  83  89  85  89  74  68  62  72  80  68  85  88  89  77  86
 [73]  98 120 150 122 122 121 106 118 118 134 138 171 174 191 198 195 216 239
 [91] 240 242 227 229 266 300 328 304 344 325 384 422 399 404 404 426 474 521
[109] 556 603 618 639 643 606 664 655 696 718 759 793 815

[[63]]
  [1]  10   8  10   5  12  13  12  14  15  15  12  19  14  12  15  21  22  24
 [19]  21  14  18  21  17  15  17  18  18  32  20  18  13  18  12  11  16  17
 [37]  17  20  21  15  29  32  28  25  27  26  21  22  16  23  24  29  33  56
 [55]  42  48  40  39  36  54  42  34  34  43  50  41  41  69  57  63  59  61
 [73]  49  56  62  66  81  96 106  95  96  96 119 129 113 121 138 154 175 139
 [91] 123  98 105 122 143 153 127 132 130 153 182 185 182 204 254 237 237 233
[109] 270 242 259 294 293 341 302 318 362 399 389 428 437

[[64]]
  [1]   10   13   23   26   21   25   41   33   29   31   33   26   35   27   23
 [16]   25   28   29   24   24   26   24   24   39   27   31   31   30   55   47
 [31]   44   40   50   57   65   68   68   66   74   74   64   71   83   83  103
 [46]   99   98  109   99  123  145  147  148  140  139  145  137  154  186  163
 [61]  186  213  209  243  257  272  272  276  265  252  256  305  310  334  325
 [76]  332  332  373  379  393  401  398  446  445  471  483  477  507  570  573
 [91]  559  588  628  670  703  752  794  832  777  845  861  915  951 1009 1084
[106] 1093 1160 1231 1176 1242 1256 1271 1337 1365 1466 1490 1620 1625 1586 1646
[121] 1724

[[65]]
  [1]  10  13  12  11  10  19  27  26  27  24  18  14  22  37  27  30  29  27
 [19]  35  32  26  28  24  36  42  38  35  26  22  21  19  24  28  31  30  33
 [37]  26  23  35  45  36  41  44  54  61  69  70  69  74  67  68  77  82  69
 [55]  71  65  76  87 106 106  95  92  95  96 125 131 115 120 138 137 159 133
 [73] 146 151 169 203 171 179 213 223 181 197 215 195 186 227 246 240 246 253
 [91] 278 273 289 299 307 315 298 300 315 328 332 354 394 404 403 430 400 469
[109] 461 512 512 508 573 586 594 660 673 646 702 635 751

[[66]]
  [1]   10   12   10   14    3    3    3    2    6   10    9    8    7   17    9
 [16]    8    6    6    9    6    5    3   15   14   18   15   19   26   17   19
 [31]   30   19   16   15   17   26   27   27   34   32   39   40   42   48   35
 [46]   48   58   62   86   89   85  100  107  107  110   97  128  125  137  146
 [61]  145  165  158  197  186  165  184  191  216  227  210  205  185  187  203
 [76]  226  226  238  262  300  265  293  315  327  338  354  353  369  388  418
 [91]  434  404  408  434  508  487  518  543  599  679  669  647  671  706  728
[106]  752  856  865  926  966  992 1060 1077 1138 1152 1148 1232 1326 1400 1411
[121] 1527

[[67]]
  [1]  10  13  13   9   8   5  10   6   4   4   3   3   3   3   7   6   5   4
 [19]   2   2   2   2   6  10  17  19  14  14  19  20  16   9  15  22  18  16
 [37]  19  12  11  17  24  35  19  14  12  11  17  21  14  11  20  20  21  14
 [55]  19  21  23  26  36  27  29  30  32  40  38  37  42  50  43  35  49  56
 [73]  55  66  87  81  59  77  72  66  70  70  78  57  55  73  78  97  86  75
 [91]  82  78  91  79  86  96 102  99  84  98  92  97  90  98  97  95  97  95
[109]  84  93  83  87  96  95 108  98  92  99 122 114 141

[[68]]
  [1]  10  14   8   6   5   4   7   5  10   8   7   6   5   5  23  13  10   8
 [19]   8   8   8  20  23  22  18  19  17  12  24  16  11   9   9  20  24  23
 [37]  16  12  10   8   8  25  17  13  17  11  21  21  20  13   9   7  19  19
 [55]  18  14  17  14  13  14  13  12  14  20  19  17  12  14  16  13  16  16
 [73]  19  20  23  22  33  38  30  29  30  61  41  51  56  54  58  55  67  69
 [91]  62  79  83  84  83  86  99 110 132 148 122 107 118 120 124 127 118 119
[109]  96  95 127 131 129 129 131 130 142 136 167 202 205

[[69]]
  [1]   10    6   11   12    5    5    5    5   10   14   16   13   12   16   30
 [16]   23   17   15   22   22   21   23   15   24   22   23   33   41   30   38
 [31]   37   51   45   56   64   76   81   84  106  114  122  136  136  153  156
 [46]  148  172  170  209  214  183  180  205  240  224  225  226  229  239  227
 [61]  228  285  316  291  356  336  324  377  413  435  401  418  400  460  512
 [76]  504  493  527  498  550  587  596  628  664  682  641  703  724  730  733
 [91]  756  794  826  873  877  841  915  930 1014 1006  949  994 1026 1093 1141
[106] 1187 1130 1145 1201 1246 1253 1356 1434 1503 1503 1577 1652 1702 1794 1812
[121] 1932

[[70]]
  [1] 10 12  7  4  4  3  2  3  1  1  1  1  3  2  1  0  0  0  0  0  0  0  0  0  0
 [26]  0  0  0  0  0  0  0  0  0  0  0  0  0  0  0  0  0  0  0  0  0  0  0  0  0
 [51]  0  0  0  0  0  0  0  0  0  0  0  0  0  0  0  0  0  0  0  0  0  0  0  0  0
 [76]  0  0  0  0  0  0  0  0  0  0  0  0  0  0  0  0  0  0  0  0  0  0  0  0  0
[101]  0  0  0  0  0  0  0  0  0  0  0  0  0  0  0  0  0  0  0  0  0

[[71]]
  [1]  10  22  17  13  11  16  22  18  25  26  20  22  21  22  25  30  33  30
 [19]  31  22  22  33  32  30  26  42  42  48  53  40  35  59  65  65  52  53
 [37]  38  51  66  57  43  46  47  49  47  63  48  43  52  63  96  86  83  76
 [55]  95  93 106 111 115 120 125 123 130 157 137 126 148 141 139 128 158 197
 [73] 196 167 167 195 215 215 221 243 225 254 270 274 249 284 281 304 306 287
 [91] 304 357 371 398 398 438 455 449 474 472 483 520 524 536 536 582 577 595
[109] 595 685 678 765 727 741 744 759 746 881 904 899 886

[[72]]
  [1]  10  11  11   9  13  19  28  26  23  30  26  21  22  26  33  42  29  33
 [19]  37  36  27  24  37  53  39  35  31  42  56  58  52  53  59  63  69  74
 [37]  78  82 102 125 108 131 112 117 117 144 137 114 119 129 143 138 129 132
 [55] 121 151 132 140 160 166 153 141 161 156 131 163 165 160 164 160 179 163
 [73] 155 176 214 210 201 210 196 215 202 197 197 213 229 261 250 243 283 312
 [91] 285 274 331 324 313 329 341 336 331 339 409 472 488 501 499 530 530 546
[109] 542 618 630 647 657 704 739 799 806 871 938 980 930

[[73]]
  [1]   10    8    6   15   10   13   20   16   14   18   14   11   11   10   12
 [16]   10   14   23   18   20   16   14   22   32   31   25   23   25   30   34
 [31]   41   39   41   48   44   51   57   60   62   58   68   75   68   67   81
 [46]   86  102   83   87  104  122  129  147  136  155  178  158  178  197  215
 [61]  168  172  200  242  235  255  248  283  295  277  274  298  315  296  335
 [76]  332  318  395  387  402  471  450  489  530  548  551  569  558  597  614
 [91]  670  725  713  806  813  878  839  942  967 1081 1102 1102 1153 1221 1327
[106] 1313 1328 1365 1415 1470 1497 1518 1633 1699 1777 1815 1931 1949 2045 2162
[121] 2216

[[74]]
  [1]  10   6   4   4   4   3  10   6   9   6   6   6   6  14  16   8   6   5
 [19]  13   7  14  13  18  13  17  17  13  10   9  19  21  17  16  20  18  12
 [37]  15  16  15  19  21  21  19  16  12  14  23  27  28  24  27  17  24  30
 [55]  23  17  30  34  26  20  18  20  17  27  23  24  28  26  24  22  21  26
 [73]  31  34  31  27  31  32  34  42  35  30  28  40  38  27  22  19  30  37
 [91]  38  37  30  34  42  67  60  67  70  66  85  77  77  74  72  83  93 117
[109] 102 111  98 115 126 139 132 148 156 160 151 182 184

[[75]]
  [1]   10   16   11   13   17   22   25   26   23   24   24   19   20   18   21
 [16]   29   31   26   26   23   26   24   30   42   45   45   39   40   64   65
 [31]   51   67   71   66   65   73   91   94   99   94   83   78   73   92   78
 [46]   82  110  118  118  114  115  101  120  141  141  151  140  173  169  153
 [61]  170  156  160  180  158  177  180  201  207  221  209  213  258  266  294
 [76]  325  292  305  293  333  302  311  354  440  398  417  466  535  531  511
 [91]  506  568  611  700  702  711  719  799  835  824  930  999  999 1049 1075
[106] 1142 1265 1307 1335 1448 1507 1508 1557 1697 1711 1889 1940 2159 2157 2192
[121] 2228

[[76]]
  [1] 10  4  3  2  1  1  1  4  3  1  1  7  4  3  3  3  3  2  4  2  2  2  2  1  9
 [26]  3  1  1  1  0  0  0  0  0  0  0  0  0  0  0  0  0  0  0  0  0  0  0  0  0
 [51]  0  0  0  0  0  0  0  0  0  0  0  0  0  0  0  0  0  0  0  0  0  0  0  0  0
 [76]  0  0  0  0  0  0  0  0  0  0  0  0  0  0  0  0  0  0  0  0  0  0  0  0  0
[101]  0  0  0  0  0  0  0  0  0  0  0  0  0  0  0  0  0  0  0  0  0

[[77]]
  [1] 10 13  6  6  5  5  3  3  1  3  2  1  0  0  0  0  0  0  0  0  0  0  0  0  0
 [26]  0  0  0  0  0  0  0  0  0  0  0  0  0  0  0  0  0  0  0  0  0  0  0  0  0
 [51]  0  0  0  0  0  0  0  0  0  0  0  0  0  0  0  0  0  0  0  0  0  0  0  0  0
 [76]  0  0  0  0  0  0  0  0  0  0  0  0  0  0  0  0  0  0  0  0  0  0  0  0  0
[101]  0  0  0  0  0  0  0  0  0  0  0  0  0  0  0  0  0  0  0  0  0

[[78]]
  [1]  10   6  11  12   8  13  10  10  12  18  16  18  20  14  24  17  17  17
 [19]  20  31  33  25  29  21  27  35  44  25  20  25  26  23  38  32  20  26
 [37]  24  19  29  31  43  47  64  51  47  45  55  49  43  39  30  29  48  46
 [55]  42  52  58  46  60  66  70  69  64  61  70  65  54  48  52  38  52  52
 [73]  53  38  57  66  60  66  58  49  45  41  32  42  36  37  40  67  61  64
 [91]  83  63  84  81  67  95  77  53  56  91  70  71  68  74  75  86 103  99
[109] 105 101  96 100 108 121 133 139 154 148 168 151 182

[[79]]
  [1]  10   5   4   4   8   3   3  17  16  10   8   8  17  14  12   9   7   7
 [19]   6   5  11  12   4   4   4   4   3   8  17  12  16  15  17  17  13  18
 [37]  18  19  17  16  12  16  20  16  15  28  25  28  43  33  28  29  39  52
 [55]  35  43  35  39  46  47  46  49  41  41  46  45  38  40  38  47  49  54
 [73]  47  39  41  48  56  53  54  58  62  62  69  70  94  81 107  89  86  89
 [91] 105 117 125 119 140 134 154 116 146 148 137 159 144 187 166 182 207 194
[109] 199 206 239 250 233 221 256 257 258 281 291 330 366

[[80]]
  [1] 10  7 15 12 17 20 16 21 15 21 18 15 11 18 31 26 24 24 20 23 16 22 16 11 14
 [26] 16 12 12 12 10  8  8 10 21 32 24 22 25 22 49 40 31 32 39 36 33 25 21 30 30
 [51] 22 15 16 17 12 10 10 12 22 15 22 18 19 14 15 13 16 12 23 18 18 10  7 12  7
 [76]  6  7  5  8 15 19 20 13 18 24 21 19 23 14 18 23 20 21 29 21 31 24 30 30 34
[101] 25 31 36 40 40 27 35 44 48 48 45 38 64 52 51 46 52 41 55 62 73

[[81]]
  [1]   10    6    4    9   10   12   16   11   11   15   23   23   37   35   29
 [16]   35   35   37   44   45   32   35   47   62   59   52   72   60   64   68
 [31]   94   82   70   79   97   86  100  104  124  116  102   98  106  108  113
 [46]  139  132  135  158  152  158  164  169  184  156  169  159  197  196  207
 [61]  240  235  213  243  238  291  289  257  269  288  300  356  377  361  360
 [76]  368  393  395  453  380  399  419  407  449  519  545  554  545  542  563
 [91]  660  706  710  702  740  753  758  751  783  848  981  986 1070 1078 1138
[106] 1223 1353 1453 1405 1446 1509 1514 1662 1722 1816 1930 1920 1973 2131 2187
[121] 2312

[[82]]
  [1]  10  13  10  14  10  23  20  15  20  19  14  15  18  35  38  24  25  26
 [19]  27  39  37  38  36  31  28  27  33  30  40  37  31  35  42  54  41  35
 [37]  50  37  42  39  47  43  34  28  35  42  53  56  55  60  49  41  42  62
 [55]  78  71  70  61  76  72  74 111 113 112 109 113 123 147 140 132 132 128
 [73] 146 148 170 172 188 186 210 187 216 205 191 195 213 217 245 237 266 246
 [91] 279 261 303 299 310 357 363 367 367 388 398 460 448 451 491 483 532 522
[109] 483 547 570 601 623 659 662 627 617 687 735 831 829

[[83]]
  [1]   10    7    4    4   11   10    8    5    5   17    9    8    8   11    9
 [16]   20   18   18   15   14   21   26   25   27   24   29   23   24   34   29
 [31]   30   27   32   48   43   50   38   48   40   36   47   62   66   69   64
 [46]   78   78   85   72   74   88   90  111   99  104   79   89   91  111  129
 [61]  117  128  134  122  123  128  136  147  181  162  159  152  212  231  241
 [76]  200  235  249  264  259  261  268  272  314  299  323  342  342  364  404
 [91]  349  378  414  470  470  467  490  515  591  569  583  585  662  594  674
[106]  650  731  691  752  786  737  771  827  836  884  894 1003 1038 1021 1052
[121] 1043

[[84]]
  [1]  10  12   8   7   7  12  21  18  13  10   9  11  10  18  10   8   6   5
 [19]   4  10  13   9   8   7  15  19  11  11  10   8   7  25  18  17  15  17
 [37]  19  29  19  21  28  35  39  28  24  17  28  25  19  30  27  27  49  72
 [55]  47  46  57  64  94  83  94  91  88  92 106 110 102 123 129 122 124 115
 [73] 114 152 129 143 150 126 150 155 143 169 159 169 170 192 173 188 207 222
 [91] 245 233 250 274 268 250 264 263 266 311 317 351 330 386 353 374 386 409
[109] 418 467 498 510 551 599 602 599 586 632 617 670 674

[[85]]
  [1]   10   17   10    8    7    6   13    8    7   16   21   22   17   19   31
 [16]   33   26   25   28   37   36   35   47   40   44   47   61   80   93   83
 [31]   81   76   68   93   95  102   93   98   97  109   86  121  109  139  138
 [46]  126  145  136  174  169  164  142  195  178  185  179  196  185  203  189
 [61]  186  199  203  215  253  212  216  237  268  304  325  378  424  433  451
 [76]  459  461  447  470  461  484  545  525  541  562  541  535  594  592  681
 [91]  722  692  738  775  811  799  825  851  912  927 1045 1088 1082 1100 1142
[106] 1136 1192 1297 1263 1223 1383 1473 1471 1517 1612 1633 1753 1800 1860 1899
[121] 2038

[[86]]
  [1]  10  10   8   8  12  15  18  15  17  14  20  15  26  31  27  28  31  29
 [19]  20  21  26  17  21  30  34  28  31  27  28  32  43  31  25  36  34  37
 [37]  29  22  26  19  26  32  29  33  37  32  41  33  28  48  52  61  71  57
 [55]  61  49  72  78  86  74  82 109 113  99  94  70  69  88  92 120  98 113
 [73] 103 103  85  93 119 109 114 116 123 126  93 102  87  92 121  87  96 107
 [91] 107 108 118 116 191 169 174 182 199 205 183 199 220 217 243 251 237 272
[109] 268 274 259 282 291 305 350 329 362 430 402 438 426

[[87]]
  [1]   10   18   22   16   12   11    9   14    9   19   15   11   13   24   20
 [16]   33   24   30   42   40   42   40   39   38   45   50   62   72   89   88
 [31]  101  128  139  121  118  118  128  154  158  163  196  192  168  189  187
 [46]  200  188  194  237  263  240  246  287  267  290  310  337  327  319  318
 [61]  399  439  429  408  449  496  508  506  508  492  549  599  640  639  683
 [76]  722  755  784  859  879  905  945  945  983 1013 1069 1091 1151 1204 1316
 [91] 1471 1475 1513 1587 1616 1600 1754 1794 1851 1787 1908 1942 2001 2149 2184
[106] 2243 2406 2527 2569 2763 2882 3078 3135 3274 3458 3624 3879 3951 4116 4158
[121] 4275

[[88]]
  [1]   10   14    9   18   15   20   17   14   14   11   20   11    9   12   12
 [16]   32   24   22   22   19   15   15   10   29   26   30   29   22   28   33
 [31]   40   40   32   34   42   34   35   31   38   40   42   47   50   45   51
 [46]   60   63   62   53   72   69   75   92  104   93  106   99  116  138  135
 [61]  134  135  158  168  184  179  197  191  186  203  204  225  213  235  251
 [76]  283  278  241  242  252  302  287  309  288  328  328  376  372  374  404
 [91]  437  462  445  458  489  499  544  508  541  565  537  593  577  610  609
[106]  604  591  637  676  721  768  762  782  773  869  890  940  967 1050 1134
[121] 1143

[[89]]
  [1]   10    6   12   10   10    9    9   15   16   20   24   16   14    9   14
 [16]   15   17   16   13   22   16   13   28   36   27   45   37   40   37   50
 [31]   69   60   70   65   56   69   62   62   70   85   93   92   86   64   87
 [46]   85   79   68   97  106  110  103  110  121  128  161  176  155  161  163
 [61]  166  189  208  195  197  197  211  269  290  276  262  273  264  328  297
 [76]  286  355  351  338  302  366  402  409  413  435  467  446  459  506  545
 [91]  584  569  571  574  589  612  642  750  721  741  756  758  782  840  878
[106]  971  906  905  945  970  989  998  978  985 1034 1084 1139 1226 1267 1357
[121] 1467

[[90]]
  [1]   10   16   16   11   11   18   13   12    9   15   15   16   12   16   25
 [16]   36   35   28   30   39   59   63   72   59   67   72   92   88  116  119
 [31]   99  116  104  124  124  136  144  145  154  166  152  162  172  171  154
 [46]  159  166  195  188  198  184  201  222  214  262  274  269  305  307  333
 [61]  331  359  411  406  434  451  523  552  513  534  544  610  631  631  665
 [76]  600  637  684  739  772  828  814  886  942  940  924 1051 1139 1134 1236
 [91] 1276 1347 1420 1486 1495 1587 1693 1687 1741 1818 1930 2004 2106 2162 2219
[106] 2351 2481 2600 2670 2840 2992 3312 3245 3369 3439 3569 3851 3975 4246 4343
[121] 4544

[[91]]
  [1]   10    5    8   10    7    7    6    8   13   12   14   12   22   29   24
 [16]   19   22   21   23   23   28   29   22   19   37   28   26   24   30   28
 [31]   30   31   29   36   45   41   44   66   82   95  102  100   92   93  108
 [46]  101  112  147  115   99  108  124  166  166  155  145  164  162  150  161
 [61]  151  161  155  179  158  163  149  148  146  174  175  183  204  202  206
 [76]  202  243  253  250  257  284  277  290  286  334  370  379  419  437  376
 [91]  423  434  468  497  499  497  579  616  595  637  662  683  683  681  753
[106]  841  845  894  897  906  943  977 1074 1187 1164 1250 1307 1320 1389 1499
[121] 1508

[[92]]
  [1] 10 18 15 15 12 17 19 19 12 15 18 21 14 20 13 21 20 19 21 15 13 14 17 13  7
 [26] 13 10 18 12 18 22 15 12 14  8 11  6 12 10 11 14 10 10  7  6  3  3  3  2  2
 [51]  2  1  1  1  0  0  0  0  0  0  0  0  0  0  0  0  0  0  0  0  0  0  0  0  0
 [76]  0  0  0  0  0  0  0  0  0  0  0  0  0  0  0  0  0  0  0  0  0  0  0  0  0
[101]  0  0  0  0  0  0  0  0  0  0  0  0  0  0  0  0  0  0  0  0  0

[[93]]
  [1]  10  10   5   5   5   4   5  10   9   9   8   8  11  10  13  14  15  17
 [19]  20  17  15  14  16   8   5   3   3   7   4   7   4   4   4   4  12   8
 [37]  16  18  15  26  24  21  14  25  23  15  14  20  25  24  29  37  36  59
 [55]  67  62  74  66  86  78  97 108 122 115 139 139 154 164 152 144 150 166
 [73] 162 183 154 133 176 154 172 174 189 195 244 257 249 243 243 228 268 280
 [91] 280 329 331 341 328 394 373 357 392 420 439 471 501 529 497 520 569 632
[109] 645 660 678 725 765 759 783 822 814 808 843 921 983

[[94]]
  [1]  10  12  11   8  12   7   6   7  14  14  11   7   6   6   6  10  11   9
 [19]  13  21  24  20  16  19  15  15  10   6   8   5   5  13  11  10  10  17
 [37]  30  25  27  21  13  10  18  22  23  22  24  20  24  25  17  22  17  19
 [55]  20  19  20  23  21  28  24  19  19  17  34  37  42  30  25  20  26  37
 [73]  27  25  27  41  51  34  32  38  40  40  60  64  67  69  60  69  73  79
 [91]  95  82  93  88  69  65  78  94 100  98 103  95  94  93 102 120 138 124
[109] 100 120 152 155 139 173 172 161 159 137 163 177 177

[[95]]
  [1] 10  8  9  6  5  4  9  8 10  9  7  7 20 15 13 13 24 18 22 23 17 12 13 10  7
 [26]  6  2  2  2  2  1  1  1  1  1  1  1  1  1  1  1  1  1  1  1  1  1  1  1  1
 [51]  1  4  2  2  2  7  5  5  5 10  9  6  6 10 12  6  5  6  4  3  2  2  2  6  5
 [76]  1  1  1  1  1  1  0  0  0  0  0  0  0  0  0  0  0  0  0  0  0  0  0  0  0
[101]  0  0  0  0  0  0  0  0  0  0  0  0  0  0  0  0  0  0  0  0  0

[[96]]
  [1]  10  18  12  12  15  19  16  24  24  22  26  22  28  31  26  30  23  19
 [19]  19  20  16  17  12  20  20  19  22  26  20  21  20  34  24  26  25  19
 [37]  18  15  11  13  11  25  27  23  15  14  13  33  26  27  29  22  22  16
 [55]  22  17  34  36  29  23  23  27  48  51  43  42  35  45  48  52  53  50
 [73]  51  57  52  59  64  62  56  81  70  69  67  93  83  90 101 121 113 110
 [91] 123 137 134 153 142 167 166 179 185 177 188 191 226 235 239 226 263 285
[109] 277 270 268 271 323 358 361 337 383 394 395 426 470

[[97]]
  [1] 10 17  9  9  8 12 16 10  9 20 20 14 11  9 14 17 20 13 15 10  7  6 17 14 10
 [26]  9  8 11  5 10  6  5  3  3  3  3  3  3  2  2  1  1  1  1  1  6  2  2  2  2
 [51]  2  1  1  8  6  6  5  9  8  7  8  6  5  5  7  7  5  5  5 14 18 15 16 10  8
 [76]  7  4  9 11 14 12 12 16 15 18 31 23 26 25 21 38 25 36 21 31 43 58 58 47 47
[101] 59 50 70 66 66 65 81 89 88 83 68 77 62 57 67 82 76 79 80 79 85

[[98]]
  [1]   10   19   19   11   11   16   38   39   30   23   25   28   35   29   53
 [16]   54   45   33   30   33   42   29   25   38   30   36   47   52   41   39
 [31]   51   58   44   56   59   60   52   55   70   66   55   54   60   90   75
 [46]   76   77   92   88   75   83   94  105  113  152  145  142  148  150  137
 [61]  118  119  106  142  154  153  147  153  194  218  214  241  232  271  310
 [76]  312  340  335  367  327  352  389  436  390  393  397  449  458  461  473
 [91]  530  495  543  571  578  561  655  639  682  679  694  725  738  826  882
[106]  940  921  993  983  975 1093 1167 1170 1166 1208 1314 1373 1457 1421 1536
[121] 1586

[[99]]
  [1]   10   10   10   10    8    7   10    7   11    7    6    6    9   17   22
 [16]   15   12   18   21   21   34   37   33   20   17   21   22   35   23   38
 [31]   43   41   43   49   53   43   53   52   49   46   60   81   70   58   57
 [46]   69   99   94   69   56   61   69   97   92   83   77   84   89   93  120
 [61]  110  104   99  101  106   93  119  133  149  123  135  151  134  134  147
 [76]  184  180  183  189  228  232  226  270  262  262  279  300  285  284  291
 [91]  299  328  309  304  334  400  418  434  421  447  431  480  525  541  602
[106]  594  625  636  704  734  753  792  792  859  933  987  949  935  955 1103
[121] 1147

[[100]]
  [1] 10 14 10  7  4  9  2  2  2  9  7  4  2  1  0  0  0  0  0  0  0  0  0  0  0
 [26]  0  0  0  0  0  0  0  0  0  0  0  0  0  0  0  0  0  0  0  0  0  0  0  0  0
 [51]  0  0  0  0  0  0  0  0  0  0  0  0  0  0  0  0  0  0  0  0  0  0  0  0  0
 [76]  0  0  0  0  0  0  0  0  0  0  0  0  0  0  0  0  0  0  0  0  0  0  0  0  0
[101]  0  0  0  0  0  0  0  0  0  0  0  0  0  0  0  0  0  0  0  0  0

[[101]]
  [1]   10   10   16   12   10    7    6   10   11   20   12   10   20   24   22
 [16]   23   27   30   22   20   20   16   16   14   17   17   16   22   15   23
 [31]   15   17   21   32   33   26   28   31   58   50   39   38   47   65   56
 [46]   65   71   79   86   94   88   93  105  108  109   98  101   86   73   89
 [61]  100  105  115  127  110  120  110  139  143  138  155  157  198  183  190
 [76]  192  208  262  277  274  294  343  365  370  380  384  394  416  448  446
 [91]  463  493  506  526  623  632  673  679  703  750  744  801  817  769  743
[106]  855  918  936  952 1058 1058 1103 1098 1173 1241 1251 1203 1227 1308 1344
[121] 1347

[[102]]
  [1]  10  13  14  20  13  11  14  12  17  23  17  14  12  12  18  31  19  21
 [19]  25  35  32  26  40  37  40  34  37  39  29  42  44  50  50  57  53  62
 [37]  57  57  63  71  76  76  73  82  75  77  78  80  97 110 136 117 115 126
 [55] 122 118 112 138 138 148 129 129 137 124 115 134 136 151 148 148 163 150
 [73] 174 187 168 175 169 176 214 220 216 199 219 239 250 263 256 313 290 318
 [91] 309 321 343 367 368 362 424 406 457 436 470 476 511 549 589 587 633 644
[109] 686 716 723 740 737 778 806 818 847 917 880 933 940

[[103]]
  [1]  10  15  15  14  20  20  14  10   8   8  17  14  20  16  21  23  16  16
 [19]  15  13  19  26  25  23  21  22  33  35  40  49  52  41  34  65  47  43
 [37]  57  50  54  45  47  51  55  58  55  54  59  46  56  55  64  57  66  59
 [55]  66  74  76  60  83 103 102 100 115  96  90 114  96  96 101  90 107 113
 [73] 105  99  83  89  88 134 142 123 116 112 147 153 156 174 167 179 176 200
 [91] 200 209 292 257 260 264 256 288 281 315 339 336 340 359 344 368 467 435
[109] 444 434 460 499 496 510 531 543 613 592 628 702 670

[[104]]
  [1]   10   14   26   21   17   21   25   24   16   19   15   17   26   31   30
 [16]   32   30   27   41   35   42   50   50   55   66   80   73   72   60   91
 [31]   66   72   59   73   69   94   98  102  112   84  115  154  154  156  160
 [46]  150  159  156  194  165  167  168  208  199  205  220  219  241  254  242
 [61]  250  306  324  320  343  365  387  370  367  424  450  467  546  556  594
 [76]  563  624  654  746  684  678  634  724  772  769  788  808  862  884  975
 [91]  997  964  995 1057 1151 1194 1178 1240 1277 1324 1397 1478 1562 1556 1684
[106] 1773 1857 1931 2121 2183 2265 2432 2468 2631 2699 2859 2972 3054 3067 3293
[121] 3406

[[105]]
  [1]   10   19   13   13   12   18   13   18   15   26   24   41   36   35   36
 [16]   29   36   28   43   31   39   54   59   57   53   68   64   67   78   62
 [31]   76   83   83   80   98   94   95  104   90   88   90   99  118  140  141
 [46]  127  161  162  178  169  214  207  241  250  273  297  297  282  349  330
 [61]  369  364  381  409  407  433  481  493  555  563  583  573  580  599  674
 [76]  728  745  771  811  796  832  856  899  930  922  942  992  987 1099 1193
 [91] 1215 1225 1324 1278 1379 1491 1588 1516 1563 1603 1719 1841 1813 1887 2016
[106] 2058 2178 2187 2203 2261 2431 2548 2662 2715 2813 2835 3077 3140 3255 3357
[121] 3429

[[106]]
  [1]  10  13  23  22  24  16  18  19  27  24  19  19  28  31  29  26  21  17
 [19]  20  22  25  36  38  25  33  26  42  50  49  47  44  42  51  54  53  53
 [37]  49  56  51  44  58  52  74  93  80  90  88  75  89  88 100  93 114  96
 [55] 108 115 103 111 108 100 112 139 141 136 129 143 170 152 150 141 139 143
 [73] 190 158 170 190 172 221 208 196 187 219 236 243 252 276 257 282 311 310
 [91] 335 358 383 410 403 432 442 462 459 476 500 489 520 515 566 639 653 626
[109] 588 680 707 738 777 795 754 821 844 881 876 896 963

[[107]]
  [1] 10  7 10 11  7  5  3  3  3  2  1  0  0  0  0  0  0  0  0  0  0  0  0  0  0
 [26]  0  0  0  0  0  0  0  0  0  0  0  0  0  0  0  0  0  0  0  0  0  0  0  0  0
 [51]  0  0  0  0  0  0  0  0  0  0  0  0  0  0  0  0  0  0  0  0  0  0  0  0  0
 [76]  0  0  0  0  0  0  0  0  0  0  0  0  0  0  0  0  0  0  0  0  0  0  0  0  0
[101]  0  0  0  0  0  0  0  0  0  0  0  0  0  0  0  0  0  0  0  0  0

[[108]]
  [1]   10   19   16   16   13   10    8   21   14   14   13   20   16   32   49
 [16]   31   25   28   29   24   34   29   32   42   33   47   63   44   41   38
 [31]   51   51   64   65   73   80   78   76   93   79   85   80   61   78  108
 [46]  111  122  116  129  124  128  150  152  144  140  139  161  140  124  181
 [61]  173  200  203  226  244  223  240  229  251  290  297  286  289  343  307
 [76]  404  397  427  458  462  526  542  622  627  670  657  687  758  823  833
 [91]  854  887  926 1001 1073 1090 1109 1134 1188 1272 1360 1467 1521 1487 1563
[106] 1577 1645 1775 1911 1903 1956 2101 2099 2256 2314 2419 2578 2622 2802 2883
[121] 2897

[[109]]
  [1] 10 15 17 15 13  9  6 13 15 11  9  7  7  7 21 25 15 12 10 14 11 13 17 26 23
 [26] 19 17 24 30 24 32 33 30 24 20 18 14 14 17 15 14 16 10 14 17 10  7 11  6  4
 [51]  8  4  6  5  3  3  3  3  3  3  2  2  2  2  9  6  5  5  7  4  4  7  5  7  5
 [76]  5  5  8  6 12  7  7 12 23 21 16 14 16 12 24 21 22 25 18 15 19 16 25 19 11
[101] 16 12 13  8 13 17  9  7 15 12  8 12 13  9  8 13 15 11  8  7  6

[[110]]
  [1] 10 10  9  9  9  7 12 10  8 14 16 14 16 13 12 16 17 20 17 12  5  5 10  8  7
 [26]  6  7  4  8 13 11  6  3  8  3  2  2  2  2  1  0  0  0  0  0  0  0  0  0  0
 [51]  0  0  0  0  0  0  0  0  0  0  0  0  0  0  0  0  0  0  0  0  0  0  0  0  0
 [76]  0  0  0  0  0  0  0  0  0  0  0  0  0  0  0  0  0  0  0  0  0  0  0  0  0
[101]  0  0  0  0  0  0  0  0  0  0  0  0  0  0  0  0  0  0  0  0  0

[[111]]
  [1]  10  18  12  14  19  15  26  17  12   9   8  21  16  11  13  17  19  15
 [19]  16  14  13  14  22  23  16  14  14  18  11  21  12   8   8   7   9  12
 [37]   8  15  15  26  19  15  15  19  32  24  23  23  24  17  12  17   9  13
 [55]  16  12  10  11   7  15  17  12  11  11  21  55  47  36  36  39  56  48
 [73]  53  56  49  55  52  50  68  61  58  59  58  61  70  67  65  77  77  82
 [91]  65  64  73  79  95  98  87  93 109 108 103  85  71  65  80  82 110  91
[109] 101 104 101  88 123 124 136 118 136 157 154 153 153

[[112]]
  [1]  10   7  13   8   7   6  12  16  17  14  13  11  19  15  25  20  12  16
 [19]  13  17  23  28  31  31  30  38  44  36  43  48  45  35  34  34  38  42
 [37]  37  54  53  63  67  57  61  62  65  80  77  70  57  73  76  82  99  97
 [55] 121 105  93  85 129 131 144 132 133 118 129 137 139 133 123 124 134 143
 [73] 129 138 145 137 147 137 126 124 157 169 141 115 118 117 131 138 124 125
 [91] 137 124 131 143 170 188 188 184 173 192 227 268 283 266 279 311 342 294
[109] 317 315 319 313 392 404 420 432 428 425 439 469 494

[[113]]
  [1]   10   11    6    9   10   16   14   11   10   17   26   31   30   30   32
 [16]   29   37   31   32   36   31   37   27   50   54   53   47   40   55   52
 [31]   58   60   66   64   46   55   50   54   65   61   53   66   70   70   77
 [46]   93   83   78   82  107   92   87   79   98  112  119  106  122  141  172
 [61]  150  153  177  175  198  190  201  197  217  210  229  219  235  238  223
 [76]  225  229  217  247  247  269  321  288  306  294  316  342  384  355  368
 [91]  390  386  417  462  447  474  453  503  532  519  571  593  641  696  684
[106]  688  708  763  790  859  846  870  912  944  973 1000 1084 1177 1136 1229
[121] 1307

[[114]]
  [1]   10   11   17   11   16   10   10   12    7   16   17   18   24   24   37
 [16]   29   23   35   37   38   43   42   54   56   44   45   62   58   58   77
 [31]   88   81   73   78   85  107  100   99  102  104  115  120  131  154  149
 [46]  138  145  130  169  216  249  230  228  246  233  253  285  294  343  313
 [61]  348  397  378  389  394  397  407  427  440  411  410  457  465  433  500
 [76]  533  573  614  604  598  640  633  668  705  738  733  764  756  863  920
 [91]  900  924  983 1072 1149 1143 1258 1306 1396 1431 1548 1581 1702 1691 1771
[106] 1791 1966 1984 2079 2154 2239 2332 2511 2550 2638 2862 2844 2934 3013 3170
[121] 3272

[[115]]
  [1] 10 15 11 10  7  8  4  4  3  3  6  3  9  9  6  5  3  3  3  2  2  2  1  1  1
 [26]  1  5  2  1  1  0  0  0  0  0  0  0  0  0  0  0  0  0  0  0  0  0  0  0  0
 [51]  0  0  0  0  0  0  0  0  0  0  0  0  0  0  0  0  0  0  0  0  0  0  0  0  0
 [76]  0  0  0  0  0  0  0  0  0  0  0  0  0  0  0  0  0  0  0  0  0  0  0  0  0
[101]  0  0  0  0  0  0  0  0  0  0  0  0  0  0  0  0  0  0  0  0  0

[[116]]
  [1] 10 10 13 12  8  8  7 11 13  8  8 15 11 12 10 11  6  5  1  5  5  2  2  7  4
 [26]  3  2  1  1  1  5  5  5  4  3  3  1  1  1  1  1  1  0  0  0  0  0  0  0  0
 [51]  0  0  0  0  0  0  0  0  0  0  0  0  0  0  0  0  0  0  0  0  0  0  0  0  0
 [76]  0  0  0  0  0  0  0  0  0  0  0  0  0  0  0  0  0  0  0  0  0  0  0  0  0
[101]  0  0  0  0  0  0  0  0  0  0  0  0  0  0  0  0  0  0  0  0  0

[[117]]
  [1]  10  11   5   4   4   4   4  10   8  11   8  11   9   6   5   4  11  19
 [19]  11   8   9  13  11   7  12  16  16  20  26  24  25  26  22  21  27  35
 [37]  33  23  36  28  33  23  21  32  27  38  38  32  24  28  36  29  26  48
 [55]  46  42  49  54  52  58  59  63  80  75  75  75  80  89  93  79  59  57
 [73]  81  98 100  90  79  83  84  87 107 126 140 118 132 135 115 113 136 141
 [91] 153 160 157 152 130 155 169 180 218 213 193 185 197 207 235 230 257 266
[109] 294 318 318 343 401 438 424 439 442 444 449 512 510

[[118]]
  [1]  10   8   5   8  17  17  15  19  14  11  15  11   8   8   6  12   7   6
 [19]  15   9  11  15  15  11  10   9  25  22  27  20  23  24  19  18  17  27
 [37]  25  30  23  35  40  41  43  35  40  31  48  57  46  33  44  31  31  31
 [55]  28  23  23  28  29  31  34  30  44  41  41  38  50  52  69  69  67  59
 [73]  55  52  45  44  46  57  44  38  44  40  43  35  42  42  40  35  38  53
 [91]  55  46  48  42  59  67  67  52  73  66  77  87 105  86  78  78  90  88
[109] 100 107 110 103 113 109 132 161 146 159 144 159 164

[[119]]
  [1]   10   18   19   14   10    8    9    7   11    8   14   11   10    9   15
 [16]   21   24   26   29   41   37   29   34   35   30   33   37   40   31   25
 [31]   24   33   46   61   61   54   68   66   59   44   50   55   57   55   56
 [46]   61   68   81   72   65   82   82   83   98  101   88   87  106  120  128
 [61]  133  125  154  182  152  160  157  169  167  145  167  194  222  202  210
 [76]  215  234  239  220  229  240  243  269  326  319  368  370  395  442  441
 [91]  501  482  559  579  576  564  624  643  618  664  669  684  644  689  759
[106]  786  833  932  959  960  998  982 1075 1080 1155 1169 1317 1300 1324 1294
[121] 1460

[[120]]
  [1]  10   6   5   5   8  18  20  14  10  12  15   9  13  14  20  20  14  14
 [19]  21  17  19  12  13  19  16  10   9   7   4  16  10  16  13  10  12  15
 [37]  19  14  10  15  17  25  40  40  36  28  29  31  44  52  66  58  70  65
 [55]  62  74  65  77  59  59  73  71  68  63  67  64  71  82  95 119 107  95
 [73] 107 136 139 126 153 164 183 184 206 197 228 253 252 258 220 238 241 303
 [91] 272 268 274 258 265 278 276 333 328 337 333 366 363 392 378 454 496 493
[109] 523 550 553 573 568 656 593 668 693 613 691 679 720

[[121]]
  [1] 10  7 14 15  7  4  3  3  5  2  2  2  5  3  3  3  1  1  1  1  3  2  1  0  0
 [26]  0  0  0  0  0  0  0  0  0  0  0  0  0  0  0  0  0  0  0  0  0  0  0  0  0
 [51]  0  0  0  0  0  0  0  0  0  0  0  0  0  0  0  0  0  0  0  0  0  0  0  0  0
 [76]  0  0  0  0  0  0  0  0  0  0  0  0  0  0  0  0  0  0  0  0  0  0  0  0  0
[101]  0  0  0  0  0  0  0  0  0  0  0  0  0  0  0  0  0  0  0  0  0

[[122]]
  [1]   10   14    8   10   11   14   17   13   11   12   14   26   18   15   13
 [16]   21   22   25   34   41   39   32   39   33   35   30   48   54   53   56
 [31]   42   37   40   47   51   65   61   61   77   64   76   71   85   69   65
 [46]   69   87   96  108   95  104   99  103  106  102  108  132  132  143  180
 [61]  179  194  171  184  191  189  209  229  243  258  277  295  341  336  351
 [76]  358  374  444  421  434  453  466  470  501  524  540  557  545  563  605
 [91]  665  651  640  655  793  823  815  843  859  888  954 1039 1100 1108 1086
[106] 1129 1145 1296 1410 1350 1443 1538 1553 1589 1664 1757 1849 1916 2090 2134
[121] 2151

[[123]]
  [1]  10  12  11  11  10   8   9  10  13  11  21  20  29  24  19  26  21  24
 [19]  32  37  35  26  22  32  41  37  33  33  36  47  40  34  48  47  61  48
 [37]  51  53  54  51  56  44  35  48  44  40  52  56  69  55  76  80  69  63
 [55]  64  71  69  68  73  75  70  67  66  89 104 102 103  91  95 110 118 129
 [73] 140 156 173 144 140 129 136 115 156 164 142 134 128 126 156 153 156 175
 [91] 174 182 174 195 227 221 258 303 282 265 283 291 322 351 331 319 357 378
[109] 439 421 437 419 437 484 511 499 513 571 573 575 661

[[124]]
  [1]   10   12   18   26   27   29   26   32   31   26   23   18   17   26   24
 [16]   21   16   17   25   42   34   27   18   17   25   32   29   30   24   19
 [31]   30   41   58   51   38   49   49   38   44   55   55   57   59   63   67
 [46]   63   82   75   67   76   94  117  136  141  124  113  128  128  134  148
 [61]  156  144  153  162  192  195  191  163  167  152  152  178  185  204  178
 [76]  182  197  215  210  251  264  267  260  299  309  315  330  320  360  388
 [91]  377  364  414  451  447  470  500  506  497  544  541  535  557  606  609
[106]  626  651  727  765  766  798  787  867  897  896  977 1035 1101 1084 1097
[121] 1073

[[125]]
  [1]  10  17  16  16  14   9  13   8  13  13  15  13   8  12  13  19  18  17
 [19]  13  15  18  16  13  20  14  15  16  18  21  23  21  22  19  22  18  20
 [37]  18  18  34  25  17  21  15  15  24  22  14  14  12   9  14  18  21  24
 [55]  19  26  23  24  35  35  28  25  22  27  32  34  26  25  35  29  43  40
 [73]  37  38  31  40  40  37  50  35  38  56  58  45  42  49  61  74  70  79
 [91]  72  87  86  93  99 125 136 102 116 110 127 153 138 152 153 172 162 198
[109] 166 179 212 253 234 224 205 209 206 255 254 296 298

[[126]]
  [1]  10  15  14  11  17  11  10   9  17  17  26  21  24  27  25  29  35  26
 [19]  18  22  23  23  17  21  18  24  25  23  17  13  10  12   6  10  16  13
 [37]  10   8   8  10   8  12  19  13  27  20  17  16  19  20  19  18  26  18
 [55]  20  26  28  27  31  44  46  50  43  48  53  46  49  66  57  57  42  51
 [73]  60  84  65  65  74  91 106  93 102 113 162 150 169 164 154 183 232 213
 [91] 208 203 227 252 265 277 240 273 324 334 352 347 356 369 373 386 390 467
[109] 483 467 468 467 511 530 559 567 584 603 671 634 658

[[127]]
  [1]   10    9    6   14   14   13   11   11   10   22   35   32   30   27   33
 [16]   37   34   46   39   64   54   71   70   67   77   85   79   79   80   66
 [31]   76   67  117  125  114  106  123  118  119  118  141  118  110  143  121
 [46]  131  136  129  141  113  102  113  112  131  135  134  128  145  168  189
 [61]  194  191  212  202  205  202  249  249  221  230  226  271  269  245  263
 [76]  264  267  283  275  289  288  328  347  358  420  458  451  481  506  548
 [91]  535  523  540  571  580  643  663  684  639  643  730  729  777  788  858
[106]  840  956  944  965 1051 1161 1184 1165 1210 1210 1313 1463 1563 1592 1541
[121] 1671

[[128]]
  [1]   10   18   28   28   20   22   44   33   33   31   42   54   63   50   35
 [16]   42   61   72   66   52   59   60   85   88   91  103  106   84   79   74
 [31]   81  115  120  122  132  146  161  152  185  168  185  193  166  167  190
 [46]  178  202  226  233  288  269  285  310  323  312  285  312  313  312  353
 [61]  290  298  320  329  378  398  412  415  402  465  428  478  488  516  557
 [76]  594  573  604  648  646  650  671  765  832  827  871  963  948  997 1016
 [91] 1038 1156 1295 1262 1328 1342 1409 1483 1615 1643 1712 1667 1764 1754 1837
[106] 2016 2089 2190 2202 2323 2443 2573 2672 2740 2964 2984 3125 3255 3338 3521
[121] 3628

[[129]]
  [1]  10   6   5   7   6  12  13  11  18  13  17  24  23  17  15  10  14  18
 [19]   7   6   6   4   8  12  17  12  10  15  17  13  18  17  14  13  17  33
 [37]  24  20  29  34  26  31  28  27  23  19  22  24  27  35  29  26  28  15
 [55]  14  20  27  30  28  34  32  31  28  21  20  28  35  33  26  32  30  41
 [73]  32  44  51  63  64  54  48  51  60  60  51  59  47  47  45  43  57  62
 [91]  62  46  58  68  65  68  54  71  67  76 114 106  98  97 116 113 138 132
[109] 125 127 144 164 132 114 125 169 186 212 211 225 284

[[130]]
  [1]  10  19  14  13  15  12  21  13  22  21  19  15  20  23  19  21  12  24
 [19]  25  21  19  14  19  27  17  14  11  19  10   7  11  10  11  17  11   6
 [37]   5   5   5  11  15   7   7   7   7   8  14  19  14  11  11  20  32  18
 [55]  11   8   8  10  11  15  25  19  16  17  16  37  34  24  21  26  28  36
 [73]  44  38  43  46  51  59  52  52  61  62  60  60  74 104  91  75  87 104
 [91] 111 107 116 119 146 158 131 145 144 160 152 145 160 144 166 179 179 156
[109] 177 177 168 200 182 218 224 239 271 266 243 232 249

[[131]]
  [1]  10   6   4   6   3   2   2   8   5   9  10  14   9   9  15  19  13  10
 [19]   7   5   7  12  10   8  11  12   7   7  11  12  15  10  24  23  20  17
 [37]  17  21  28  22  24  34  33  45  45  41  42  44  39  47  57  35  39  39
 [55]  47  62  64  57  52  54  59  57  77  60  55  74  95  91  88  97 114 111
 [73] 108 130 126 126 155 166 186 171 185 163 171 202 207 226 210 209 233 254
 [91] 261 253 290 292 315 321 346 342 391 445 467 479 462 476 517 545 569 553
[109] 550 612 630 610 689 688 733 763 768 807 868 852 924

[[132]]
  [1]   10    8   15   13   11   13   17   11   15   22   26   22   17   16   27
 [16]   22   19   17   23   30   26   18   14   12   19   21   22   26   32   23
 [31]   35   34   26   32   46   48   45   43   38   38   66   61   57   60   69
 [46]   81  101  106  116  138  144  128  155  138  162  156  145  172  153  171
 [61]  149  168  183  195  221  191  166  173  219  224  215  214  249  238  252
 [76]  268  246  246  288  335  361  318  316  335  372  369  405  449  472  512
 [91]  484  475  513  602  625  583  634  607  634  695  786  797  762  819  861
[106]  892  961  997 1001 1014 1104 1191 1158 1287 1319 1340 1389 1508 1678 1662
[121] 1579

[[133]]
  [1]   10   15    9   20   18   17   22   19   16   23   21   21   28   37   35
 [16]   45   43   38   44   51   59   63   47   48   37   55   62   74   53   57
 [31]   54   77   67   72   79   86   91  111  112  108  121  122  113  113  112
 [46]  143  133  139  153  165  162  168  166  183  192  198  197  202  205  217
 [61]  212  214  239  248  252  282  259  275  276  330  303  336  313  302  318
 [76]  337  373  361  367  377  408  410  416  433  456  447  477  513  514  506
 [91]  561  601  612  655  641  670  682  703  732  769  797  778  849  839  880
[106]  919  937  980 1046 1085 1067 1186 1221 1253 1252 1359 1415 1458 1541 1565
[121] 1627

[[134]]
  [1] 10  8  7 14  8 10  8  7  7 14  8  5  5  4  3 10  5  8  4  4  2  2  1  1  1
 [26]  6  5  3  1  1  1  1  1  1  1  1  1  1  1  1  1  1  1  1  1  0  0  0  0  0
 [51]  0  0  0  0  0  0  0  0  0  0  0  0  0  0  0  0  0  0  0  0  0  0  0  0  0
 [76]  0  0  0  0  0  0  0  0  0  0  0  0  0  0  0  0  0  0  0  0  0  0  0  0  0
[101]  0  0  0  0  0  0  0  0  0  0  0  0  0  0  0  0  0  0  0  0  0

[[135]]
  [1]  10  14  15  15  11   9  11   7   6   9   9   6  12  10  17  16  23  16
 [19]  13  14  11   9   9   9  13  18  13  22  21  21  17  15  13  14  20  17
 [37]  12  15  10  16  11  16  22  18  17  22  20  19  23  20  20  18  22  26
 [55]  30  43  37  56  42  40  35  36  43  58  59  49  49  54  51  63  77  77
 [73]  68  72  81  88  90  67  57  61  66  77  72  61  59  60  71  72  73  71
 [91]  83 113 105  96 104 113 110  79  95  90 131 114 122 150 167 137 131 141
[109] 151 167 158 149 167 188 185 188 185 212 235 223 228

[[136]]
  [1]   10   17   11   15   13   13   16   18   16   13    9   23   22   29   34
 [16]   34   24   24   24   22   27   43   40   32   26   38   34   33   56   62
 [31]   61   51   61   67   60   67   57   61   79   83   70   66   62   61   69
 [46]   81   77   76   88  106   97  112  124  132  111  122  129  131  176  164
 [61]  169  148  177  184  202  218  211  219  209  236  237  277  275  292  279
 [76]  287  280  338  330  362  397  442  473  463  516  583  600  606  637  623
 [91]  645  714  744  726  786  780  831  896  926  991  963 1011 1101 1109 1199
[106] 1227 1296 1309 1381 1343 1430 1486 1507 1578 1691 1767 1824 1856 1915 1970
[121] 2033

[[137]]
  [1]   10   11   13   14   19   19   21   22   32   24   22   20   25   39   45
 [16]   53   52   50   43   48   58   79   81   68   72   91   93   99   90  112
 [31]   87   93   98  111  108   95   98   80   94  107  148  126  125  149  133
 [46]  144  174  161  146  163  158  155  149  153  151  175  208  203  217  216
 [61]  237  228  243  288  294  285  272  301  299  319  314  329  362  369  448
 [76]  458  456  484  491  490  558  610  610  654  632  723  729  739  783  909
 [91]  884  924  892  988 1049 1087 1144 1168 1226 1284 1333 1330 1320 1373 1460
[106] 1555 1568 1684 1637 1730 1879 1975 1985 2080 2142 2244 2264 2356 2415 2610
[121] 2730

[[138]]
  [1]  10  12  11   8  12   9   8   7  14   8  10   9  19  14  12  15  18  12
 [19]  29  20  24  18  18  14  20  22  16  16  25  31  30  25  24  27  32  26
 [37]  42  60  73  68  51  52  77  51  47  47  52  62  56  59  45  65  69  76
 [55]  65  91  76  83  77  78  83  87  97  83  87 107 133 126 138 112 101 102
 [73] 103 110 135 144 144 154 147 162 171 194 189 202 230 261 274 323 323 337
 [91] 359 376 358 358 389 388 389 426 433 432 396 405 431 483 514 535 515 540
[109] 620 620 677 682 770 761 801 796 886 860 877 960 970

[[139]]
  [1]   10   11    9    8    9    7   11    4    4    3    8    5    3    3    2
 [16]    9    7    6    5   10    8   18   15   14   19   19   29   21   25   38
 [31]   50   63   47   50   40   45   54   69   51   63   57   82   72   85   80
 [46]   98   86  102   78  103   83   84   98   89  101  116  132  126  105  129
 [61]  122  120  114  123  138  139  137  171  209  202  204  231  221  211  243
 [76]  250  257  271  277  299  314  314  317  308  314  312  309  316  332  378
 [91]  365  407  398  400  416  438  448  479  496  529  539  554  550  604  626
[106]  690  722  677  760  796  834  886  862  868  915  956 1113 1114 1114 1160
[121] 1286

[[140]]
  [1]   10   11   14    9   12   22   14   10   14   12    9   13    8    6    6
 [16]   19   10   12    7    7    6   11    9   18   19   22   25   21   19   15
 [31]   22   34   31   32   25   30   32   28   30   36   46   42   49   55   61
 [46]   65   74   67   63   58   74   74   78   74   76   81   80  101  139  128
 [61]  109  105  114  104  112  116  125  153  133  163  143  151  172  196  202
 [76]  199  181  186  221  229  226  231  220  267  304  299  270  282  292  299
 [91]  318  319  345  359  389  431  456  432  472  507  511  488  502  549  573
[106]  597  611  646  666  728  687  734  786  847  892  874  970 1017  998 1047
[121] 1094

[[141]]
  [1]   10    7    6    5   15   18   15   16   19   17   16   16   16   25   16
 [16]   21   20   24   32   31   26   21   23   31   29   25   36   35   31   36
 [31]   49   42   36   29   43   64   45   52   57   60   64   88   83   70   70
 [46]   68   96  101   98  107  117  111  101  117  143  134  138  116  129  158
 [61]  145  151  174  157  156  142  145  152  164  177  161  188  205  213  217
 [76]  209  191  186  216  260  280  273  304  315  297  360  356  352  405  436
 [91]  475  449  458  542  569  636  662  669  653  697  776  820  885  883  893
[106]  992  993 1053 1093 1113 1138 1184 1255 1350 1380 1474 1536 1629 1678 1741
[121] 1833

[[142]]
  [1]   10   13    8    8   14   16   17   14   17   15   11   22   16   24   34
 [16]   41   33   35   34   40   35   39   62   67   56   51   60   47   47   36
 [31]   57   50   54   72   63   74   63   58   49   62   71   69   61   78   84
 [46]   86   85   97   92  116  104   92  102  112  106  117  120  115  131  127
 [61]  155  157  137  171  168  161  159  162  149  157  181  187  208  215  203
 [76]  183  210  267  239  251  246  291  304  319  313  322  349  386  367  375
 [91]  360  359  403  416  439  408  434  445  441  504  538  566  617  631  623
[106]  692  678  719  756  764  796  836  867  939  897  920  980 1084 1105 1127
[121] 1118

[[143]]
  [1]  10  14  11  10   9   9  13  11  11   6   5   5   6  18  12  14  13  11
 [19]  14  22  25  19  14  13  16  16  21  21  22  19  17  15  37  30  23  33
 [37]  34  31  33  28  27  28  23  29  50  53  51  37  38  52  48  49  44  68
 [55]  61  54  61  58  76  75  77  97  85  82 106 109 104 114 131 129 117 120
 [73] 137 148 129 157 169 158 157 166 152 158 172 171 150 142 149 164 169 146
 [91] 143 176 202 197 201 201 229 231 265 256 282 275 271 327 342 359 396 376
[109] 399 399 445 483 491 497 466 485 563 597 600 623 681

[[144]]
  [1] 10 14 20 15 12 17 18 11 15  9 12  8 11 15 12 10 16 16 10  8  7  6  5 16  9
 [26]  5  5 10  8 11  8  6  5 10  8  3  3  6  3  2  2  1  1  0  0  0  0  0  0  0
 [51]  0  0  0  0  0  0  0  0  0  0  0  0  0  0  0  0  0  0  0  0  0  0  0  0  0
 [76]  0  0  0  0  0  0  0  0  0  0  0  0  0  0  0  0  0  0  0  0  0  0  0  0  0
[101]  0  0  0  0  0  0  0  0  0  0  0  0  0  0  0  0  0  0  0  0  0

[[145]]
  [1]  10  14  11  13  10  15  10  22  26  16  13  10  10   9  14  10   8   7
 [19]   6  10  23  13  11  12  10   9   6  13  11  24  13  10   7  13  16  11
 [37]   8  10  15  11  14   8   7  12  18  19  21  25  20  14  16  14  17  23
 [55]  22  24  28  26  24  35  32  39  36  32  36  28  52  36  41  49  47  35
 [73]  34  38  53  48  39  38  43  38  49  67  49  41  45  31  30  48  32  39
 [91]  32  39  52  51  49  34  34  45  64  51  44  60  76  88  75  81  83  86
[109]  91  95 105  95 100 116 112 129 164 192 164 163 152

[[146]]
  [1]   10    9   17   25   32   34   34   38   37   26   36   25   24   28   41
 [16]   44   46   45   48   57   56   69   81   70   95   86   88   94   90  122
 [31]  128  107   93   85  129  137  136  127  126  160  143  139  150  138  154
 [46]  192  227  232  224  227  233  270  259  303  292  296  315  318  362  345
 [61]  319  333  352  390  457  466  475  480  470  522  565  568  578  565  587
 [76]  590  609  594  635  658  692  720  754  770  847  875  878  876  881  954
 [91]  918  908  965 1076  992 1074 1171 1179 1342 1365 1428 1492 1564 1685 1741
[106] 1818 1953 1999 2060 2206 2300 2436 2439 2556 2642 2681 2764 2914 2998 3017
[121] 3138

[[147]]
  [1] 10 11  7  6  8  4  3  2  2  2  9  7  5  5  4 11  7  9  9  8  6  6  6  6  6
 [26]  4  4  9  7 10  8 13 10  8  7  7 16 16 10  8 11  8  7  7  3  2  1  1  1  1
 [51]  1  3  1  1  1  1  1  0  0  0  0  0  0  0  0  0  0  0  0  0  0  0  0  0  0
 [76]  0  0  0  0  0  0  0  0  0  0  0  0  0  0  0  0  0  0  0  0  0  0  0  0  0
[101]  0  0  0  0  0  0  0  0  0  0  0  0  0  0  0  0  0  0  0  0  0

[[148]]
  [1]   10    7    4    8    8   14    7    7    6    6    6   13    9    6   10
 [16]    7    7   19   11   10   10    9    9   16   28   26   24   20   24   28
 [31]   31   28   24   31   33   43   40   39   40   31   31   48   50   43   49
 [46]   60   58   84   80   75   79   64   82   79   81   97  100   87   97  112
 [61]  114  151  133  164  156  144  134  159  168  176  179  205  184  206  230
 [76]  240  270  270  252  249  275  316  348  330  330  325  367  391  378  415
 [91]  425  453  450  464  469  521  574  544  510  580  638  643  657  700  761
[106]  789  776  774  849  927  952 1022  967 1120 1122 1105 1218 1233 1255 1288
[121] 1318

[[149]]
  [1]   10   10   15   10    8    6    6    8   18   25   17   16   13   22   27
 [16]   26   24   26   34   35   40   39   48   49   38   42   42   35   44   56
 [31]   54   70   71   74   64   62   60   61   82   83   83   77   69   81   90
 [46]   77   79  106  105  129  123  132  128  150  167  162  156  134  142  163
 [61]  168  184  205  219  202  192  203  223  260  257  272  269  255  280  273
 [76]  289  296  312  329  328  345  372  398  422  446  461  469  479  478  530
 [91]  546  594  597  667  708  732  770  775  818  839  815  853  919  947  995
[106] 1010 1066 1116 1129 1144 1209 1256 1317 1303 1361 1388 1495 1499 1633 1694
[121] 1752

[[150]]
  [1] 10 10  7  7 12  9  8  7  6  3  1  1  1  1  1  1  1  0  0  0  0  0  0  0  0
 [26]  0  0  0  0  0  0  0  0  0  0  0  0  0  0  0  0  0  0  0  0  0  0  0  0  0
 [51]  0  0  0  0  0  0  0  0  0  0  0  0  0  0  0  0  0  0  0  0  0  0  0  0  0
 [76]  0  0  0  0  0  0  0  0  0  0  0  0  0  0  0  0  0  0  0  0  0  0  0  0  0
[101]  0  0  0  0  0  0  0  0  0  0  0  0  0  0  0  0  0  0  0  0  0

> save(reslist, file=paste("output",iter,".rda",sep=""))
> 
> 
> ###############################################################
> 
> 
> # Clear the workspace and turn off graphics.
> #  Load all the functions you need by sourcing the provided demographic.R file
> #  Read in the job number from the cluster. To do this, your code should include a new
> # variable iter and should start with the line:
> # iter <- as.numeric(Sys.getenv(PBS_ARRAY_INDEX))
> #  Control the random number seeds so that each parallel simulation takes place with a
> # different seed. Your function should therefore set the random number seed as iter so that
> # each parallel simulation has a unique random seed.
> #  In each parallel run, select the initial condition to be used. Ensure that 25 of the parallel
> # simulations are allocated to each of the initial conditions.
> #  Create a variable which is the filename to store your results. The end of the filename
> # should be the number iter to ensure that simulation files do not overwrite one another on
> # the cluster.
> #  Initialise a list which will contain the results of your 150 simulations.
> #  Call the stochastic_simulation function to do the appropriate simulation 150 times,
> # appending the output to the results list, and then save the results list.
> 
> #four initial conditions (25 cluster runs per)
> #each cluster run runs simulation 150 times
> #1) large population of 100 adults
> #2) small population of 10 adults
> #3) 100 individuals spread
> #4) small population of 10 individuals
> 
R has finished running

============================================

        Job resource usage summary 

                 Memory (GB)    NCPUs
 Requested  :         1             1
 Used       :         0 (peak)   1.00 (ave)

============================================
