R is about to run

R version 4.4.1 (2024-06-14) -- "Race for Your Life"
Copyright (C) 2024 The R Foundation for Statistical Computing
Platform: x86_64-conda-linux-gnu

R is free software and comes with ABSOLUTELY NO WARRANTY.
You are welcome to redistribute it under certain conditions.
Type 'license()' or 'licence()' for distribution details.

R is a collaborative project with many contributors.
Type 'contributors()' for more information and
'citation()' on how to cite R or R packages in publications.

Type 'demo()' for some demos, 'help()' for on-line help, or
'help.start()' for an HTML browser interface to help.
Type 'q()' to quit R.

> 
> 
> growth_matrix <- matrix(c(0.1, 0.0, 0.0, 0.0,
+ 0.5, 0.4, 0.0, 0.0,
+ 0.0, 0.4, 0.7, 0.0,
+ 0.0, 0.0, 0.25, 0.4),
+ nrow=4, ncol=4, byrow=T)
> 
> reproduction_matrix <- matrix(c(0.0, 0.0, 0.0, 2.6,
+ 0.0, 0.0, 0.0, 0.0,
+ 0.0, 0.0, 0.0, 0.0,
+ 0.0, 0.0, 0.0, 0.0),
+ nrow=4, ncol=4, byrow=T)
> 
> clutch_distribution <- c(0.06,0.08,0.13,0.15,0.16,0.18,0.15,0.06,0.03)
> 
> #=========================================================================================
> rm(list=ls())
> graphics.off()
> source("Demographic.R")
> source("kl2621_HPC_2024_main.R")
[1] 0 0 0 0 3
[1] 3 3 2 2 2
[1] 1 1
 [1] 7 6 5 3 3 2 2 2 2 2 2 2 2 2 1 1 1 1 1 1 1
> 
> 
> ###4 initial conditions
> 
> ############################################################
> 
> 
> 
> #VVVVVVVVVVVV-------------COMMENT ME OUT WHEN RUNNING THE THING
> #iter <- 5
> #VVVVVVVVVVV--------------UNCOMMENT ME OUT
> iter <- as.numeric(Sys.getenv("PBS_ARRAY_INDEX"))
> set.seed(iter)
> 
> 
> if (iter <= 25) {
+ initial_state <- state_initialise_adult(4,100) #100 adults
+ } else if (iter >25 && iter <= 50) {
+ initial_state <- state_initialise_adult(4,10) #10 adults
+ } else if (iter >50 && iter <= 75) {
+ initial_state <- state_initialise_spread(4,100) #100 spread
+ } else {
+ initial_state <- state_initialise_spread(4,10) #10 spread
+ }
> 
> reslist <- list()
> 
> ####100 cluster runs
> ###################################################
> ####150 runs of stochastic_simulation per cluster run
> for (i in 1:150) {
+     #################################
+     ###120 steps of stochastic_simulation per simulation
+     stochasticresult <- stochastic_simulation(initial_state,growth_matrix,reproduction_matrix,clutch_distribution,120)
+     reslist[[i]] <- stochasticresult
+     #################################
+ }
> ###################################################
> 
> print(reslist)
[[1]]
  [1]  10  16  16  14  16  15  12  10  16  13  13  14  19  23  14  11   9  24
 [19]  28  27  27  27  33  20  15  10  13  12  11   9  22  23  22  20  23  25
 [37]  23  29  21  26  22  17  15  27  32  24  23  12  11   9  14  15  19  23
 [55]  20  16  23  19  19  28  28  23  24  40  46  38  38  20  24  19  21  42
 [73]  35  27  27  29  35  58  55  60  79  58  68  72  67  57  94  67  73  84
 [91]  99  89  95  82 104 120 116 117 134 153 142 172 151 148 140 176 174 140
[109] 151 164 166 182 185 189 157 179 184 170 225 231 240

[[2]]
  [1] 10 19 15 11 17 21 17 14 10  5  6  3  3 15 11 13  9  5  3  1  1  1  0  0  0
 [26]  0  0  0  0  0  0  0  0  0  0  0  0  0  0  0  0  0  0  0  0  0  0  0  0  0
 [51]  0  0  0  0  0  0  0  0  0  0  0  0  0  0  0  0  0  0  0  0  0  0  0  0  0
 [76]  0  0  0  0  0  0  0  0  0  0  0  0  0  0  0  0  0  0  0  0  0  0  0  0  0
[101]  0  0  0  0  0  0  0  0  0  0  0  0  0  0  0  0  0  0  0  0  0

[[3]]
  [1]  10   6   6   6   9  14  12  10   9   9   8   7  11   6  11   9  11  18
 [19]  12  14   9   8   8  22  27  20  15  18  15  16  15  10  13  18  14  15
 [37]  15   9   8   6  20  19  21  22  18  15  15  31  32  26  23  19  18  21
 [55]  21  21  18  14  10  18  25  14  18  25  20  18  15  14  27  28  25  18
 [73]  22  20  16  20  16  20  20  19  16  21  19  21  18  22  29  26  24  37
 [91]  32  31  34  40  49  44  49  34  57  53  50  58  72  65  51  65  73  85
[109]  79  83  83  85  91  84  89  93  96 125  97  74  68

[[4]]
  [1]   10   11   10   12   13   11   10   10   15   14   18   12   22   23   21
 [16]   23   30   37   28   29   30   52   41   48   43   62   75   56   55   47
 [31]   57   67   92   97  103   96  110  109  105  102  113  121  104  114  127
 [46]  140  155  132  144  122  143  146  148  141  166  188  181  173  156  179
 [61]  170  187  202  180  209  224  249  233  246  216  230  274  299  314  314
 [76]  317  349  356  424  384  435  398  436  455  419  453  478  503  467  477
 [91]  537  562  578  572  640  641  621  629  611  690  729  744  789  854  876
[106]  828  904  889 1002 1034 1078 1074 1084 1105 1122 1139 1291 1391 1466 1474
[121] 1508

[[5]]
  [1]   10    5    9    7    4    4   11   11    8    7    6    5    5   11   16
 [16]   11   14   16   21   21   23   22   20   24   40   31   40   56   40   49
 [31]   69   87   65   62   60   58   76   84   89  114  121  120  118  134  148
 [46]  156  152  147  154  153  190  205  206  224  217  238  247  243  249  252
 [61]  251  272  296  311  334  296  306  378  400  393  455  460  536  571  598
 [76]  610  617  615  617  686  702  750  744  738  769  840  846  898  932  998
 [91]  975  992 1092 1135 1147 1197 1218 1373 1325 1365 1453 1493 1552 1568 1644
[106] 1720 1875 1897 2017 1977 2089 2137 2210 2394 2376 2406 2463 2653 2729 2799
[121] 2844

[[6]]
  [1]   10   15   16   18   13   12   12   15   12   11   10   11   23   29   27
 [16]   27   27   28   41   41   48   58   51   51   61   53   43   51   54   44
 [31]   54   57   50   46   39   49   42   43   48   42   43   45   42   36   34
 [46]   27   36   44   53   57   61   58   65   68   76   91   86   75   80   97
 [61]  141  158  152  141  133  153  174  150  185  185  185  222  221  213  241
 [76]  265  278  290  294  290  352  333  341  393  378  360  365  404  408  383
 [91]  427  483  476  455  446  507  507  507  520  527  549  594  562  622  600
[106]  621  643  730  756  786  831  826  801  879  884  978 1105 1056 1103 1049
[121] 1089

[[7]]
  [1]  10   8   7   5   3  11   6   9  14  20  30  24  23  16  23  28  22  29
 [19]  21  23  21  22  21  27  24  25  26  29  28  21  31  28  25  26  27  44
 [37]  37  38  39  38  37  36  39  43  50  44  39  48  44  46  38  43  43  45
 [55]  40  36  39  43  51  62  52  68  76  71  74  71  78  86  65  87  91  88
 [73]  77  84  81  89  80  77  76  81  81  73  74  78 107 106 129 120 140 147
 [91] 168 187 159 160 181 190 225 221 222 221 231 234 257 266 275 268 302 270
[109] 271 236 249 224 265 268 266 277 314 304 317 291 362

[[8]]
  [1]   10    5    4    3    3   22   21   12   17   20   27   17   15   12   21
 [16]   27   23   23   17   17   23   20   22   19   19   26   20   23   26   27
 [31]   29   33   38   38   49   36   49   48   67   59   56   68   73   90   91
 [46]   97   87   98  121  133  150  149  169  164  176  187  240  280  258  267
 [61]  294  298  339  349  367  373  406  419  448  455  432  531  517  510  505
 [76]  582  576  618  650  671  726  691  734  764  759  865  860  869  885  938
 [91]  936 1009 1071 1144 1208 1178 1273 1292 1328 1374 1351 1462 1557 1542 1559
[106] 1660 1732 1765 1875 1903 1949 2016 2165 2191 2361 2398 2491 2634 2833 2870
[121] 2941

[[9]]
  [1]   10    7   17    9    8   10   21   22   20   13   16   27   29   28   21
 [16]   27   29   30   22   18   25   39   40   38   51   58   59   66   67   68
 [31]   83   84   83   91   87   87   94  110  100  127  115  127  131  147  171
 [46]  166  196  187  220  190  200  206  238  251  245  256  283  314  322  315
 [61]  312  335  350  358  401  423  418  414  448  472  470  468  471  487  523
 [76]  571  618  597  562  598  623  687  705  727  745  800  843  873  914  918
 [91]  948 1020 1059 1144 1105 1183 1208 1183 1213 1329 1373 1424 1486 1599 1608
[106] 1725 1807 1874 1883 1929 1910 2047 2176 2259 2274 2353 2374 2556 2642 2771
[121] 2828

[[10]]
  [1]   10   14   19   24   17   19   15   24   20   16   14   13   17   39   39
 [16]   31   34   27   20   33   27   31   36   25   27   22   29   39   43   54
 [31]   45   46   39   42   50   42   51   48   56   54   43   39   58  100   90
 [46]   81   95   90  106  104  125  114  149  138  146  148  200  167  167  140
 [61]  200  233  251  241  240  233  240  274  310  347  317  320  305  317  384
 [76]  378  360  370  398  396  410  386  452  465  489  525  600  621  678  629
 [91]  676  683  705  734  813  835  855  836  928  954 1015 1032 1052 1014 1036
[106] 1125 1186 1282 1319 1330 1424 1545 1550 1595 1667 1701 1786 1896 1972 2067
[121] 2127

[[11]]
  [1] 10  6  5  4 10  7  5  4  4 11 12  9  7  7  6  6 20 18 16 21 14 10  8  7  5
 [26]  4  4  3  3  8  6  8  3  2  2  2  1  1  1  1  1  1  1  1  1  1  1  0  0  0
 [51]  0  0  0  0  0  0  0  0  0  0  0  0  0  0  0  0  0  0  0  0  0  0  0  0  0
 [76]  0  0  0  0  0  0  0  0  0  0  0  0  0  0  0  0  0  0  0  0  0  0  0  0  0
[101]  0  0  0  0  0  0  0  0  0  0  0  0  0  0  0  0  0  0  0  0  0

[[12]]
  [1]   10   14   21   19   13   11   25   24   29   27   27   31   30   46   40
 [16]   50   42   31   29   33   40   37   38   38   35   38   43   39   32   35
 [31]   45   51   62   50   73   74   78   64   65   74  102  111  119  116  109
 [46]  118  115  131  140  130  131  160  161  190  215  198  212  248  261  239
 [61]  258  315  331  333  338  362  317  313  332  355  400  431  451  466  429
 [76]  477  485  520  503  545  493  519  592  660  674  656  676  744  791  867
 [91]  916  918  922  964  932  999 1095 1120 1202 1236 1279 1322 1411 1565 1659
[106] 1675 1752 1849 1849 1945 2023 2080 2109 2162 2276 2403 2544 2578 2696 2695
[121] 2950

[[13]]
  [1] 10  8  5 12  6  6  4  3  2  5 10  5  4  3  3  8  5  8 10 18 11  9  6  4  3
 [26]  3  5  4  3  3  1  1  1  7  5  2  2  2  7  2  2  2  2  9  7  7  5  3  3  3
 [51]  9 16  7  5  5 11 21 22 20 13 10  9 14 10  8 10 13  9  8 13 13 10  9  9  8
 [76] 13 12  7 11  9  6  6  5  5 11 16 11  8  8 11 10 17 16 19 22 32 28 25 21 21
[101] 34 32 33 33 24 26 47 36 38 30 26 37 34 31 35 43 45 39 29 29 52

[[14]]
  [1]  10   8  13  11   8   7   6   3   3  11   5   8   9   5   5   8  12   5
 [19]   3   2   4  11   6   4   3   3   4   9   5   4   4   3   6   9   6   8
 [37]   6   9  12  15  11  10  14   9  22  16  14  23  18  22  33  37  36  43
 [55]  38  34  38  46  40  42  37  39  37  44  46  46  41  69  73  61  60  59
 [73]  53  61  61  83 117 119 101 100 135 132 134 134 141 157 171 195 175 156
 [91] 166 198 200 221 246 259 261 226 244 254 272 303 328 350 335 370 398 427
[109] 433 456 446 465 428 498 513 549 515 530 527 516 587

[[15]]
  [1]   10   21   13    9   14   20   22   22   23   39   42   37   34   38   46
 [16]   44   39   44   48   66   67   79   74   71   79   66   72   70   96   85
 [31]   72   69   84   80   97   94  114  106  119  132  134  139  136  133  168
 [46]  152  156  170  186  214  172  192  211  223  268  288  290  274  307  314
 [61]  364  354  360  357  370  386  372  369  403  422  399  415  407  414  403
 [76]  435  451  461  497  511  585  595  630  640  626  607  675  669  682  734
 [91]  757  767  763  836  823  813  987  966 1022 1015 1040 1124 1290 1319 1296
[106] 1357 1372 1438 1590 1581 1645 1776 1796 1816 1853 2048 2105 2240 2332 2340
[121] 2529

[[16]]
  [1]  10   7   6  11  15  16  25  21  17  23  21  11   9   9   7  18  24  23
 [19]  14  10  13  11  12   9   7  20  21  16  14  26  21  16  19  20  27  31
 [37]  30  19  23  27  18  17  30  28  18  16  13  28  22  29  30  25  28  30
 [55]  33  21  31  32  29  32  27  24  27  40  57  60  55  56  47  44  50  62
 [73]  55  53  50  67  80  76  70  76  99  93  81  91  91 111 138 127 129 124
 [91] 115 135 124 143 139 153 116 111 117 127 132 140 135 128 122 135 134 138
[109] 123 154 152 157 135 152 141 173 172 169 171 155 162

[[17]]
  [1]   10    6   18   20   16   11   11   12   12   17   20   11    9   19   15
 [16]   11    7   15   14   24   21   26   29   23   17   24   26   30   20   25
 [31]   28   32   32   48   32   32   33   49   50   56   54   53   61   71   78
 [46]   84   79   74   74   87  110  122  127  109  102  109  140  144  141  143
 [61]  132  152  154  158  164  193  228  232  214  207  224  241  233  252  237
 [76]  232  250  248  283  254  277  285  310  298  328  307  298  309  365  357
 [91]  333  369  384  409  451  463  462  477  460  556  537  544  561  554  576
[106]  628  660  697  678  632  669  752  795  825  852  890 1008 1055 1102 1112
[121] 1135

[[18]]
  [1]  10  16  12  10   9  13   5   7   4   9   7   5   4  17  16  10  13  15
 [19]  10  10  10  15  22  18  24  16  21  23  28  23  23  28  30  35  31  30
 [37]  27  28  32  21  27  25  21  23  32  30  25  36  37  41  37  34  43  62
 [55]  55  49  77  80  89  71  67  95 101  91 109 122 119 115 143 140 139 146
 [73] 183 171 191 183 219 195 205 222 232 221 198 221 235 254 261 302 295 299
 [91] 340 345 365 360 323 343 366 410 376 391 417 453 429 443 473 500 508 500
[109] 534 589 655 648 650 662 685 754 804 821 825 872 932

[[19]]
  [1]  10  20  12  13   8  11   8   7   9   8   6   9   8  12  14  19  15  10
 [19]  14  13  25  26  41  38  34  38  40  57  50  34  37  40  39  46  35  36
 [37]  26  24  36  32  36  38  42  34  28  24  28  22  21  24  23  27  22  25
 [55]  31  47  62  53  48  46  66  62  62  70  75  80  94  98  94  92  96 105
 [73]  97  93  98 114 134 134 116 129 148 164 163 152 121 152 162 143 159 132
 [91] 140 172 168 190 230 211 239 263 251 238 238 324 345 360 342 388 430 403
[109] 389 407 451 482 481 552 561 579 607 659 658 628 695

[[20]]
  [1]   10   13    9    5   18   17   12    9   11   16   12   15   14   14   26
 [16]   24   21   24   28   40   29   32   32   29   34   30   30   42   50   51
 [31]   61   56   41   48   66   71   66   56   61   70   75   73   73   84   87
 [46]   71   72   60   87   68   86   90   83   87   93   97  115  148  142  164
 [61]  176  179  160  149  154  181  178  229  216  206  201  174  211  240  223
 [76]  239  248  261  277  308  322  378  370  359  368  401  437  439  463  482
 [91]  517  544  549  586  590  582  625  667  733  749  745  770  745  784  808
[106]  788  844  919 1003 1043 1026 1022 1019 1020 1080 1031 1157 1236 1264 1285
[121] 1248

[[21]]
  [1]  10   7   6   4   4   4   9   7   6   6   6  10  10  14  10   9  15  11
 [19]  10  11  14  16  12  12  11   8  14  19  21  13  11  15  11  19  22  22
 [37]  18  14  14  18  33  18  26  22  24  19  22  27  29  18  22  19  23  40
 [55]  42  33  32  22  31  32  28  43  59  48  42  54  61  56  46  55  52  62
 [73]  56  60  65  63  70  75 100 102 101  95 103 111  99 116 104 119 132 128
 [91] 128 122 137 166 162 178 164 153 198 184 172 216 213 197 192 224 233 233
[109] 225 218 220 258 254 241 226 240 259 258 274 281 307

[[22]]
  [1]  10   8  11   5   4   7  10  11   8  14   8   8   8   7   6   9  14  11
 [19]   8   6  11   8   9   8   5   5   5   5  11  16   8   7   8   7  18  10
 [37]  15  31  17  16  14  10   7  13  22  14  13  16  23  29  29  22  19  15
 [55]  24  29  20  15  25  23  40  25  20  15  20  26  32  33  28  26  34  38
 [73]  44  34  25  22  23  55  74  37  30  33  39  51  57  54  47  52  72  73
 [91]  74  74  79  76  77  77  84  81  82 102 117  93 107  97 122 115 119 124
[109] 137 173 176 201 215 234 214 224 249 242 254 284 274

[[23]]
  [1]  10  13  10   8  10  13  12  13  12  22  12  17  25  28  26  24  23  38
 [19]  42  48  45  34  40  29  41  36  41  48  66  59  53  37  35  41  40  58
 [37]  64  60  55  70  86  95  74  89  77  83  68  61  88  92  75  63  58  56
 [55]  64  66  93  73  67  70  94  90  70 112  95  99  94  95 107 118 130 111
 [73] 115 127 119 122 129 141 152 146 141 160 159 180 179 178 187 162 201 237
 [91] 217 254 266 274 275 275 308 294 308 338 421 412 410 426 437 435 471 537
[109] 578 602 629 648 657 664 686 772 848 788 834 833 860

[[24]]
  [1]   10   21   13   14   10   17   19   32   20   24   21   17   27   33   31
 [16]   34   33   46   35   43   40   48   48   38   47   44   52   57   63   59
 [31]   49   56   74   94   87   67   79   84   83  118  112  122  115  123  133
 [46]  124  133  126  160  155  134  144  156  188  200  197  213  219  247  235
 [61]  252  265  257  247  282  281  252  305  297  344  344  330  325  331  394
 [76]  382  437  437  458  482  502  558  544  577  591  622  642  676  691  742
 [91]  743  809  814  886  850  915  898  976 1005 1059 1137 1147 1233 1363 1431
[106] 1418 1444 1572 1591 1699 1756 1709 1799 1904 1931 2100 2108 2088 2178 2269
[121] 2306

[[25]]
  [1]  10  11  14  10   8   7   6   6  13  13   9   8   7  13  11  17  13  15
 [19]  11  11  10  15  10   8  13  20  33  23  32  26  32  23  39  30  22  29
 [37]  31  34  25  33  33  23  42  61  48  46  41  41  51  49  60  56  59  64
 [55]  58  63  78  79  71  75  66  77  80 101  94 124 109 104 109 118 143 135
 [73] 149 124 152 163 189 194 208 208 209 193 200 231 264 236 224 234 292 276
 [91] 256 303 321 322 322 349 382 388 376 380 350 354 363 359 333 357 344 441
[109] 459 483 471 545 602 601 608 584 639 629 671 683 649

[[26]]
  [1]   10    7   11    8    7    5    9    7    5    3    2    1    1    1    1
 [16]    1    1    8    4   10    9    9    8    9    7    7    7   14   16   14
 [31]   11   11   21   22   21   23   18   41   27   28   26   28   28   30   37
 [46]   29   25   34   34   49   39   51   43   44   58   46   63   61   61   57
 [61]   58   68   97  114  121   91  104  100   77   71  101  111  108   96  120
 [76]  120  136  134  172  199  194  201  204  221  224  233  263  243  234  252
 [91]  287  290  292  330  409  410  425  424  460  495  511  506  523  527  528
[106]  542  500  602  634  654  663  676  703  760  766  837  822  956  982 1014
[121] 1007

[[27]]
  [1]  10   7   7  11  11  13  10   7   9   9  11   8   8   8   8   8  13  30
 [19]  21  16  16  24  14  15  13  18  24  16  27  18  24  39  34  36  31  36
 [37]  25  31  34  31  26  32  27  33  33  43  33  28  23  40  30  29  24  29
 [55]  41  53  56  48  55  52  70  73  77  79  79  83  80  85  70  74  69 109
 [73] 101  90  93  87 101 109 130 112 125 126 151 141 144 154 129 138 139 140
 [91] 139 154 156 130 150 147 152 155 145 163 187 199 213 219 222 232 276 279
[109] 301 315 310 336 321 333 364 384 429 430 411 406 383

[[28]]
  [1]   10    6    4    4    3    3    7   10   16   17   11   11   11   10   15
 [16]    9    7    8    9   13   18   14    9    8   18   13   14   12   12   11
 [31]   21   13   13   10   13   13   15   21   25   29   33   45   33   42   39
 [46]   41   44   42   63   62   63   78   77   93   95  101  110  110   93  107
 [61]  110  106  126  125  123  150  137  127  145  144  159  176  171  161  148
 [76]  137  155  174  202  200  211  238  276  253  273  270  293  324  316  347
 [91]  370  371  396  404  445  496  525  514  516  572  522  600  577  637  672
[106]  635  641  692  733  731  722  789  837  845  849  890  898  976 1019 1132
[121] 1148

[[29]]
  [1] 10  8  5  4  4  1  4  1  1  1  1  1  0  0  0  0  0  0  0  0  0  0  0  0  0
 [26]  0  0  0  0  0  0  0  0  0  0  0  0  0  0  0  0  0  0  0  0  0  0  0  0  0
 [51]  0  0  0  0  0  0  0  0  0  0  0  0  0  0  0  0  0  0  0  0  0  0  0  0  0
 [76]  0  0  0  0  0  0  0  0  0  0  0  0  0  0  0  0  0  0  0  0  0  0  0  0  0
[101]  0  0  0  0  0  0  0  0  0  0  0  0  0  0  0  0  0  0  0  0  0

[[30]]
  [1]   10   12   19   19   16   17   21   33   27   30   21   19   26   42   43
 [16]   34   40   36   34   43   40   46   41   49   48   57   76   61   59   51
 [31]   58   69   78   65   64   92   90   75   87   66   82   73   89   70   64
 [46]   64   57   79   72   82   75   75   90   89   92   97  104  129  131  113
 [61]  106   96  112  122  123  113  121  129  151  172  171  185  196  176  200
 [76]  212  211  288  290  278  315  297  332  385  355  416  380  444  439  456
 [91]  467  488  505  564  614  620  660  697  723  723  738  790  848  897  919
[106]  927  945  937  966 1046 1130 1216 1304 1345 1401 1523 1610 1700 1781 1797
[121] 1798

[[31]]
  [1]  10  14  19  20  15  14  10  14  14  10  16  13  19  28  35  31  36  26
 [19]  26  26  28  26  22  27  29  19  16  14  14  24  15  11  11  13  17  18
 [37]  11  11  15  13  18  19  14  19  22  30  26  21  17  18  14  27  26  19
 [55]  22  21  17  15  20  14  19  30  27  26  20  17  21  19  17  21  22  41
 [73]  46  33  29  26  20  15  22  23  18  19  14  13  24  19  18  14  15  28
 [91]  26  19  25  21  38  52  67  48  56  56  51  63  52  62  57  52  43  54
[109]  55  53  49  78  85  86  89 104 112 134 123 132 109

[[32]]
  [1] 10 12  5  4  3  4  3  3  3  3  1  5  3  1  1  1  1  0  0  0  0  0  0  0  0
 [26]  0  0  0  0  0  0  0  0  0  0  0  0  0  0  0  0  0  0  0  0  0  0  0  0  0
 [51]  0  0  0  0  0  0  0  0  0  0  0  0  0  0  0  0  0  0  0  0  0  0  0  0  0
 [76]  0  0  0  0  0  0  0  0  0  0  0  0  0  0  0  0  0  0  0  0  0  0  0  0  0
[101]  0  0  0  0  0  0  0  0  0  0  0  0  0  0  0  0  0  0  0  0  0

[[33]]
  [1]  10  16  12  11  10  11   9   7   7  10  10  12   8  13  19  11  11   9
 [19]   9  13  27  32  24  20  27  23  29  23  20  19  46  35  35  33  31  40
 [37]  34  40  45  62  58  63  55  61  69  74  84 106  88  82  97  99 104  85
 [55] 110 100  78  72  98  94  95  92  81  67  80  90  98 103 101 109 114 124
 [73] 131 134 133 136 172 173 164 188 228 221 256 254 258 274 311 339 340 341
 [91] 355 377 410 452 459 482 450 527 499 517 531 531 567 588 589 601 635 617
[109] 667 675 705 696 743 813 825 805 796 909 926 973 985

[[34]]
  [1]   10   13    9    9   16   12   13   11   14   21   16   12   12   17   12
 [16]   16   21   22   13   18   22   22   22   26   29   22   20   24   30   26
 [31]   31   30   31   26   18   16   27   28   20   17   29   33   28   28   28
 [46]   36   36   39   46   50   59   48   53   41   82   62   60   60   82   93
 [61]   88   85  111  108  117  119  114  116  125  143  151  164  197  173  193
 [76]  212  226  260  264  236  252  240  262  282  273  301  321  341  390  375
 [91]  440  416  469  475  491  512  614  629  693  687  678  688  760  811  874
[106]  914  955 1026 1023 1095 1172 1231 1338 1283 1316 1344 1473 1528 1650 1611
[121] 1686

[[35]]
  [1]   10   14   16   12   11   17   22   19   25   17   30   19   20   27   19
 [16]   22   33   36   26   30   51   49   44   37   39   38   39   32   36   54
 [31]   47   43   36   38   49   47   46   49   56   63   80   65   75   81   81
 [46]   87  110  112  100   96   95   97  101  121  131  152  134  132  127  138
 [61]  152  171  162  180  172  180  165  185  220  213  235  219  198  228  241
 [76]  216  249  241  237  261  274  280  279  311  319  324  351  311  324  340
 [91]  351  324  354  402  416  456  489  520  525  551  572  572  584  600  582
[106]  653  719  725  766  817  820  840  850  862  918  988 1012 1054 1104 1105
[121] 1169

[[36]]
  [1]   10   15   11   11   14   12   23   15   13   13   20   22   27   30   24
 [16]   27   27   26   30   39   42   40   33   27   32   39   35   27   28   42
 [31]   44   64   79   72   63   68   90   88   79   86   81   82   87   74  100
 [46]   86   83   87   91  106  113  114   84   74   79   99   91   81   84  103
 [61]  117  116  126  102   99  117  105  118  137  145  145  158  168  177  175
 [76]  192  185  185  200  174  202  206  212  214  207  236  261  276  328  318
 [91]  329  344  403  436  464  467  471  480  542  534  587  637  674  673  721
[106]  723  759  786  832  912  896  868  872  905  965  973 1027 1061 1124 1239
[121] 1219

[[37]]
  [1]   10   10    8   12   10   24   26   21   32   30   32   30   36   39   48
 [16]   44   54   42   52   66   63   63   71   80  101   95   93   98  113  104
 [31]  103   89  104  117  147  119  135  159  161  170  175  215  199  197  224
 [46]  247  260  232  227  231  262  238  252  237  280  275  278  305  296  332
 [61]  368  386  410  402  414  459  528  537  532  563  602  613  616  650  706
 [76]  759  797  834  839  915  988  944  957 1003 1005 1126 1192 1183 1210 1256
 [91] 1329 1413 1412 1479 1541 1632 1672 1683 1712 1821 1928 1991 2023 2077 2145
[106] 2331 2444 2451 2535 2512 2609 2745 2907 2997 3060 3213 3395 3395 3591 3643
[121] 3900

[[38]]
  [1]  10  17   7   5   5   4   3   7   5   5   5   4   4   4  10  21  14   9
 [19]  10   8  16   9   7   7   6   4  10  12  14   8   5   4  11   7  12   8
 [37]   8  12   8  11   8   8   6   5  12  16  16  19  19  25  18  18  25  22
 [55]  23  31  26  19  25  37  35  44  36  34  36  34  33  27  56  43  54  55
 [73]  66  66  60  60  68  63  65  74  83  74  92  84  94  87  92 109 123 130
 [91] 127 125 137 118 138 164 168 192 160 170 166 171 170 218 213 199 187 217
[109] 210 223 233 237 256 249 249 264 258 302 251 309 303

[[39]]
  [1]   10   22   21   16   14   20   30   24   32   38   29   27   45   42   36
 [16]   36   45   40   42   37   42   52   46   59   48   56   51   72   79   55
 [31]   75   69   76   77   75   89   93   95  100  111  130  102  107  111  123
 [46]  135  124  149  162  166  196  200  192  204  235  219  220  231  258  242
 [61]  225  255  259  305  312  330  331  364  356  358  377  428  480  466  487
 [76]  525  526  579  596  554  608  674  667  731  734  738  806  828  868  941
 [91]  959  959 1040 1063 1130 1258 1201 1228 1252 1347 1346 1552 1567 1568 1633
[106] 1744 1768 1783 1845 1907 1999 2132 2096 2261 2333 2458 2553 2649 2763 2787
[121] 2981

[[40]]
  [1]   10    9    6    7   13   15   17   19   22   20   39   25   24   32   32
 [16]   42   41   40   41   46   33   30   35   30   37   55   44   39   42   32
 [31]   50   53   51   33   44   33   47   58   56   65   58   50   53   57   71
 [46]   69   72   84   92   81   72   72   85   68   98  105  100  112  107  124
 [61]  145  124  132  118  141  143  156  147  188  206  187  186  198  205  232
 [76]  241  228  223  231  245  237  288  279  270  256  258  298  333  333  345
 [91]  337  347  356  405  402  420  413  451  440  467  519  536  557  515  532
[106]  554  587  617  619  657  688  679  715  789  829  861  861  886  922 1024
[121] 1047

[[41]]
  [1]   10   17   16   13   14   20   16   19   39   48   41   36   34   31   36
 [16]   37   42   54   58   51   52   53   57   59   50   53   45   36   35   39
 [31]   47   56   51   48   49   49   56   71   67   68   81   75   63   76   83
 [46]   93  133  116  138  131  166  163  196  196  197  185  191  204  240  251
 [61]  251  218  212  257  278  299  278  285  324  348  333  338  349  358  370
 [76]  402  428  446  433  454  482  551  605  595  610  631  596  611  690  695
 [91]  740  740  795  789  848  872  892  798  880  938  997 1032 1039 1097 1158
[106] 1187 1281 1357 1497 1481 1595 1668 1764 1805 1846 1933 1989 2148 2227 2300
[121] 2372

[[42]]
  [1]  10  17  19  11  15  10  15  11  11  26  20  18  21  34  21  18  24  30
 [19]  38  39  33  32  36  40  56  40  44  39  31  26  29  27  31  40  42  39
 [37]  34  39  41  37  41  38  45  61  65  51  56  48  45  42  49  55  43  40
 [55]  48  45  59  35  29  32  59  37  36  32  34  41  41  43  39  44  49  45
 [73]  48  52  62  62  68  69  58  69  57  67  55  63  86  96 108 107 101 115
 [91] 141 146 144 168 167 138 144 167 149 142 194 194 182 191 197 215 217 238
[109] 246 270 275 253 257 246 324 373 363 367 354 380 451

[[43]]
  [1]   10   15   10   13   15   15   14   16   20   22   15   12   10    7   12
 [16]   11   12   11   15   19   22   23   18   20   17   24   17   21   22   16
 [31]   20   14   11   14   14   11   15   14   12   21   16   30   26   23   21
 [46]   34   44   45   46   58   64   67   58   63   87   96   80   77   77  101
 [61]   89   99   98   89  113  100  107  138  159  186  195  185  167  175  189
 [76]  209  239  231  241  245  279  271  316  357  408  390  416  433  471  492
 [91]  516  541  534  594  650  654  673  669  733  729  731  731  779  871  908
[106] 1000  979  958  965 1076 1149 1194 1313 1359 1392 1444 1514 1449 1559 1641
[121] 1709

[[44]]
  [1]  10   6  13  22  18  13   9   9  11   9  20  13  20  18  23  18  14  21
 [19]  13  19  20  20  16  14   9  21  16  12  13   9   8   4   4   4  11  14
 [37]  22  17  14  14  13  22  14  15  12  17  19  17  28  26  21  21  23  31
 [55]  25  29  31  31  22  27  23  37  49  39  34  44  41  46  59  57  51  46
 [73]  52  70  71  89  72  69  82  97 106 107 109 119 105 102 105 123 128 125
 [91] 131 125 134 156 145 175 176 189 205 205 210 213 193 185 211 239 279 306
[109] 313 299 308 299 303 326 327 308 352 358 374 370 392

[[45]]
  [1] 10  7  6  6  6  6  5  5  5  3  5 10  8  8  7  6  4  3  2  1  0  0  0  0  0
 [26]  0  0  0  0  0  0  0  0  0  0  0  0  0  0  0  0  0  0  0  0  0  0  0  0  0
 [51]  0  0  0  0  0  0  0  0  0  0  0  0  0  0  0  0  0  0  0  0  0  0  0  0  0
 [76]  0  0  0  0  0  0  0  0  0  0  0  0  0  0  0  0  0  0  0  0  0  0  0  0  0
[101]  0  0  0  0  0  0  0  0  0  0  0  0  0  0  0  0  0  0  0  0  0

[[46]]
  [1]   10   15    9   15   19   19   16   16   12   18   11   10    9   17   18
 [16]   21   17   16   13   21   32   22   34   44   35   39   40   36   44   43
 [31]   53   64   60   58   67   75   84   66   69  103   93   99   91   98  140
 [46]  141  149  142  148  166  197  184  176  170  192  191  208  239  276  253
 [61]  261  282  283  327  307  340  366  405  387  395  410  444  454  503  487
 [76]  530  513  520  572  573  618  640  619  654  653  733  751  772  837  817
 [91]  775  875  924  963 1038 1011 1094 1130 1123 1176 1250 1282 1409 1475 1459
[106] 1516 1561 1628 1761 1725 1737 1864 2088 2172 2114 2150 2259 2384 2435 2424
[121] 2560

[[47]]
  [1] 10 14 11  7  5  5  5  2  2  1  1  1  1  1  2  2  1  1  0  0  0  0  0  0  0
 [26]  0  0  0  0  0  0  0  0  0  0  0  0  0  0  0  0  0  0  0  0  0  0  0  0  0
 [51]  0  0  0  0  0  0  0  0  0  0  0  0  0  0  0  0  0  0  0  0  0  0  0  0  0
 [76]  0  0  0  0  0  0  0  0  0  0  0  0  0  0  0  0  0  0  0  0  0  0  0  0  0
[101]  0  0  0  0  0  0  0  0  0  0  0  0  0  0  0  0  0  0  0  0  0

[[48]]
  [1]  10   7   7  11   8   8  10   8  13  13   8  13  14  13  20  17  14  20
 [19]  17  15  21  25  18  18  26  29  29  24  24  16  14  23  19  13  11  15
 [37]   8  16  14  24  33  34  26  31  32  51  59  43  42  40  48  62  58  63
 [55]  73  75  77  62  55  67  72 104 117 124 121 109 100 116 141 173 166 159
 [73] 172 168 179 175 212 219 205 209 199 198 230 217 235 246 243 251 289 304
 [91] 327 335 324 329 372 363 349 400 392 381 396 423 435 421 463 489 480 516
[109] 546 580 621 628 654 724 705 735 757 770 750 778 904

[[49]]
  [1]  10   9  18  12   8   7  17  22  16  14  18  16  28  35  38  32  26  32
 [19]  28  31  32  31  44  44  43  39  40  39  44  45  38  34  35  33  42  43
 [37]  40  38  57  62  56  65  65  57  40  35  33  49  60  61  46  43  44  44
 [55]  64  59  55  39  38  52  55  45  44  32  39  42  42  36  42  54  57  48
 [73]  45  58  66  64  54  56  75  71  79  75  91  85  92 109 127 127 121 119
 [91] 119 125 138 163 161 149 123 157 164 157 162 167 187 197 195 190 216 207
[109] 200 224 241 214 238 255 258 272 315 309 337 334 375

[[50]]
  [1]   10   20   12   11   11   19   13   25   17   13   17   15   15   14   18
 [16]   16   16   12   21   25   24   22   20   29   38   32   50   47   35   33
 [31]   47   62   51   43   43   53   56   38   58   71   50   72   88   81   85
 [46]   78   75   82  100   85   76   76  103  104  123  106   98   93  106   98
 [61]  119  127  121  136  139  156  165  154  169  193  200  180  197  235  233
 [76]  234  239  239  259  245  266  312  316  322  315  327  330  392  395  416
 [91]  431  424  453  511  548  552  677  734  748  719  715  703  732  776  750
[106]  852  826  912  955  957  977 1007 1125 1122 1130 1243 1300 1277 1325 1360
[121] 1399

[[51]]
  [1]  10  10  13   8   7  12  16  18  16  17  12   9  13   9  15  12  21  18
 [19]  17  13  15  13  11  12  12   9   7   4  11  17  13  14  11  10  16  11
 [37]  18  22  18  12  16  16  20  15  10   8  11  12   6  14  16  21  21  19
 [55]  20  21  27  34  22  20  27  34  30  39  39  32  30  41  25  23  22  16
 [73]  22  20  32  28  27  21  24  23  23  36  38  48  46  37  35  44  41  38
 [91]  45  40  53  55  50  55  66  64  73  81 113 101 116 127 120 136 138 151
[109] 154 165 167 178 207 191 200 205 191 191 199 196 176

[[52]]
  [1]   10    6    6    5   10   13   11    8   13   13   13   13   11   10   19
 [16]   11   14   18   14   13   14   14   31   30   43   32   33   31   37   30
 [31]   27   36   29   28   26   35   48   47   41   67   63   49   69   57   56
 [46]   57   91  104   96  108  133  125  120  125  121  117  123  149  148  157
 [61]  190  172  186  231  244  209  229  271  308  307  323  355  349  341  353
 [76]  396  413  420  434  492  514  519  513  526  597  661  687  685  685  755
 [91]  807  871  896  852  930  969 1017 1077 1062 1128 1115 1177 1209 1230 1292
[106] 1322 1458 1490 1453 1565 1616 1727 1771 1801 1935 2059 2268 2285 2421 2497
[121] 2766

[[53]]
  [1]   10    5    5    4   10   13   10   14   13   15   13   24   28   25   32
 [16]   26   28   34   29   28   28   42   45   36   41   34   36   46   46   45
 [31]   45   45   56   45   56   65   73   57   48   57   61   90  100   99   87
 [46]   94   94  109  101  113   92  103  146  130  110  150  113  109  125  134
 [61]  142  132  154  142  155  194  155  174  174  167  210  219  219  228  245
 [76]  253  273  297  337  355  356  363  418  422  417  469  490  494  542  584
 [91]  537  538  604  590  636  628  604  635  740  760  879  872  855  838  883
[106]  960  986 1052 1062 1126 1206 1173 1159 1229 1279 1384 1398 1429 1446 1522
[121] 1633

[[54]]
  [1]   10   15   17   22   17   23   27   29   38   33   41   34   33   33   28
 [16]   37   59   61   58   51   47   59   83   60   76   89   82   80   84   72
 [31]   88   83   81   90   85   73   95  108  116  108  104  113  132  135  123
 [46]  142  150  137  156  185  175  184  210  220  213  250  253  300  245  272
 [61]  265  272  310  343  331  340  342  342  346  399  405  423  458  462  443
 [76]  450  455  453  520  502  531  535  591  652  614  675  757  764  775  841
 [91]  849  951  932  951 1005 1088 1204 1270 1267 1301 1295 1303 1392 1487 1575
[106] 1602 1721 1724 1818 1927 1927 2097 2158 2155 2270 2338 2470 2597 2768 2800
[121] 2812

[[55]]
  [1]  10  14   9  10  11   8  12  10  12  10   9   9   8  11  17  19  19  13
 [19]  11  11  11   9  14  18  29  22  21  36  26  27  20  28  31  37  39  31
 [37]  27  24  23  27  25  18  19  34  34  36  30  22  19  21  24  32  28  34
 [55]  23  21  15  13  10  17  13  11  17  21  24  30  29  35  33  25  35  40
 [73]  41  39  34  31  23  33  35  60  49  50  40  58  61  71  61  61  59  57
 [91]  67  68  84  79  79  71  98  94 115 137 142 138 131 121 122 140 137 138
[109] 147 143 145 156 182 146 186 197 198 204 227 236 256

[[56]]
  [1]   10   14    9    7   13    8   19   15   11   10   14   16   24   22   17
 [16]   19   13   18   28   19   22   25   26   31   32   31   24   29   30   32
 [31]   45   42   40   44   38   30   49   48   47   52   50   56   56   60   63
 [46]   70   64   63   58   79   95   95  107  108  108  120  135  142  130  127
 [61]  140  150  181  189  194  172  159  157  185  183  197  206  224  234  238
 [76]  242  225  239  275  296  328  289  300  303  326  310  306  346  370  373
 [91]  346  392  351  387  429  436  447  482  514  531  601  583  561  583  720
[106]  730  744  783  859  855  890  901  963  955  958 1058 1096 1095 1052 1145
[121] 1249

[[57]]
  [1]   10   14   20   19   23   20   23   29   31   24   25   28   40   43   38
 [16]   36   48   34   53   50   38   39   43   42   33   37   35   53   57   52
 [31]   66   66   61   64   50   55   53   57   74   81   84   78   90  109   97
 [46]  103   87   90   98   95   97  101  133  131  127  123  127  123  107  137
 [61]  149  135  126  130  153  159  164  184  205  207  199  204  200  231  267
 [76]  258  221  222  220  227  259  251  226  199  226  295  349  308  336  369
 [91]  341  340  385  394  402  435  438  486  527  536  552  627  607  618  666
[106]  720  783  780  740  802  875  806  880  962  989 1054 1111 1110 1181 1167
[121] 1281

[[58]]
  [1]  10  13  12   9   9  13  23  19  14   9  16  10  15  25  16  13  12  21
 [19]  20  19  16  17  16  11  10  13  14  16  14  13  18  33  30  27  24  19
 [37]  29  36  36  30  23  21  28  22  30  29  26  37  29  30  22  25  20  30
 [55]  28  21  23  25  23  17  22  18  20  15  17  19  16  18  11   9  15  16
 [73]  23  18  27  21  19  13  11  11  21  18  14  21  17  20  17  21  42  31
 [91]  29  28  33  35  42  49  56  53  54  52  52  52  55  48  50  49  43  53
[109]  46  55  68  86  71  91  91  81  86  90 107 126 113

[[59]]
  [1]  10  14  10   8   7   7   9  13  16  19  12  13   9  17  13  19  20  14
 [19]  18  18  20  14  18  14  14  14  14  16  20  15  16  28  26  24  30  19
 [37]  18  20  30  28  38  31  37  52  43  38  37  47  52  60  55  54  58  61
 [55]  61  42  45  53  55  68  63  67  82  69  75  96  88  87  89  80  77  81
 [73] 106  94  94 121 107 152 147 135 126 146 179 185 188 170 180 189 203 206
 [91] 206 204 233 195 180 197 214 226 242 234 225 274 281 276 295 301 327 351
[109] 365 344 381 399 419 400 453 458 476 505 495 575 580

[[60]]
  [1]   10    7    9   15   22   24   23   40   31   33   23   29   30   25   21
 [16]   33   28   25   24   28   31   36   28   34   36   37   38   37   39   44
 [31]   48   51   43   56   71   64   62   60   63   66   59   65   51   73   76
 [46]   71   83   87   89   88   93  112  118  128  130  121  149  174  152  159
 [61]  151  195  198  219  215  205  212  195  214  231  261  279  267  280  303
 [76]  321  333  348  351  386  434  418  443  436  481  506  546  549  528  562
 [91]  564  634  690  723  750  788  752  774  860  878  962  976 1019 1040  986
[106] 1062 1073 1223 1231 1253 1333 1356 1430 1514 1598 1678 1651 1853 1786 1875
[121] 1908

[[61]]
  [1] 10  9  7  4  4  3  4  4  2  2  2  2  1  1  0  0  0  0  0  0  0  0  0  0  0
 [26]  0  0  0  0  0  0  0  0  0  0  0  0  0  0  0  0  0  0  0  0  0  0  0  0  0
 [51]  0  0  0  0  0  0  0  0  0  0  0  0  0  0  0  0  0  0  0  0  0  0  0  0  0
 [76]  0  0  0  0  0  0  0  0  0  0  0  0  0  0  0  0  0  0  0  0  0  0  0  0  0
[101]  0  0  0  0  0  0  0  0  0  0  0  0  0  0  0  0  0  0  0  0  0

[[62]]
  [1] 10 11  7 11  8  8  8  7 19 12 12  9 15  9  8  6  4 11  3  3  8  6  6  4  4
 [26]  3  4 16 18 13 17 16 14 25 21 13  9 11 16 22 19 18 15 20 26 25 20 13 10 18
 [51] 29 24 22 27 18 22 19 27 25 22 24 26 23 25 23 22 23 19 26 24 19 23 25 30 30
 [76] 17 14 25 33 33 25 26 42 39 30 26 36 41 34 32 34 33 70 75 78 78 70 68 82 92
[101] 96 86 72 78 70 76 69 91 76 97 81 76 82 86 75 88 93 78 67 74 79

[[63]]
  [1]   10   12   11   15   11   11   10    8   14   24   16   14   12   10   20
 [16]   15   12   18   19   13   16   26   43   37   32   25   36   46   47   39
 [31]   37   44   43   59   64   54   60   53   54   55   88   84   96   92   88
 [46]   99   84   89   89   89   91  121  134  121  128  141  163  169  212  200
 [61]  200  209  208  215  236  280  288  283  293  286  265  287  332  305  318
 [76]  354  393  411  403  396  380  415  436  473  506  559  519  535  581  599
 [91]  682  674  670  760  792  850  873  899  959 1005 1028 1060 1036 1052 1089
[106] 1175 1196 1222 1254 1436 1535 1558 1634 1698 1735 1810 1789 1844 1923 1877
[121] 2006

[[64]]
  [1]   10   16   23   14   18   22   19   18   21   30   38   30   26   29   33
 [16]   43   38   34   45   35   51   56   56   42   42   44   36   44   72   80
 [31]   65   56   83   78   87  102   90  114  140  111  110  136  118  130  129
 [46]  137  187  184  190  166  199  184  187  196  214  232  226  220  210  202
 [61]  220  207  202  235  226  280  275  294  264  316  318  333  421  444  416
 [76]  446  438  417  478  503  535  551  536  613  616  704  714  734  695  703
 [91]  743  759  741  810  785  868  954 1045  998  990  990  998 1043 1159 1287
[106] 1343 1353 1422 1519 1624 1634 1781 1847 1948 2065 2036 2161 2287 2438 2490
[121] 2581

[[65]]
  [1]   10   11   17   18   11   10    9   17   24   24   23   17   19   23   23
 [16]   19   29   35   36   36   32   39   32   27   28   38   33   37   55   51
 [31]   67   46   32   47   67   82   81   78   96   83   80   78  111  115  139
 [46]  143  154  157  161  161  175  207  202  225  200  212  212  205  221  231
 [61]  236  238  239  245  285  315  296  329  347  396  382  372  382  434  457
 [76]  512  566  512  507  613  621  624  658  658  656  681  750  779  807  801
 [91]  826  859  867  917  903  944  918  990 1052 1112 1133 1202 1175 1292 1308
[106] 1398 1447 1484 1591 1665 1615 1641 1797 1899 1965 1973 2006 2040 2193 2311
[121] 2417

[[66]]
  [1] 10  7  4  4  3  2  2 11  8  6  6  6 21 15 10 15 11  9 15 17 21 12 10  8 10
 [26] 13 15 17 13  8  5  5  6  7  5  2  2  1  1  1  1  1  0  0  0  0  0  0  0  0
 [51]  0  0  0  0  0  0  0  0  0  0  0  0  0  0  0  0  0  0  0  0  0  0  0  0  0
 [76]  0  0  0  0  0  0  0  0  0  0  0  0  0  0  0  0  0  0  0  0  0  0  0  0  0
[101]  0  0  0  0  0  0  0  0  0  0  0  0  0  0  0  0  0  0  0  0  0

[[67]]
  [1]  10   9  13   7   9   8   7  18  16  13   8  18  19  12  15  19  13  14
 [19]  20  19  20  17  24  19  23  31  34  36  35  39  50  47  45  36  31  37
 [37]  34  35  33  40  39  41  46  40  44  51  43  41  39  42  36  35  42  47
 [55]  49  47  37  31  33  34  43  39  43  52  59  51  60  53  51  42  51  71
 [73]  70  70  67  75  58  69  76  79  84  83  67  61  53  67 101  84  72  82
 [91]  78  88 100 103  96 101 111 116 113 105 116 130 158 181 161 178 192 242
[109] 248 229 225 260 259 293 292 348 370 385 339 395 415

[[68]]
  [1]  10   6  17  13  10   8   6  11   6   4   7  12   8   7   6  12  12  10
 [19]  18  13   9  11  15  19  14  13  11  11  27  23  33  24  21  20  28  39
 [37]  34  28  28  19  35  28  32  37  30  39  39  27  36  44  53  41  36  50
 [55]  52  58  54  41  34  59  65  75  72  79  88  93  96 105 108  96 105  99
 [73] 119  96 102 106 121 117 149 134 162 160 157 160 154 200 206 230 221 244
 [91] 232 223 237 247 268 255 293 324 350 342 325 307 379 370 360 409 388 402
[109] 372 384 388 398 464 453 479 497 504 515 517 515 556

[[69]]
  [1]   10   15   16   10    9    9    9   18   11   15   16   20   26   16   28
 [16]   26   23   23   20   15   17   30   30   28   38   44   35   35   39   41
 [31]   61   51   60   58   43   49   54   73   58   67   75   68   80   60   71
 [46]   68   70   76   65   72   85   78   82   69   79   97   78   98  100  107
 [61]  116   95   99  112  138  134  114  115  159  174  201  178  159  167  200
 [76]  181  202  206  172  178  195  215  220  197  198  198  215  213  247  240
 [91]  226  286  296  330  355  379  443  466  467  491  488  521  581  615  641
[106]  606  672  680  689  673  756  823  853  862  892  958 1012  988 1059 1106
[121] 1190

[[70]]
  [1]   10   10   14   11   12   16   23   26   19   25   30   36   38   45   42
 [16]   39   52   57   64   57   62   55   55   60   70   56   52   60   57   54
 [31]   77   81   77   88   98  106   99   97   81  118  101   93   86   95  127
 [46]  112  139  129  128  122  153  183  161  141  159  154  157  171  166  128
 [61]  153  177  208  223  195  191  191  194  221  230  227  226  206  263  312
 [76]  264  285  362  375  389  416  419  483  461  479  468  508  528  580  594
 [91]  615  632  645  673  671  748  747  775  829  889  879  932  929  958 1006
[106] 1101 1156 1250 1207 1248 1275 1452 1534 1558 1566 1675 1738 1849 1882 1827
[121] 1845

[[71]]
  [1] 10 11  9  5 10  6  9 15 20 16 18 15 14 14 10  8  4  4  6  6  6  9  7  5  7
 [26]  6  3  3  3  2  1  1  0  0  0  0  0  0  0  0  0  0  0  0  0  0  0  0  0  0
 [51]  0  0  0  0  0  0  0  0  0  0  0  0  0  0  0  0  0  0  0  0  0  0  0  0  0
 [76]  0  0  0  0  0  0  0  0  0  0  0  0  0  0  0  0  0  0  0  0  0  0  0  0  0
[101]  0  0  0  0  0  0  0  0  0  0  0  0  0  0  0  0  0  0  0  0  0

[[72]]
  [1]   10   10   22   32   34   24   20   24   33   33   33   25   32   31   40
 [16]   31   38   26   24   30   32   46   36   37   43   39   52   43   55   56
 [31]   60   63   65   67   66   91   79   86  110  109  113  118  135  133  164
 [46]  174  192  212  187  207  207  223  247  295  309  299  319  347  406  331
 [61]  349  405  395  445  377  392  432  469  495  487  477  570  600  586  587
 [76]  700  719  752  741  793  797  870  967  990  976 1037 1125 1133 1176 1178
 [91] 1233 1294 1353 1358 1449 1477 1470 1618 1724 1785 1784 1856 2011 2125 2178
[106] 2259 2372 2465 2419 2477 2652 2847 2951 3024 3223 3324 3407 3566 3657 3837
[121] 3939

[[73]]
  [1] 10 17 17 19 12 10 15  9 16 15  9 14 13 17 21 25 29 25 20 23 18 20 33 25 22
 [26] 34 41 34 34 26 30 37 45 37 27 36 57 44 32 37 40 39 44 35 30 30 37 31 36 31
 [51] 35 30 41 32 26 17 17 17 16 25 15 18 18 16 16 18 24 19 16 13 10 30 31 25 20
 [76] 18 18 18 16 14 13 15 18 21 24 26 25 19 19 24 24 26 21 26 35 25 22 24 18 14
[101] 12 19 16 17 14 11  8  8 22 22 15 19 16 13 12 15 11 15 12 11 16

[[74]]
  [1] 10 15 10  8  7  5 12  7  5  5  5  5  5  5 10  7  7  6  5  3  2  2  1  1  1
 [26]  1  1  1  5  5  5  5  4  7  6  2  2  2  1  0  0  0  0  0  0  0  0  0  0  0
 [51]  0  0  0  0  0  0  0  0  0  0  0  0  0  0  0  0  0  0  0  0  0  0  0  0  0
 [76]  0  0  0  0  0  0  0  0  0  0  0  0  0  0  0  0  0  0  0  0  0  0  0  0  0
[101]  0  0  0  0  0  0  0  0  0  0  0  0  0  0  0  0  0  0  0  0  0

[[75]]
  [1]  10  18  13  20  16  13  10  17  25  16  19  26  31  28  25  19  16  25
 [19]  25  25  20  16  19  15  21  19  23  21  27  17  14  11  10  17  20  23
 [37]  16  23  21  28  29  18  19  17  17  21  21  21  21  19  19  23  34  35
 [55]  35  30  21  25  38  45  47  54  49  54  47  45  28  22  22  41  43  32
 [73]  29  28  31  41  29  33  34  36  40  48  55  46  47  46  46  46  48  41
 [91]  39  34  79  67  49  41  45  55  72  58  62  73  67  70  92  79  84  75
[109]  93 100 110  93 126 146 124 133 131 151 199 227 253

[[76]]
  [1]  10  12  19  20  20  13  10   8   8  12  14  11   6   9  10   5   4   5
 [19]  10   8   3   3   3   3  14  17  13  13  12  10  21  23  14  12  14  15
 [37]  24  21  21  14  21  23  14  17  10   7  16  17  19  17  17  13  11  17
 [55]  19  15  12  26  23  29  27  26  27  18  31  31  24  41  44  38  52  44
 [73]  47  56  53  44  44  54  47  56  72  69  90  87  92 114 110 124 117 135
 [91] 132 128 101 126 116 122 130 145 141 176 181 173 181 168 186 204 220 196
[109] 200 245 223 211 213 248 254 253 275 255 278 280 299

[[77]]
  [1]  10  11   6   5  10  15  15  21  19  21  16  23  26  34  31  24  18  24
 [19]  23  27  22  29  28  25  21  26  32  33  35  29  29  25  30  31  27  32
 [37]  27  29  36  35  25  18  25  27  27  25  33  41  36  33  39  49  50  70
 [55]  57  41  48  52  54  56  65  54  41  77  80  79  82  75  73  59  65  65
 [73]  53  65  62  62  53  55  54  55  63  62  77  78  84  87  91  83  92  99
 [91]  89  96 111 104 132 123 116 130 142 167 149 163 154 176 180 176 218 232
[109] 228 244 252 266 298 309 316 315 306 365 361 385 429

[[78]]
  [1]  10  17  11   9   8   8  15  16  15  13  14  10   9  11  26  22  17  17
 [19]  20  15  21  18  34  32  25  26  25  32  38  38  31  29  31  33  42  51
 [37]  65  75  81  84  68  73  82 106  77  71  68  72  64  57  74  59  89  86
 [55]  71  58  50  57  68  71  92  79  98 107 106 106 109 131 141 135 133 125
 [73] 133 143 152 180 205 173 170 171 197 197 181 181 189 166 186 225 239 262
 [91] 276 280 307 308 304 362 358 375 382 369 395 378 426 403 392 437 425 469
[109] 519 478 448 474 515 534 583 564 603 635 635 667 671

[[79]]
  [1]  10  13  15  16  22  18  22  23  25  16  16   9  14  11   7  13  10  11
 [19]   6   4   3   3   3   8  15  19  18  19  16  18  22  13  12  16  23  24
 [37]  31  25  29  40  42  34  29  40  46  52  53  52  40  46  39  44  47  59
 [55]  56  64  72  75  79  76  81  90  79  88  96  86  94  84 111 116 116 108
 [73] 105 137 137 147 126 118 122 123 114 119 144 111 106 124 126 144 151 152
 [91] 169 156 135 172 167 164 168 166 175 172 150 155 157 190 209 196 175 176
[109] 199 222 212 206 222 259 267 291 317 287 353 355 360

[[80]]
  [1]  10  12  14  16  10   8  19  17  11  14  22  19  32  32  32  25  21  24
 [19]  34  34  25  21  21  24  22  17  14  19  15  21  23  27  30  28  39  57
 [37]  46  65  67  66  55  56  68  69  70  94  85  72  77 102  94 105 118 101
 [55] 101  87  88  98  95 107  99 102 103 107 115 101 112 128 143 156 150 143
 [73] 160 138 147 150 195 158 192 199 214 201 199 191 214 238 253 240 280 347
 [91] 356 386 405 387 375 383 444 478 493 504 547 487 460 485 523 506 547 542
[109] 566 571 601 616 646 671 681 675 746 762 738 762 794

[[81]]
  [1]   10   14    8    8    7   11   13    7    6    5   14   12    9   15   12
 [16]   24   24   24   22   35   31   36   31   21   26   37   37   46   47   48
 [31]   34   51   55   60   50   47   34   36   30   47   48   46   47   47   51
 [46]   65   61   55   54   52   57   69   95   83   78   88   93  100  104   89
 [61]   92  126  114  118  109  113  127  133  142  163  178  160  170  181  202
 [76]  232  234  232  250  248  257  287  299  321  341  322  332  329  324  332
 [91]  365  387  411  431  457  445  435  467  514  492  533  567  569  566  599
[106]  607  634  681  711  689  759  762  766  749  766  811  816  810  904  996
[121] 1013

[[82]]
  [1]  10  14   8   8   7   6   4   3  10  13  10   7   6   5   4   3   2   6
 [19]  12   8   6   6  16  12  17  13  21  18  21  23  23  24  26  28  24  36
 [37]  30  49  38  44  61  46  56  52  72  79  59  64  81  67  63  65  71  74
 [55]  82  89  79  84  87 102  86  91 120 126 134 121 125 168 156 149 135 162
 [73] 216 224 206 212 206 211 215 234 230 245 230 258 280 272 292 305 297 301
 [91] 334 344 337 344 335 336 366 369 414 405 446 451 486 478 484 548 564 545
[109] 585 570 607 672 687 623 634 636 639 692 748 761 806

[[83]]
  [1]   10   15   13    9    7   11   16   20   22   21   20   27   35   25   35
 [16]   38   37   35   50   56   51   47   62   73   82   62   54   51   84   97
 [31]  111  118  151  151  130  142  165  184  205  220  220  196  252  266  260
 [46]  278  296  284  284  302  319  302  316  310  312  339  353  342  403  369
 [61]  326  365  373  372  373  392  374  405  457  461  471  515  538  538  601
 [76]  669  692  684  726  739  790  807  887  916  905 1025  953 1000 1033 1068
 [91] 1160 1167 1172 1269 1335 1382 1414 1474 1492 1557 1680 1750 1842 1996 2042
[106] 2103 2082 2210 2287 2487 2533 2599 2825 2925 3025 3105 3265 3437 3581 3613
[121] 3699

[[84]]
  [1] 10 13 19 20 12 13 15 10  8  7  7  7  2  3  2  2  2  2  1  1  1  1  1  0  0
 [26]  0  0  0  0  0  0  0  0  0  0  0  0  0  0  0  0  0  0  0  0  0  0  0  0  0
 [51]  0  0  0  0  0  0  0  0  0  0  0  0  0  0  0  0  0  0  0  0  0  0  0  0  0
 [76]  0  0  0  0  0  0  0  0  0  0  0  0  0  0  0  0  0  0  0  0  0  0  0  0  0
[101]  0  0  0  0  0  0  0  0  0  0  0  0  0  0  0  0  0  0  0  0  0

[[85]]
  [1]   10   21   18   13   14   21   21   22   18   22   42   23   18   17   15
 [16]   15   29   30   26   23   23   21   34   40   34   31   34   48   50   37
 [31]   36   57   57   52   48   55   65   74   88   98  107  123  139  128  130
 [46]  141  128  137  181  174  184  180  199  225  201  214  206  175  215  208
 [61]  247  236  232  231  241  268  269  282  287  311  330  363  327  321  350
 [76]  375  423  444  457  495  521  557  538  546  626  626  663  682  690  705
 [91]  740  775  847  817  826  858  893  893  925  997 1064 1067 1047 1110 1122
[106] 1228 1260 1287 1329 1323 1412 1448 1482 1526 1697 1752 1745 1849 1951 2055
[121] 2209

[[86]]
  [1]   10   13   16    9   27   19   18   17   15   15   31   31   21   18   22
 [16]   15   21   21   25   34   36   35   29   28   30   40   44   35   45   48
 [31]   60   51   41   47   50   47   49   64   67   86   69   72   66   58   75
 [46]   83   92  111  102  117  122  146  156  142  136  149  168  169  181  198
 [61]  187  200  210  233  231  225  257  275  279  282  293  315  360  383  363
 [76]  357  361  359  378  399  408  421  419  429  436  507  503  525  546  556
 [91]  577  594  584  568  622  621  670  688  733  746  794  849  882  927  931
[106]  953 1020 1106 1083 1020 1083 1176 1303 1282 1311 1311 1402 1474 1523 1637
[121] 1683

[[87]]
  [1]  10   8   8   8   7   4   6   7  12   7  15  13  10  15  13  11  11  23
 [19]  26  18  17  20  30  26  33  30  22  23  34  43  29  27  45  50  42  44
 [37]  40  37  38  40  32  45  55  47  48  45  57  57  58  47  46  50  55  59
 [55]  57  45  44  51  53  69  66  52  51  70  62  60  63  50  51  67  58  61
 [73]  72  67  78  75  78  75  77  70  61  64  54  90  80  77  81  72  80  95
 [91] 102 110 111 137 120 137 138 170 152 130 129 137 146 144 155 191 175 161
[109] 151 148 138 148 150 160 169 193 211 240 235 218 245

[[88]]
  [1]   10    6    8   16   18   14   11   18   14   19   20   14   20   27   16
 [16]   13   19   19   12    7    6   13   10   13   16    9   13   19   20   16
 [31]   24   18   20   21   33   43   56   49   51   67   52   57   55   53   70
 [46]   58   61   64   55   55   66   67   89   71   72   71  104   94   93   97
 [61]   92   92  114  113  128  133  131  157  136  145  171  177  193  180  204
 [76]  228  235  255  266  278  315  320  288  317  287  294  308  323  320  340
 [91]  327  345  364  393  419  446  410  401  454  500  462  474  523  572  578
[106]  606  612  637  712  760  752  736  725  780  815  904  944  899  957  991
[121] 1074

[[89]]
  [1]  10  11   6   4   9   4   5   8   6  10   6  13   9   6   6  12  11   5
 [19]   5   4   4  10   7   9   7  12  22  24  18  14  19  14  14  13  18  13
 [37]  11  15  20  24  18  23  17  16  25  23  26  26  54  39  39  33  30  23
 [55]  34  38  42  53  53  49  45  54  54  51  62  58  65  65  69  74  77  79
 [73]  88  89  85  82  97 103 102 100  93 111 127 106 106 119 133 132 143 184
 [91] 189 185 164 186 179 187 198 239 256 237 251 302 330 343 339 297 340 364
[109] 384 420 449 470 514 541 594 614 612 680 699 721 729

[[90]]
  [1] 10  5  4  4  3  3  5  9  5  3  3  1  0  0  0  0  0  0  0  0  0  0  0  0  0
 [26]  0  0  0  0  0  0  0  0  0  0  0  0  0  0  0  0  0  0  0  0  0  0  0  0  0
 [51]  0  0  0  0  0  0  0  0  0  0  0  0  0  0  0  0  0  0  0  0  0  0  0  0  0
 [76]  0  0  0  0  0  0  0  0  0  0  0  0  0  0  0  0  0  0  0  0  0  0  0  0  0
[101]  0  0  0  0  0  0  0  0  0  0  0  0  0  0  0  0  0  0  0  0  0

[[91]]
  [1]   10   15   16   13   10   14   14   12   13   20   27   19   30   25   25
 [16]   28   30   34   40   38   33   45   46   50   37   46   48   44   48   34
 [31]   68   61   48   48   47   41   43   61   73   72   64   57   61   76   82
 [46]   71   97   92   92   92  127  114  111  103  115  136  151  159  143  127
 [61]  148  147  160  170  183  180  158  158  177  191  170  169  189  184  202
 [76]  204  243  228  240  271  252  275  268  269  312  326  336  324  388  414
 [91]  400  418  407  444  451  430  526  536  625  632  592  559  550  548  553
[106]  605  624  676  719  729  765  745  796  876  918  940  983 1055 1129 1122
[121] 1169

[[92]]
  [1]  10  12   9   9  15  11  19  23  18  18  13  14  12  14  22  22  18  14
 [19]  13  19  19  16  20  16  22  15  11  11  18  14  12  11  10   9  16  10
 [37]  13  11   8   7   4  16  17  13  11   9   8  19  26  37  27  31  42  43
 [55]  28  22  25  21  23  18  28  46  42  46  48  35  36  43  46  59  56  70
 [73]  77  77  53  59  80  99  99  85 100 104 105 122 107 127 136 144 155 164
 [91] 170 181 168 171 189 187 194 191 189 188 205 192 225 219 246 221 236 271
[109] 276 277 308 321 328 366 381 361 421 447 428 451 486

[[93]]
  [1]   10   16   13   17   19   25   22   23   22   30   23   28   38   31   23
 [16]   25   30   27   29   50   33   32   27   32   36   33   27   31   42   53
 [31]   52   57   44   52   58   56   49   39   63   77   74   58   53   57   66
 [46]   70   80   89   87   91   78   75   70   72   86   93   99   97  110  120
 [61]  124  132  125  120  131  132  139  153  193  188  190  179  198  193  224
 [76]  179  200  210  231  221  229  279  284  319  305  322  362  360  365  347
 [91]  342  375  420  423  484  467  492  472  507  540  609  646  635  640  644
[106]  628  690  695  848  873  872  920  939 1015 1012 1096 1103 1198 1245 1272
[121] 1323

[[94]]
  [1]  10  12   7   5   8  11  16   8   7   9   7   8  15  10   8   5   4   4
 [19]   4   5  10  18  15  10   9   5   4   4   4   4   7  10  15  11   6   6
 [37]   4  11  12  10   8  13  13   8  15  25  26  26  25  39  31  40  46  41
 [55]  38  46  50  54  47  56  44  50  59  71  69  50  66  73  83  91  95 107
 [73] 112 128 133 107 116  97  94 112 121 118 124 127 104 117 147 126 137 146
 [91] 161 160 151 200 219 223 224 216 203 224 231 230 262 259 280 239 257 290
[109] 322 320 332 308 370 444 422 388 387 409 418 475 490

[[95]]
  [1]  10   7   5   9   7   4   3   3   3   3   9  11   7   7  20  22  22  16
 [19]  13  23  16  12   9  16  16  13  11  13   9  11   8  14  14  25  28  28
 [37]  33  32  39  43  43  52  49  62  51  47  61  48  58  77  72  68  72  69
 [55]  53  51  73  61  57  45  44  53  57  57  70  51  46  73  83  78  83  88
 [73]  84 102 117 109  95  90 124 146 120 111  97  93 122 128 142 147 140 129
 [91] 128 151 168 172 187 167 186 188 192 243 249 286 285 274 289 301 328 329
[109] 382 352 402 394 411 450 443 473 496 516 558 546 614

[[96]]
  [1] 10 12  9  8  7  5  5 10 10 14 16 14  9  9 12 11 15 10  7  7  8 11  7  6  4
 [26]  4 12  7  5  4  6 13  9  8  6  4  3  1  1  1  1  1  1  1  1  1  0  0  0  0
 [51]  0  0  0  0  0  0  0  0  0  0  0  0  0  0  0  0  0  0  0  0  0  0  0  0  0
 [76]  0  0  0  0  0  0  0  0  0  0  0  0  0  0  0  0  0  0  0  0  0  0  0  0  0
[101]  0  0  0  0  0  0  0  0  0  0  0  0  0  0  0  0  0  0  0  0  0

[[97]]
  [1]   10   18   27   24   19   13   11   23   21   26   22   24   24   26   32
 [16]   35   42   43   39   30   27   28   44   40   48   34   30   36   54   61
 [31]   63   79   66   63   55   76   72   80   83   81   88   89   92   77  109
 [46]  123  121  125  114  138  145  169  140  134  153  150  180  157  182  231
 [61]  239  221  231  225  267  263  246  314  305  321  309  302  297  296  342
 [76]  385  398  388  398  385  456  497  485  519  529  515  537  562  605  609
 [91]  638  649  710  758  791  848  904  923  972 1057 1121 1152 1212 1308 1409
[106] 1428 1376 1441 1530 1649 1683 1787 1831 1873 1869 1999 2132 2210 2208 2182
[121] 2294

[[98]]
  [1]  10   6   6   7   6   4   7   4   3   6  15  16  14  16   9   9   8  13
 [19]  16  15  13  10  10  16  15  17  10   7   7  19  13  10   9  21  14  14
 [37]  18  16  26  21  20  34  25  30  24  31  48  38  38  37  25  31  44  50
 [55]  53  51  45  45  45  45  40  35  45  37  33  42  38  34  30  30  36  23
 [73]  23  15  18  26  26  28  22  19  20  28  29  21  19  30  37  53  46  32
 [91]  26  52  45  42  49  54  48  73  76  78  67  78  93 130 102  96  96 115
[109] 137 157 163 181 228 245 244 231 244 240 292 299 288

[[99]]
  [1] 10 11  7 14 10  8  8  9  8 16 11 11 11 15 13 14 10  7 12 15 19 16 16 12 15
 [26] 11 16 18 13 10 16 15 11  9  7  7  8 13 10  8 14 15 11 11 17 17 15 16 13 15
 [51] 23 23 31 37 32 34 25 32 32 31 29 25 42 41 37 36 33 51 48 37 58 43 58 67 62
 [76] 53 59 55 57 54 47 51 46 50 54 53 62 59 47 48 51 47 46 75 69 55 58 48 51 52
[101] 55 55 43 64 58 64 70 76 68 58 57 74 88 99 72 73 86 87 78 81 94

[[100]]
  [1]  10  16  22  20  24  32  30  27  26  20  17  21  19  28  27  25  25  29
 [19]  31  30  29  28  30  29  26  26  18  14  12  24  29  39  35  32  31  25
 [37]  22  24  23  21  18  22  17  14  10  10  18  15  13   9  13   9  12   6
 [55]   6  14  13  10  13  15  14   8  11   8   8   7  12  17  19  19  22  16
 [73]  28  38  45  35  45  51  44  49  48  61  47  46  41  56  57  53  50  45
 [91]  42  38  31  46  37  50  58  51  56  56  65  76  68  84  71  86  73  79
[109]  79  93  85  90 101  90  94 103 121 103 115 128 133

[[101]]
  [1]  10  15  18  13  16  13   9   7  11   5   3   8   4   4   4   4   3   3
 [19]   6   5   5   9  11  15   9   9   9   8  18  20  19  18  14  25  32  24
 [37]  22  31  24  41  44  48  53  68  64  66  63  68  80  89  97  93  87  97
 [55]  80  93 123 117 114 117 138 139 140 116 107 132 171 152 166 183 186 179
 [73] 181 210 190 176 224 230 211 215 222 196 223 264 275 277 302 295 301 297
 [91] 305 373 372 384 399 376 413 397 412 394 425 485 476 493 532 529 549 602
[109] 702 690 644 722 795 779 788 793 764 804 917 965 961

[[102]]
  [1]  10   6   5   4  11  17  12  18  20  12  12  14  12  24  20  15  11  10
 [19]  14  30  31  22  21  16  14  29  31  37  29  24  35  39  51  45  47  58
 [37]  62  59  57  67  91  76  97  92  77  81  92  98  91 103 136 145 125 140
 [55] 114 117 130 137 164 158 140 136 153 166 206 216 195 184 189 186 222 242
 [73] 250 242 242 259 288 228 249 243 246 261 273 276 255 290 326 304 299 324
 [91] 314 347 352 332 392 354 374 399 432 474 430 478 461 451 499 414 457 452
[109] 471 489 492 495 520 567 559 579 597 606 665 710 731

[[103]]
  [1] 10 19 18 24 18 19 25 16 13 18 18 11 17 14 21 18 19 22 18 15 28 20 20 23 21
 [26] 17 34 25 21 16 31 25 29 32 38 23 24 36 27 33 23 16 20 29 20 18 15 15 18 14
 [51] 24 15 13 10  8  8  7  6  6 18  9 14 22 24 21 13  9 15 13  7  5  7  6  9  5
 [76]  6  4  3  1  0  0  0  0  0  0  0  0  0  0  0  0  0  0  0  0  0  0  0  0  0
[101]  0  0  0  0  0  0  0  0  0  0  0  0  0  0  0  0  0  0  0  0  0

[[104]]
  [1]  10  21  16  20  15  14  14  19  14  11  10  10  12   9   8   4   4   4
 [19]   3  11   8   8  13  12  12  12   9   7  11  12  16  12  12  11  12  25
 [37]  25  33  35  36  34  29  35  37  51  37  33  29  34  46  51  60  53  55
 [55]  63  89  76  76  87  99 110 103 100  96 104  91 102  93 116 128 140 132
 [73] 131 124 130 119 105 129 124 109 103 119 117 121 156 177 167 154 165 177
 [91] 203 209 183 180 201 216 188 193 211 208 271 289 295 294 269 315 329 337
[109] 366 379 405 397 427 427 427 438 441 450 491 509 477

[[105]]
  [1]  10  12   9  11   9   7   7  11  15  20  21  19  14  19  12  16  12  11
 [19]  19  24  19  12  11  24  24  18  27  20  22  30  41  30  21  30  29  36
 [37]  31  28  37  41  36  66  55  42  42  45  41  53  52  61  56  52  43  53
 [55]  46  64  66  48  50  46  41  34  50  43  56  52  63  71  62  63  68  87
 [73]  93 104  91 113 147 140 152 163 153 176 189 171 189 191 182 156 172 194
 [91] 181 211 222 224 246 259 245 240 239 268 279 310 319 350 325 333 375 398
[109] 366 382 399 476 519 514 519 569 592 659 652 648 703

[[106]]
  [1]  10   8  11   7   7   5  11  21  21  15   9  15  10   7   7  13  10   6
 [19]  10   8   7   6  10   7  12   9  15  11   8   8   9  13  15  16  13  15
 [37]  16  18  17  22  20  28  19  20  30  35  32  34  24  27  32  28  26  37
 [55]  35  33  24  23  25  16  30  34  31  27  25  29  24  40  55  51  55  44
 [73]  62  51  75  74  80  84  68  59  75  66  83  99  98  90  94 104  97 120
 [91] 103 107 111 126 113 108 104 119 122 137 173 152 151 160 162 136 187 195
[109] 207 207 200 213 203 260 231 243 226 268 256 261 286

[[107]]
  [1]  10  10  13  14  12  14  23  16  34  29  27  26  16  24  15  15  16  24
 [19]  28  27  24  26  30  22  17  15  21  20  22  32  29  25  20  25  26  24
 [37]  38  47  34  32  33  41  57  52  58  54  49  76  72  66  69  78  81  88
 [55] 101  92  99  87  99  92  98  99  86  81  71  88 100  93  79 111  98 106
 [73] 103 127 112 134 125 122 133 153 142 151 168 192 216 229 202 193 211 240
 [91] 251 211 244 294 314 328 305 303 356 384 392 442 461 455 452 492 545 587
[109] 611 636 677 658 690 714 721 709 721 750 814 847 864

[[108]]
  [1]   10   13   19   22   24   17   10   10   15   23   22   17   15   13   24
 [16]   18   26   20   15   18   21   27   28   27   35   22   19   43   29   34
 [31]   26   26   38   48   55   43   48   54   59   61   52   56   54   78   80
 [46]   78   80   89  112  110  116  137  152  141  147  146  173  161  159  150
 [61]  163  212  206  223  227  232  267  279  293  296  310  324  337  341  365
 [76]  394  398  442  438  425  461  457  466  484  503  483  539  579  536  565
 [91]  535  589  701  653  649  697  671  642  673  664  682  687  755  819  879
[106]  902  828  878  878  895  975  995 1063 1055 1026 1152 1154 1174 1253 1309
[121] 1277

[[109]]
  [1] 10 14 14 17 16 13 16 17 21 18 12 12  9 10 15 22 11 18 15 16 19 21 13 11 11
 [26] 10  8  6  5  4  7 12 13 12 15 19 21 22 21 10 11  9  5  4  5  4  6  4  3  2
 [51]  0  0  0  0  0  0  0  0  0  0  0  0  0  0  0  0  0  0  0  0  0  0  0  0  0
 [76]  0  0  0  0  0  0  0  0  0  0  0  0  0  0  0  0  0  0  0  0  0  0  0  0  0
[101]  0  0  0  0  0  0  0  0  0  0  0  0  0  0  0  0  0  0  0  0  0

[[110]]
  [1]   10   15   15   11   11   14   30   18   18   15   18   13   17   15   27
 [16]   23   13   13   16   13   18   17   13   12   26   32   31   20   27   29
 [31]   33   51   39   39   37   41   58   66   59   63   69   63   85   69   68
 [46]   68   75   68   80   76   78   83  125  107   94  117  115  130  120  121
 [61]  127  125  173  138  131  123  121  111  135  133  153  160  150  157  171
 [76]  162  181  197  223  213  250  231  236  286  264  271  265  268  279  347
 [91]  394  364  353  338  370  376  452  444  440  462  477  519  568  607  621
[106]  632  597  742  766  804  794  795  803  854  908  914  890  893  954 1041
[121] 1030

[[111]]
  [1]   10   14   10    9   18   15   14   15   21   21   16   19   19   31   37
 [16]   33   24   22   28   21   26   26   25   33   35   29   27   22   35   32
 [31]   36   50   50   63   46   49   59   48   47   52   65   83   81   75   86
 [46]   84   76   85   96  108   93   97   97  107  131  147  155  170  191  175
 [61]  182  207  209  204  234  209  237  219  218  249  259  256  245  296  333
 [76]  300  320  348  368  375  390  372  388  420  392  398  472  507  522  589
 [91]  556  565  619  646  631  605  666  680  747  745  790  794  843  851  914
[106]  938  981 1035 1145 1119 1133 1125 1304 1389 1414 1442 1521 1572 1652 1703
[121] 1902

[[112]]
  [1]   10   12    8    7    6   23   13   10   10    8   16   12   11   13   28
 [16]   19   15   16   14   17   12   14   16   15   24   21   23   31   26   26
 [31]   22   28   34   43   45   33   41   43   40   45   59   56   60   64   56
 [46]   51   62   80   75   71   93  106  104  112  124  121  146  117  127  130
 [61]  167  155  163  176  180  210  211  228  242  261  254  253  266  283  299
 [76]  295  282  309  313  310  325  317  309  350  392  457  492  445  460  482
 [91]  534  593  557  620  588  668  697  711  654  702  762  869  868  849  882
[106]  920 1008 1061 1064 1105 1143 1190 1285 1329 1371 1418 1553 1604 1665 1809
[121] 1785

[[113]]
  [1]  10   8   7  12   8   6   4   4   4   9  14  11   7   7   8   5   4   3
 [19]   2  10  13   5   3   8   4   4   4  11   6   5  18  12  15  11   7  12
 [37]  16   9  10   9  11  18  21  25  22  17  19  17  32  30  26  22  25  31
 [55]  28  32  48  52  47  39  42  48  50  54  53  59  81  70  60  53  59  67
 [73]  64  67  96  91  79 111  89  87  98  97 112 113 100 118 119 118 121 126
 [91] 149 145 168 173 155 196 199 188 210 214 263 231 242 270 257 253 259 301
[109] 327 349 365 344 412 425 486 526 561 585 587 628 694

[[114]]
  [1] 10 11  8  7  7 19 10  6  5  4  3  3  3  3  2  2  1  1  1  1  1  1  1  1  1
 [26]  1  1  1  6  4  1  1  1  0  0  0  0  0  0  0  0  0  0  0  0  0  0  0  0  0
 [51]  0  0  0  0  0  0  0  0  0  0  0  0  0  0  0  0  0  0  0  0  0  0  0  0  0
 [76]  0  0  0  0  0  0  0  0  0  0  0  0  0  0  0  0  0  0  0  0  0  0  0  0  0
[101]  0  0  0  0  0  0  0  0  0  0  0  0  0  0  0  0  0  0  0  0  0

[[115]]
  [1]  10   9   9  18  23  22  16  28  24  18  15  32  28  18  17  17  25  25
 [19]  22  22  25  23  27  27  25  36  25  21  28  26  46  46  38  29  29  22
 [37]  17  22  35  38  40  47  41  50  56  55  47  42  57  66  79  73  73  66
 [55]  83  88  77  88  81 106  89  78  90  77  89  91 101 125 132 147 158 167
 [73] 157 151 154 161 185 186 207 198 189 197 190 214 232 235 246 259 256 278
 [91] 305 295 323 343 346 378 409 386 410 450 435 435 478 505 493 501 493 539
[109] 585 607 633 670 656 693 703 729 756 754 808 832 882

[[116]]
  [1]  10  16  18  15  10  16  20  14  14  13  18  17  14  15  15  10   7   7
 [19]   9  13  18  12   9   8  13  20  14  12  13  20  22  12  19  15  20  16
 [37]  19  20  26  18  13  16  18  20  17  13  11  26  28  20  18  25  35  39
 [55]  35  25  23  32  50  48  53  59  59  47  44  56  62  62  87  80  74  75
 [73]  80  90  69  77  75  81  58  70  87  79  77  77  84  86  74  78  80  70
 [91]  73  87 103 104 101 101  97  87  96  97 119 120 101 127 122 134 132 137
[109] 169 154 153 165 196 167 157 191 204 211 229 203 245

[[117]]
  [1]  10  11  10  12   8   7   7   7   6   5   9   5   5   4   3   5   9   5
 [19]   5  12   7   6   8   6   3  13  18  13   9  11  15  15  12  11  15  19
 [37]  14  11  14  11  10  15  10  12   7   7  18  13  11  12   9  14  26  19
 [55]  20  16  19  18  18  17  37  40  30  24  27  29  31  53  45  41  36  26
 [73]  27  36  45  39  39  40  52  46  45  40  62  61  58  67  90  87  73  79
 [91] 108 120 112 110 136 135 156 157 159 137 152 169 154 194 191 203 189 216
[109] 236 236 281 278 280 300 351 340 343 353 386 386 414

[[118]]
  [1] 10  7 12  8  6  5  9  7  5  5  5  5  4  9  7 16 17 20 15 14 11 13  9  8 11
 [26] 16 15 12 10 14 21 18 15 18 17 18 13 14 16 11 13 14 25 16 14 11  8  7  5  4
 [51] 10  7  5  5  5  9  5  4  3  3  7  3  8  4  4  4  3  3  3  3  3  3  3  3  3
 [76]  8  3  3  3  3  3  2  2  2  2  2  2  1  1  1  1  1  0  0  0  0  0  0  0  0
[101]  0  0  0  0  0  0  0  0  0  0  0  0  0  0  0  0  0  0  0  0  0

[[119]]
  [1]  10  16  11  16  13  10  20  15  12  18  30  26  20  23  17  20  30  37
 [19]  25  29  34  45  42  43  38  50  50  39  43  54  53  49  45  42  43  60
 [37]  63  62  48  43  59  52  56  54  58  61  70  72  77  58  75  72  80  84
 [55]  92  76  56  80 105 110 105  91 101 122 114 113 107  98 105 109 124 132
 [73] 123 121 124 122 120 107 134 110 135 141 131 163 149 161 166 171 208 174
 [91] 170 192 259 270 292 292 301 312 328 346 410 444 429 409 416 374 410 441
[109] 445 430 504 528 508 547 537 540 589 568 613 622 673

[[120]]
  [1]   10   13   17   23   22   36   38   52   40   37   29   31   54   57   56
 [16]   50   56   64   88   66   54   77   84   93   87  114  105  147  149  158
 [31]  156  161  152  154  163  179  172  186  181  194  194  221  242  279  285
 [46]  280  308  311  311  302  308  345  374  373  392  352  419  423  447  433
 [61]  457  510  536  523  533  535  599  631  624  621  656  672  690  717  728
 [76]  710  698  756  785  805  900  938  974  972 1032 1076 1077 1171 1260 1305
 [91] 1322 1405 1426 1450 1547 1752 1943 1944 2039 2065 2145 2355 2462 2603 2723
[106] 2822 2911 3032 3119 3267 3464 3712 3724 3935 3961 4170 4221 4364 4589 4748
[121] 4925

[[121]]
  [1]  10  21  17  22  30  34  36  30  30  23  38  38  36  30  39  31  30  32
 [19]  37  43  41  43  38  32  22  18  21  23  41  56  54  56  60  61  68  52
 [37]  52  50  61  52  58  56  58  52  66  71  66  61  65  74  62  62  77  77
 [55]  88  83  79  74  91  84  89  99 109 119 138 136 142 146 122 142 143 154
 [73] 168 172 189 199 191 198 187 180 184 215 201 206 220 225 197 210 218 229
 [91] 259 270 277 298 287 271 274 308 310 305 391 383 417 424 402 431 428 442
[109] 447 530 546 546 570 586 583 590 655 718 704 788 869

[[122]]
  [1] 10 11  7  4  4  3  7  8 12 10  7  5  4  1  1  1  1  2  8 11 13  9  7 11  7
 [26]  4  3  3  3 14 15  8  7  5  3  3  8  6  4  4  6  7  4  3  3  5  4  4  3  3
 [51]  2  2  6  4  3  2  2  2  2  2  1  4  3  3  3  3  3  1  1  6  5  4  2  2  2
 [76]  5  4  3  3  2  2  8 11  9  7  6  6  4  4  3  5  4  3  3  2  2  2  3  1  1
[101]  1  1  0  0  0  0  0  0  0  0  0  0  0  0  0  0  0  0  0  0  0

[[123]]
  [1]   10   19   12   11   11   23   21   29   27   25   27   28   36   47   33
 [16]   27   26   27   36   34   29   37   49   47   40   40   49   66   58   47
 [31]   52   35   34   41   36   35   48   34   33   39   46   41   49   56   67
 [46]   62   60   60   76   76  110  130  120  134  160  141  131  167  194  185
 [61]  198  204  212  203  212  221  236  221  260  259  278  273  275  288  282
 [76]  332  340  325  334  327  351  349  407  411  425  452  465  493  499  497
 [91]  521  562  567  595  569  599  647  633  648  651  685  801  860  819  823
[106]  915  908  978 1077 1104 1158 1171 1275 1338 1322 1269 1348 1335 1418 1496
[121] 1555

[[124]]
  [1]   10   16   15    9   12   14   16   13   20   18   22   22   24   20   20
 [16]   26   20   20   17   35   40   58   56   43   39   50   66   90  105   83
 [31]   95  122  118  115  110  138  137  135  164  154  173  171  177  164  181
 [46]  189  210  213  235  220  235  240  254  287  310  263  280  295  310  317
 [61]  306  318  336  386  395  412  412  445  452  461  502  480  488  501  488
 [76]  502  546  566  586  591  570  569  588  707  685  669  690  727  811  838
 [91]  848  910  875  889  909  888  959  953  983 1043 1097 1197 1269 1339 1333
[106] 1285 1356 1436 1496 1566 1600 1594 1683 1662 1751 1968 1986 2002 2049 2126
[121] 2317

[[125]]
  [1] 10  7 13  9  7  5  4  4  8  7 10  4  4  8  6  5  3  3  2  2  1  1  3  5  2
 [26]  2  2  2  4  1  6  4  3  2  2  7  5 10  7  3  2  2  2  2  2  2  1  1  1  6
 [51]  9  4  2  1  1  8  7 12  9  6  6  9 16  9  7  5  5  7  5  4  4  4  7 17 10
 [76]  8  7  5  3  5  4  4 12 12  9 13 12  9 13 13 11 15 16 11 12 22 24 24 28 22
[101] 34 31 33 31 31 38 45 56 48 44 53 57 49 49 48 54 51 44 48 51 55

[[126]]
  [1]   10   18   17   24   22   18   16   40   42   28   23   17   20   20   26
 [16]   31   36   30   33   28   36   41   33   29   29   43   59   54   52   64
 [31]   72   63   65   64   60   75   90   99   87  116  127  132  132  136  147
 [46]  131  163  148  128  145  154  168  194  192  198  203  190  180  195  239
 [61]  244  266  257  272  283  300  315  337  359  397  423  417  424  462  462
 [76]  472  476  500  573  606  615  642  650  642  664  733  801  808  895  895
 [91]  888  943  968 1012 1065 1037 1106 1083 1171 1189 1226 1317 1360 1435 1484
[106] 1498 1525 1682 1746 1818 1849 1890 1956 2041 2158 2238 2298 2375 2494 2678
[121] 2728

[[127]]
  [1] 10 15 16 11  8  7  6  3  2  2  1  1  1  1  1  1  1  1  1  1  0  0  0  0  0
 [26]  0  0  0  0  0  0  0  0  0  0  0  0  0  0  0  0  0  0  0  0  0  0  0  0  0
 [51]  0  0  0  0  0  0  0  0  0  0  0  0  0  0  0  0  0  0  0  0  0  0  0  0  0
 [76]  0  0  0  0  0  0  0  0  0  0  0  0  0  0  0  0  0  0  0  0  0  0  0  0  0
[101]  0  0  0  0  0  0  0  0  0  0  0  0  0  0  0  0  0  0  0  0  0

[[128]]
  [1]  10   9  13  12  10  20  13  10   9  14  13   8   7   5   5   3   5  11
 [19]   7   6   9  12   6   5   9  13  22  19  20  15  24  23  30  22  18  20
 [37]  23  27  28  33  46  36  42  47  40  45  52  63  61  73  97  88  87 102
 [55]  92  89 105 110 100 100 113  96 122 140 129 140 158 163 137 150 158 162
 [73] 161 169 163 161 169 191 194 203 193 208 203 241 228 199 197 212 250 238
 [91] 213 216 226 267 248 263 251 288 279 320 306 298 296 321 312 387 395 409
[109] 432 407 458 459 471 495 566 575 569 543 609 600 673

[[129]]
  [1]   10   18   11    9    9   18   25   28   17   15   13   11   11   16   27
 [16]   25   19   17   27   26   30   21   21   38   46   36   57   62   59   78
 [31]   63   68   64   65   63   62   56   68   69   77   76   81   80   81   71
 [46]   74  121  120  115  101  110  150  191  176  169  184  173  186  169  168
 [61]  164  182  199  164  185  207  227  223  242  252  276  308  279  260  306
 [76]  342  375  376  407  380  396  450  426  421  437  493  519  502  536  542
 [91]  585  611  681  688  702  694  719  714  766  826  851  944  993  993 1026
[106] 1074 1187 1195 1218 1191 1277 1201 1266 1382 1455 1563 1550 1560 1661 1768
[121] 1888

[[130]]
  [1] 10 16 25 18 15 12 18 17 13 15 10 11  9  8  7 21 21 18 14 18 14 30 20 23 14
 [26] 15 20 30 20 26 15 18 31 36 33 23 29 20 16 15 19 23 15 10 13  8 13  8  7  5
 [51]  4  4  3  3  2  2  1  1  1  1  1  1  1  1  1  1  0  0  0  0  0  0  0  0  0
 [76]  0  0  0  0  0  0  0  0  0  0  0  0  0  0  0  0  0  0  0  0  0  0  0  0  0
[101]  0  0  0  0  0  0  0  0  0  0  0  0  0  0  0  0  0  0  0  0  0

[[131]]
  [1]  10  14  14  16  18  16  11  10   9   9  11  14  14  16  17  13  11  15
 [19]  18  18  13  13  10  16  18  20  15  31  36  38  35  27  23  28  30  25
 [37]  20  18  24  27  20  17  22  20  28  24  15  24  18  25  36  39  30  39
 [55]  36  39  42  62  65  71  62  61  65  59  63  75  71  66  73  78  88  88
 [73]  89 113 101  88 109 139 118 135 137 122 131 151 136 129 125 151 144 137
 [91] 149 168 170 172 191 235 207 208 228 233 228 242 231 262 260 264 283 258
[109] 249 290 253 276 267 262 296 329 316 317 358 395 383

[[132]]
  [1]  10  13  18   9  12   9  17  12   6   4   7  12  16  20  20  16  21  29
 [19]  30  26  22  48  39  55  55  58  61  49  51  37  30  48  62  65  53  63
 [37]  80  59  77  78  98 114 107 100  96 130 152 139 113 100 141 120 136 145
 [55] 127 147 148 177 139 146 163 167 195 209 174 190 211 205 233 219 212 257
 [73] 239 257 246 264 255 254 263 258 235 254 242 269 258 266 274 275 285 331
 [91] 289 314 319 329 302 299 366 368 359 392 414 415 408 429 383 367 393 443
[109] 425 436 399 426 466 501 481 550 566 541 550 517 552

[[133]]
  [1]   10   10   10    6    6   10   18   11    8    8    7    6    6    6   16
 [16]   17   14   21   19   18   23   17   18   37   33   27   21   23   13   21
 [31]   15   15   20   25   31   36   47   39   33   30   42   40   33   42   50
 [46]   40   42   35   39   52   64   75   59   56   53   60   69   90   95   77
 [61]   96  105  113  135  120   94  108  141  158  142  120  155  158  165  202
 [76]  216  206  191  215  268  290  287  308  340  338  360  331  394  394  456
 [91]  492  457  485  499  480  502  587  644  628  663  667  671  743  770  812
[106]  788  828  803  856  923  941  972  923 1028 1119 1290 1211 1224 1236 1343
[121] 1408

[[134]]
  [1]  10   5   9   6  14  15  16  12  12  17  14  18  17  16  11   9  11   7
 [19]  20  20  15  12  12  14  16  29  29  18  19  16  14  29  26  17  21  14
 [37]  23  15  19  29  21  15  14  14  15  13  10   9   8  21  26  37  38  41
 [55]  48  43  42  48  33  44  52  62  56  54  57  45  48  43  46  40  38  45
 [73]  39  38  63  46  33  55  49  57  54  50  40  51  60  66  66  65  56  65
 [91]  60  54  59  59  76  74  81  74  70  61  82 115 129 121 109 126 108 132
[109] 137 135 132 123 130 162 170 182 209 197 256 261 267

[[135]]
  [1]  10  12   4   4   5   2   2   1   1   1   1   6   5   3   2   1   1   1
 [19]   6  10   4   4   3   2   2   2   2   2   2   6   5   1   1   1   1   5
 [37]   4   4   4   4   9  11  10  10   6   5   5   4  12  13  18  14  13  11
 [55]  20  22  11  16   9  13  14  10  11   8  15  16  23  19  25  31  26  24
 [73]  38  32  25  25  33  40  42  50  37  52  48  57  59  39  56  45  52  64
 [91]  61  82  95  90 109 101 103 107 103 119 134 133 130 126 145 138 156 132
[109] 150 153 152 141 163 186 201 186 172 172 199 199 208

[[136]]
  [1]   10    8   13   16   18   14   18   12    7   20   17   16   23   29   22
 [16]   37   30   24   18   28   32   32   29   35   23   38   53   44   56   70
 [31]   68   62   66   67   84   68   84  105  108  117  112  103  107   97  116
 [46]  130  133  130  129  138  145  126  141  157  176  166  135  161  144  170
 [61]  209  181  189  202  226  208  232  254  270  258  262  249  238  279  256
 [76]  282  305  316  328  352  352  351  342  390  437  413  409  450  516  511
 [91]  538  531  567  552  557  566  576  596  599  728  779  763  749  812  843
[106]  853  886  974  971 1048 1069 1201 1275 1194 1194 1268 1243 1321 1393 1465
[121] 1554

[[137]]
  [1]   10   14   11   10   10   16   13   25   14   16   12   12   29   29   24
 [16]   22   20   31   26   27   32   48   45   40   51   39   28   29   42   44
 [31]   50   42   50   66   52   46   56   72   74   92   78   79  101   97   89
 [46]   89   78   82   98  125  129  139  124  116  115  127  133  166  161  160
 [61]  163  166  159  143  165  186  207  212  229  227  252  261  306  288  306
 [76]  301  309  351  416  449  454  457  472  494  516  539  551  544  576  599
 [91]  600  643  671  677  729  790  743  775  810  837  834  840  900  983 1062
[106] 1072 1127 1106 1163 1176 1247 1272 1313 1350 1351 1501 1525 1604 1714 1700
[121] 1716

[[138]]
  [1]  10   5   4   4   4   3   7   7  12  11  12  11   9   8  12   8  13  11
 [19]  10  10  17  15  22  19  20  21  15  14  28  22  24  24  25  24  35  29
 [37]  30  29  47  51  59  55  54  50  49  52  55  45  59  68  87  71  63  58
 [55]  63  70  82  82  61  90  63  61  69  78  94  93  94 106 106 112 118 121
 [73] 116 126 127 126 137 150 155 141 148 139 155 156 189 181 186 175 174 204
 [91] 238 244 236 264 263 300 308 346 365 389 396 406 406 417 471 486 438 519
[109] 544 619 660 631 643 678 665 769 732 779 819 909 921

[[139]]
  [1]  10  10  11  10  15  18  12  11   9   7  13   8   7   6   5   5   9   5
 [19]   5   4  12   8  21  20  13  18  13  11   9  12  15  14  31  17  17  13
 [37]  18  21  24  30  32  30  32  32  38  45  50  45  51  53  51  51  56  54
 [55]  52  68  78  75  57  56  65  59  78  85  90  70  75  66  60  73  70  70
 [73]  79 101 119 122 104  98 108 120 127 119 120 165 191 189 214 192 185 175
 [91] 155 181 197 204 249 233 231 264 291 304 340 351 355 381 385 393 437 445
[109] 439 460 514 517 572 580 635 646 686 697 745 731 729

[[140]]
  [1]   10   18    8    7   11    7   11   20   15   17   18   12   12   11   18
 [16]   24   26   34   31   30   28   21   34   28   35   41   35   26   22   26
 [31]   36   34   41   38   43   50   41   45   38   53   47   41   49   47   38
 [46]   44   67   75   82   74   68   72   80   98  105  102  106  126  134  132
 [61]  147  131  138  139  179  176  200  197  208  192  208  199  258  265  240
 [76]  277  278  309  311  310  301  317  352  344  399  384  382  369  390  422
 [91]  433  461  448  453  462  444  483  525  555  585  651  668  679  726  753
[106]  797  838  825  850  887  945  996  982 1138 1112 1173 1212 1247 1265 1300
[121] 1427

[[141]]
  [1]  10  13  11   9  12  11  10  15  22  14  10   9   8  13  13  14  14  16
 [19]  12  17  12  11   8   5  13   9  11   9   7   7   6   4   3   8  15  16
 [37]  14  11  10  11  20  35  24  21  30  20  16  18  23  25  36  38  37  33
 [55]  41  44  54  45  33  38  33  43  56  66  62  48  51  51  59  70  54  65
 [73]  57  46  54  50  65  77  88  73  82  91  95  99  90 100 111 119 112 100
 [91]  98  92 100  79  81  93 108 104 127 124 138 114 134 175 138 173 153 148
[109] 169 213 217 207 224 228 213 227 241 271 299 325 332

[[142]]
  [1]   10    8    9   14   16   14   15   13   12   15   15   11    7   10    6
 [16]    5    2    2   13   17   11   10   10   16   23   35   21   17   17   19
 [31]   27   40   55   52   47   42   55   97   71   73   69   66   74   92   92
 [46]  101  109  115  143  133  141  142  142  161  199  185  202  199  207  243
 [61]  239  255  229  261  262  289  297  322  314  290  336  386  372  329  360
 [76]  368  461  470  443  451  468  547  547  559  622  634  639  596  621  585
 [91]  682  771  803  778  774  770  800  818  870  874  864  946  929  955  995
[106] 1025 1065 1042 1060 1131 1133 1160 1188 1356 1475 1489 1583 1578 1588 1678
[121] 1806

[[143]]
  [1]   10   11    9    8    8   16   18   14   12   13   12   21   25   31   25
 [16]   19   23   48   38   37   33   34   38   36   32   46   66   75   61   57
 [31]   71   97  108   80   73   84   74   65   63   71   86  101  110  100   93
 [46]  102  112  105  130  122  123  131  145  152  183  167  197  212  198  188
 [61]  189  183  192  168  215  165  200  186  174  219  226  257  258  257  265
 [76]  311  306  338  324  359  357  348  354  391  417  429  427  467  527  551
 [91]  574  570  604  545  591  656  717  770  776  784  817  822  938  962  974
[106]  995  995 1002 1092 1092 1207 1166 1248 1285 1311 1375 1521 1525 1577 1685
[121] 1692

[[144]]
  [1]  10  13  14   7   7   6   6   9   6   4   4   3   2   2   8   4   2   2
 [19]   2   8   4   5   6   4   4   4   8  14   9   9   7   7  11  15  17  19
 [37]  23  19  24  19  20  19  27  33  26  21  14  13  16  17  32  36  41  43
 [55]  45  37  51  71  66  74  62  78  88 104 119 100  99 109 110 120 121 129
 [73] 121 140 149 143 143 140 148 178 150 132 163 143 158 174 166 204 228 216
 [91] 191 194 224 229 252 268 268 256 313 307 302 292 303 332 353 380 366 372
[109] 372 378 440 466 546 595 625 598 619 639 686 751 793

[[145]]
  [1]   10   13   11    9    9    9   15   12   12    8    9   10   25   19   20
 [16]   19   27   23   24   47   43   39   51   48   67   62   84  106   87   92
 [31]  103  105  112  100  100  121  125  148  121  119  110  115  134  133  115
 [46]  122  169  168  185  175  176  162  152  226  216  224  250  258  256  283
 [61]  321  333  329  349  362  396  406  415  469  508  550  550  582  627  711
 [76]  669  648  690  833  827  815  828  823  845  883  957  929  973  974 1040
 [91] 1113 1150 1242 1241 1369 1359 1437 1511 1656 1764 1812 1905 1911 1928 1991
[106] 2059 2211 2235 2348 2438 2571 2623 2875 2912 3054 3082 3207 3284 3451 3506
[121] 3585

[[146]]
  [1]  10  10  10  15  20  20  14  27  14  11  15  15  16  21  14  17  20  25
 [19]  25  31  29  27  29  40  36  31  38  39  40  52  59  44  43  35  44  44
 [37]  40  53  40  60  33  31  42  42  33  27  22  25  32  27  29  24  30  33
 [55]  35  47  49  53  52  48  51  54  52  69  56  55  61  80  80  67  58  70
 [73]  70  75  80  67  85  77  80  78  83 112 100 100  96 102 111 116 138 143
 [91] 134 139 167 175 197 192 215 219 236 238 233 229 210 241 239 232 227 255
[109] 247 278 278 259 267 278 315 302 304 297 288 318 362

[[147]]
  [1]  10  10   9  13  10   7   6   8   9   9   7   5   3   6   4   4   9   6
 [19]  13  15   9  13  11  20  20  14  18  24  23  25  19  19  18  34  29  30
 [37]  14  16  20  13  12  11  18  19  18  20  17  21  22  22  26  34  26  28
 [55]  25  29  31  35  46  60  65  58  59  57  70  70  58  57  51  38  42  72
 [73]  67  77  79  71  79  68  96  89  74  84  86  74  75  81  97 126 129 123
 [91] 128 118 142 131 150 161 178 171 182 191 235 242 244 255 238 252 267 291
[109] 273 303 350 332 377 380 365 353 363 457 434 468 454

[[148]]
  [1]  10  13  21  17  16  13  17  17  14  30  34  34  25  22  26  29  21  23
 [19]  41  28  26  22  25  42  40  32  46  26  19  20  30  27  33  37  37  33
 [37]  38  56  61  67  54  50  48  62  77  59  60  44  37  46  55  40  51  45
 [55]  39  41  54  66  43  55  57  46  48  67  56  49  42  57  67  60  78  78
 [73]  65  62  71  78  85  68  75  75  82  77  88  88  74  67  91  97  81  90
 [91]  93 100  97  89  90  83  92  93  94 100 107 130 137 150 142 165 152 157
[109] 172 178 173 166 193 217 241 214 204 245 276 279 267

[[149]]
  [1]   10   10   13   11    7    7    6   14   16   16   14   14   23   16   23
 [16]   20   17   16   23   25   40   42   44   41   31   30   24   29   53   51
 [31]   50   39   49   68   71   73   81   95   80   91   88  104  108  101   94
 [46]   80   87  102  114  137  134  122  115  131  143  130  161  142  169  194
 [61]  179  185  188  222  223  227  215  199  196  205  197  219  212  227  240
 [76]  220  251  271  307  341  341  318  333  335  338  369  400  405  468  410
 [91]  404  421  432  481  481  441  464  491  519  510  492  540  600  610  658
[106]  679  677  678  663  796  779  840  881  910  922 1017 1045 1112 1115 1184
[121] 1223

[[150]]
  [1]  10  11  21  20  16  22  19  21  20  27  32  23  19  24  23  32  32  30
 [19]  28  35  52  45  38  54  51  53  45  44  45  46  49  47  41  44  61  66
 [37]  70  58  59  68  78  84  92  73  81  70  77  94  83  89  93  93 110  98
 [55]  94  82  98  82  99 100  72  78  77  76  56  57  68  72  87  76  62  68
 [73]  72  91  87 119 119 129 101 113 138 144 153 168 171 176 169 167 161 171
 [91] 191 230 238 204 200 218 241 237 218 217 255 237 224 234 249 255 243 276
[109] 286 296 294 288 315 348 366 361 358 402 396 382 386

> save(reslist, file=paste("output",iter,".rda",sep=""))
> 
> 
> ###############################################################
> 
> 
> # Clear the workspace and turn off graphics.
> #  Load all the functions you need by sourcing the provided demographic.R file
> #  Read in the job number from the cluster. To do this, your code should include a new
> # variable iter and should start with the line:
> # iter <- as.numeric(Sys.getenv(PBS_ARRAY_INDEX))
> #  Control the random number seeds so that each parallel simulation takes place with a
> # different seed. Your function should therefore set the random number seed as iter so that
> # each parallel simulation has a unique random seed.
> #  In each parallel run, select the initial condition to be used. Ensure that 25 of the parallel
> # simulations are allocated to each of the initial conditions.
> #  Create a variable which is the filename to store your results. The end of the filename
> # should be the number iter to ensure that simulation files do not overwrite one another on
> # the cluster.
> #  Initialise a list which will contain the results of your 150 simulations.
> #  Call the stochastic_simulation function to do the appropriate simulation 150 times,
> # appending the output to the results list, and then save the results list.
> 
> #four initial conditions (25 cluster runs per)
> #each cluster run runs simulation 150 times
> #1) large population of 100 adults
> #2) small population of 10 adults
> #3) 100 individuals spread
> #4) small population of 10 individuals
> 
R has finished running

============================================

        Job resource usage summary 

                 Memory (GB)    NCPUs
 Requested  :         1             1
 Used       :         0 (peak)   1.00 (ave)

============================================
