R is about to run

R version 4.4.1 (2024-06-14) -- "Race for Your Life"
Copyright (C) 2024 The R Foundation for Statistical Computing
Platform: x86_64-conda-linux-gnu

R is free software and comes with ABSOLUTELY NO WARRANTY.
You are welcome to redistribute it under certain conditions.
Type 'license()' or 'licence()' for distribution details.

R is a collaborative project with many contributors.
Type 'contributors()' for more information and
'citation()' on how to cite R or R packages in publications.

Type 'demo()' for some demos, 'help()' for on-line help, or
'help.start()' for an HTML browser interface to help.
Type 'q()' to quit R.

> 
> 
> growth_matrix <- matrix(c(0.1, 0.0, 0.0, 0.0,
+ 0.5, 0.4, 0.0, 0.0,
+ 0.0, 0.4, 0.7, 0.0,
+ 0.0, 0.0, 0.25, 0.4),
+ nrow=4, ncol=4, byrow=T)
> 
> reproduction_matrix <- matrix(c(0.0, 0.0, 0.0, 2.6,
+ 0.0, 0.0, 0.0, 0.0,
+ 0.0, 0.0, 0.0, 0.0,
+ 0.0, 0.0, 0.0, 0.0),
+ nrow=4, ncol=4, byrow=T)
> 
> clutch_distribution <- c(0.06,0.08,0.13,0.15,0.16,0.18,0.15,0.06,0.03)
> 
> #=========================================================================================
> rm(list=ls())
> graphics.off()
> source("Demographic.R")
> source("kl2621_HPC_2024_main.R")
[1] 0 0 0 0 3
[1] 3 3 2 2 2
[1] 2 2
 [1] 7 4 3 3 2 1 1 1 1 1 1 1 1 1 1 1 1 1 1 1 1
> 
> 
> ###4 initial conditions
> 
> ############################################################
> 
> 
> 
> #VVVVVVVVVVVV-------------COMMENT ME OUT WHEN RUNNING THE THING
> #iter <- 5
> #VVVVVVVVVVV--------------UNCOMMENT ME OUT
> iter <- as.numeric(Sys.getenv("PBS_ARRAY_INDEX"))
> set.seed(iter)
> 
> 
> if (iter <= 25) {
+ initial_state <- state_initialise_adult(4,100) #100 adults
+ } else if (iter >25 && iter <= 50) {
+ initial_state <- state_initialise_adult(4,10) #10 adults
+ } else if (iter >50 && iter <= 75) {
+ initial_state <- state_initialise_spread(4,100) #100 spread
+ } else {
+ initial_state <- state_initialise_spread(4,10) #10 spread
+ }
> 
> reslist <- list()
> 
> ####100 cluster runs
> ###################################################
> ####150 runs of stochastic_simulation per cluster run
> for (i in 1:150) {
+     #################################
+     ###120 steps of stochastic_simulation per simulation
+     stochasticresult <- stochastic_simulation(initial_state,growth_matrix,reproduction_matrix,clutch_distribution,120)
+     reslist[[i]] <- stochasticresult
+     #################################
+ }
> ###################################################
> 
> print(reslist)
[[1]]
  [1]  10   9  16  26  14  13  11   9  15  17  15  12  22  12  14  10   9   7
 [19]  15  21  24  20  14  19  11   8   8  17  22  21  15  21  16  10   8  10
 [37]  26  18  15  19  29  33  32  26  35  40  43  36  54  42  55  54  60  62
 [55]  64  88  95 100 102 102  93  88 104 102 133 121 123 123 138 153 146 137
 [73] 164 149 167 155 150 144 167 141 134 160 156 173 199 196 188 191 189 180
 [91] 197 170 192 199 199 196 177 205 176 196 207 209 215 220 225 230 242 237
[109] 238 235 239 253 272 318 316 323 355 348 366 421 412

[[2]]
  [1]  10  14  12  11  11  11   8   7   5   5   6   6   5   5   5  25  14  15
 [19]  19  14  11  16  12  12  13  26  17  15  12   9  21  19  22  20  29  26
 [37]  28  26  30  31  25  25  32  64  43  45  50  41  31  34  42  59  72  71
 [55]  67  62  62  60 102  80  72  72  87  85  82  80 103  74  78  68  77  72
 [73]  78  63  90  91  84  89  85  77  81  69  85  83  62  68  61  69  84  66
 [91]  69  75  82  71  74  82  93 101  98 110 109  89  98 118 114 105 114 137
[109] 154 155 152 182 221 211 196 180 199 216 246 244 232

[[3]]
  [1]  10  10  10  11  10  17  22  14  13  13  12  16  21  20  20  16  20  15
 [19]  20  25  28  32  25  28  22  27  20  22  22  31  27  21  23  19  21  21
 [37]  30  35  42  35  39  43  65  49  43  69  59  53  56  64  60  59  63  70
 [55]  95  95  89  87  96  96 132 154 156 172 181 166 157 155 170 175 164 193
 [73] 163 156 192 229 243 238 235 284 271 276 271 280 346 320 320 338 349 382
 [91] 404 391 395 427 433 473 453 451 497 522 498 551 613 614 621 591 652 673
[109] 682 786 791 835 756 807 856 844 866 893 897 933 960

[[4]]
  [1]   10    7   11    7   11   10   17   19   13   20   15   14   19   28   22
 [16]   24   17   16   25   40   29   39   30   24   28   26   54   43   43   37
 [31]   47   62   69   67   71   64   66   72   85  110   83   80   84   68   80
 [46]   78   73   87   75   74  103  122  123   98  118  122  146  127  130  167
 [61]  198  185  189  224  219  250  262  283  306  342  363  305  298  315  348
 [76]  365  357  398  410  405  443  485  465  445  530  527  559  566  614  618
 [91]  615  698  734  752  810  872  874  877  936  933  998 1059 1105 1118 1194
[106] 1219 1291 1356 1457 1487 1484 1538 1547 1590 1693 1760 1794 1940 1971 2062
[121] 2036

[[5]]
  [1]   10   12   15   11   16   17   13   12    8    7   17   19   12   14   11
 [16]   15   12   16   17   13   14   11   14   16   11    9   11   14   14   21
 [31]   34   26   21   26   25   39   42   47   57   58   43   53   73   85   92
 [46]   92   81   90  104  118  106  102  109  113  123  169  172  188  216  239
 [61]  243  250  243  245  252  273  337  298  323  314  330  388  403  419  420
 [76]  436  460  474  518  535  588  608  610  567  614  675  642  597  632  639
 [91]  666  722  714  757  761  752  787  847  864  848  895  908  922  967  983
[106]  985 1069 1095 1085 1156 1221 1308 1292 1254 1379 1479 1486 1619 1683 1773
[121] 1835

[[6]]
  [1]   10   15   15   24   30   18   16   19   21   27   27   36   50   51   54
 [16]   54   77   72   70   66   59   72   92   91   85   73  103   93  117  106
 [31]  103  110  113  134  135  124  158  161  178  184  204  210  210  190  202
 [46]  256  264  242  265  298  294  329  301  296  302  291  301  343  332  336
 [61]  376  425  415  442  433  457  426  408  417  420  428  438  458  492  460
 [76]  474  449  503  514  519  544  578  587  583  578  601  663  724  799  790
 [91]  798  800  829  871  978 1063 1032 1015 1026 1076 1097 1160 1220 1251 1325
[106] 1366 1424 1428 1445 1505 1596 1641 1740 1709 1812 1908 2032 2136 2163 2253
[121] 2271

[[7]]
  [1]  10  14  10  10  20  20  17  22  16  17  10   8  15   9   8   7   6   5
 [19]   4   3   2   2   8   8   6  11   7   7   6  12  22  22  21  16  15  14
 [37]  18   8  19  19  13  24  19  28  22  27  27  39  47  43  41  39  44  42
 [55]  45  53  69  51  57  63  62  67  80  63  74  76  80  64  78  74  64  95
 [73]  95  95  87  91 107 123 117 104 136 121  97 115 132 137 129 162 172 170
 [91] 172 181 186 215 241 243 234 239 239 245 267 301 315 297 332 370 392 402
[109] 389 385 398 438 460 467 459 488 503 531 583 550 532

[[8]]
  [1]   10   11   13    7   12   11   15   20   16   24   19   15   13   19   16
 [16]   12   10    8   14   22   26   23   23   30   30   37   31   31   37   52
 [31]   51   58   52   43   42   60   70   70   74   70   81  104  107   94   82
 [46]  105  116  113  119  152  159  158  164  164  189  220  242  201  215  219
 [61]  299  306  319  324  336  342  321  326  356  369  352  365  382  370  373
 [76]  450  533  557  574  588  556  589  629  642  636  677  702  707  746  802
 [91]  755  724  715  818  866  831  929  925  905  972 1037 1035 1109 1100 1129
[106] 1182 1192 1301 1280 1358 1373 1437 1478 1498 1563 1621 1738 1870 1919 2001
[121] 2012

[[9]]
  [1] 10  5  4  3  3  2  2  0  0  0  0  0  0  0  0  0  0  0  0  0  0  0  0  0  0
 [26]  0  0  0  0  0  0  0  0  0  0  0  0  0  0  0  0  0  0  0  0  0  0  0  0  0
 [51]  0  0  0  0  0  0  0  0  0  0  0  0  0  0  0  0  0  0  0  0  0  0  0  0  0
 [76]  0  0  0  0  0  0  0  0  0  0  0  0  0  0  0  0  0  0  0  0  0  0  0  0  0
[101]  0  0  0  0  0  0  0  0  0  0  0  0  0  0  0  0  0  0  0  0  0

[[10]]
  [1]   10    7    7    8    6    5    4   10    9    6    4    3    3   10   12
 [16]   10   10   16   15   17   18   33   34   44   27   23   22   32   32   41
 [31]   36   27   33   32   31   41   42   53   39   34   41   37   31   39   40
 [46]   38   46   40   41   57   63   48   59   55   62   62   72   92   86   72
 [61]   61   76   84  104  112  120  125  135  158  182  189  186  181  184  200
 [76]  224  231  223  208  234  278  293  299  307  347  341  297  331  378  429
 [91]  403  396  445  465  529  585  595  606  632  707  735  749  881  909  945
[106]  931  969  980 1092 1064 1194 1142 1274 1323 1453 1529 1522 1647 1639 1762
[121] 1721

[[11]]
  [1]  10  13  12  15   9   6  11  10  16  10   5   4   2   4   3   2   2   2
 [19]   8  11   7   7   6  11  13   8   8   7   6  15  12  15  12   9  14  11
 [37]   9   9  18  14  22  26  18  13  12  13  30  29  26  21  18  18  27  37
 [55]  36  50  40  47  47  50  49  51  70  90  91 100  88  96 102  98 108 112
 [73] 113 128 145 164 132 138 148 169 170 180 164 182 219 243 213 227 255 262
 [91] 294 276 305 323 333 312 353 353 354 401 431 416 471 508 564 584 628 609
[109] 625 676 697 706 713 759 747 787 810 750 781 805 954

[[12]]
  [1]   10   18   19   17   17   23   13   20   25   21   21   23   19   15   16
 [16]   13   16   13   17   17   17   23   21   24   26   27   23   28   20   16
 [31]   15   12   28   30   21   18   28   40   25   28   44   30   25   25   21
 [46]   28   27   45   46   59   51   41   49   80   79   69   57   76   97   89
 [61]   69   94  103   99   89   85   81   99  121  111  129  137  152  162  161
 [76]  140  159  161  185  188  185  182  185  245  273  266  284  283  246  276
 [91]  338  324  343  363  425  404  427  432  494  501  502  487  502  564  639
[106]  605  631  655  678  695  690  687  745  864  796  834  884  918 1001 1106
[121] 1118

[[13]]
  [1]  10   7   7   7   7   6   5   4   4   5   4  13   9   6   5   4  11   6
 [19]   9   8  14  19  17  21  30  26  30  27  44  53  39  43  45  47  57  84
 [37]  68  74  62  74  78  77  78  87  93  93  76  60  93  97  98  88  85  72
 [55] 100  94 109  96  91 104 103  89 107 118 134 146 131 134 156 141 143 142
 [73] 154 153 164 172 182 190 201 186 184 190 219 275 259 246 237 260 290 297
 [91] 318 319 348 330 355 373 373 354 316 329 350 391 355 367 383 390 444 510
[109] 547 544 540 601 651 666 660 712 747 728 807 804 829

[[14]]
  [1]   10   24   19   14   19   15   34   23   24   17   19   11   16   24   16
 [16]   18   12   10   24   29   26   29   28   31   50   67   61   43   48   40
 [31]   57   63   70   62   62   44   69   69   75   80   90   78   62   74   75
 [46]   81   68   67   93   89   96   97   93   81   79   88  102   95  106  114
 [61]  110   94   98  106  137  144  155  157  139  150  182  192  190  190  215
 [76]  209  197  202  197  224  258  238  212  227  263  256  267  298  301  351
 [91]  345  374  400  432  508  551  574  598  629  618  699  751  756  797  797
[106]  866  917  888  979  987 1000 1028 1046 1178 1155 1279 1275 1302 1387 1438
[121] 1614

[[15]]
  [1]   10   21   22   26   17   20   22   35   32   34   24   26   48   40   46
 [16]   36   48   53   38   33   32   38   44   38   33   51   54   60   67   90
 [31]   81   94   92   80   85   98   84   73   92  103  116  128  101   95   97
 [46]  112  142  128  144  144  151  156  160  175  154  178  192  185  205  213
 [61]  217  197  212  236  250  236  214  257  222  261  244  266  261  268  298
 [76]  318  328  333  350  370  339  339  351  363  406  394  415  451  487  489
 [91]  514  554  583  637  687  724  702  803  845  887  836  856  918  942  964
[106] 1037 1088 1164 1260 1219 1246 1353 1415 1472 1476 1611 1658 1614 1702 1760
[121] 1864

[[16]]
  [1] 10 14  9  8  7  5  5 20 14 17 16 19 18 17 11 19 15 13 10  7 12 12 15 11  8
 [26]  8  6  5  5  5  2  5 12  9  8  7  7  7 11 18 18 18 12 13 10  6  9  5  4  7
 [51]  4 12  6  3  3  3  7  6  6  6  6  7  8  4  4  4  3  5  5  4  3  3  3  2  1
 [76]  1  7  4  2  2  6  8 10  5  3  8  7 16 22 21 14 17 21 17 17 20 19 22 38 44
[101] 35 41 50 37 43 47 47 62 54 63 61 63 53 75 89 95 87 92 93 88 93

[[17]]
  [1]  10   8  11   6   6  12  13  16  12  16  18  17  39  24  24  37  37  36
 [19]  31  33  27  19  34  32  34  23  33  27  33  25  21  34  33  43  34  45
 [37]  49  57  57  70  67  61  67  71  59  69  72  65  68  79  74  60  60  70
 [55]  63  73  81  84  83  67  73  71  86  84  98 114 118 119 127 135 125 146
 [73] 144 154 170 181 172 169 172 196 178 209 209 238 241 219 230 198 208 226
 [91] 222 238 234 225 253 260 277 306 290 313 336 350 360 342 375 411 445 481
[109] 467 473 443 486 518 513 501 524 552 563 580 572 602

[[18]]
  [1]  10  21  14   9   7   5   4   3   3   5   9   8   6  11  13  11   8  11
 [19]  14  10   8  10  14  15  11   9  15  15  15  10   8   7   5   4   3   3
 [37]   7   6   4   7   6  16  14  26  26  26  28  17  13  17  10  17  10  14
 [55]  26  28  30  39  23  23  28  21  31  35  28  24  34  37  36  43  45  45
 [73]  44  45  44  50  68  62  50  62  79  92  91  69  66  76  85  92  75  73
 [91]  99  93  83 105  89  88 115  89  95 104 131 125 118 102 110 118 149 140
[109] 158 156 140 131 146 167 169 193 201 209 210 222 232

[[19]]
  [1]   10   11   10   13   20   17   29   32   41   40   48   39   37   41   34
 [16]   34   23   28   29   25   28   58   55   59   47   43   40   54   54   41
 [31]   43   39   38   52   58   59   47   52   61   69   58   63   69   65   68
 [46]   64   64   72   83   67   69   74   68   79   78   68   84   78   89  112
 [61]  113  133  140  135  178  160  139  147  163  195  224  220  184  197  224
 [76]  231  221  226  238  229  237  253  240  266  281  279  272  270  270  270
 [91]  271  308  347  370  353  390  407  416  436  513  468  522  577  602  602
[106]  612  667  707  721  707  780  789  808  889  966  950 1015 1003 1111 1121
[121] 1191

[[20]]
  [1] 10 15  8  6  9  7 11  9  9  9 12 14 10 10  8  5  5  3 10  7 10 12  6  4  4
 [26]  3  9  4  3  3  1  1  1  1  1  1  1  6  2  2  1  1  1  1  1  0  0  0  0  0
 [51]  0  0  0  0  0  0  0  0  0  0  0  0  0  0  0  0  0  0  0  0  0  0  0  0  0
 [76]  0  0  0  0  0  0  0  0  0  0  0  0  0  0  0  0  0  0  0  0  0  0  0  0  0
[101]  0  0  0  0  0  0  0  0  0  0  0  0  0  0  0  0  0  0  0  0  0

[[21]]
  [1]   10   12    7   13    7    7   16   24   17   16   11   16   15   24   33
 [16]   26   36   26   31   32   34   33   30   44   42   35   38   33   38   29
 [31]   23   23   20   33   47   38   31   39   43   30   46   60   61   54   64
 [46]   59   52   50   52   58   70   63   74   76   92   70   80   81   92  107
 [61]  105  101   98   96   95  116  122  151  182  150  177  159  181  169  188
 [76]  204  235  252  270  281  255  237  260  290  293  286  302  309  323  371
 [91]  354  367  387  369  407  429  441  483  484  510  522  570  623  593  619
[106]  614  649  659  700  736  743  726  790  809  865  893  873  940  920 1077
[121] 1176

[[22]]
  [1] 10  6  5  4  3  2  2  1  1  1  0  0  0  0  0  0  0  0  0  0  0  0  0  0  0
 [26]  0  0  0  0  0  0  0  0  0  0  0  0  0  0  0  0  0  0  0  0  0  0  0  0  0
 [51]  0  0  0  0  0  0  0  0  0  0  0  0  0  0  0  0  0  0  0  0  0  0  0  0  0
 [76]  0  0  0  0  0  0  0  0  0  0  0  0  0  0  0  0  0  0  0  0  0  0  0  0  0
[101]  0  0  0  0  0  0  0  0  0  0  0  0  0  0  0  0  0  0  0  0  0

[[23]]
  [1]   10   10    8   12    7    7    7    7    8   15   18   18   14   11   22
 [16]   25   18   18   17   21   26   23   31   30   33   34   27   23   17   26
 [31]   23   32   40   39   37   33   43   38   43   41   33   39   56   65   48
 [46]   49   59   45   44   68   57   69   61   78   80   79   77   70   58   93
 [61]   98   98  105  104  108  111  104  109  118  122  126  147  139  164  150
 [76]  154  163  192  206  207  212  203  217  246  224  234  261  303  294  299
 [91]  300  322  362  374  364  403  378  370  423  460  499  473  487  516  489
[106]  551  565  602  645  581  617  692  722  716  733  764  806  843  895 1001
[121] 1028

[[24]]
  [1]  10  15  16  17  20  23  24  22  40  45  40  56  52  58  67  72  66  59
 [19]  69  83  76  77  90  97  87  81  88  79  87  99  90  97  99 125 124 112
 [37]  87  88  98 115 106 110 129 139 117 123 107 111 126 110  98 132 126 126
 [55] 146 144 147 148 166 178 175 158 164 180 201 192 206 187 225 222 239 202
 [73] 180 184 200 182 220 206 194 244 223 244 235 287 318 316 296 303 335 380
 [91] 370 396 369 379 432 426 447 474 549 579 546 579 637 604 593 618 638 636
[109] 716 686 654 679 740 802 880 863 831 870 852 850 840

[[25]]
  [1]  10  12  14  11  10  10  16  20  21  17  15  14  23  18  26  28  41  24
 [19]  23  19  28  18  17  22  22  16  17  12  14  15  15  22  36  32  28  29
 [37]  35  36  33  41  39  34  43  36  35  33  46  33  38  39  52  41  53  44
 [55]  50  47  47  54  60  47  67  63  53  60  68  71  85  93  92 118 132 129
 [73] 125 141 132 160 161 181 171 174 166 206 212 238 215 239 244 275 250 261
 [91] 294 285 315 308 341 361 344 345 390 419 448 498 569 548 513 557 579 538
[109] 544 545 588 597 634 663 659 659 703 750 762 817 823

[[26]]
  [1]   10   22   17   14   12   14   16   26   26   23   24   21   18   43   50
 [16]   36   34   39   42   48   54   40   49   47   65   67   64   62   62   67
 [31]   77   97   99  107  109   99  126  142  134  124  151  170  197  189  204
 [46]  207  236  240  236  235  255  268  290  299  285  345  354  360  383  405
 [61]  389  420  435  537  516  507  494  520  537  529  588  646  689  696  668
 [76]  643  716  790  814  888  970  936  975  991  987 1016 1141 1159 1223 1272
 [91] 1347 1360 1322 1339 1481 1537 1598 1723 1782 1851 1929 2069 2159 2222 2241
[106] 2374 2425 2572 2618 2712 2920 2906 3024 3197 3353 3553 3605 3653 3909 3967
[121] 4312

[[27]]
  [1] 10  7  7  7  5  5  8 11 11  7  7  7  5  7  4  3  3  2  2  0  0  0  0  0  0
 [26]  0  0  0  0  0  0  0  0  0  0  0  0  0  0  0  0  0  0  0  0  0  0  0  0  0
 [51]  0  0  0  0  0  0  0  0  0  0  0  0  0  0  0  0  0  0  0  0  0  0  0  0  0
 [76]  0  0  0  0  0  0  0  0  0  0  0  0  0  0  0  0  0  0  0  0  0  0  0  0  0
[101]  0  0  0  0  0  0  0  0  0  0  0  0  0  0  0  0  0  0  0  0  0

[[28]]
  [1] 10 14  9  8  8  7 10  6 10  6 10 13  8 10 10  7  6  4  4  4  3  2  2  4  3
 [26]  3  4  4  3  3  3  3  2  1  1  0  0  0  0  0  0  0  0  0  0  0  0  0  0  0
 [51]  0  0  0  0  0  0  0  0  0  0  0  0  0  0  0  0  0  0  0  0  0  0  0  0  0
 [76]  0  0  0  0  0  0  0  0  0  0  0  0  0  0  0  0  0  0  0  0  0  0  0  0  0
[101]  0  0  0  0  0  0  0  0  0  0  0  0  0  0  0  0  0  0  0  0  0

[[29]]
  [1]  10  13  18  10   8  11  10  10  17  19  22  15  12  11   9  15  19  16
 [19]  19  13  17  12  13  17  29  19  20  25  31  28  23  23  25  21  19  22
 [37]  23  24  19  30  34  38  30  37  34  35  28  27  28  28  28  43  38  30
 [55]  35  26  49  41  29  30  29  32  33  51  51  60  62  67  69  74  91  80
 [73]  82  84  89  84 113 105 102 106  92 102  95 124 119 134 150 129 142 170
 [91] 163 188 212 230 207 195 204 222 237 271 280 247 274 301 288 335 400 384
[109] 368 401 454 484 428 432 501 467 510 511 503 575 531

[[30]]
  [1]  10  13  19  14  13  12  20  20  15  11  16  11  17  15  17  23  14  18
 [19]  19  15  14  13  12  25  40  38  25  29  27  23  19  14  13  17  15  20
 [37]  23  16  20  25  27  27  19  32  45  43  61  51  53  53  40  49  56  65
 [55]  69  88  70  73  91  98  86  89  78  89  79  84 100  79  75  76  90  85
 [73] 109  90  89  69  87 110 100  96 107  93  97 103 101 114 137 138 160 157
 [91] 165 175 182 211 233 242 219 212 262 281 233 239 264 305 313 306 298 381
[109] 382 404 429 488 508 508 499 541 572 626 629 627 637

[[31]]
  [1]   10   15   11    8    6   11   15   14   11   11   20   13   14   17   13
 [16]   12   21   32   37   40   39   36   47   46   49   37   32   39   56   67
 [31]   51   62   55   52   56   45   48   44   45   44   42   47   44   48   45
 [46]   43   33   35   53   69   68   64   67   54   78   83  104   96   91   95
 [61]   96   93   91   81   88   76   73  101   94  107  112  117  132  125  133
 [76]  119  128  179  193  205  217  227  236  238  246  233  277  271  248  258
 [91]  247  309  352  350  369  368  440  508  479  492  530  584  598  620  621
[106]  596  642  719  746  775  809  846  860  897  979 1030 1056  987 1042 1050
[121] 1148

[[32]]
  [1]  10  12  12  13   7   6  10   8   8  10  12   9  13  11   9   9  16  20
 [19]  17  13  11  21  15  11  10  37  30  28  29  36  26  34  28  27  25  26
 [37]  23  26  39  42  42  52  39  49  66  45  63  60  63  88  67  58  57  63
 [55]  79  62  67  64  88  87  70  73  88  90 117 113 129 126 136 120 145 145
 [73] 173 162 151 178 171 192 185 219 216 239 230 228 213 255 248 245 238 279
 [91] 297 295 252 243 255 257 249 296 272 288 352 365 392 351 380 363 376 395
[109] 417 420 420 389 415 430 492 490 474 475 505 591 583

[[33]]
  [1]   10   14    8    6    5    5    5    4    7    3   13   10    6    5    4
 [16]    4    3    3    2    6   12    9   14   12   19   32   32   30   30   39
 [31]   52   59   44   40   46   39   53   71   83   78   74   69   72   87  110
 [46]  110  102  101   98  110  111  118  107   95  140  112  139  164  164  148
 [61]  154  172  187  183  190  204  223  225  223  218  234  275  273  295  296
 [76]  275  330  335  338  378  390  378  446  455  495  481  498  524  584  599
 [91]  622  591  623  609  667  663  658  630  626  676  691  680  689  765  739
[106]  778  801  774  804  860  912  945  955 1011 1041 1082 1072 1128 1174 1250
[121] 1335

[[34]]
  [1] 10 12 10  7  7 10  7  5  6  4  4  3  3  3  3  3  3  6  9 11  8  6  5  5  3
 [26]  4  4  3  3  3  3  3  2  2  1  1  1  1  7  3  3  3  3  2  1  1  7  5  4  4
 [51]  4  3  5  3  2  1  1  5  8 11 10  6  5 13  7 11 10  5  4  9  7 13  9 14 12
 [76] 17 21 21 15 16 20 21 31 21 19 23 26 26 22 24 21 18 14 36 28 18 16 18 16 19
[101] 30 23 18 22 43 49 50 65 49 50 60 57 67 73 73 80 85 80 96 99 79

[[35]]
  [1]   10   20   19   15   10   17   13   15   21   18   24   22   25   17   23
 [16]   25   25   21   28   28   27   24   24   22   23   25   22   22   35   29
 [31]   24   28   26   48   39   64   51   57   58   53   56   80   78   77   70
 [46]   81   90   96   74   81   94  104  113   99   93  109  124  133  146  138
 [61]  146  157  164  190  184  201  194  203  219  190  196  227  233  244  251
 [76]  275  278  338  339  325  316  338  355  337  338  370  419  439  422  385
 [91]  435  433  449  460  494  515  551  502  531  548  582  594  654  658  682
[106]  717  767  826  879  871  885  960  995 1058 1082 1070 1132 1237 1317 1396
[121] 1363

[[36]]
  [1]   10    7    6   14   15    6    6    6    5    8    8    5   11   13   15
 [16]   15   14   17   20   26   27   32   47   52   38   41   32   31   40   33
 [31]   35   33   33   43   39   37   36   34   50   54   61   54   42   58   60
 [46]   66   59   66   66   87   92   82   88   86   99  107  113  119  109  106
 [61]  126  114  130  151  130  137  150  163  181  170  160  216  216  212  181
 [76]  184  244  268  210  226  227  234  279  285  284  295  331  346  365  344
 [91]  371  412  404  426  441  450  449  507  506  536  549  527  581  599  652
[106]  668  670  698  743  739  741  825  864  889  950  957 1055 1033 1087 1170
[121] 1224

[[37]]
  [1]   10   12   21   15   16   23   23   19   16   14   21   20   24   25   32
 [16]   32   25   27   27   28   43   33   36   36   36   36   34   37   36   41
 [31]   29   33   29   34   42   39   36   34   29   33   41   37   38   47   62
 [46]   62   57   46   58   72   73   73   65   58   61  100   97   90   89   88
 [61]   84   88   95  108  133  111  141  143  152  149  127  141  168  179  196
 [76]  203  225  197  203  227  264  291  293  293  326  338  356  349  358  424
 [91]  466  467  484  509  501  489  473  577  581  608  651  663  673  736  716
[106]  751  737  792  775  785  862  863  857  859  852  927  926  938 1061 1064
[121] 1117

[[38]]
  [1]  10  14  15  13   8   7  16  13  11  14  11   9  11  12   8   7   7   7
 [19]  11  15  10   8  11   7  17  20  19  17  20  29  27  33  33  25  32  32
 [37]  42  34  31  40  36  33  48  44  58  65  49  41  36  56  60  75  76  78
 [55]  68  60  66  79  77  70  74  85  78  90  80  89  87  82  97  98  91  89
 [73]  88 112 126 115 112 132 118 153 129 124 139 152 190 188 186 197 219 228
 [91] 250 276 242 260 318 306 291 325 350 374 367 346 360 369 394 409 404 449
[109] 484 457 476 507 563 633 687 700 697 736 737 807 820

[[39]]
  [1]  10   6  11   7   6   5   4   4   7   9  11   8   8  10  15  11  20  22
 [19]  22  14  32  20  14  12  12  16  15  16  21  15   8  11   8   8  12  15
 [37]  15  12  18  18  27  25  25  20  31  36  25  21  36  43  51  47  40  35
 [55]  31  51  46  66  44  36  42  44  43  60  51  59  43  41  36  56  62  64
 [73]  58  52  59  57  59  58  50  63  71  62  61  79  74  86  96  84  84  92
 [91]  98 113 124 104 127 139 111 116 150 121 126 147 156 156 144 168 193 178
[109] 216 236 222 224 263 320 356 355 389 341 356 404 440

[[40]]
  [1] 10 13  9  7 11 17  8  6  5  2  2  2  2  4  4  4  3  2  1  1  1  1  0  0  0
 [26]  0  0  0  0  0  0  0  0  0  0  0  0  0  0  0  0  0  0  0  0  0  0  0  0  0
 [51]  0  0  0  0  0  0  0  0  0  0  0  0  0  0  0  0  0  0  0  0  0  0  0  0  0
 [76]  0  0  0  0  0  0  0  0  0  0  0  0  0  0  0  0  0  0  0  0  0  0  0  0  0
[101]  0  0  0  0  0  0  0  0  0  0  0  0  0  0  0  0  0  0  0  0  0

[[41]]
  [1]  10   8   6  13   8  12   8   6   4   9   7   8   8   6  23  19  18  10
 [19]   9  11  11   8   9   8  10  11  16  12  13  10   8   8  17  20  22  15
 [37]  16  14  21  14  10  11   8   6  13   9  12  17  14  12  15  15  19  12
 [55]  18  33  24  35  39  33  36  34  41  53  47  37  44  55  40  38  34  34
 [73]  46  48  43  36  48  56  59  49  46  46  42  44  40  33  27  53  44  59
 [91]  43  45  63  72  76  62  79  76  69  60  56  66  90  95  90  89  85  94
[109] 117 124 114 121 151 154 141 151 147 161 164 157 160

[[42]]
  [1]  10  13  10   8   9  16  17  21  16  10   8  22  28  28  25  19  16  33
 [19]  28  31  32  20  31  29  45  30  37  27  30  36  49  38  27  23  18  30
 [37]  34  32  31  27  27  24  24  31  43  38  47  45  39  46  42  53  64  60
 [55]  46  59  52  60  47  48  49  73  72  72  61  64  54  65  78  81  83  90
 [73]  89  89 112 110 109 125 123 112 129 139 148 159 226 211 210 209 238 265
 [91] 248 277 268 294 271 299 277 258 280 306 335 308 325 337 343 405 391 376
[109] 374 394 379 413 405 391 441 480 489 480 505 503 538

[[43]]
  [1]  10  15  11  14  22  20  15  13  15  23  25  19  15  13  29  39  31  34
 [19]  24  24  20  36  43  38  31  29  22  25  23  29  32  24  21  25  35  28
 [37]  27  21  33  45  47  34  31  31  28  31  28  31  36  30  33  35  48  50
 [55]  44  41  50  40  51  48  38  35  53  67  84  68  59  53  60  58  74  69
 [73]  58  53  60  58  70  70  70  68  74  70  69  62  72  74  80 114 115 102
 [91] 116 122 131 147 140 136 152 165 164 181 221 187 183 171 190 207 234 231
[109] 236 256 273 320 293 288 327 327 352 388 390 378 394

[[44]]
  [1]   10    8    5   18   10    8   12   25   25   21   17   20   24   32   25
 [16]   20   18   21   25   27   31   40   34   42   42   49   63   83   79   80
 [31]   72   64   75   62   67   64   76   82   86   99   88   75   81   90   87
 [46]   97   85  101  112  112  118  109  126  124  126  141  157  162  162  177
 [61]  173  192  180  175  179  198  204  226  225  238  230  266  252  294  297
 [76]  315  325  300  296  330  315  305  364  415  388  427  386  451  458  469
 [91]  485  439  448  508  533  521  519  560  583  625  614  674  705  689  731
[106]  802  848  851  902  962  967 1094 1095 1172 1185 1350 1383 1459 1504 1549
[121] 1652

[[45]]
  [1]  10  14  13  12  13  13   8  12  17  21  20  22  16  11  15  16  16   9
 [19]  17  19  21  13  13  11  10  14  24  18  20  18  21  23  25  29  25  23
 [37]  30  25  18  27  42  39  41  41  42  56  68  65  59  72  57  62  51  62
 [55]  59  70  74  64  62  66  74  66  82  98  97  94  95 107 109 126 135 132
 [73] 107 124 131 160 151 171 157 159 165 151 162 156 175 182 177 174 170 162
 [91] 158 156 159 173 184 188 211 237 229 207 214 239 266 251 260 277 285 306
[109] 333 351 349 344 373 381 391 396 462 483 465 434 469

[[46]]
  [1]  10  16  16  12  10   7  13  17  17   9  10  13  15  15  11  10  14  15
 [19]  10  15  14   9  21  21  15  18  22  23  22  26  34  20  25  26  32  19
 [37]  22  26  24  28  40  44  42  45  47  37  38  35  58  50  40  56  54  59
 [55]  71  83  80  71  69  66  88  89  65  68  79  67  64  74  85  86 105  95
 [73]  85  82  78  80  89  86  94 110 116 119 146 138 123 122 135 142 144 140
 [91] 156 157 150 178 149 165 191 211 209 206 216 263 255 320 320 314 360 340
[109] 385 444 470 474 467 477 522 554 545 604 630 616 632

[[47]]
  [1]  10  12   7   4  11  11   8  11   9   7   7   8  13   9   8   9   5   6
 [19]  12  12   8   9   7  11   7   5   3   6   3   2  14   7   5   4   4   4
 [37]   4   4   8  12  14  15  16  25  20  19  28  26  27  23  31  23  24  16
 [55]  21  14  19  16  13  17  16  18  14   9  14  29  18  20  26  20  36  41
 [73]  40  41  36  31  39  36  56  74  52  50  59  51  55  56  52  58  70  63
 [91]  86  99  90  90 111 123 151 172 172 186 187 205 203 194 236 233 280 312
[109] 285 294 290 360 406 421 428 417 459 489 555 619 633

[[48]]
  [1]   10   10   14   18   21   29   30   22   18   17   21   37   23   24   24
 [16]   19   21   29   37   39   35   39   37   51   52   49   53   57   65   62
 [31]   51   45   41   38   55   46   44   48   54   57   52   48   51   50   53
 [46]   49   52   57   73   62   67   72   79   71   75   81   78   78   61   79
 [61]   80   95  115  105   99  103  107  140  158  161  135  141  160  169  183
 [76]  211  196  208  214  222  248  273  319  295  305  314  361  335  326  339
 [91]  404  395  439  475  487  463  508  496  471  495  458  494  486  540  612
[106]  614  608  655  639  654  648  707  762  876  870  916  979 1016 1048 1075
[121] 1108

[[49]]
  [1] 10 11  7  6  6  5  4  9  5  3  3  2  1  1  1  1  0  0  0  0  0  0  0  0  0
 [26]  0  0  0  0  0  0  0  0  0  0  0  0  0  0  0  0  0  0  0  0  0  0  0  0  0
 [51]  0  0  0  0  0  0  0  0  0  0  0  0  0  0  0  0  0  0  0  0  0  0  0  0  0
 [76]  0  0  0  0  0  0  0  0  0  0  0  0  0  0  0  0  0  0  0  0  0  0  0  0  0
[101]  0  0  0  0  0  0  0  0  0  0  0  0  0  0  0  0  0  0  0  0  0

[[50]]
  [1]  10  20  19  28  20  16  15  18  29  26  22  22  25  27  30  25  20  17
 [19]  16  20  25  23  20  19  19  14  21  12  18  17  11   8   8  21  12  16
 [37]  10   8  10   9  15  22  16  14  19  33  26  19  14  14  33  24  22  38
 [55]  53  74  61  65  72  76  64  82  77  82  76  65  83  94  87  78  75 106
 [73] 116 116 109 131 132 129 133 142 124 128 142 137 135 166 185 158 170 175
 [91] 191 181 210 223 234 217 214 236 246 219 223 238 313 310 309 325 338 323
[109] 294 329 351 360 355 387 378 374 433 438 437 452 431

[[51]]
  [1]   10    7    5    4    3   11   14   14    9    8   15   29   19   15   15
 [16]   13   25   27   19   18   19   22   18   32   19   28   25   20   23   17
 [31]   18   15   15   15   15   14   20   19   15   12   18   16   24   25   17
 [46]   22   33   28   33   35   40   34   45   39   39   34   28   25   39   46
 [61]   43   42   39   49   86   80   75   89  124  130  114   95   99  141  147
 [76]  167  185  197  206  222  219  233  261  287  307  302  306  291  287  288
 [91]  329  333  357  367  352  407  422  439  468  504  528  552  547  590  592
[106]  617  635  714  762  744  777  774  841  856  906  927  972 1013 1083 1147
[121] 1216

[[52]]
  [1]  10  19  12  10   6   8   7  12   8   6  10   7   9   7   6   5   5   4
 [19]   4   4   4   9  11   8   7   7  18  13  12  12  14  11  14   9  21  17
 [37]  26  27  18  14  17  18  17  12  15  22  28  31  22  28  24  44  40  38
 [55]  41  55  33  32  31  31  37  34  34  36  35  48  50  54  46  47  70  80
 [73]  70  74  83  69  79  96  95  95 102 115 121  94 101 103 118 128 105 103
 [91] 103 118 137 160 167 156 150 161 155 161 190 154 171 179 203 196 223 211
[109] 221 264 276 282 289 301 272 282 328 328 358 335 365

[[53]]
  [1]  10   9   7   8  16  16  11   9  15  19  26  18  21  17  17  37  22  16
 [19]  14  11  14  12  12  17  12  10  16  21  17  18  14  28  27  28  33  26
 [37]  40  33  42  40  30  37  40  31  31  32  29  28  38  35  49  41  41  29
 [55]  26  37  33  32  35  30  22  20  40  47  44  54  44  52  51  49  64  80
 [73]  85  90  77  95  87  83  74  79  94  82  98 102 110 117 108 105 109 106
 [91]  92 107 101 101 113 125 143 152 184 184 164 168 170 166 185 172 186 193
[109] 191 197 211 213 219 197 239 283 282 289 286 290 317

[[54]]
  [1]  10  18  12  17  23  19  17  28  34  39  40  30  29  31  26  31  35  39
 [19]  32  33  39  34  41  34  36  27  31  29  26  14  24  20  19  18  26  34
 [37]  31  29  33  28  40  26  27  28  41  38  46  54  48  64  65  72  70  79
 [55]  78  77  76  76  95  90 120 102 121 122 117 156 166 156 142 136 153 160
 [73] 179 154 170 221 233 215 227 241 246 262 281 309 263 266 259 259 291 330
 [91] 323 291 329 330 308 324 341 358 369 376 408 406 415 416 445 495 482 551
[109] 520 524 550 559 578 536 572 578 588 580 628 645 764

[[55]]
  [1]  10   6   8   6  13  13  10  12  17  11   9  13  10   7   7  10   9   9
 [19]  20  16  21  40  26  20  16  16  32  24  24  22  41  44  59  58  50  46
 [37]  52  66  59  46  53  43  44  62  49  54  62  61  62  53  58  63  83  78
 [55]  99 104  93 108  98 117 114 142 134 141 137 132 134 138 169 136 135 132
 [73] 152 174 180 174 171 180 188 179 192 228 224 217 223 242 241 273 273 264
 [91] 274 287 303 318 312 354 358 360 416 391 420 397 402 409 447 453 418 471
[109] 501 508 514 500 551 544 562 610 595 592 659 632 636

[[56]]
  [1] 10  6  5  3  2  2  1  0  0  0  0  0  0  0  0  0  0  0  0  0  0  0  0  0  0
 [26]  0  0  0  0  0  0  0  0  0  0  0  0  0  0  0  0  0  0  0  0  0  0  0  0  0
 [51]  0  0  0  0  0  0  0  0  0  0  0  0  0  0  0  0  0  0  0  0  0  0  0  0  0
 [76]  0  0  0  0  0  0  0  0  0  0  0  0  0  0  0  0  0  0  0  0  0  0  0  0  0
[101]  0  0  0  0  0  0  0  0  0  0  0  0  0  0  0  0  0  0  0  0  0

[[57]]
  [1] 10 13  8  7  6  8  8  5  5  4  4  2  2  2  7  7  6  4  3 10  8  7  7  6  5
 [26]  5  5  9  6  4  3  3  2  2  2  1  1  1  1  1  1  1  1  3  2  0  0  0  0  0
 [51]  0  0  0  0  0  0  0  0  0  0  0  0  0  0  0  0  0  0  0  0  0  0  0  0  0
 [76]  0  0  0  0  0  0  0  0  0  0  0  0  0  0  0  0  0  0  0  0  0  0  0  0  0
[101]  0  0  0  0  0  0  0  0  0  0  0  0  0  0  0  0  0  0  0  0  0

[[58]]
  [1]  10  10  15  11  14  13  10  14  12   9  12  10  10  10   9   8   7   5
 [19]  10   8   7  16  20  31  28  23  24  27  22  25  19  18  13  10  13  24
 [37]  16  15  19  17  25  24  19  30  27  40  35  48  40  34  43  34  36  35
 [55]  38  52  67  68  57  50  55  64  68  72  70  84  80  94  96  85 104  90
 [73]  89 128 125 108  90 112 177 171 166 151 174 187 199 211 233 216 254 266
 [91] 268 273 272 284 293 277 290 286 266 347 375 327 345 360 414 407 411 442
[109] 483 512 483 506 551 573 574 586 610 648 704 755 794

[[59]]
  [1]  10  10  14  10  10   8  15   9   7   5  11   8   8   8   8  12   7   4
 [19]  12  14  10   7   7   5  13   9   6   5   5  18  24  25  21  21  22  17
 [37]  20  41  44  38  35  30  33  45  51  37  36  44  44  48  52  49  50  47
 [55]  49  40  31  38  42  46  38  57  42  36  45  42  46  51  69  57  52  59
 [73]  71  94  72  65  78  74  76  90  86  94  83 123 116 130 131 137 139 141
 [91] 144 179 200 171 176 202 233 216 250 257 311 313 269 278 310 320 353 344
[109] 335 385 396 388 422 465 504 516 472 476 537 541 635

[[60]]
  [1]  10   5  12   9  15  11  10  11   7   7   5   4   4   5   4   3   3   2
 [19]   2  11  11   7   7   6   5   4  12   9  13  15  20  13  19  21  17  15
 [37]  13  17  24  27  30  25  23  30  34  36  26  26  28  31  36  34  36  47
 [55]  45  54  60  65  44  55  45  55  46  46  47  57  59  52  50  59  68  71
 [73]  63  66  78  86  93  95 103  87  89  95 113 124 128 135 120 135 140 150
 [91] 146 140 152 153 155 177 197 183 219 209 222 221 217 221 251 283 316 325
[109] 305 348 405 397 454 452 477 499 520 561 564 567 630

[[61]]
  [1]   10   14   10    8   13   14   15   12   11   17   21   36   29   44   37
 [16]   36   52   60   69   73   59   75   79   88   96   86   80   95  105  125
 [31]  126  118   98  112  103  100   99  113  122  115  121  114  124  119  107
 [46]  121  115  133  137  179  147  142  143  145  150  151  147  139  158  199
 [61]  181  217  211  209  225  217  236  246  221  230  244  240  259  306  316
 [76]  279  295  297  307  326  287  337  361  394  369  345  385  423  461  451
 [91]  514  521  563  568  555  569  619  673  675  648  698  747  716  734  769
[106]  840  877  823  851  905  987  994 1023 1029 1070 1109 1168 1201 1234 1377
[121] 1400

[[62]]
  [1]   10   16   14   14   13   13   12   17   23   26   30   25   24   28   28
 [16]   29   51   34   45   51   53   65   70   65   83  101   98  112   96   97
 [31]  104  126  159  136  127  137  127  143  170  177  172  183  175  192  213
 [46]  238  229  222  243  266  314  344  333  319  346  390  423  432  456  487
 [61]  505  525  523  591  577  588  623  676  712  687  726  768  780  840  940
 [76] 1007 1028 1063 1107 1085 1235 1247 1287 1301 1396 1418 1504 1566 1621 1711
 [91] 1668 1820 1860 1874 1959 2107 2122 2210 2214 2258 2387 2444 2557 2673 2755
[106] 2925 3047 3087 3168 3324 3564 3704 3940 4082 4257 4382 4666 4906 5196 5296
[121] 5373

[[63]]
  [1]   10   10    8    6    6   11   12   18   11   16   19   17   16   28   45
 [16]   51   37   29   38   47   60   56   63   68   78   64   70   83   85  107
 [31]  110  119  108   97  115  110  133  127  138  135  147  137  130  152  152
 [46]  189  179  212  225  242  289  265  266  281  295  343  337  411  404  398
 [61]  396  431  427  491  525  545  555  566  580  596  615  646  650  739  785
 [76]  741  767  842  832  820  851  933  965 1033 1120 1103 1135 1224 1284 1360
 [91] 1407 1506 1493 1539 1622 1684 1762 1924 1955 2004 2098 2153 2321 2365 2426
[106] 2449 2607 2602 2764 2831 2893 2932 3081 3202 3325 3437 3587 3701 4052 4133
[121] 4222

[[64]]
  [1]   10   13   14   11   10   17   18   20   14   22   18   19   14   12   26
 [16]   29   40   40   40   42   47   68   63   45   49   41   50   53   53   44
 [31]   64   61   54   63   64   49   56   48   60   51   64   52   46   66   61
 [46]   70   70   47   57   66   62   55   45   49   50   64   71   81   72   75
 [61]   71   80   85   87   90   88  119  103   97  113  110  108  122  175  154
 [76]  150  169  195  212  213  241  238  243  268  292  315  302  289  309  306
 [91]  320  358  397  427  459  430  423  459  487  502  494  564  515  560  628
[106]  677  665  636  692  748  790  810  802  796  831  846  882  847  908 1034
[121] 1053

[[65]]
  [1]  10  15  15  12  12  26  19  16  19  24  30  23  21  16  21  29  33  35
 [19]  21  15  28  30  25  29  26  21  19  31  46  41  44  35  34  36  43  35
 [37]  49  38  54  56  57  51  47  49  44  63  66  72  77  85  75  63  77  60
 [55]  74  68  69  95  85  89  94 100  90 130 114 112  89 121 139 146 157 160
 [73] 190 166 182 186 201 190 193 188 183 187 190 207 209 190 229 249 225 208
 [91] 221 251 266 263 290 308 332 366 401 402 407 417 424 429 412 422 466 517
[109] 529 476 476 500 546 588 580 636 634 635 683 707 743

[[66]]
  [1]   10   16   19   15   28   20   16   24   23   18   17   22   21   38   44
 [16]   34   29   36   26   28   24   33   41   43   34   26   42   50   42   50
 [31]   50   45   55   62   47   51   55   63   66   83   79   81   84   78   99
 [46]   97  111   88   97  118   96   98  111  119  128  135  151  159  196  178
 [61]  214  236  215  218  256  243  262  250  261  299  317  356  387  397  407
 [76]  370  402  481  461  455  457  449  479  545  523  538  522  565  548  550
 [91]  622  629  679  707  703  748  751  761  772  796  830  902  933  961  935
[106]  999  965 1028 1065 1122 1138 1177 1236 1277 1312 1295 1392 1392 1474 1505
[121] 1585

[[67]]
  [1]  10  16  14  19  24  14  16  18  10  14  10  18  16  29  21  20  19  27
 [19]  33  32  29  29  30  23  38  30  29  25  20  27  29  38  35  42  23  21
 [37]  27  39  48  42  33  46  59  48  63  79  77  72  77  79  84  66  76  78
 [55]  66  59  64  74  73  79  69  73  93 122 136 146 136 133 140 131 164 170
 [73] 193 180 172 186 187 187 225 222 247 230 210 228 222 233 238 265 264 241
 [91] 255 225 267 310 307 301 264 295 376 394 398 427 425 450 484 529 565 563
[109] 522 536 566 656 696 695 684 754 760 751 782 804 861

[[68]]
  [1]   10   10    6    6    8    6    6   12    9   11   11   14    9   14   10
 [16]   15   21   19   23   22   25   27   24   22   31   37   47   45   46   61
 [31]   67   60   71   92   84   92  104  105  135  144  141  175  149  152  152
 [46]  143  164  156  172  161  132  148  190  195  181  144  157  191  171  153
 [61]  161  183  197  220  223  243  237  257  271  267  270  237  302  311  328
 [76]  303  284  314  370  391  364  332  361  374  405  425  462  449  441  447
 [91]  497  482  475  466  482  492  531  535  559  625  601  568  603  681  730
[106]  698  714  705  716  817  874  922  954 1003 1034 1057 1148 1148 1141 1320
[121] 1392

[[69]]
  [1]  10  12  14  11  13  18  11  14  16  13  18  23  33  30  37  25  24  16
 [19]  13  20  17  18  29  19  25  33  23  20  24  28  25  45  48  53  41  39
 [37]  39  40  52  80  66  59  71  74  94  95  81  80  83 100 106 114 106 113
 [55] 112  98 129 130 122  95 107 113 134 118 127 115 112 104 111 122 165 164
 [73] 148 164 151 152 160 150 158 164 162 179 187 208 245 267 269 285 275 290
 [91] 328 374 389 362 380 399 392 405 380 429 419 409 459 445 528 533 533 589
[109] 635 610 649 674 769 744 786 808 856 927 926 989 968

[[70]]
  [1]   10    7    6    5    5    4    7    4    4    4    8    5    5    9    9
 [16]    8    8    8   13   11   15   12   15   18   14   15   25   20   27   21
 [31]   22   17   19   21   30   41   39   30   26   29   41   46   43   42   35
 [46]   39   46   42   37   37   35   39   58   83   89   85   93   78   79  107
 [61]  129  126  108  105  124  131  140  134  143  162  160  195  185  201  194
 [76]  200  220  284  285  234  262  263  303  359  389  371  350  393  410  476
 [91]  449  488  505  532  588  629  636  639  644  717  701  697  751  758  859
[106]  927  993  973 1018 1066 1084 1113 1177 1262 1289 1242 1354 1430 1570 1599
[121] 1642

[[71]]
  [1]   10   21   19   14   14   21   15   18   16   15   23   17   16   30   25
 [16]   31   27   24   30   24   20   22   28   26   30   39   30   29   32   31
 [31]   33   26   34   33   49   45   43   40   55   67   63   69   76   87  111
 [46]  116  104  118  124  109   95  103  111  129  135  152  151  145  146  166
 [61]  155  163  166  189  176  178  197  226  250  254  279  295  339  322  297
 [76]  315  328  395  373  387  406  429  481  535  535  592  565  564  564  571
 [91]  633  604  624  714  671  713  645  691  708  761  743  796  936  931  943
[106]  940  957  930  952 1014 1070 1118 1140 1200 1305 1300 1354 1429 1462 1541
[121] 1602

[[72]]
  [1]  10   7   6   6   4   2   9   9   8   7   7   7  11  14  17   8   6  21
 [19]  21  16  14  13  17  13  23  16  12  24  18  16  15  24  24  23  15  26
 [37]  21  17  17  20  14  22  26  26  34  28  30  29  41  27  25  22  29  25
 [55]  18  17  20  13  11  12  17  12  19  12  19  12   9   6   5   5   7  13
 [73]  22  31  31  29  31  30  28  24  30  32  55  51  53  58  69  72  83  71
 [91]  85 102 114 113 115  95 119 114 122 127 118 130 147 159 161 179 184 194
[109] 196 232 240 208 207 227 277 298 322 336 336 356 359

[[73]]
  [1]   10   19   15   13   15   13   12   30   29   27   30   32   36   33   26
 [16]   27   38   35   39   39   36   53   73   78   81   63   63   64   86   79
 [31]   75   79   85   89  100   92  105  112  125  143  131  128  132  137  158
 [46]  163  180  173  191  188  173  220  212  255  258  263  290  275  286  298
 [61]  325  313  355  318  343  357  386  402  430  406  410  465  507  494  472
 [76]  516  544  545  555  573  650  637  586  634  629  705  746  764  733  794
 [91]  801  925  889  905  940 1022 1086 1176 1127 1165 1213 1274 1292 1305 1343
[106] 1427 1497 1551 1533 1581 1615 1689 1786 1806 1884 1872 1996 2015 2029 2106
[121] 2195

[[74]]
  [1] 10  7  8  8 13 11  9 16 16 15 10 12 10  7  6  9  6  8  7  6  5  5  4  2  1
 [26]  1  1  1  0  0  0  0  0  0  0  0  0  0  0  0  0  0  0  0  0  0  0  0  0  0
 [51]  0  0  0  0  0  0  0  0  0  0  0  0  0  0  0  0  0  0  0  0  0  0  0  0  0
 [76]  0  0  0  0  0  0  0  0  0  0  0  0  0  0  0  0  0  0  0  0  0  0  0  0  0
[101]  0  0  0  0  0  0  0  0  0  0  0  0  0  0  0  0  0  0  0  0  0

[[75]]
  [1]  10   7   7  12  11   9  13  24  22  22  21  25  17  19  12  11  20  16
 [19]  16  15  20  23  27  34  36  35  42  36  40  51  48  59  51  46  41  44
 [37]  37  34  42  37  28  22  31  32  34  31  20  21  28  27  23  20  24  34
 [55]  26  45  39  40  50  61  52  46  41  58  61  81  90  97  80  68  83 102
 [73]  99  85  79  74  79  75  81  86  97  95  88  78  68  84  84  70  78 106
 [91] 122 133 143 135 125 140 172 186 208 231 191 209 209 204 227 223 263 245
[109] 234 272 259 283 288 298 287 289 325 329 336 344 377

[[76]]
  [1]   10   13    9    8   17   15   18   10   10    7   14   17   17   13   15
 [16]   13   18   12   20   22   36   40   29   29   26   32   29   34   37   31
 [31]   46   45   43   48   37   41   54   68   52   48   53   43   39   35   35
 [46]   33   32   42   38   34   36   39   36   36   68   53   56   49   53   50
 [61]   41   55   67   89   87   80  100   92  105  118  141  147  125  150  167
 [76]  187  190  176  176  170  172  204  201  222  257  275  297  301  295  352
 [91]  374  384  383  402  407  409  437  438  445  520  500  514  537  554  595
[106]  589  658  686  712  754  841  910  932  921  976 1050 1043 1195 1220 1213
[121] 1351

[[77]]
  [1]   10   19   21   30   27   27   31   27   42   36   37   40   48   54   70
 [16]   53   49   62   57   57   74  112  103   96   98  124  134  131  143  150
 [31]  125  138  180  166  166  200  180  172  177  193  198  196  189  167  168
 [46]  188  225  230  243  282  255  282  300  343  311  352  389  361  350  392
 [61]  378  394  430  475  490  510  488  513  553  538  553  552  644  656  622
 [76]  642  677  747  809  805  875  990  992  999 1016 1036 1154 1237 1285 1267
 [91] 1318 1403 1432 1521 1626 1581 1577 1718 1837 1794 1844 1984 1953 1987 2080
[106] 2234 2315 2382 2381 2524 2626 2701 2776 2894 2857 2985 3119 3300 3293 3363
[121] 3505

[[78]]
  [1]  10   9   7   6  15   8   7   9   9  13  16  16  16  14  10   8   6   5
 [19]   8  22  19  13  12  20  19  30  22  24  14  26  29  15  16  16  13  16
 [37]  20  23  21  24  36  35  36  41  60  59  58  73  62  54  75  72  60  58
 [55]  74  67  65  57  76  85  75  86  98  98 103 121 141 113 102 105 132 142
 [73] 144 145 157 153 145 155 160 161 182 161 176 183 201 179 185 215 212 230
 [91] 227 205 218 233 217 243 250 262 276 280 286 312 304 329 339 350 380 372
[109] 375 374 391 428 445 441 456 440 473 487 461 513 490

[[79]]
  [1]  10  15  15  23  16  15  19  13  16  13  13   9  16  17  30  31  30  28
 [19]  37  32  33  30  27  20  15  13  11  15  13   9  10   8  12  15   9  10
 [37]  10  21  23  25  23  23  21  23  39  35  35  24  19  24  31  40  27  25
 [55]  29  20  26  33  33  26  25  31  32  37  40  39  50  54  63  64  75  58
 [73]  58  71  63  61  70  83  77  74  68  81  83 100 113  98 114 134 147 135
 [91] 127 124 140 127 138 149 195 169 164 152 186 206 191 175 174 205 174 197
[109] 226 248 269 256 269 315 317 288 293 318 293 331 358

[[80]]
  [1]   10   17   17   12   13   14   31   25   19   23   22   24   26   24   29
 [16]   33   26   50   48   45   57   46   46   48   52   48   53   56   70   66
 [31]   81   74   69   67   68   89   89   87   91   97   94   93  100  105  118
 [46]  120  112  107  104  123  129  110  122  126  142  163  149  149  143  170
 [61]  175  187  190  189  187  173  179  191  242  275  279  304  291  322  351
 [76]  326  336  353  411  424  410  453  464  439  494  539  575  613  639  673
 [91]  672  736  724  788  840  829  869  912  924  932  962 1098 1225 1181 1207
[106] 1261 1317 1361 1334 1402 1369 1469 1573 1690 1720 1743 1803 1809 2042 2188
[121] 2181

[[81]]
  [1]   10   23   14   21   16   18   15   14   18   28   30   35   29   37   48
 [16]   48   51   64   55   63   52   68   79   89   96   94   96  120  106  116
 [31]  105  136  103  109  126  126  137  146  170  179  174  175  188  189  195
 [46]  203  229  241  273  284  255  276  261  285  273  250  284  346  353  344
 [61]  314  382  365  426  438  414  437  425  443  467  452  460  566  614  648
 [76]  672  682  640  666  673  763  799  828  816  849  920  959  993 1095 1080
 [91] 1090 1092 1195 1290 1350 1417 1453 1582 1617 1632 1674 1803 1967 2019 2162
[106] 2209 2326 2300 2431 2469 2534 2825 3048 3092 3283 3336 3490 3651 3777 3973
[121] 4099

[[82]]
  [1] 10 13  7  6 10  7  3  3  3  3  9  5  9  8 10  9  9 14  8  6 15 13 13  8  7
 [26]  4  3  2  2  2  5  2  1  0  0  0  0  0  0  0  0  0  0  0  0  0  0  0  0  0
 [51]  0  0  0  0  0  0  0  0  0  0  0  0  0  0  0  0  0  0  0  0  0  0  0  0  0
 [76]  0  0  0  0  0  0  0  0  0  0  0  0  0  0  0  0  0  0  0  0  0  0  0  0  0
[101]  0  0  0  0  0  0  0  0  0  0  0  0  0  0  0  0  0  0  0  0  0

[[83]]
  [1]  10   7  12  20  19  16  12  12  18  19  26  27  19  16  30  23  29  22
 [19]  24  24  36  28  22  19  17  19  15  21  19  13  12  24  23  23  24  26
 [37]  37  31  32  48  43  35  33  32  37  28  30  32  28  31  32  39  41  41
 [55]  42  52  71  69  65  87  81  71  74  73  83  76  70  83  91  96  90  99
 [73]  83  83 113 115 110 143 159 176 170 152 174 215 235 226 222 238 236 244
 [91] 240 279 248 244 261 283 305 347 356 350 352 424 429 417 435 491 480 502
[109] 516 561 579 596 567 610 603 682 685 759 776 775 744

[[84]]
  [1]  10  11   6   5   5   5   6   5   4   6  11   9   9   6  10  16  16  12
 [19]  11  10   8  11  15  25  17  16  21  23  22  20  26  36  32  35  33  31
 [37]  25  29  45  33  50  31  24  19  22  25  23  19  26  42  42  30  31  43
 [55]  32  30  34  38  47  31  27  38  27  38  43  44  46  48  50  56  52  52
 [73]  66  74  72  75  72  91  87  74  72  87 102  91  96 103  96  97 103 101
 [91] 116 115 102  86  82  81  91  78  78  89 109 108  99 114 125 120 122 117
[109] 108 125 110 121 121 112 130 114 109 150 140 141 162

[[85]]
  [1]  10   8  10   6  12  10   7   6  11   7   6   4   4   7   7   7  13  16
 [19]  10   9  16  21  22  22  21  15   9  14  11  10   6  10  12  20  16  14
 [37]  18  19  21  16  17  12   9   9  14  18  30  25  25  22  24  33  45  35
 [55]  36  38  41  30  42  44  57  49  39  43  45  40  42  48  41  53  56  63
 [73]  45  50  62  85  89  77  84  93 115 103  95  91 100  82 114 114  99  97
 [91]  80 114 137 109 115 138 145 148 150 152 160 173 173 146 161 165 186 195
[109] 192 193 231 224 248 239 247 286 298 330 356 362 366

[[86]]
  [1]   10    7   12    9   15   14   17   24   18   14   19   14   16   14   23
 [16]   21   18   14   20   21   28   20   14   11   20   21   26   25   20   17
 [31]   17   33   25   28   20   25   19   37   43   43   30   26   28   32   46
 [46]   48   60   51   51   54   65   56   74   61   76   63   53   59   66   78
 [61]   85  101  111  101  149  146  145  141  193  223  240  235  254  267  254
 [76]  253  264  274  275  309  322  336  331  323  341  403  434  414  402  439
 [91]  468  477  485  510  546  561  601  597  609  620  598  651  680  647  681
[106]  711  767  794  826  805  905  924  901  980 1037  989 1026 1064 1078 1185
[121] 1174

[[87]]
  [1]   10    9   12   20   18   17   14   13    8   15   15   13   11    8    8
 [16]   12   21   15   13   16   12   11   10    9    9   23   16   20   25   24
 [31]   23   21   18   16   34   49   36   30   30   41   57   62   60   58   62
 [46]   59   69   81   96   94   75   87  108   95  108   99  112  124  138  134
 [61]  126  155  164  176  205  209  214  234  240  245  278  339  326  348  378
 [76]  392  406  437  477  497  499  497  508  540  571  562  613  609  650  710
 [91]  709  752  739  738  770  800  848  825  875  834  862  890  971 1031 1094
[106] 1153 1140 1296 1324 1393 1396 1430 1543 1633 1698 1817 1910 1849 1969 2059
[121] 2127

[[88]]
  [1] 10  8  7 10  7  8 13 10  9 11  9  7 10  7  7  5  4  3 10  5  4  8  5  4  4
 [26]  9  6 11 10 10  8 13 15 12 16 16 13 14 21 21 14 17 27 26 18 23 26 24 38 33
 [51] 37 38 27 33 27 24 24 24 20 18 21 18 16 11  8  8  8  8  7  6  6  6  5 10 11
 [76]  9  6 11  7  6  6  4  9 13 12 20 17 19 18 21 18 22 25 21 34 22 26 28 39 38
[101] 29 20 17 18 14 12 14 19 20 15 15 15 10 16 10  7  6 10 10  8  7

[[89]]
  [1]  10   5  13  10   8   9   7   7  17  12  12   9  17  17   9  14  15  15
 [19]  11   5   9  11   8   9   8  11   8   7  10   8   7  13  15  10   8   7
 [37]   7  13  20  20  16  15  19  34  34  24  27  23  27  27  29  25  25  28
 [55]  21  20  18  32  30  22  19  25  20  23  20  26  31  34  27  36  51  43
 [73]  36  46  48  49  44  40  51  47  53  76  74  70  64  75  75  97  99  96
 [91] 107 110 109 115 130 127 102 138 148 144 157 148 137 130 144 165 172 176
[109] 193 174 192 216 231 244 264 254 277 322 327 338 312

[[90]]
  [1] 10  5  4  4  4  4  2  1  1  6  3  2  2  1  1  1  0  0  0  0  0  0  0  0  0
 [26]  0  0  0  0  0  0  0  0  0  0  0  0  0  0  0  0  0  0  0  0  0  0  0  0  0
 [51]  0  0  0  0  0  0  0  0  0  0  0  0  0  0  0  0  0  0  0  0  0  0  0  0  0
 [76]  0  0  0  0  0  0  0  0  0  0  0  0  0  0  0  0  0  0  0  0  0  0  0  0  0
[101]  0  0  0  0  0  0  0  0  0  0  0  0  0  0  0  0  0  0  0  0  0

[[91]]
  [1] 10  6  5  2  2  2  5  4  4  3  3  2  2  1  1  3  2  2  2  3  7  8  8  7  5
 [26]  5 12  9 12 20 18 12  8  5  3  3  2  2  1  1  1  5  3  3  3  3  1  1  1  6
 [51]  4  2  2  2  9  8  7  6  6 10 13 20 29 24 15 18 25 31 18 14 16 11 15 10  7
 [76]  6  7  5 15 18 12 15 11 24 20 23 20 33 37 34 26 29 31 36 31 32 23 27 31 23
[101] 19 20 22 20 22 26 24 18 17 26 25 27 28 23 22 25 21 22 17 23 18

[[92]]
  [1]   10   20   15   14   16   10    8    6    6    7    6   11   22   18   24
 [16]   28   26   25   26   29   35   36   34   31   29   32   43   44   41   33
 [31]   39   45   50   45   46   37   39   37   55   54   50   57   69   86   76
 [46]   79   80   70   73   73   78  108   98  112  106  110  104  120  116  103
 [61]  126  113  128  157  171  201  188  188  242  264  267  261  269  298  299
 [76]  308  306  309  308  336  350  371  376  432  420  410  419  436  472  442
 [91]  494  519  493  539  547  602  630  634  671  668  673  794  847  906  874
[106]  951  952 1032 1016 1023 1071 1086 1133 1179 1285 1322 1330 1469 1502 1648
[121] 1654

[[93]]
  [1] 10 12 14 13 12 12 10  8 13 17 14 11  6 14  6  9  5  5  5  8  6  3  8 11  5
 [26]  4  2  1  1  1  1  1  0  0  0  0  0  0  0  0  0  0  0  0  0  0  0  0  0  0
 [51]  0  0  0  0  0  0  0  0  0  0  0  0  0  0  0  0  0  0  0  0  0  0  0  0  0
 [76]  0  0  0  0  0  0  0  0  0  0  0  0  0  0  0  0  0  0  0  0  0  0  0  0  0
[101]  0  0  0  0  0  0  0  0  0  0  0  0  0  0  0  0  0  0  0  0  0

[[94]]
  [1]   10    9   16   18   17   21   21   17   26   17   33   25   24   24   29
 [16]   21   20   21   31   19   21   22   31   45   51   55   57   41   62   56
 [31]   63   77   81   96  115  141  151  185  180  181  206  211  206  206  208
 [46]  285  291  275  259  279  307  344  361  360  367  380  387  369  425  440
 [61]  483  459  491  488  547  569  569  557  613  632  677  741  793  789  792
 [76]  872  895  911  901  863  966  949 1014 1098 1013 1112 1182 1246 1274 1344
 [91] 1434 1413 1511 1682 1805 1800 1839 1986 2079 2130 2252 2216 2364 2466 2483
[106] 2583 2634 2800 2863 2993 3083 3155 3348 3433 3488 3656 3650 3895 3998 4133
[121] 4289

[[95]]
  [1]  10  10  13  17  14  11  12  18  18  18  19  17  15  16  26  14  27  30
 [19]  38  33  31  32  37  42  36  34  34  30  35  29  41  44  41  36  32  32
 [37]  42  41  37  36  30  26  23  41  27  32  33  42  45  38  30  33  29  37
 [55]  46  41  45  36  43  50  60  49  46  51  62  58  57  69  69  70  86  72
 [73]  73  87  99 113 125 117 108 128 126 116 127 148 132 143 131 130 136 158
 [91] 163 166 169 193 167 181 200 206 187 238 238 231 257 269 289 267 314 348
[109] 335 328 337 334 395 499 493 484 471 558 606 645 662

[[96]]
  [1]  10  14   8   5   4   3   3   3   7   7   5   5  13  10   8   8   6   6
 [19]  20  18  14  13  17  14  17  25  26  21  28  19  28  33  37  34  34  39
 [37]  55  45  53  51  53  52  46  59  66  62  71  47  51  62  50  52  63  67
 [55]  65  63  61  54  60  61  70  88  89  86  90  81 104 116 124 138 143 158
 [73] 177 169 157 177 189 164 177 205 214 225 222 240 253 243 235 218 245 279
 [91] 295 311 307 304 267 294 305 375 380 358 377 378 402 438 482 469 499 482
[109] 565 556 570 584 651 682 747 768 736 827 852 875 953

[[97]]
  [1]  10  17  16  11   6   8   8   8  12   8   8   7   5   8   4   4  10  16
 [19]  14  11  10  10  15  19  23  23  13  24  27  20  13  15  15  12  16  11
 [37]  13  15  10  14   7   9   6   6  13   6   5  10   8   7   7   8  14  15
 [55]   7   6  10  10   8  15  11  11  13   7   8  14   9   8  12   7   7   6
 [73]   5   3   3  10  10   7   7   7   6   6  11  21  22  17  16  21  34  42
 [91]  47  44  38  31  37  40  53  73  58  54  50  43  75  77  82  69  68  75
[109]  70  61  57  66  62  80  70  76  84 106  92 114 106

[[98]]
  [1]   10   16   12   10   11   12   25   25   25   29   26   27   29   37   42
 [16]   35   38   49   45   53   62   58   72   61   60   54   67   58   59   61
 [31]   74   55   62   59   57   55   70   86   87   58   60   96   85   98   97
 [46]   76   90  101  102  106  118  115  121  135  143  171  195  208  197  202
 [61]  223  235  268  274  268  293  267  333  369  368  318  352  417  411  440
 [76]  446  463  511  503  505  544  639  650  608  606  593  670  703  723  782
 [91]  804  786  840  884  896  919  969 1042 1070 1134 1129 1145 1138 1273 1354
[106] 1399 1492 1476 1502 1485 1636 1610 1666 1673 1732 1758 1862 1981 2075 2176
[121] 2196

[[99]]
  [1]   10   14    9    9   15    9   18   13   12   16   15   14   26   24   22
 [16]   19   23   31   28   29   30   53   57   56   45   44   38   40   27   36
 [31]   40   26   32   36   44   44   41   39   54   69   66   60   67   66   73
 [46]   73   79  106  103   89  111  106  116  115  158  171  150  184  180  171
 [61]  203  212  197  207  195  192  221  225  242  252  244  243  263  272  276
 [76]  333  340  356  346  364  406  372  388  422  435  497  501  533  576  590
 [91]  613  670  667  724  694  717  757  806  799  825  839  865  899  998  964
[106]  968 1073 1056 1173 1247 1286 1245 1327 1410 1430 1542 1700 1722 1690 1757
[121] 1790

[[100]]
  [1]   10   12   13   17   20   20   21   23   23   37   34   28   29   32   28
 [16]   30   34   31   34   38   38   52   50   53   46   41   48   42   42   40
 [31]   51   61   63   65   66   64   83   77  107  107  111  117  114   98  117
 [46]  140  152  143  147  123  147  152  148  138  157  172  152  188  200  201
 [61]  194  188  214  191  214  221  239  291  282  282  281  338  331  335  327
 [76]  378  406  397  404  479  551  561  572  589  600  612  646  711  722  760
 [91]  833  848  853  947  978  984 1032 1057 1131 1156 1217 1257 1308 1340 1355
[106] 1403 1589 1560 1628 1701 1791 1854 1994 2080 2175 2182 2251 2448 2545 2653
[121] 2719

[[101]]
  [1] 10 11  8 14 14 14 12 11 14 17 14 14 13 13 13 11 10 20 15 14 13 14 10 11 11
 [26]  8 28 26 19 14 11  9  9 19 18 14 10  8  8  7  7  9 12 18 18 21 20 17 39 40
 [51] 26 19 32 36 39 33 40 49 40 34 29 41 42 46 44 40 29 27 31 30 24 15 15 19 16
 [76] 15 18 19 12 13 18 13 13 11 14 10 13 16 10 11 13  5  5  4  4  3  7  6  4  4
[101]  4  4 10 15 13  7  6  5  5 11  8  7  5  5  9 15 11 11 12 26 18

[[102]]
  [1] 10  6  5  7  2  1  1  1  1  1  1  1  1  1  1  1  1  1  1  1  1  8 11  5  1
 [26]  0  0  0  0  0  0  0  0  0  0  0  0  0  0  0  0  0  0  0  0  0  0  0  0  0
 [51]  0  0  0  0  0  0  0  0  0  0  0  0  0  0  0  0  0  0  0  0  0  0  0  0  0
 [76]  0  0  0  0  0  0  0  0  0  0  0  0  0  0  0  0  0  0  0  0  0  0  0  0  0
[101]  0  0  0  0  0  0  0  0  0  0  0  0  0  0  0  0  0  0  0  0  0

[[103]]
  [1]   10   11   18   13   17   16   16   18   13   21   30   35   36   41   33
 [16]   35   43   45   50   43   54   67   58   50   51   62   60   75   64   50
 [31]   65   56   79   72   56   69   97   90   97  102  111  124  133  147  158
 [46]  193  200  210  241  248  261  285  270  288  276  317  291  322  315  344
 [61]  397  417  392  377  399  452  440  404  456  458  464  499  470  506  552
 [76]  590  595  633  687  688  700  697  738  744  709  725  736  816  860  915
 [91]  919  957  950  975 1030 1080 1145 1178 1230 1299 1356 1514 1496 1577 1647
[106] 1605 1670 1718 1805 1763 1880 1951 2124 2080 2100 2209 2328 2315 2500 2650
[121] 2696

[[104]]
  [1] 10  5  3  3  2  2  2  1  1  1  0  0  0  0  0  0  0  0  0  0  0  0  0  0  0
 [26]  0  0  0  0  0  0  0  0  0  0  0  0  0  0  0  0  0  0  0  0  0  0  0  0  0
 [51]  0  0  0  0  0  0  0  0  0  0  0  0  0  0  0  0  0  0  0  0  0  0  0  0  0
 [76]  0  0  0  0  0  0  0  0  0  0  0  0  0  0  0  0  0  0  0  0  0  0  0  0  0
[101]  0  0  0  0  0  0  0  0  0  0  0  0  0  0  0  0  0  0  0  0  0

[[105]]
  [1]  10  13   9   8  12   9  15   9  13  11  15  11  15  20  12  16  16  11
 [19]  18  14  20  14  11   9  19  12  10   7   6   9  16  14  17  12  23  17
 [37]  17  11  19  20  19  15  15  15  21  28  31  39  30  32  29  67  59  68
 [55]  67  71  82  81  65  77  77  75  84  96  84  75  88  70  89 105 121 121
 [73]  98  96  91  88  95 104 103 119 117 118 110 129 120 135 162 188 170 161
 [91] 177 198 228 227 229 249 236 253 267 299 307 259 252 317 313 326 332 337
[109] 363 355 337 361 389 407 384 392 418 422 393 400 405

[[106]]
  [1]  10  17  18  14  12  10  16  17  21  19  19  26  21  18  28  28  26  41
 [19]  44  51  52  43  45  55  47  42  44  49  53  84  87  85  63  71  80  71
 [37]  95  91  86  80  89  90  90  73  83  85  81  70  80  92  99  82  75  84
 [55]  63  60  60  67  70  83 102 101 101  87  77  95 109 123 103  98 118 134
 [73] 152 145 161 133 149 155 183 176 181 207 210 200 187 190 228 224 258 257
 [91] 284 296 267 292 265 289 343 351 352 328 339 376 368 429 456 456 477 431
[109] 491 519 520 532 568 607 633 644 617 617 592 672 760

[[107]]
  [1]   10    8    9   10   10   14   14   18   11   16   15   14   10   14   18
 [16]   15   14   17   20   22   27   34   28   36   36   33   36   27   33   27
 [31]   30   36   39   43   40   30   42   57   70   63   60   59   71   63   81
 [46]   78   90  105  126  120  107  102  108  130  112  125  138  139  164  145
 [61]  130  134  151  182  174  169  181  168  189  195  191  232  252  240  242
 [76]  253  281  282  269  270  346  401  352  365  406  444  418  455  424  432
 [91]  416  479  485  483  495  501  574  601  614  630  631  660  681  693  708
[106]  688  723  726  749  769  819  865  934  980 1005 1082 1125 1199 1149 1206
[121] 1228

[[108]]
  [1]   10    5    4    4   10   13    8    8    8   13   16   12   17    9   22
 [16]   16   17   26   16   21   26   27   27   38   42   44   44   31   26   41
 [31]   57   32   39   27   30   30   30   28   26   35   40   39   39   33   36
 [46]   40   44   46   42   33   52   63   63   49   51   73   82  109   95  107
 [61]  103  113  115  120  120  120  128  150  162  169  165  142  176  177  196
 [76]  187  205  215  194  186  230  240  240  299  277  303  306  342  305  310
 [91]  350  358  341  389  382  368  404  457  470  454  430  440  485  530  543
[106]  527  567  563  594  613  642  674  758  776  790  808  822  928  938  992
[121] 1031

[[109]]
  [1] 10  8 13 12 10  8  6 10  8  8  5  4  3  3  2  2  2  0  0  0  0  0  0  0  0
 [26]  0  0  0  0  0  0  0  0  0  0  0  0  0  0  0  0  0  0  0  0  0  0  0  0  0
 [51]  0  0  0  0  0  0  0  0  0  0  0  0  0  0  0  0  0  0  0  0  0  0  0  0  0
 [76]  0  0  0  0  0  0  0  0  0  0  0  0  0  0  0  0  0  0  0  0  0  0  0  0  0
[101]  0  0  0  0  0  0  0  0  0  0  0  0  0  0  0  0  0  0  0  0  0

[[110]]
  [1]   10    8    7   16   10   10   12    9    8    9   24   17   15   27   43
 [16]   40   35   43   40   34   34   33   33   26   37   50   62   59   48   51
 [31]   67   76   77   59   79   75   52   66   78   93  114  137  136  128  118
 [46]  133  150  156  165  207  193  213  192  196  188  178  177  203  223  223
 [61]  218  199  245  261  247  239  266  310  285  337  316  316  323  359  366
 [76]  408  438  475  458  470  469  444  482  481  486  517  515  535  551  552
 [91]  546  585  701  745  750  779  820  834  929  893  945  986 1053 1062  986
[106] 1051 1176 1183 1272 1353 1380 1487 1528 1516 1657 1709 1804 1755 1913 2098
[121] 2167

[[111]]
  [1]   10   17   12   12   16   21   30   30   21   24   29   20   15   10   17
 [16]   18   25   29   33   31   24   27   39   40   50   51   45   46   50   46
 [31]   50   64   64   62   66   61   69   54   97   87   83   98   87  101  126
 [46]   93   81   69  103  136  102  116  118  132  129  153  148  154  147  154
 [61]  151  166  135  132  135  133  140  165  151  195  213  218  234  251  297
 [76]  303  311  312  331  350  350  409  428  461  456  511  537  560  629  609
 [91]  610  618  694  699  761  804  762  777  870  959  982 1062 1043 1046 1073
[106] 1055 1098 1201 1203 1246 1282 1347 1439 1490 1592 1688 1752 1834 1857 1887
[121] 2028

[[112]]
  [1]  10   7   9  11   7   5   4   9   8  10   7   6   9  12   9   7   6  10
 [19]   7   8  11  13  16  11  12  11  26  24  32  25  20  19  20  25  25  25
 [37]  21  29  26  38  26  35  44  29  33  35  40  46  63  59  42  49  43  45
 [55]  51  45  43  43  31  30  26  37  30  32  27  32  48  64  60  59  55  62
 [73]  58  59  46  39  43  40  49  58  60  63  61  51  57  76  63  64  72  56
 [91]  62  83  99  83  69  91  93  90  90  82  98 109 105 115 103 110 120 103
[109] 117 116 104 106 111 114 128 110 106 132 132 124 151

[[113]]
  [1]   10   16   19   20   15   21   19   19   20   21   19   19   21   10   13
 [16]   10   14   13   16   19   22   22   31   25   22   26   34   36   30   31
 [31]   42   43   35   55   48   46   53   82   83   97   98  100  116  118  107
 [46]  113  112   96  103  117  124  128  139  116  139  156  158  148  150  187
 [61]  169  163  154  162  192  191  201  222  245  233  249  244  268  308  331
 [76]  335  375  408  379  380  450  516  488  523  575  586  599  646  710  681
 [91]  728  794  889  884  897  943  951 1005 1023 1046 1053 1119 1183 1212 1251
[106] 1393 1407 1439 1512 1537 1607 1664 1771 1789 1832 1949 2119 2086 2200 2165
[121] 2308

[[114]]
  [1]   10    8    6   10    9   11   13   15    9   11   14   12    8    6   10
 [16]    9   13    8    8    7   15   15   15   19   16   18   14   13   13   22
 [31]   24   22   23   14   18   21   18   14   22   27   20   26   30   41   38
 [46]   49   52   47   51   46   65   74   57   71   78   70   62   62   85  106
 [61]  104  111  113  111  124  129  153  151  175  178  160  143  179  174  211
 [76]  229  220  218  219  261  257  249  281  273  304  312  337  433  422  409
 [91]  424  435  457  484  485  499  553  596  621  694  698  717  798  884  955
[106] 1043 1045 1025 1042 1093 1106 1150 1140 1230 1290 1357 1409 1435 1483 1511
[121] 1513

[[115]]
  [1]   10    7   10   10   12   16   11   12   11   10   15   26   31   25   20
 [16]   15   21   26   27   31   27   21   23   20   25   37   33   39   31   20
 [31]   42   44   48   51   52   52   40   47   60   72   69   64   51   56   72
 [46]   84   68   61   71   77   71   60   76   75   92   98   94   93  121  106
 [61]  117  135  158  154  134  140  146  131  142  152  167  191  190  205  191
 [76]  202  254  237  250  264  246  243  278  299  283  326  361  385  365  387
 [91]  399  440  431  456  463  456  515  494  438  504  571  560  591  599  588
[106]  621  652  670  728  819  783  816  848  852  881  948  991 1122 1088 1119
[121] 1088

[[116]]
  [1]   10   19   10    7   15    9   13   11    8    6   23   22   18   26   28
 [16]   39   27   37   39   31   48   46   50   35   42   36   39   44   34   39
 [31]   32   35   39   50   49   52   42   45   44   52   56   55   77   59   80
 [46]   61   88   77   84  104  122  111  115  121  143  151  150  155  154  181
 [61]  189  169  188  191  189  182  191  210  218  220  214  238  247  260  298
 [76]  319  359  362  344  376  400  431  456  467  507  515  558  588  628  611
 [91]  671  674  674  682  725  702  738  815  830  884  867  929  922  936  996
[106] 1093 1134 1150 1199 1243 1256 1356 1416 1505 1529 1639 1686 1855 1890 1977
[121] 2033

[[117]]
  [1]   10    9   13   16   14   19   13   21   19   23   32   31   39   34   26
 [16]   31   39   28   33   33   37   35   28   26   29   33   38   43   30   43
 [31]   45   45   43   68   76   70   65   76   95  103   90   91   91   81  107
 [46]  117  108   94  108  103   88   77  104  110  117  138  142  137  128  150
 [61]  143  165  163  170  191  183  188  180  194  202  214  237  232  269  274
 [76]  306  309  315  326  326  354  358  452  451  422  432  500  524  545  541
 [91]  567  618  595  652  653  675  678  717  810  864  904  908  909  958  948
[106] 1005  978 1060 1098 1123 1162 1156 1177 1237 1360 1379 1411 1473 1532 1560
[121] 1585

[[118]]
  [1]   10   17   12   15   18   17   21   17   28   23   29   28   30   31   36
 [16]   30   44   41   44   43   44   60   55   67   67   61   59   70  108   84
 [31]   87   80   95   97  113  109   94   94  128  126  116  139  136  143  154
 [46]  155  163  164  168  169  157  141  181  171  139  153  142  141  163  187
 [61]  199  200  211  219  216  216  243  255  233  260  293  297  299  280  319
 [76]  335  329  356  334  381  408  413  470  475  494  507  566  620  592  605
 [91]  624  625  639  713  750  774  794  800  873  938 1067 1151 1157 1161 1209
[106] 1253 1321 1427 1482 1485 1550 1616 1643 1632 1708 1798 1903 1960 2065 2134
[121] 2258

[[119]]
  [1] 10  7  6 11  9  6  6  9 19 14 11 10  9  7 18 17 11 16 15 18 27 25 22 21 15
 [26] 12 12 13 16 19 13 11 12 12 12  8 18 18 14 12 16 18 30 26 16 16 15 14 13 13
 [51] 16 20 20 28 32 26 25 38 32 30 31 30 20 18 14 17 13 17 20 25 23 16 12 12  8
 [76] 13 13 25 26 18 22 25 20 24 25 27 20 17 20 12 10  8 14 12  8  7  7  6  5  4
[101]  4  5  6  3  1  1  1  7  8  3  2  2  2  2  2  2  2  2  2  1  1

[[120]]
  [1]   10    8   12   20   21   28   27   37   30   37   42   37   60   60   43
 [16]   37   39   42   64   56   59   54   47   50   50   55   81   85   94   93
 [31]   91   96   83   96  123  121  112  106  118  117  134  139  130  127  139
 [46]  140  127  152  154  159  157  161  170  177  188  214  224  227  261  248
 [61]  270  252  260  281  272  286  279  300  320  323  330  304  308  322  338
 [76]  338  321  377  437  411  406  407  409  428  417  452  468  507  477  521
 [91]  540  542  548  586  629  685  663  654  667  736  778  850  879  904  946
[106]  942  950 1044 1038 1120 1204 1243 1248 1296 1375 1370 1397 1520 1480 1598
[121] 1689

[[121]]
  [1]   10   13   14   18   21   16   18   25   33   16   23   20   14   16   23
 [16]   25   20   18   20   23   31   50   48   38   41   46   52   51   64   82
 [31]   92   90   81   94  116  113  122  116  135  151  164  181  150  188  191
 [46]  202  224  215  216  247  254  261  255  272  296  314  283  301  317  331
 [61]  338  374  342  350  357  338  333  389  439  466  495  532  551  525  591
 [76]  583  600  591  606  628  652  657  694  704  756  802  823  854  863  870
 [91]  953 1009 1048 1052 1138 1214 1221 1264 1412 1465 1553 1552 1584 1658 1738
[106] 1788 1768 1802 2064 2150 2184 2208 2191 2363 2588 2635 2595 2702 2802 2853
[121] 2991

[[122]]
  [1]   10    9    7    7    5   19   14   19   29   25   33   45   40   33   47
 [16]   41   66   62   61   55   53   61   68   74  100  100   94   96   91   87
 [31]   93  102  117  116  148  146  163  168  180  207  195  193  243  256  252
 [46]  262  255  305  282  311  290  305  322  328  363  320  385  395  359  358
 [61]  415  407  432  473  505  557  567  554  636  676  691  727  746  766  803
 [76]  879  903 1004 1050 1114 1072 1153 1234 1263 1304 1317 1391 1473 1575 1578
 [91] 1630 1730 1795 1855 2068 2082 2111 2120 2257 2423 2591 2549 2621 2740 3021
[106] 3131 3234 3384 3463 3610 3742 3967 4011 4199 4272 4386 4499 4719 4936 5175
[121] 5418

[[123]]
  [1]  10   8   8  13  11  11  16  15  11  16  15  23  22  18  18  25  25  20
 [19]  14  15  11  13  12  13   7   4   3   3   6   4   3   3   3   3   8   7
 [37]   7   5   4   3   2   7  11  10   8  12   7  13  11  17  16  13  15  23
 [55]  24  17  13  12  10  21  22  33  29  29  47  53  51  40  53  50  46  54
 [73]  60  65  86  77  66  65  58  68  86  90  79  85  77  91  86  96  83  98
 [91]  88  92 115 106 116 133 120 118 104  91 110  90 115 131 143 143 116 112
[109] 144 152 156 180 146 150 163 173 168 178 197 193 191

[[124]]
  [1]   10    8    7    9   12   13   15   11    8    8   11   25   18   20   18
 [16]   24   26   29   25   29   34   43   49   48   50   54   63   73   83   88
 [31]   73   81   73   81   84  104  103   88   82   83   78   88  100  113  121
 [46]  119  117  130  168  154  159  187  184  218  208  216  216  228  231  256
 [61]  269  284  322  316  333  342  345  370  398  397  411  401  432  426  423
 [76]  472  494  481  516  567  566  562  575  645  673  661  651  679  730  793
 [91]  860  828  849  860  893  954  964  982 1023 1035 1168 1200 1163 1207 1225
[106] 1328 1397 1468 1525 1574 1716 1733 1862 1955 2089 2156 2189 2340 2485 2701
[121] 2785

[[125]]
  [1]  10  16  18  20  21  36  22  20  24  26  31  41  34  30  33  29  32  40
 [19]  35  45  43  32  32  26  31  46  35  22  18  17  22  14  11  22  22  16
 [37]  14  10  14  19  13  17  21  22  33  20  24  17  22  26  22  20  27  22
 [55]  20  25  27  34  34  46  34  28  25  23  35  38  35  24  27  25  29  36
 [73]  32  40  38  37  39  53  65  65  48  42  63  75  67  66  62  82  78  87
 [91]  82  92 107 107 102 136 136 142 145 146 187 184 167 206 223 233 241 270
[109] 266 287 317 312 327 357 371 380 412 427 427 450 496

[[126]]
  [1]   10   14    9   19   17   14   32   24   29   25   31   28   20   23   37
 [16]   39   38   32   34   47   28   41   41   38   40   65   58   60   66   75
 [31]   58   52   70   66   81   79   74  103   98  108  105   95  121   86   87
 [46]  100  106  121  116  128  112  131  133  141  153  170  161  156  160  173
 [61]  167  186  191  205  203  215  225  221  219  265  301  287  323  337  356
 [76]  375  397  400  440  401  453  452  463  468  537  605  628  610  647  676
 [91]  672  692  808  812  845  916  870  978 1019 1016 1064 1123 1161 1178 1189
[106] 1253 1266 1282 1335 1427 1385 1350 1458 1627 1644 1720 1800 1859 1935 1972
[121] 2070

[[127]]
  [1] 10 10  9  5  8  4  4  3  7  9  7  5  5  3  3  2  7  5  4  4  4  3  2  1  1
 [26]  1  1  6  2  2  2  9 10 12  8  7  6  6 10  8  7 12 18 13  7  7 14 10 12 13
 [51] 15 12 10  9 14 15 16 12 16 15 15 24 21 16 16 11  6  6 15 12 10 14  9  9 12
 [76] 10 10 20 18 17 30 22 21 22 21 23 20 12 18 21 27 23 18 22 27 30 28 29 30 34
[101] 30 24 21 26 31 29 31 41 48 43 39 32 30 46 59 56 52 43 41 41 39

[[128]]
  [1]   10    8   16   16   12    8   15   20   21   26   27   25   20   26   32
 [16]   34   34   38   38   44   33   25   30   33   26   35   31   29   29   33
 [31]   33   27   40   45   44   43   44   36   42   58   58   57   56   68   61
 [46]   50   57   87   79   80   86   80   73   76   73   83  102   76   92   80
 [61]   82  100  107  111  117  153  130  139  128  136  127  109  131  136  142
 [76]  162  179  155  146  172  188  212  192  189  209  245  233  247  232  266
 [91]  291  325  366  340  357  391  365  358  436  495  511  507  512  500  597
[106]  557  622  626  681  701  699  763  772  884  931  949  957  933 1007 1017
[121] 1119

[[129]]
  [1]  10  13  13  11  12  10  12  14  14  11  21  24  21  14  16  11  16  17
 [19]  19  16  12  15  19  20  15  21  18  18  27  31  37  40  38  23  22  16
 [37]  21  22  26  23  24  19  18  16  17  18  18  24  26  21  15  21  36  38
 [55]  22  22  27  43  53  39  32  43  53  40  38  40  43  51  41  49  39  67
 [73]  68  71  64  67  56  58  63  80  69  65  49  58  64  76  73  69  72  70
 [91]  68  82  70  80  79  99  88  95  93  86  87  97 104 105 114 123 118 133
[109] 137 134 155 152 137 131 168 195 191 183 167 159 170

[[130]]
  [1] 10  8  7 17 12  8  5  4  6  4  4  3  3  3  2  2  2  1  1  1  1  1  0  0  0
 [26]  0  0  0  0  0  0  0  0  0  0  0  0  0  0  0  0  0  0  0  0  0  0  0  0  0
 [51]  0  0  0  0  0  0  0  0  0  0  0  0  0  0  0  0  0  0  0  0  0  0  0  0  0
 [76]  0  0  0  0  0  0  0  0  0  0  0  0  0  0  0  0  0  0  0  0  0  0  0  0  0
[101]  0  0  0  0  0  0  0  0  0  0  0  0  0  0  0  0  0  0  0  0  0

[[131]]
  [1] 10  7  7 11 13 15 11 15 18 13 14 11  9 23 21 14 11 10 17  7  5  3  2  2  1
 [26]  6  5  4  3  2  2  2  2  0  0  0  0  0  0  0  0  0  0  0  0  0  0  0  0  0
 [51]  0  0  0  0  0  0  0  0  0  0  0  0  0  0  0  0  0  0  0  0  0  0  0  0  0
 [76]  0  0  0  0  0  0  0  0  0  0  0  0  0  0  0  0  0  0  0  0  0  0  0  0  0
[101]  0  0  0  0  0  0  0  0  0  0  0  0  0  0  0  0  0  0  0  0  0

[[132]]
  [1]  10   9   9  11  19  24  18  16  16  13  17  20  19  19  22  20  17  11
 [19]  27  32  26  27  20  23  27  35  40  38  37  33  25  21  36  31  35  46
 [37]  38  47  52  49  42  38  34  52  52  39  31  33  43  42  45  41  48  55
 [55]  55  48  56  55  61  42  45  62  61  66  79  76  62  71  72  74  71  85
 [73]  85  83  82  80  82  99 101 104 119 135 147 129 136 135 126 143 165 178
 [91] 157 164 155 134 175 207 213 202 206 228 232 229 232 229 215 257 226 206
[109] 229 242 261 251 265 281 336 319 280 302 355 356 391

[[133]]
  [1]   10    8   20   19   18   29   28   46   46   42   43   41   41   55   46
 [16]   39   47   75   81   70   66   81   90   93   92   89  109  110  140  134
 [31]  134  124  121  131  121  132  122  136  154  143  145  178  192  214  198
 [46]  181  169  172  195  190  218  217  216  232  222  261  267  242  221  246
 [61]  262  254  275  315  313  322  299  311  316  318  334  313  394  344  378
 [76]  344  349  420  443  448  463  476  510  526  527  585  590  629  683  711
 [91]  767  764  750  856  870  922  929  920  922 1035 1055 1129 1170 1175 1242
[106] 1273 1336 1424 1448 1497 1609 1661 1858 1795 1867 1973 1994 2039 2149 2265
[121] 2255

[[134]]
  [1]  10   6   6   5   4   9  12   4   4   3   3   3   8   5   8  10   7   6
 [19]  12   6  24  15  13  11  10   9  11  16  26  29  28  20  35  35  29  42
 [37]  40  39  37  37  49  46  44  37  30  35  43  42  46  35  53  41  37  31
 [55]  37  40  52  39  42  46  49  57  59  56  50  53  55  74 105  93  84  77
 [73]  72  78  80  81  71  80  94  88 100 108 112 126 104 118 105 124 137 117
 [91] 126 132 131 127 155 162 157 207 218 194 166 177 190 206 236 229 242 226
[109] 229 203 216 232 269 246 290 299 293 284 284 305 303

[[135]]
  [1]  10  11  13  22  23  30  20  20  22  32  28  31  22  23  27  24  28  25
 [19]  24  32  25  31  26  27  35  39  42  35  37  40  51  63  71  62  64  78
 [37] 100 102 102  90  97 116  99 106 100 114  98  74  99 116 118 130 110 133
 [55] 126  98 134 124 100 100 111 140 139 124 124 137 138 128 119 135 140 155
 [73] 150 182 199 207 220 221 206 204 215 222 231 286 266 257 278 277 296 321
 [91] 348 351 345 365 382 376 423 428 438 445 428 424 467 456 571 557 545 550
[109] 599 566 551 616 680 745 698 703 710 746 768 876 851

[[136]]
  [1]  10  13  18  14  13   9  11   8   8  14  23  14  18  12  14  12  11  15
 [19]  30  21  23  24  19  22  29  34  30  22  34  27  32  30  21  28  21  23
 [37]  34  32  37  24  22  26  29  28  26  26  30  33  23  23  33  39  35  27
 [55]  32  36  55  58  63  58  66  65  70  88  80  88  92  94  83  91 111 118
 [73] 110 104 109 129 133 151 154 162 154 162 180 167 177 190 175 204 230 241
 [91] 249 247 274 266 294 275 284 293 297 282 323 332 366 364 367 364 389 420
[109] 453 437 459 489 454 528 559 564 648 609 625 674 752

[[137]]
  [1]  10  17  18  13  11  12  23  20  22  17  22  15  22  16  14  12  10  12
 [19]  15  13  11  21  16  11  11  17  15  25  25  29  32  28  25  28  22  18
 [37]  11  10  13  16  29  34  22  20  24  23  29  41  51  51  40  41  45  32
 [55]  40  43  40  48  48  60  56  53  48  44  43  43  51  50  48  60  47  63
 [73]  59  64  54  44  59  50  68  63  80  84  94  93  89  85  91  83  73  86
 [91]  91  87  91  96  93 121 137 114 110 109 124 128 103 134 145 129 136 125
[109] 126 137 114 137 177 198 207 185 184 194 219 209 203

[[138]]
  [1]  10  13  11  10   9   8   5   5   5   7  13  23  17  20  16  20  21  14
 [19]  13  21  20  18  14  15  12  12  12  12   8   5  12  10   9   8  14  12
 [37]  13  17  25  17  16  17  13  12  17  16  24  20  22  18  21  17  23  36
 [55]  25  29  29  32  29  32  30  32  28  46  35  44  40  40  42  47  45  40
 [73]  45  58  51  45  47  41  57  70  58  50  71  85  81  64  57  75  72  91
 [91]  60  59  65  91  78  64  91  91  77  68  89  98  86 110 117 107 118 123
[109] 119 131 129 138 149 147 167 175 176 177 183 208 211

[[139]]
  [1]  10  15   8  13  24  14  13  11  13  12  11  14  16  14  15  14  13  10
 [19]  10  10   8   9   6   3   6  11   9   7  16  14  15  16  35  38  34  27
 [37]  28  30  24  26  34  38  29  29  22  28  24  24  27  31  50  32  23  19
 [55]  35  39  26  25  36  33  33  32  24  35  27  23  27  44  55  59  46  38
 [73]  36  62  63  63  53  52  58  52  58  83  64  71  75  71  71  80  80  81
 [91] 101  92  80 106  89  89  86 101 101 123 112 100 106 111 131 121 124 128
[109] 121 116 152 167 151 156 148 154 169 198 211 200 206

[[140]]
  [1]  10  11  13  24  15  16  16  14  17  13   9   9  14  19  15  20  13  10
 [19]   9   9  16  24  19  19  16  13  17  28  20  27  30  44  51  41  37  33
 [37]  47  59  53  45  49  40  39  32  38  30  32  19  29  29  27  22  26  33
 [55]  27  28  34  36  31  34  38  57  54  66  38  36  44  60  56  50  56  47
 [73]  63  62  63  71  65  58  81  70  72  73  66  79  69  79  84  87  90  84
 [91] 103  98 106 130 113  99 113 120 136 132 124 138 130  99 119 103 100 113
[109] 116 119 158 134 141 132 138 128 141 158 182 180 195

[[141]]
  [1] 10 11 14  8  7  4  3  2  2  7  4  1  1  0  0  0  0  0  0  0  0  0  0  0  0
 [26]  0  0  0  0  0  0  0  0  0  0  0  0  0  0  0  0  0  0  0  0  0  0  0  0  0
 [51]  0  0  0  0  0  0  0  0  0  0  0  0  0  0  0  0  0  0  0  0  0  0  0  0  0
 [76]  0  0  0  0  0  0  0  0  0  0  0  0  0  0  0  0  0  0  0  0  0  0  0  0  0
[101]  0  0  0  0  0  0  0  0  0  0  0  0  0  0  0  0  0  0  0  0  0

[[142]]
  [1]   10    5    5    5   11    7    6    7    6    6    5    3   11   10   14
 [16]   17   14   13   16   20   15   19   27   24   23   29   21   25   34   38
 [31]   45   38   55   46   50   57   60   53   55   46   44   43   47   48   45
 [46]   47   50   54   52   59   58   70   82   95   98  103  119  124  137  129
 [61]  140  155  175  176  185  179  176  225  233  274  228  200  222  217  227
 [76]  251  293  338  335  295  304  315  339  352  338  326  336  380  369  416
 [91]  454  455  439  484  519  565  587  594  539  604  670  716  696  697  702
[106]  768  823  874  915 1041 1026  969  955 1032 1087 1077 1080 1171 1159 1268
[121] 1210

[[143]]
  [1]   10   17   12   21   18   25   27   21   15   24   18   20   23   22   19
 [16]   16   19   26   29   18   27   30   41   34   23   31   29   31   19   28
 [31]   39   45   35   30   25   29   35   39   31   38   47   51   74   66   81
 [46]   73   63   57   69   74   96   94   83   85   85   77   80   80   87  107
 [61]  116  125  108  104  111  137  115  124  146  146  147  123  133  165  159
 [76]  174  175  180  228  251  238  205  197  219  268  290  307  294  293  298
 [91]  335  381  372  378  379  420  429  487  463  444  441  509  488  511  534
[106]  540  568  573  589  629  684  761  773  820  799  862  891  951  983  996
[121] 1041

[[144]]
  [1]  10   5   5   3  10   6   5   4   4   4   4  11  11  14   9   7   6  13
 [19]  17  10  15  13  12  18  26  20  18  18  19  24  30  22  24  33  25  27
 [37]  31  30  22  33  24  22  29  41  49  45  39  34  45  69  60  52  48  53
 [55]  73  65  69  68  82  78  84  92  89  89  81  79  84 110 115 106 102 111
 [73] 118 113 115 114 108 133 143 139 148 160 154 151 165 134 183 140 154 149
 [91] 158 181 200 194 206 188 202 214 254 264 228 237 250 274 295 326 302 314
[109] 302 291 302 345 358 386 405 409 390 378 379 432 455

[[145]]
  [1]  10  10  13   9   6   6   8  16  16   7   6  13  19  18  21  15  18  14
 [19]  28  19  20  15  14  23  27  28  28  32  34  27  27  18  14  22  25  21
 [37]  19  22  46  37  35  51  58  56  53  53  49  40  38  35  41  44  56  60
 [55]  69  73  92  86  90  76  77  93 107  95  93 104 100 102 116 125 103 114
 [73] 119 138 159 166 173 181 172 173 162 183 230 249 214 196 233 233 228 225
 [91] 241 255 260 254 286 318 298 327 324 304 308 361 408 441 442 457 488 449
[109] 487 519 583 630 610 612 641 687 758 763 794 811 811

[[146]]
  [1] 10  7 14  9  9  7  7  6  8  5  5  8  6  5 12 13  7  5  5  5  5  5 10  5  2
 [26]  1  0  0  0  0  0  0  0  0  0  0  0  0  0  0  0  0  0  0  0  0  0  0  0  0
 [51]  0  0  0  0  0  0  0  0  0  0  0  0  0  0  0  0  0  0  0  0  0  0  0  0  0
 [76]  0  0  0  0  0  0  0  0  0  0  0  0  0  0  0  0  0  0  0  0  0  0  0  0  0
[101]  0  0  0  0  0  0  0  0  0  0  0  0  0  0  0  0  0  0  0  0  0

[[147]]
  [1]  10  10   4   3   6   9   5   3   3   6   4   5  11   4   2   2   2   2
 [19]   2   2   2  10  13   8   8   6   4  19  12  13   7   5   4   4  11  10
 [37]   9   6   5   4  10  13  19  14   8   8  11  15  13  11   9   9  15  20
 [55]  16  12  14  10   9  17   9   5   5   5   3   3   7  11  12   8   7   7
 [73]  16  14  12   9   7  11  19  30  23  26  22  16  23  25  21  25  17  26
 [91]  19  31  41  40  39  37  30  29  44  41  54  42  48  39  54  53  54  62
[109]  64  73  74  77  90  80  91  78 105 125 155 158 158

[[148]]
  [1]  10  13   9  13  11  10   9  16  17  14  21  15  17  15  25  28  32  30
 [19]  49  38  31  35  36  44  44  49  49  33  28  25  23  31  62  56  65  56
 [37]  52  38  43  39  42  38  38  39  42  36  53  50  52  47  62  54  64  88
 [55]  72  71  71  78  82 111 108 117 103 110 142 138 155 172 149 166 180 166
 [73] 170 178 188 200 200 208 195 225 238 263 299 309 303 260 258 282 309 319
 [91] 293 319 346 403 387 381 435 427 426 443 465 504 499 587 532 594 580 574
[109] 685 689 658 675 702 802 827 834 792 848 914 959 994

[[149]]
  [1] 10 10  6  4  4  5  3  2  1  1  1  1  4  3  0  0  0  0  0  0  0  0  0  0  0
 [26]  0  0  0  0  0  0  0  0  0  0  0  0  0  0  0  0  0  0  0  0  0  0  0  0  0
 [51]  0  0  0  0  0  0  0  0  0  0  0  0  0  0  0  0  0  0  0  0  0  0  0  0  0
 [76]  0  0  0  0  0  0  0  0  0  0  0  0  0  0  0  0  0  0  0  0  0  0  0  0  0
[101]  0  0  0  0  0  0  0  0  0  0  0  0  0  0  0  0  0  0  0  0  0

[[150]]
  [1]  10  18  14  11  17  18  21  18  15  15  13   8   7  11  11   6   6  11
 [19]  12   9   6   8   8   8  10   8  16  13  14  16  11  10  14  12  10  13
 [37]  19  24  28  20  15  18  18  17  15   9   4  10  13  11  10  10  14  23
 [55]  16  23  20  18  23  23  24  32  29  28  29  28  32  28  35  35  37  35
 [73]  35  50  50  40  46  37  42  44  34  42  33  48  67  69  48  47  47  54
 [91]  63  58  67  75  58  64  69  69  75  85 103 105 110 116 124 139 153 127
[109] 177 158 158 163 187 158 162 159 194 196 215 176 171

> save(reslist, file=paste("output",iter,".rda",sep=""))
> 
> 
> ###############################################################
> 
> 
> # Clear the workspace and turn off graphics.
> #  Load all the functions you need by sourcing the provided demographic.R file
> #  Read in the job number from the cluster. To do this, your code should include a new
> # variable iter and should start with the line:
> # iter <- as.numeric(Sys.getenv(PBS_ARRAY_INDEX))
> #  Control the random number seeds so that each parallel simulation takes place with a
> # different seed. Your function should therefore set the random number seed as iter so that
> # each parallel simulation has a unique random seed.
> #  In each parallel run, select the initial condition to be used. Ensure that 25 of the parallel
> # simulations are allocated to each of the initial conditions.
> #  Create a variable which is the filename to store your results. The end of the filename
> # should be the number iter to ensure that simulation files do not overwrite one another on
> # the cluster.
> #  Initialise a list which will contain the results of your 150 simulations.
> #  Call the stochastic_simulation function to do the appropriate simulation 150 times,
> # appending the output to the results list, and then save the results list.
> 
> #four initial conditions (25 cluster runs per)
> #each cluster run runs simulation 150 times
> #1) large population of 100 adults
> #2) small population of 10 adults
> #3) 100 individuals spread
> #4) small population of 10 individuals
> 
R has finished running

============================================

        Job resource usage summary 

                 Memory (GB)    NCPUs
 Requested  :         1             1
 Used       :         0 (peak)   0.62 (ave)

============================================
