R is about to run

R version 4.4.1 (2024-06-14) -- "Race for Your Life"
Copyright (C) 2024 The R Foundation for Statistical Computing
Platform: x86_64-conda-linux-gnu

R is free software and comes with ABSOLUTELY NO WARRANTY.
You are welcome to redistribute it under certain conditions.
Type 'license()' or 'licence()' for distribution details.

R is a collaborative project with many contributors.
Type 'contributors()' for more information and
'citation()' on how to cite R or R packages in publications.

Type 'demo()' for some demos, 'help()' for on-line help, or
'help.start()' for an HTML browser interface to help.
Type 'q()' to quit R.

> 
> 
> growth_matrix <- matrix(c(0.1, 0.0, 0.0, 0.0,
+ 0.5, 0.4, 0.0, 0.0,
+ 0.0, 0.4, 0.7, 0.0,
+ 0.0, 0.0, 0.25, 0.4),
+ nrow=4, ncol=4, byrow=T)
> 
> reproduction_matrix <- matrix(c(0.0, 0.0, 0.0, 2.6,
+ 0.0, 0.0, 0.0, 0.0,
+ 0.0, 0.0, 0.0, 0.0,
+ 0.0, 0.0, 0.0, 0.0),
+ nrow=4, ncol=4, byrow=T)
> 
> clutch_distribution <- c(0.06,0.08,0.13,0.15,0.16,0.18,0.15,0.06,0.03)
> 
> #=========================================================================================
> rm(list=ls())
> graphics.off()
> source("Demographic.R")
> source("kl2621_HPC_2024_main.R")
[1] 0 0 0 0 3
[1] 3 3 2 2 2
[1] 1 1
 [1] 7 5 3 3 2 2 1 1 1 1 1 1 1 1 1 1 1 1 1 1 1
> 
> 
> ###4 initial conditions
> 
> ############################################################
> 
> 
> 
> #VVVVVVVVVVVV-------------COMMENT ME OUT WHEN RUNNING THE THING
> #iter <- 5
> #VVVVVVVVVVV--------------UNCOMMENT ME OUT
> iter <- as.numeric(Sys.getenv("PBS_ARRAY_INDEX"))
> set.seed(iter)
> 
> 
> if (iter <= 25) {
+ initial_state <- state_initialise_adult(4,100) #100 adults
+ } else if (iter >25 && iter <= 50) {
+ initial_state <- state_initialise_adult(4,10) #10 adults
+ } else if (iter >50 && iter <= 75) {
+ initial_state <- state_initialise_spread(4,100) #100 spread
+ } else {
+ initial_state <- state_initialise_spread(4,10) #10 spread
+ }
> 
> reslist <- list()
> 
> ####100 cluster runs
> ###################################################
> ####150 runs of stochastic_simulation per cluster run
> for (i in 1:150) {
+     #################################
+     ###120 steps of stochastic_simulation per simulation
+     stochasticresult <- stochastic_simulation(initial_state,growth_matrix,reproduction_matrix,clutch_distribution,120)
+     reslist[[i]] <- stochasticresult
+     #################################
+ }
> ###################################################
> 
> print(reslist)
[[1]]
  [1]   10   27   33   23   24   19   22   37   43   34   28   34   23   21   34
 [16]   37   41   51   40   40   34   32   35   43   37   34   37   31   27   36
 [31]   35   26   31   32   35   37   44   41   50   64   54   65   69   80   72
 [46]   62   90   86   78  118  112  147  123  115  111  122  144  172  181  179
 [61]  175  181  188  202  202  221  227  220  214  246  203  252  256  271  279
 [76]  284  309  279  290  337  337  307  361  385  397  408  430  427  474  477
 [91]  508  517  500  563  603  617  604  627  727  769  783  835  875  909  914
[106]  882  889  948 1001 1010 1089 1095 1074 1123 1220 1282 1345 1318 1316 1414
[121] 1508

[[2]]
  [1]   10   20   14   10    7   10    7   22   19   24   22   22   26   21   27
 [16]   18   16   11   15   17   20   21   20   24   27   35   42   37   45   41
 [31]   46   56   52   51   48   37   32   43   48   55   65   69   78   75   81
 [46]   77   69   85   78   86   85   81   89   74   69   70   81   78   90   92
 [61]  117  115  122  127  127  130  154  158  151  160  158  166  174  205  214
 [76]  238  244  253  257  273  304  351  323  320  383  372  395  406  464  442
 [91]  463  502  492  492  504  488  557  555  588  621  608  644  644  672  698
[106]  794  850  811  824  920  952 1038 1002 1065 1159 1210 1264 1326 1357 1361
[121] 1411

[[3]]
  [1]   10   43   34   19   14   25   13   16   25   26   29   20   29   37   34
 [16]   29   27   20   26   38   28   33   32   35   38   50   52   55   51   50
 [31]   38   49   62   72   68   56   81   73   82   82  103  110   86   92   80
 [46]  108  121  149  161  152  163  181  215  200  219  195  190  183  220  243
 [61]  227  235  241  269  282  293  311  299  351  338  326  346  362  377  380
 [76]  400  432  447  468  474  482  488  506  508  552  584  554  578  614  666
 [91]  706  758  801  774  881  921  934  980 1037 1117 1196 1176 1214 1168 1299
[106] 1347 1317 1386 1431 1491 1549 1644 1692 1705 1766 1862 1936 2049 2014 2103
[121] 2147

[[4]]
  [1]  10  43  29  22  17  12  17  22  23  21  23  19  17  17  15  16  17  14
 [19]  11   9   7   5  13  13  14  12  10   7   6   6   6  12  19  12  12  10
 [37]  17  16  29  25  19  15  23  29  27  24  24  22  31  40  33  25  47  42
 [55]  37  46  54  46  40  62  68  65  59  57  69  74  91  64  97  88  94  98
 [73] 116 125 140 135 150 163 168 151 189 217 240 240 226 216 226 228 228 235
 [91] 247 277 300 268 277 289 322 309 321 344 356 351 356 373 450 468 443 459
[109] 505 562 570 571 626 652 716 727 713 721 725 799 797

[[5]]
  [1]   10   33   28   25   24   28   44   57   42   35   48   56   47   45   48
 [16]   44   48   75   60   66   76   73   90   78   69   76   84   92  108  124
 [31]  118  136  148  153  130  159  176  171  156  159  168  150  155  157  181
 [46]  184  191  173  154  160  190  165  177  169  196  173  195  177  186  196
 [61]  185  228  229  201  252  243  278  266  281  281  314  299  300  328  318
 [76]  353  342  344  304  317  317  324  319  353  358  358  374  418  410  418
 [91]  411  446  435  461  456  522  560  547  571  609  651  658  658  675  728
[106]  751  761  820  820  934  927  949 1032 1032 1064 1135 1165 1196 1221 1281
[121] 1355

[[6]]
  [1]  10  38  40  29  26  18  17  17  20  36  32  32  31  31  36  27  31  36
 [19]  38  26  22  22  26  19  21  24  23  29  23  27  31  40  49  35  33  37
 [37]  42  48  35  43  35  27  34  27  39  33  40  36  47  37  33  29  32  33
 [55]  40  39  32  30  46  47  74  49  49  54  48  50  43  44  42  40  44  36
 [73]  35  37  32  35  37  29  25  35  30  32  34  32  31  48  50  38  41  35
 [91]  44  45  52  59  76  83 103 109 100 116 128 135 122 125 130 148 152 169
[109] 151 149 152 142 148 163 157 188 188 198 184 206 206

[[7]]
  [1]   10   34   38   30   22   19   15   23   16   21   21   15   29   27   34
 [16]   35   29   31   42   36   54   51   47   46   47   54   69   57   60   65
 [31]   66   64   56   61   59   69   71   72   89  101   96   92  104   91  112
 [46]  120  110  119  106  110  101  110  123  124  123  118  119  124  145  161
 [61]  160  157  182  188  184  196  218  181  181  189  195  212  198  209  203
 [76]  239  244  291  266  276  297  281  285  309  313  347  344  358  319  375
 [91]  373  403  439  464  451  483  484  508  520  486  543  576  594  647  687
[106]  685  658  708  683  738  798  789  803  876  890  837  825  894  919 1019
[121] 1013

[[8]]
  [1]   10   49   46   38   32   40   30   27   40   47   37   43   47   52   50
 [16]   45   65   69   71   75   73   82   90   87   80   87   78   95  100  129
 [31]  134  110  110  137  118  125  134  159  181  196  211  197  214  209  229
 [46]  248  267  244  243  266  293  292  272  251  256  281  252  262  283  328
 [61]  326  304  330  348  302  344  323  370  429  440  447  401  386  404  415
 [76]  406  443  496  556  551  551  545  568  593  694  743  726  810  815  848
 [91]  885  910  916  987  967 1048 1109 1109 1261 1247 1227 1271 1356 1472 1546
[106] 1531 1612 1639 1691 1717 1807 1763 1909 1929 1986 1994 2061 2188 2361 2432
[121] 2579

[[9]]
  [1]   10   33   32   20   22   28   28   26   17   23   41   33   42   37   40
 [16]   30   35   42   51   65   61   45   50   46   43   49   60   66   61   61
 [31]   46   34   56   73   78   88   58   77   98  103   89   97   84   83  103
 [46]   98  106   94  104  124  131  115  112  109  108  116  151  174  165  194
 [61]  187  186  236  232  251  241  222  245  281  278  278  262  279  292  348
 [76]  341  329  366  369  428  416  421  429  501  517  573  589  537  554  610
 [91]  566  622  599  645  640  717  771  754  759  793  901  947  975  997  991
[106] 1007 1069 1175 1181 1151 1282 1339 1330 1423 1470 1588 1659 1686 1848 1949
[121] 1980

[[10]]
  [1]   10   42   33   27   24   37   40   44   49   37   37   36   41   47   47
 [16]   33   31   44   55   65   55   62   51   67   72   69   65   66   76   74
 [31]   76   61   57   58   76  105  104  106  123  111  117  116  120  122  130
 [46]  128  150  131  147  147  132  158  155  144  162  167  163  159  174  201
 [61]  200  231  228  222  222  216  257  241  244  269  276  285  304  299  287
 [76]  306  321  331  303  333  326  302  350  337  344  365  387  362  361  381
 [91]  436  444  416  407  466  523  550  551  569  618  608  605  651  636  709
[106]  763  814  830  834  800  855  845  885  907  896  905  909  999 1092 1002
[121] 1070

[[11]]
  [1]   10   46   41   30   27   34   37   47   54   46   77   64   89   85   75
 [16]   93  120   94   87   97   95  107  110  121  127  126  116  124  125  133
 [31]  128  126  142  165  178  159  179  186  202  200  245  259  249  272  260
 [46]  303  305  290  339  343  373  400  379  380  423  382  434  521  508  505
 [61]  575  616  635  712  734  792  824  789  858  903  967  926  987 1069 1107
 [76] 1169 1199 1211 1298 1396 1406 1447 1523 1660 1671 1668 1766 1781 1873 1927
 [91] 1891 1983 2117 2224 2436 2464 2420 2511 2720 2796 2862 2834 2904 3249 3370
[106] 3541 3749 3884 3902 4012 4192 4416 4508 4669 4862 5128 5288 5497 5613 5980
[121] 6193

[[12]]
  [1] 10 20 21 12  8  9  9  9  8 11  7  8  6  4  3  9  6  6  8 16  7  6  5  4  3
 [26]  2  2  2  2  8  2  2  1  4  4  3  2  2  7  4  8 12  9  8  7 13 16 11 10  8
 [51] 10 15 13 13 13 14 24 16 19 13 11 10 13 11 16 14 15 14 22 25 22 19 15 23 27
 [76] 19 21 21 15 19 10 14 23 25 20 13 11 11 10 16 22 13 26 26 19 17 19 22 18 20
[101] 17 25 28 33 28 27 39 38 40 35 37 28 31 35 46 57 59 63 67 60 45

[[13]]
  [1]   10   27   19   10    8    8    7   12   20   29   23   20   24   28   30
 [16]   40   44   51   41   36   46   59   57   65   81   92   97   80   82  101
 [31]  131  109  101   98  117  121  122  144  143  137  144  144  168  196  190
 [46]  179  162  154  170  168  164  152  182  207  208  227  215  248  255  237
 [61]  267  262  286  303  293  316  336  378  378  397  388  391  470  459  448
 [76]  421  473  529  520  523  531  528  536  557  625  627  647  702  691  720
 [91]  723  793  824  879  891  935  927  976  993  996 1019 1088 1111 1112 1174
[106] 1215 1262 1291 1328 1384 1440 1500 1590 1619 1642 1781 1939 1899 1903 2014
[121] 2090

[[14]]
  [1]  10  44  39  42  39  45  36  33  45  66  49  45  38  34  34  34  40  36
 [19]  30  36  30  33  36  39  48  47  32  42  39  42  34  39  49  50  58  53
 [37]  50  42  65  63  65  89  58  46  55  58  65  48  48  46  55  60  58  57
 [55]  52  45  66  85  78  83  97  80 110  94  88  89 110 104 106 101  98 110
 [73] 122 134 127 129 131 153 155 165 171 183 185 202 219 210 239 249 258 282
 [91] 309 341 342 366 355 412 411 462 483 517 468 459 509 541 548 580 604 628
[109] 615 690 725 723 676 733 732 822 814 912 892 983 933

[[15]]
  [1] 10 22 11 15 17 12 10  8 15 12  9 11 16 16 11 14 15 19 14 15 15 12 11 23 16
 [26] 18 14 12 20 16 17 13 13 17 29 20 17 22 16 13 24 35 33 25 20 28 17 15 11 21
 [51] 21 18 14 18 15 17 16 14  9  5 19 14 10  9  9  7  8  6  6  4  8  4  4  4  3
 [76]  1  1  1  1  1  1  0  0  0  0  0  0  0  0  0  0  0  0  0  0  0  0  0  0  0
[101]  0  0  0  0  0  0  0  0  0  0  0  0  0  0  0  0  0  0  0  0  0

[[16]]
  [1]  10  22  34  29  21  16  14  10  16  19  15  16  27  17  14  20  22  28
 [19]  29  22  25  28  18  18  20  27  23  27  21  19  21  36  50  40  40  30
 [37]  44  46  49  52  50  44  45  42  47  47  55  47  55  56  77  60  59  64
 [55]  74  73  68  84  96  94 107  92  80  76  74  88 114 120 120 123 118 123
 [73] 109 108  99 106 113 113 127 114 129 144 128 150 140 140 162 177 171 168
 [91] 177 186 199 210 185 199 176 196 215 298 274 291 372 329 328 362 411 455
[109] 459 449 492 516 542 608 590 630 635 666 695 724 703

[[17]]
  [1]   10   38   27   24   21   29   40   35   40   33   30   34   35   41   37
 [16]   34   52   42   38   30   37   51   62   70   70   74   96  102  109  119
 [31]  140  138  167  157  173  166  156  190  196  185  206  190  185  205  210
 [46]  212  216  217  229  236  288  288  337  314  343  349  392  440  409  437
 [61]  441  463  475  487  473  462  485  485  566  533  581  577  571  568  629
 [76]  634  626  660  647  679  784  764  770  781  822  884  933  901  965  928
 [91]  963 1022 1070 1158 1175 1196 1268 1368 1380 1375 1438 1575 1667 1749 1760
[106] 1824 1915 2007 2112 2100 2297 2437 2645 2639 2713 2808 2874 2891 3072 3216
[121] 3332

[[18]]
  [1] 10 19 16 13 11 13 15 20 12  9  9  6  4  9 12 15 15 10 13 14 17 10 10  7  6
 [26]  2  1  1  1  0  0  0  0  0  0  0  0  0  0  0  0  0  0  0  0  0  0  0  0  0
 [51]  0  0  0  0  0  0  0  0  0  0  0  0  0  0  0  0  0  0  0  0  0  0  0  0  0
 [76]  0  0  0  0  0  0  0  0  0  0  0  0  0  0  0  0  0  0  0  0  0  0  0  0  0
[101]  0  0  0  0  0  0  0  0  0  0  0  0  0  0  0  0  0  0  0  0  0

[[19]]
  [1]  10  29  16  15  13  15  10  12   9  10   8   6   5   8   5   5   5   5
 [19]   8  12  12   9   9  13  11   9  13  14  15  11  15  10   8   7  10   8
 [37]   4  20  16  17  10  15  22  15  14  13  19  27  26  18  20  13  19  12
 [55]  16  17  25  34  29  26  42  30  35  30  30  34  52  50  41  43  46  50
 [73]  37  44  41  58  65  67  69  70  55  65  74  99  89  76  83  77  73  72
 [91]  90  96 105 115 118 108 102 133 145 163 153 154 197 203 210 250 256 276
[109] 295 301 326 332 346 339 364 392 445 404 467 460 504

[[20]]
  [1]   10   46   27   24   19   19   29   26   31   30   36   35   46   41   39
 [16]   35   45   44   41   35   45   42   42   43   61   80   87  102   94   71
 [31]   73   82   69   81   91  102   85   86   69   98  108  132  133  117  129
 [46]   99   87   85  108   87   85   81   72   88   76   67   80   85   84  119
 [61]  114   94   91   85  105  120  144  150  151  143  159  172  183  196  204
 [76]  202  193  210  208  230  241  248  289  300  325  296  275  331  386  349
 [91]  373  385  406  398  410  416  422  416  472  492  517  507  571  598  567
[106]  611  641  639  691  683  713  741  806  839  895  953  927  955  998  974
[121] 1020

[[21]]
  [1]   10   37   37   32   25   24   48   49   61   63   63   56   54   59   56
 [16]   50   54   58   78   69   62   61   69   64   81   79   73   64   71   87
 [31]   89   92   86  123  104   99  107   98  130  126  107  122  133  139  151
 [46]  149  133  116  138  138  157  179  193  193  196  218  239  235  270  295
 [61]  281  251  279  286  258  247  253  271  273  306  310  323  327  322  384
 [76]  380  400  384  411  450  475  464  480  530  539  523  557  552  635  672
 [91]  654  700  699  723  733  801  813  848  871  898  883  995 1062 1108 1162
[106] 1194 1211 1265 1325 1356 1446 1450 1547 1597 1591 1673 1782 1882 1975 2008
[121] 2111

[[22]]
  [1]  10  40  25  22  19  32  32  30  27  31  28  21  26  41  50  36  36  27
 [19]  35  34  30  39  43  34  31  32  40  38  28  37  28  31  31  24  34  33
 [37]  31  33  33  25  22  32  32  23  21  20  34  29  30  32  35  34  32  27
 [55]  33  33  37  48  35  34  51  52  43  46  40  44  37  49  57  73  71  80
 [73]  78  62  73  84  96 117 102 102 113 121 117 118 158 161 146 144 149 167
 [91] 140 169 164 157 202 234 233 212 206 212 251 262 292 261 284 291 323 336
[109] 338 383 371 390 368 376 370 449 464 502 488 485 479

[[23]]
  [1] 10 13 10  5  3  3  3  7 12 14 15 10  6  4  5  3  1  1  1  3  1  0  0  0  0
 [26]  0  0  0  0  0  0  0  0  0  0  0  0  0  0  0  0  0  0  0  0  0  0  0  0  0
 [51]  0  0  0  0  0  0  0  0  0  0  0  0  0  0  0  0  0  0  0  0  0  0  0  0  0
 [76]  0  0  0  0  0  0  0  0  0  0  0  0  0  0  0  0  0  0  0  0  0  0  0  0  0
[101]  0  0  0  0  0  0  0  0  0  0  0  0  0  0  0  0  0  0  0  0  0

[[24]]
  [1]  10  35  21  15  13  12  11  11  15  10   9   9   5  11   8  10   7  10
 [19]  17  20  14  12  10   8   6   5   8   9   9   6   4   4   4   4   4   9
 [37]  11   9   6   5  10  13  12   8  15  16  12  13  18  15  13  15   8   4
 [55]   4   7   4   6   9   8   7   7  12  10   8   6  12  18  14  10  14  19
 [73]  28  18  22  20  30  30  32  26  38  54  75  76  86  69  74  79  83  93
 [91] 100 129 126 132 144 157 148 165 149 162 170 191 175 164 202 218 235 220
[109] 208 178 195 220 244 242 228 256 244 263 293 323 313

[[25]]
  [1]   10   21   19   17   14   15   19   26   24   20   22   23   21   16   11
 [16]   12   10   28   15   14   20   20   16   12   25   30   49   41   47   58
 [31]   70   59   69   69   75   82   87   91   96   75   94  105   89   86   95
 [46]  100   93   96  102  106   85  111   91   92  122  131  150  137  156  141
 [61]  152  143  135  167  155  160  177  185  183  190  214  216  229  238  264
 [76]  251  247  232  236  252  277  277  320  311  331  353  358  324  363  366
 [91]  419  433  433  406  428  475  487  493  493  564  633  636  616  731  744
[106]  815  862  870  889  970  989  996 1010 1083 1072 1137 1165 1164 1197 1229
[121] 1290

[[26]]
  [1]   10   32   32   25   22   24   23   29   34   45   41   38   34   34   69
 [16]   63   65   73   57   62   69   62   76   86   67   80   92  114  121  132
 [31]  128  151  132  137  147  148  155  186  192  205  197  228  219  266  299
 [46]  245  229  288  300  276  306  290  313  331  336  346  361  354  334  337
 [61]  397  444  386  433  431  440  477  482  522  540  536  532  535  577  607
 [76]  601  684  685  734  719  785  793  888  870  946  976 1079 1090 1176 1191
 [91] 1326 1379 1444 1443 1441 1478 1659 1787 1824 1833 1947 1964 2099 2203 2277
[106] 2358 2427 2608 2677 2904 2924 3032 3146 3246 3335 3504 3545 3726 3945 3982
[121] 4184

[[27]]
  [1]   10   24   25   22   18   17   19   19   31   34   29   26   31   25   25
 [16]   22   22   29   28   26   31   26   32   32   27   25   26   24   33   32
 [31]   26   26   23   45   36   35   39   48   53   45   56   54   72   67   76
 [46]   82   80   88  113   99  123  110   95  101   96  100  119  125  141  155
 [61]  159  155  149  164  172  169  193  181  221  232  209  214  243  258  252
 [76]  290  304  320  328  338  366  398  382  402  446  453  453  467  532  472
 [91]  456  446  499  538  527  569  569  637  630  665  748  810  787  825  877
[106]  867  918  987 1009 1112 1118 1189 1190 1168 1234 1301 1352 1360 1363 1476
[121] 1560

[[28]]
  [1] 10 40 21 13 11 22 20 14 11  7  3  3  3  2  2  2  2  1  1  8  7  5  5  5  4
 [26] 15  9  7  9 11 12 17 13  9  8 11  8  9  6 12 13  9  6  5  5  9  5  4  3  1
 [51]  1  1  7  2  0  0  0  0  0  0  0  0  0  0  0  0  0  0  0  0  0  0  0  0  0
 [76]  0  0  0  0  0  0  0  0  0  0  0  0  0  0  0  0  0  0  0  0  0  0  0  0  0
[101]  0  0  0  0  0  0  0  0  0  0  0  0  0  0  0  0  0  0  0  0  0

[[29]]
  [1]  10  17  15   9   7   6  11  18  14  18  18  13  10   8  12  11   9  14
 [19]  22  17  17  13  17  35  47  35  22  22  20  21  26  39  42  58  46  44
 [37]  42  64  78  70  53  53  51  64  66  71  65  81  68  73  82  88 119  87
 [55]  73  85  74  66  96 109 120 101  88  91  92 100 111 116  99 112 116 107
 [73] 136 134 143 147 149 163 175 232 238 233 196 215 202 208 212 188 248 229
 [91] 241 247 264 308 338 329 355 329 312 396 394 390 397 414 403 452 468 482
[109] 514 505 523 543 555 641 662 652 657 685 698 676 739

[[30]]
  [1]  10  22  30  16  12  10  14  11  13  21  17  15   9  10   7   6   4   4
 [19]   3   3  10   7   6   5   4  13  10  12  11   8   7   9  12  18  16  14
 [37]  16  13  16  20  12  11  14  14  14  16  12  12  16  11  17  12  18  22
 [55]  18  15  21  32  37  37  27  27  22  39  49  47  41  37  38  37  33  30
 [73]  56  54  68  63  63  74  68  68  78  74  92  77  95  97  90  91 104  96
 [91] 106  97 124 119 122 142 135 138 111 116 166 163 177 207 197 232 228 241
[109] 238 271 245 258 267 250 274 302 309 308 307 315 332

[[31]]
  [1]   10   33   29   22   18   27   27   19   28   29   25   27   23   24   32
 [16]   42   48   46   41   38   40   40   38   54   54   53   51   57   89   78
 [31]   76   71   79   82   88  112  115   94   99  106  156  125  130  128  144
 [46]  157  169  161  217  251  239  250  236  280  305  280  287  297  364  351
 [61]  360  433  428  426  436  516  532  569  616  703  680  667  717  730  830
 [76]  829  867  947  969  957  945 1082 1131 1175 1224 1320 1358 1378 1337 1491
 [91] 1669 1702 1775 1937 2010 2026 2078 2186 2379 2384 2549 2676 2811 2969 3114
[106] 3250 3405 3470 3702 3774 4015 4084 4307 4499 4614 4742 4978 5378 5502 5627
[121] 5937

[[32]]
  [1]  10  32  26  21  16  19  20  20  16  13   8  18  18  15  19  18  21  26
 [19]  23  20  18  13  11  20  19  12  10  10   7  14  13  14  13  15  15  16
 [37]  13  23  23  22  21  27  26  26  23  26  18  18  33  27  23  29  24  31
 [55]  33  35  42  29  22  28  23  18  18  18  26  26  26  30  38  40  36  40
 [73]  46  53  66  62  55  51  67  76  66  56  61  59  67  65  56  64  64  72
 [91]  84  85  72  86  81  85  83  69 103 123 128 112 112 113 134 178 166 154
[109] 149 173 175 204 177 190 192 203 219 232 237 290 267

[[33]]
  [1]   10   32   26   18   14   13   17   25   22   23   26   24   27   18   14
 [16]   13   39   50   49   39   35   29   31   31   48   61   61   55   54   52
 [31]   60   55   67   64   66   65   69   59   77   66   76   76   53   61   70
 [46]   78   86   73   64   79  102  112   97  100  101  130  131  112  158  138
 [61]  135  123  156  152  170  185  168  169  209  186  184  232  242  278  230
 [76]  230  247  285  285  288  278  311  353  320  347  313  335  337  385  389
 [91]  393  397  431  467  475  476  522  543  604  632  636  605  607  642  673
[106]  737  758  810  828  887  906  999  983 1052 1091 1139 1244 1256 1224 1307
[121] 1285

[[34]]
  [1]  10  26  38  29  22  17  14  14  11  10   8   8  10  14  11  11  16  12
 [19]  19  13  11  11   8   6  15  10  12  20  28  21  27  19  14  12  18  19
 [37]  15  13  12  13  10   9   8  20  21  21  16  19  22  18  15  27  28  42
 [55]  45  43  41  41  36  35  47  55  54  49  37  35  56  50  60  52  37  36
 [73]  35  28  47  42  56  48  62  64  83  86  94 102  90 116 120 126 155 158
 [91] 173 190 195 212 201 190 203 215 243 245 198 196 235 243 251 223 232 252
[109] 287 291 283 262 287 289 310 346 313 320 344 357 395

[[35]]
  [1]   10   32   26   19   15   10   13   21   24   30   38   25   22   25   28
 [16]   33   45   43   54   60   75   71   94   74   85   63  105   91   96   76
 [31]   74   91   96   93   84   92  105  104   96  100  111  131  153  139  150
 [46]  159  180  228  260  261  306  280  280  322  321  325  331  338  335  310
 [61]  372  429  370  353  384  408  398  405  434  452  482  489  515  549  545
 [76]  519  572  604  662  704  699  700  700  787  827  889  935  900  955  979
 [91] 1013 1001 1122 1171 1139 1166 1214 1344 1342 1458 1457 1477 1556 1625 1673
[106] 1760 1892 1950 1942 2006 2036 2100 2175 2393 2533 2586 2649 2811 3007 3086
[121] 3167

[[36]]
  [1]   10   25   29   16   13   11   10   10   19   23   17   14   14   17   12
 [16]   13   13   10   17   17   13   22   16   24   21   17   16   16   20   22
 [31]   16   18   13   12   20   13   12   10   25   28   30   23   25   29   35
 [46]   36   42   43   35   38   42   56   40   60   51   60   67   70   60   62
 [61]   61   94   96   98  100   79   98  111  115  121  112  112  141  118  151
 [76]  152  186  172  200  170  191  208  201  214  239  235  238  237  274  294
 [91]  308  300  281  341  370  370  388  387  386  457  527  480  558  547  559
[106]  592  622  669  671  739  791  799  881  889  911  993  995  989 1039 1133
[121] 1169

[[37]]
  [1]   10   30   20   23   19   15   24   25   20   20   23   18   19   26   23
 [16]   31   27   43   47   59   63   63   65   57   56   61   55   41   55   59
 [31]   74   67   65   76   89  106  104  110   95  103  111  104  113  100  116
 [46]  154  124  109  124  126  143  121  140  149  133  148  161  167  164  183
 [61]  198  233  210  233  249  259  236  258  269  319  334  306  314  313  333
 [76]  378  363  358  332  394  423  479  483  471  449  469  533  505  548  558
 [91]  580  596  574  603  630  683  703  753  804  815  841  862  873  938 1042
[106] 1024 1082 1119 1057 1104 1099 1156 1195 1213 1315 1330 1487 1536 1586 1697
[121] 1741

[[38]]
  [1]   10   38   42   42   41   44   52   49   55   65   56   52   40   41   40
 [16]   51   53   58   59   66   57   53   54   69   81   66   69   62   65   76
 [31]   92   84   76   76  102  117   98  100  106  102  121  141  147  153  150
 [46]  153  146  137  137  143  181  184  201  213  215  230  272  292  270  314
 [61]  349  363  376  396  394  443  485  449  456  500  522  546  622  630  629
 [76]  666  708  737  761  824  901  907  975 1010 1066 1051 1097 1123 1178 1284
 [91] 1301 1340 1357 1371 1434 1493 1542 1703 1800 1821 1815 1863 1931 2052 2174
[106] 2250 2431 2519 2583 2612 2743 2790 3006 3023 3173 3459 3507 3618 3740 3930
[121] 4022

[[39]]
  [1]   10   43   32   35   32   29   30   43   29   26   30   32   28   30   34
 [16]   34   28   30   29   30   24   23   29   39   35   33   34   40   39   44
 [31]   42   45   66   82   76   76   71   74   80   84  101   85   97   95  100
 [46]  126  138  157  151  134  129  159  154  178  175  226  193  185  184  215
 [61]  235  248  226  214  228  264  322  299  350  361  363  355  364  402  491
 [76]  529  538  514  488  544  552  554  644  638  687  733  709  736  725  701
 [91]  742  813  897  956  925  938  986  950 1008 1069 1120 1207 1330 1336 1388
[106] 1452 1531 1484 1505 1587 1632 1860 1895 1971 1998 2048 2134 2253 2305 2387
[121] 2457

[[40]]
  [1]   10   42   29   28   24   22   30   25   40   41   51   48   52   52   63
 [16]   57   68   58   57   52   79  110  105   94   89   81   80   87  103  117
 [31]  116   90   94  103  121  123  145  118  140  140  164  157  145  133  139
 [46]  158  144  163  166  171  189  176  174  174  183  184  189  200  182  207
 [61]  246  278  278  293  281  299  332  367  403  395  433  475  507  527  549
 [76]  615  595  613  687  787  834  813  873  875  910  941  988 1064 1144 1152
 [91] 1167 1271 1279 1320 1453 1519 1535 1473 1576 1649 1671 1706 1735 1867 1932
[106] 2022 2090 2242 2351 2373 2424 2529 2700 2844 2905 2963 3169 3240 3348 3434
[121] 3606

[[41]]
  [1]   10   32   22   17   15   14   16   15   13   11   11    8   11   23   14
 [16]   16   21   20   16   30   32   36   26   27   37   45   38   37   44   47
 [31]   42   60   64   57   75   96   72   69   81  105  114  104  105   94  106
 [46]  127  106  120  115  113  121  131  133  134  170  194  198  201  182  178
 [61]  193  181  181  216  239  251  265  250  249  237  217  243  252  292  303
 [76]  293  303  316  353  332  340  371  425  424  412  428  478  476  485  477
 [91]  506  537  577  557  599  632  634  684  743  763  790  826  831  816  858
[106]  924 1016  986 1094 1124 1120 1141 1126 1167 1203 1254 1322 1378 1462 1499
[121] 1573

[[42]]
  [1]   10   46   36   28   21   19   26   18   23   26   23   33   38   34   27
 [16]   37   34   40   33   26   39   49   63   61   50   45   63   82   96  107
 [31]   98   93  101   97  107  119  131  110  113  114  121  127  139  123  124
 [46]  132  166  186  186  194  196  194  203  223  265  274  257  234  261  279
 [61]  280  318  329  373  384  409  400  437  446  440  457  483  505  486  543
 [76]  567  636  563  579  627  721  652  662  674  702  700  763  801  868  939
 [91]  953 1009 1118 1096 1151 1174 1262 1326 1359 1351 1407 1502 1576 1662 1744
[106] 1830 1868 1952 2058 2123 2187 2257 2435 2435 2507 2604 2576 2826 2956 2984
[121] 3108

[[43]]
  [1]   10   37   51   43   44   49   41   39   56   43   51   56   60   67   73
 [16]   75   75   76   90   91   78   84   91  109  101  102   94  105   85   97
 [31]  121  100   99   88   90  110  123  156  188  160  139  169  191  183  191
 [46]  196  197  201  201  225  207  256  266  293  272  274  298  294  338  339
 [61]  340  404  464  493  543  540  563  623  643  694  721  712  784  825  859
 [76]  880  896  987 1083 1143 1178 1272 1280 1359 1415 1433 1490 1569 1663 1710
 [91] 1759 1848 1911 1972 1984 1958 2145 2233 2305 2302 2368 2544 2603 2705 2784
[106] 2830 2942 3021 3219 3335 3511 3596 3770 3857 3892 4189 4365 4520 4725 4893
[121] 5090

[[44]]
  [1]   10   35   36   28   20   23   23   33   33   42   35   41   59   54   61
 [16]   60   69   69   64   91   80   83   76   85   95   83   91  103  105  117
 [31]  113  133  134  161  195  196  161  171  169  187  211  221  249  218  224
 [46]  239  254  312  346  370  351  350  344  370  392  391  408  409  461  498
 [61]  504  516  479  492  523  564  594  620  608  709  736  734  720  786  893
 [76]  887  904  974 1033 1029 1095 1145 1186 1246 1264 1279 1329 1344 1344 1362
 [91] 1476 1528 1560 1629 1805 1884 1949 1994 2075 2216 2300 2328 2492 2651 2727
[106] 2840 2912 2905 2992 3034 3379 3464 3613 3590 3686 3956 4046 4279 4309 4437
[121] 4579

[[45]]
  [1] 10 36 29 23 16 14 22 18 23 16 19 14 12 12 20 12 15 18 13 12  9 17 17 17 13
 [26] 27 17 17 12  8 12  8 16 11  9 15  9 10 10 15  7 10 12  5  4  9  6  9 13 12
 [51]  9  8  9 12 21 16 14 11  9 14 25 15 18 14 16 16 20 19 17 20 17 14 21 26 22
 [76] 23 16 21 17 20 20 26 23 24 30 34 40 41 32 37 35 49 64 49 53 58 47 50 51 38
[101] 40 44 60 49 55 44 45 42 47 60 51 54 59 49 53 53 58 49 59 68 56

[[46]]
  [1] 10 22 17 11 11 10  7  7  5  4  4  6  5  5  5  3  4  3  7  3  1  1  1  1  3
 [26]  1  0  0  0  0  0  0  0  0  0  0  0  0  0  0  0  0  0  0  0  0  0  0  0  0
 [51]  0  0  0  0  0  0  0  0  0  0  0  0  0  0  0  0  0  0  0  0  0  0  0  0  0
 [76]  0  0  0  0  0  0  0  0  0  0  0  0  0  0  0  0  0  0  0  0  0  0  0  0  0
[101]  0  0  0  0  0  0  0  0  0  0  0  0  0  0  0  0  0  0  0  0  0

[[47]]
  [1]  10  45  40  29  19  17  16  14   8  16  16  14  10  11  11  10  14  12
 [19]  10   9   9   8  11  14   9   7   6   7   9   4   3   3   3  10   5   4
 [37]  10  14  21  18  16  16  27  37  33  26  36  29  32  31  32  42  45  36
 [55]  38  38  43  49  43  57  56  50  73  74  76  75  73  64  94 123 114 128
 [73] 106  97 112 131 116 121 119 165 162 145 153 144 164 163 180 181 165 178
 [91] 173 201 218 242 267 263 288 295 330 296 367 403 438 453 444 440 482 516
[109] 526 538 527 548 571 656 728 779 759 789 809 832 877

[[48]]
  [1]   10   31   32   20   16   26   22   24   20   34   30   45   52   42   42
 [16]   44   55   50   57   49   43   45   55   54   54   58   69   80   76   92
 [31]   93  127  125  155  159  138  141  154  172  196  187  191  219  202  237
 [46]  238  240  250  253  286  267  282  299  325  357  357  373  372  403  460
 [61]  449  475  513  530  532  585  591  580  634  679  686  736  771  827  829
 [76]  901  963 1040 1055 1030 1102 1133 1218 1240 1351 1315 1435 1492 1510 1467
 [91] 1550 1605 1717 1768 1784 1827 1883 1953 1954 2103 2252 2333 2330 2407 2621
[106] 2659 2818 2964 3066 3177 3379 3324 3435 3688 3855 4011 4111 4133 4486 4869
[121] 4953

[[49]]
  [1]   10   36   25   24   28   35   28   32   29   32   60   64   53   50   46
 [16]   44   50   50   59   56   36   37   34   61   71   66   58   47   49   59
 [31]   66   55   51   52   63   60   46   50   57   70   63   83   92   81   78
 [46]   70   77   93   74  106  104   92   76   89   90  140  132  153  164  165
 [61]  180  182  147  179  191  225  215  216  232  228  225  263  296  265  310
 [76]  335  335  362  372  388  382  400  488  539  593  604  619  638  647  654
 [91]  673  747  717  761  805  847  828  954  946  971  971  927 1038 1106 1134
[106] 1187 1209 1274 1275 1335 1299 1331 1483 1527 1570 1583 1561 1720 1783 1920
[121] 1952

[[50]]
  [1]   10   43   31   24   24   28   36   40   49   46   40   34   36   42   52
 [16]   42   26   45   40   43   55   35   29   24   41   48   48   51   53   67
 [31]   62   62   61   78   72   71   93   87   78   99  106  106  102  114  106
 [46]  102  123  131  127  145  154  145  159  145  147  178  185  189  169  163
 [61]  196  242  236  263  255  254  256  307  316  368  344  377  374  431  423
 [76]  446  430  421  463  470  505  508  549  558  611  574  553  553  550  645
 [91]  615  706  690  656  730  723  743  797  838  843  850  913 1004 1029 1138
[106] 1120 1145 1228 1270 1239 1317 1374 1510 1516 1553 1633 1696 1732 1723 1845
[121] 1896

[[51]]
  [1]   10   30   21   22   18   14   20   32   48   52   43   43   46   49   57
 [16]   53   46   39   42   46   60   61   67   68   62   80   87   90   88   81
 [31]  104  113  116  104   94   87  103  123  112   96  105  125  133  160  169
 [46]  176  207  181  176  190  193  200  234  244  214  230  234  236  255  267
 [61]  352  341  315  306  341  361  365  352  400  391  386  369  391  375  394
 [76]  418  466  520  550  584  577  570  591  616  628  579  667  692  723  710
 [91]  796  803  867  902  940  995  964  966 1145 1138 1185 1188 1299 1338 1398
[106] 1473 1457 1567 1608 1737 1786 1917 1959 1976 2102 2128 2259 2281 2327 2490
[121] 2561

[[52]]
  [1]   10   43   23   21   21   16   20   26   25   22   40   50   33   24   27
 [16]   33   30   30   23   21   26   25   33   42   33   45   52   64   50   51
 [31]   51   46   46   61   52   51   70   77   81   78   92   95   89   87   88
 [46]  109  115  123  132  139  131  138  159  156  160  160  174  178  174  202
 [61]  194  194  218  235  217  240  282  291  303  331  303  350  369  392  351
 [76]  376  398  421  426  473  495  580  564  594  656  658  684  664  693  727
 [91]  765  818  864  912  886  875  930 1029 1036 1076 1139 1248 1279 1378 1470
[106] 1522 1504 1537 1636 1746 1870 1807 1967 2105 2099 2175 2280 2313 2382 2575
[121] 2624

[[53]]
  [1]  10  38  26  20  16  16  18  24  25  26  21  16  32  29  32  28  36  37
 [19]  39  44  35  42  34  35  38  38  37  34  37  29  38  38  52  37  34  27
 [37]  31  42  36  44  40  30  47  43  48  46  52  51  50  52  51  60  52  47
 [55]  49  48  45  72  67  65  61  94  99 103  96  97  95 108 131 122 132 118
 [73] 125 123 137 146 156 148 155 147 150 169 170 166 169 205 215 237 241 240
 [91] 265 293 298 285 279 291 333 331 372 332 339 340 335 348 358 418 406 404
[109] 438 501 471 479 493 571 547 560 673 692 740 704 717

[[54]]
  [1]   10   36   24   15   14   18   17   24   23   16   27   17   16   22   24
 [16]   21   17   16   24   32   21   16   21   26   25   26   19   18   24   41
 [31]   29   23   21   22   25   24   30   23   47   40   34   38   50   53   61
 [46]   47   49   42   39   53   58   83   78   74   70  100  100  100  109  115
 [61]   97  107  112  120  132  132  134  139  165  170  191  192  215  208  228
 [76]  248  229  243  241  247  272  273  311  311  341  369  353  373  438  449
 [91]  473  484  527  534  583  604  643  689  728  670  735  780  766  748  782
[106]  796  881  957  911 1014 1014 1065 1057 1174 1136 1218 1276 1337 1369 1416
[121] 1458

[[55]]
  [1]   10   22   14   16   14   21   16   17   29   32   37   28   43   43   41
 [16]   45   35   52   45   54   60   63   59   52   49   55   65   64   57   45
 [31]   65   81   85  102   91   83   97  105   97   97  114  103  100  117  109
 [46]  102   93  118  140  144  144  170  164  162  170  224  219  209  176  211
 [61]  244  257  240  257  286  292  312  342  346  372  357  395  443  453  471
 [76]  458  551  554  587  604  639  693  666  718  761  712  747  784  780  820
 [91]  944  956 1003 1004 1087 1106 1126 1139 1148 1245 1350 1430 1419 1417 1498
[106] 1569 1619 1690 1750 1895 1933 2088 2110 2103 2279 2485 2560 2604 2597 2756
[121] 2938

[[56]]
  [1] 10 18  8  5  4  3  1  1  0  0  0  0  0  0  0  0  0  0  0  0  0  0  0  0  0
 [26]  0  0  0  0  0  0  0  0  0  0  0  0  0  0  0  0  0  0  0  0  0  0  0  0  0
 [51]  0  0  0  0  0  0  0  0  0  0  0  0  0  0  0  0  0  0  0  0  0  0  0  0  0
 [76]  0  0  0  0  0  0  0  0  0  0  0  0  0  0  0  0  0  0  0  0  0  0  0  0  0
[101]  0  0  0  0  0  0  0  0  0  0  0  0  0  0  0  0  0  0  0  0  0

[[57]]
  [1]  10  22  15  14  10   9   8  12  10   7   5   9  13   8   8   7   7   6
 [19]   9  10   8  10  13  13  12  17  17  12  11  17  16  24  22  17  13  13
 [37]  14  18  24  12  13  18  22  17  11  11  10  22  19  22  16  16  13  14
 [55]  13  26  31  23  18  29  18  26  36  38  33  28  38  35  33  47  72  90
 [73]  88  79  63  61  66  95  93  86  83 101 138 138 120 108 128 122 153 131
 [91] 118 107 119 115 151 144 150 145 147 169 207 221 259 276 316 347 327 343
[109] 337 336 360 405 422 406 372 465 479 478 508 488 530

[[58]]
  [1]   10   36   37   26   17   24   37   44   34   41   30   32   38   44   48
 [16]   39   51   61   56   80   78   76   79   99   96   94   96   91   85   89
 [31]   95  115  127  134  119  122  139  157  147  138  152  189  160  159  135
 [46]  133  155  181  167  178  181  199  193  213  239  219  211  213  247  280
 [61]  311  256  294  330  391  409  365  398  376  397  401  426  436  435  472
 [76]  478  560  592  544  594  606  594  623  653  675  672  693  719  725  769
 [91]  853  898  940  933  952 1081 1040 1118 1161 1279 1239 1256 1326 1408 1419
[106] 1460 1449 1538 1596 1677 1719 1768 1811 1969 2074 2097 2156 2329 2395 2522
[121] 2643

[[59]]
  [1] 10 24 19 12  9 16 14 11 10 12  8  5  5  4 11 17 21 21 27 26 23 19 17 24 28
 [26] 28 37 25 22 22 25 13 15 27 25 19 21 26 15 14 20 19 30 32 32 32 27 28 18 15
 [51] 22 20 21 16 11  9  8  7 22 16 14 11 18 27 17 19 17 27 23 21 26 21 19 23 21
 [76] 28 20 24 23 17 14 19 12 15 12 17 16 18 16 14 14 18 14 22 27 25 31 31 33 28
[101] 23 43 45 41 45 62 62 54 50 44 55 47 43 46 56 62 50 50 53 48 55

[[60]]
  [1]   10   39   46   29   26   24   27   32   38   30   26   38   40   37   34
 [16]   28   31   52   40   48   37   46   59   45   50   49   52   54   54   48
 [31]   68   66   56   54   87   85   82   76   84   92  116   96   96   95  102
 [46]   95  100  109  134  142  142  123  129  148  139  153  160  146  144  165
 [61]  153  188  195  166  172  176  180  216  186  164  185  185  201  233  251
 [76]  286  313  358  358  412  496  446  443  464  492  522  590  651  674  624
 [91]  676  678  703  746  758  804  851  915  904  903  912  962 1009 1079 1149
[106] 1181 1209 1251 1259 1305 1381 1462 1441 1577 1644 1717 1788 1747 1786 1947
[121] 2074

[[61]]
  [1]   10   35   36   21   16   16   19   32   25   20   25   35   33   43   45
 [16]   37   42   58   57   53   61   66   76   90   93   93  100   96   98  102
 [31]   89   82  104  114  123  124  128  130  140  167  165  158  163  159  175
 [46]  183  195  186  218  248  285  301  324  312  320  341  344  349  349  401
 [61]  423  414  434  440  492  472  471  510  546  581  604  579  604  678  712
 [76]  706  692  721  716  796  825  821  818  819  812  856  897  933 1007 1017
 [91] 1002 1032 1144 1167 1280 1295 1391 1436 1491 1465 1572 1564 1722 1734 1747
[106] 1916 2039 1998 2104 2106 2208 2367 2532 2659 2751 2810 2951 3049 3130 3388
[121] 3585

[[62]]
  [1]   10   27   31   25   20   19   13   12    9   15   10   21   23   17   17
 [16]   25   26   24   32   25   33   25   22   20   15   16   33   32   34   25
 [31]   28   49   44   52   50   47   48   59   49   72   58   65   73   66   69
 [46]   96   91   91   98  111  120  111  104  120  125  130  135  131  145  139
 [61]  159  137  130  124  117  152  171  202  210  202  216  233  242  251  260
 [76]  282  270  297  292  324  313  322  317  335  391  385  376  394  386  439
 [91]  471  460  485  521  511  493  532  576  589  631  677  685  738  814  797
[106]  789  947  963 1005 1014 1029 1099 1136 1124 1180 1228 1287 1418 1400 1403
[121] 1485

[[63]]
  [1]   10   42   36   35   27   30   44   50   66   77   79   64   55   70   70
 [16]   86   74   93  107   94   97   89   85   95   97  100  120  110  106  132
 [31]  113  147  169  183  180  203  199  181  198  231  246  246  256  277  277
 [46]  286  286  294  323  381  412  395  403  419  443  462  473  467  483  561
 [61]  601  630  660  689  687  742  780  858  830  823  905  906  945  973  921
 [76]  981  985 1122 1099 1149 1127 1169 1203 1292 1386 1439 1523 1559 1588 1614
 [91] 1711 1855 1788 1815 1864 1861 1920 2117 2184 2204 2250 2432 2564 2545 2659
[106] 2875 2930 3072 3130 3223 3404 3579 3532 3671 3832 4149 4333 4432 4598 4896
[121] 4988

[[64]]
  [1]   10   31   23   18   15   13   28   40   33   37   36   34   33   29   50
 [16]   54   66   54   57   55   72   60   73   85   77   89   79  108  101  105
 [31]  117  102  103  119  116  104  105   99  120  115  137  132  121  117  107
 [46]  128  158  166  144  143  130  155  193  169  194  186  170  183  211  230
 [61]  236  218  245  252  255  265  306  309  360  335  344  359  405  465  461
 [76]  429  449  538  573  580  583  659  680  739  724  784  813  873  906  918
 [91]  998 1060 1085 1088 1140 1154 1256 1299 1338 1435 1504 1476 1531 1713 1764
[106] 1821 1801 1907 1861 1837 2034 2174 2249 2233 2325 2395 2572 2574 2633 2715
[121] 2971

[[65]]
  [1]  10  15  17  20  17  18  17  16  20   9   7  10   8  23  15  10  10  14
 [19]  14  13   9  11  17  13  12  14  18  16  13  19  16  12   9  14  17  15
 [37]  18  11   8   7   7   7  13   7   5   4   8   8  10   6   8   6  19   8
 [55]   8   8  16  13  23  20  25  27  28  39  44  48  45  38  39  35  51  63
 [73]  55  54  48  55  73  64  88 101 111 103 123 138 136 124 128 134 124 128
 [91] 129 139 167 143 144 164 201 194 195 210 192 207 210 233 230 250 238 247
[109] 235 233 259 293 295 284 292 295 303 299 321 360 409

[[66]]
  [1]   10   22   25   18   17   25   30   35   24   40   48   45   48   45   54
 [16]   44   43   49   67   60   61   55   64   83   90   77   64   88   95  146
 [31]  154  144  126   94  118  141  153  166  173  165  181  199  199  225  258
 [46]  277  257  264  273  298  280  312  288  269  286  263  268  320  304  357
 [61]  347  310  288  309  323  378  384  419  416  432  403  407  462  489  540
 [76]  547  556  587  574  626  640  665  712  774  794  849  866  862  962  973
 [91]  998 1054 1121 1144 1198 1168 1236 1290 1278 1372 1399 1497 1545 1642 1703
[106] 1722 1800 1872 1937 1907 2015 2083 2126 2212 2261 2362 2441 2501 2647 2772
[121] 2872

[[67]]
  [1] 10 24 24 12  9  7  6  5  6  9  6  4  8  8  4 11  8  6  6  6 12 11  5  9  5
 [26]  5  5 11  9 15  9 13 10 10 10 13 21 14 12 19 15 17 13 12 12 11  8  7 12 17
 [51] 10 15 11 12 15 22 19 15 13 11 21 14 29 28 25 21 15 14 16 18 12 18 15  8  6
 [76] 18 13 10  8  7  4  7  5  3  2  2  2  8  5  3  3 15 15 17 13 12 13 24 15 13
[101] 10  5  9 10  7  6  4  4 10 12 16 11  7 12 12 10 10 20 17 23 22

[[68]]
  [1]  10  20  13   9   7   7  11  21  16  17  13  13  22  18  17  15  14  14
 [19]  11  10   9   8  10  23  14  16  10   9   8  14  17  14  10   9  12  20
 [37]  20  14  12  15  11  19  20  21  14  16  16  17  18  16  30  27  18  17
 [55]  38  42  37  39  42  47  40  45  47  44  46  43  45  46  41  53  73  74
 [73]  64  52  57  62  70  74  58  66  63  59  57  63  77  75  90 106 117 108
 [91] 131 152 138 166 161 161 187 156 182 186 201 221 203 228 231 247 245 297
[109] 278 324 316 339 350 363 387 388 411 435 409 474 475

[[69]]
  [1]   10   53   34   32   24   21   19   22   22   39   26   31   30   36   35
 [16]   38   40   47   47   65   68   73   81   93   80   85   78   94   88   70
 [31]   71   63   73   67   75   88   87   93   95   95   88   92   94  102   95
 [46]   91   96  101  107  116  136  121  111  118  132  137  147  153  189  187
 [61]  172  170  169  176  161  178  202  210  217  199  213  218  256  258  270
 [76]  278  285  302  294  295  327  370  372  384  387  429  457  528  525  568
 [91]  604  593  544  586  652  648  680  722  730  744  821  900  904  882  913
[106]  982 1016 1066 1090 1147 1155 1247 1255 1311 1323 1410 1412 1527 1475 1636
[121] 1694

[[70]]
  [1]  10  34  26  23  20  17  24  18  15  13   9   9   9  19  16  12  13  11
 [19]  24  15  21  23  17  11  14  22  18  20  19  18  36  36  26  21  22  44
 [37]  35  32  24  35  37  35  38  46  38  34  40  41  51  53  50  47  43  42
 [55]  44  73  71  95  72  82  73  80  80  68  83  85  79  82  93 121 119  99
 [73]  85 102  91  85  92 102 111 112 117 118 124 131 153 177 189 173 207 219
 [91] 241 224 229 271 279 273 311 292 309 348 369 364 426 475 455 514 549 576
[109] 589 589 619 646 751 757 739 717 740 813 811 865 882

[[71]]
  [1] 10 23 19 16 15 14 13 15 15 11  6  4  3  2  6  4  4  4  2  2  2  2  1  1  0
 [26]  0  0  0  0  0  0  0  0  0  0  0  0  0  0  0  0  0  0  0  0  0  0  0  0  0
 [51]  0  0  0  0  0  0  0  0  0  0  0  0  0  0  0  0  0  0  0  0  0  0  0  0  0
 [76]  0  0  0  0  0  0  0  0  0  0  0  0  0  0  0  0  0  0  0  0  0  0  0  0  0
[101]  0  0  0  0  0  0  0  0  0  0  0  0  0  0  0  0  0  0  0  0  0

[[72]]
  [1]   10   23   21   17   15   19   28   26   23   19   23   26   27   26   19
 [16]   16   39   34   32   33   43   45   40   48   48   30   24   28   44   43
 [31]   53   57   57   69   69   74   71   64   55   61   85   90   83   81   69
 [46]   82   73   68   68   83   75   70   71   80   95   91   95  111  150  154
 [61]  152  166  161  167  156  166  166  175  228  224  204  211  235  251  251
 [76]  238  294  288  319  330  309  309  354  392  450  450  425  402  469  534
 [91]  576  591  585  612  592  621  740  779  812  873  875  972  990 1039 1028
[106] 1058 1129 1244 1216 1242 1304 1327 1402 1425 1605 1570 1669 1771 1789 1845
[121] 1961

[[73]]
  [1]   10   34   24   27   21   21   30   26   24   25   26   39   36   28   40
 [16]   35   40   42   42   45   40   33   41   42   37   35   33   35   32   39
 [31]   29   32   46   50   51   49   47   58   49   34   28   30   41   63   60
 [46]   55   63   89   88   94   75   77   92   95  113  135  150  141  135  141
 [61]  162  160  176  158  140  159  172  179  173  190  188  208  226  246  229
 [76]  241  268  289  305  322  338  358  381  375  373  418  419  361  372  402
 [91]  456  507  502  560  534  550  622  642  614  632  631  648  687  721  727
[106]  751  746  774  812  885  857  834  862  934  997 1006 1046 1084 1191 1257
[121] 1272

[[74]]
  [1]   10   44   41   37   33   37   24   19   33   35   35   28   38   38   41
 [16]   55   41   47   54   62   55   45   39   53   57   50   40   53   56   51
 [31]   45   52   61   61   51   82   58   55   50   55   68   56   60   52   67
 [46]   68   81   74   68   60   86   79   94   88  101   83   83   89   78   89
 [61]   83   79  108  109  120  124  120  127  135  144  150  148  157  152  150
 [76]  151  166  173  164  152  164  205  215  255  248  249  266  259  268  256
 [91]  264  267  287  301  335  368  398  397  392  413  445  475  499  504  540
[106]  550  608  625  612  664  691  739  749  743  774  859  840  857  933  984
[121] 1010

[[75]]
  [1]   10   31   34   24   23   19   23   38   47   42   40   40   39   58   41
 [16]   50   50   73   64   77   64   78   77   96  107  105   90   98  106   86
 [31]  106  109  140  142  140  133  162  145  164  162  168  185  184  230  239
 [46]  238  247  276  271  271  293  324  354  375  392  424  376  374  393  417
 [61]  440  441  496  524  458  492  541  539  566  581  660  659  687  673  723
 [76]  765  843  851  837  837  822  878  937 1023 1045 1098 1090 1182 1248 1265
 [91] 1283 1317 1388 1447 1556 1608 1684 1655 1734 1928 2012 1946 2018 2098 2150
[106] 2204 2266 2336 2444 2515 2695 2682 2788 2902 3083 3209 3230 3413 3539 3604
[121] 3726

[[76]]
  [1]  10  41  41  29  23  22  21  26  20  24  19  22  24  27  36  34  29  29
 [19]  32  30  23  36  45  49  58  46  50  42  43  53  48  56  41  61  54  46
 [37]  50  53  68  61  52  51  60  53  78  76  65  69  83  79  76  97  91  98
 [55]  92 103  94 105 113 124 104 109 133 144 141 151 161 148 185 178 181 175
 [73] 187 199 218 255 250 251 231 243 246 247 245 243 228 278 291 286 288 339
 [91] 339 332 305 341 354 374 374 468 519 536 505 523 525 557 554 614 650 648
[109] 622 642 682 699 673 689 656 763 754 775 823 922 943

[[77]]
  [1]  10  24  26  17  15  13  25  18  16  12  21  36  35  25  21  18  17  17
 [19]  33  40  38  42  33  39  42  51  41  29  28  26  21  31  29  30  33  40
 [37]  37  47  53  45  49  50  45  39  60  65  76  68  64  48  54  72  79  64
 [55]  67  76  69  59  55  60  55  63  80  88  75  87  98  85 113  92  78 100
 [73]  86  74  71  75  83  70  76  84  91 103 100 124 121  87  92  91 102 107
 [91] 126 145 140 147 140 120 147 158 157 162 145 186 172 172 173 199 213 225
[109] 215 211 284 287 271 316 297 318 335 331 346 450 442

[[78]]
  [1]   10   27   21   15   15   20   19   25   17   22   36   30   29   24   29
 [16]   25   27   37   28   28   25   30   37   46   46   42   41   39   41   48
 [31]   55   40   48   41   56   57   51   59   63   47   45   75   71   73   73
 [46]   66   74   76   90   78   65   75   94   85   87   95   75   64   87  117
 [61]  114  109   96  107  106  136  159  158  144  157  143  145  160  157  163
 [76]  170  165  166  175  209  235  269  264  252  287  282  269  273  307  317
 [91]  346  409  410  433  412  435  440  453  449  505  509  520  571  582  609
[106]  612  620  691  709  757  749  795  780  815  849  864  879  912  965 1016
[121] 1047

[[79]]
  [1]   10   32   28   23   21   20   15   18   14   17   20   17   14   14   10
 [16]   12    8    7    9   11   13   11    9    7   14   22   21   16   13   12
 [31]   13   29   31   31   33   29   25   20   22   22   30   33   44   36   43
 [46]   41   57   65   65   61   45   39   52   64   48   64   71   68   65   81
 [61]   84   88   82   84   98  113  125  106  133  151  148  174  179  189  203
 [76]  198  212  209  203  229  223  262  258  291  287  296  319  363  339  366
 [91]  392  442  452  431  416  410  479  484  471  496  503  546  518  562  553
[106]  548  618  604  648  665  672  665  770  782  798  844  882 1004  991 1000
[121] 1079

[[80]]
  [1]   10   28   31   23   17   19   24   19   17   12   21   15   13   12   10
 [16]   18   19   24   32   25   20   16   23   30   36   41   31   42   39   37
 [31]   64   54   58   59   65   66   65   60   63   52   70   68   63   73   72
 [46]   82   97   86   80   96  111  126  137  117  118  137  139  158  156  149
 [61]  198  200  207  194  205  249  295  302  313  305  305  312  326  365  360
 [76]  398  378  387  393  404  436  467  454  473  495  524  531  539  596  594
 [91]  618  660  633  688  751  763  823  793  803  857  873  878  910  996 1027
[106] 1063 1055 1061 1133 1160 1183 1304 1320 1437 1503 1552 1630 1634 1673 1714
[121] 1836

[[81]]
  [1]  10  31  27  33  23  22  17  21  27  43  35  35  29  22  23  26  20  17
 [19]  15  11  13  23  33  30  19  15  13  21  21  24  17   9  13  16  24  16
 [37]  19  19  18  13  12   9  18  24  29  26  28  43  34  43  57  66  61  54
 [55]  47  45  48  63  58  80  60  64  68  85  96  96  97 101 137 141 116 113
 [73] 110 128 119 132 148 162 160 183 191 169 194 210 186 217 215 231 255 288
 [91] 273 261 274 264 275 285 343 359 383 411 376 391 433 473 461 477 456 471
[109] 488 512 508 606 612 605 555 639 631 655 644 709 732

[[82]]
  [1]  10  27  28  18  13  13  14  17  15  18  11  14  17  13  12  18  27  40
 [19]  37  25  33  29  38  31  26  24  23  31  23  32  28  26  40  37  35  32
 [37]  37  53  56  51  50  55  82  69  66  63  67  57  77  78  79  72  75  81
 [55]  77  86 101 101  96  92 105 103 126 112 122 122 127 116 124 118 128 118
 [73] 102  89 103 106 141 148 147 140 145 141 167 199 183 217 211 205 191 199
 [91] 203 222 262 273 276 281 270 283 289 310 306 320 355 349 403 405 399 401
[109] 423 488 461 474 518 542 557 575 606 586 636 630 667

[[83]]
  [1]   10   37   46   49   36   35   31   40   38   50   41   42   44   34   35
 [16]   30   34   41   42   31   35   45   64   49   50   46   61   66   57   76
 [31]   60   79   77   83   95   84   92   84   78   80   86  114  128  137  140
 [46]  113  136  141  125  136  150  129  141  151  154  146  153  179  176  162
 [61]  179  207  217  250  229  242  235  257  267  239  248  262  297  313  287
 [76]  279  288  270  299  339  332  340  324  312  327  316  346  414  389  432
 [91]  424  432  455  460  446  459  476  505  582  619  637  659  632  646  636
[106]  691  726  766  707  742  793  839  829  815  796  816  850  962 1003 1086
[121] 1074

[[84]]
  [1]   10   43   26   15   15   35   42   47   39   42   59   66   61   55   38
 [16]   45   49   47   46   41   44   39   56   49   44   41   45   49   59   62
 [31]   56   66   76   75   67   59   55   60   58   73   71   77   74   71   65
 [46]   91   92   97   90  105  121  133  158  152  145  160  185  199  209  195
 [61]  183  198  198  217  207  205  207  197  229  257  276  284  258  246  255
 [76]  285  262  259  267  244  274  318  306  299  300  333  331  299  307  341
 [91]  328  337  425  411  396  412  417  432  406  421  446  498  494  505  533
[106]  520  554  606  645  633  637  625  678  765  809  869  893  895 1001 1023
[121] 1109

[[85]]
  [1]   10   24   31   27   32   26   33   30   35   31   29   23   33   57   63
 [16]   80   66   54   55   57   54   43   50   49   65   82   83   90   94  100
 [31]  109  116  122  120  147  148  141  142  157  142  158  149  179  183  214
 [46]  196  217  207  208  244  230  253  252  274  279  306  288  299  281  297
 [61]  313  356  317  324  364  403  372  356  356  399  414  375  387  362  386
 [76]  411  436  453  458  511  533  555  506  502  560  552  519  606  637  659
 [91]  670  765  763  777  807  824  921  932  964  984 1082 1080 1104 1143 1215
[106] 1222 1405 1448 1570 1625 1557 1774 1791 1886 1928 1982 2044 2123 2085 2158
[121] 2312

[[86]]
  [1]   10   26   23   16   12   17   25   22   19   30   36   43   40   35   42
 [16]   38   33   42   42   46   51   57   66   61   65   71   81   73   88   73
 [31]   77   92   87  108  101   83  107  111  117  139  114  115  125  157  162
 [46]  150  158  158  173  149  167  151  149  161  226  231  235  227  293  303
 [61]  322  308  336  346  367  426  441  478  461  490  530  547  617  590  649
 [76]  634  633  664  646  683  656  763  774  813  784  814  900  989 1008 1023
 [91] 1025 1195 1196 1244 1288 1343 1367 1447 1524 1670 1740 1806 1820 1801 1895
[106] 2051 2113 2143 2243 2414 2525 2678 2691 2855 2934 3045 3132 3261 3404 3554
[121] 3761

[[87]]
  [1]   10   31   33   34   35   35   24   23   25   23   35   38   42   34   30
 [16]   32   46   57   62   56   47   54   66   67   73   70   82   78   87   98
 [31]  108   93   90   96   98  102   97  100   81   81   74   98  108  121  122
 [46]  116  120  129  112  101   94  101  137  130  108  106  111  143  132  132
 [61]  143  155  165  171  162  164  160  171  178  187  207  208  203  226  245
 [76]  259  287  246  262  268  299  317  345  346  347  347  372  384  414  403
 [91]  443  453  480  477  512  600  556  551  614  591  651  691  705  708  720
[106]  778  776  867  962  935  941  915  939  978 1025 1076 1054 1149 1158 1202
[121] 1318

[[88]]
  [1]   10   50   37   47   36   34   36   35   44   52   40   49   56   58   54
 [16]   65   75   63   52   53   64   57   64   69   64   67   81   73   70   64
 [31]   72   72   76   74   90   97   83   75   97   92  109  111  108  124  145
 [46]  149  169  176  167  168  162  172  213  238  233  238  237  281  312  300
 [61]  300  327  339  347  348  369  407  391  381  451  439  466  470  530  543
 [76]  534  566  570  603  579  591  614  667  646  671  730  770  807  874  858
 [91]  884  980  982 1014 1109 1167 1166 1249 1315 1411 1451 1492 1559 1649 1689
[106] 1842 2028 1998 2125 2095 2269 2320 2380 2520 2667 2797 2934 3034 3094 3332
[121] 3414

[[89]]
  [1]   10   21   35   22   18   29   32   24   21   42   42   49   53   47   52
 [16]   51   56   57   68   72   54   59   57   72   79   73   77   91   86  113
 [31]  117  107  105  105  130  138  158  148  139  148  174  175  172  178  182
 [46]  202  202  189  198  225  232  212  221  218  238  234  224  222  222  242
 [61]  253  244  274  268  269  276  284  276  273  284  306  340  351  392  417
 [76]  441  395  434  469  414  486  542  555  571  530  521  628  729  745  738
 [91]  699  755  811  854  893 1001  964 1013 1047 1182 1133 1255 1287 1248 1338
[106] 1413 1627 1713 1667 1778 1750 1860 2062 2069 2144 2195 2311 2379 2447 2538
[121] 2660

[[90]]
  [1]  10  24  11   9   6   6  13  10   9   9   8   7   6  11  16  10  10   9
 [19]  10  16  17  11   8   7   6  19  16  13  10  17  13  10   8  16  14  15
 [37]  15  18  20  17  23  16  29  25  22  21  17  23  25  18  22  27  35  27
 [55]  30  27  20  23  17  14  20  28  17  11  10   9   8  17  15  25  25  29
 [73]  31  39  41  32  31  46  38  28  24  26  31  35  27  20  33  40  35  41
 [91]  46  50  49  45  54  54  51  64  56  57  51  39  58  79  78 103  86  75
[109]  77  86 107 100 107 108 105 119 131 113 125 145 132

[[91]]
  [1]   10   43   34   28   23   29   30   39   38   43   36   38   62   54   43
 [16]   30   39   39   44   52   55   56   49   55   66   50   63   57   69   73
 [31]   77   68   74   81   77   68   80   72   75   81   79  100  100  111  116
 [46]  108  123  137  129  107  123  156  132  131  133  160  169  174  170  181
 [61]  182  187  202  243  233  196  172  181  195  217  224  231  256  247  237
 [76]  244  269  275  292  318  324  328  330  368  363  434  431  406  458  493
 [91]  508  528  557  644  654  692  744  749  737  792  787  826  890  947 1056
[106] 1037 1015 1068 1087 1103 1155 1238 1256 1302 1315 1351 1324 1451 1601 1571
[121] 1567

[[92]]
  [1]  10  44  25  25  19  24  31  29  23  27  32  26  34  25  22  28  33  43
 [19]  39  34  27  33  31  37  26  37  35  31  41  38  40  59  51  44  45  42
 [37]  37  42  39  41  49  52  42  30  61  45  42  60  80  81  88  89  86  89
 [55]  92  87  97 113 125 120 113 120 131 119 123 119 128 156 155 158 168 199
 [73] 185 185 191 181 170 156 227 248 271 259 241 250 274 300 276 262 287 331
 [91] 336 367 355 365 361 419 456 488 502 473 481 476 521 549 597 601 591 627
[109] 628 630 626 669 744 668 673 679 733 745 775 832 824

[[93]]
  [1]   10   28   12   14   12    9    8   18   12   12   17   20   20   15   19
 [16]   21   26   33   25   31   38   32   46   62   72   61   70   64   95   87
 [31]   75   96  107  114  100  101  113  103  106  103  101  138  146  130  127
 [46]  144  132  129  150  189  175  177  179  159  189  188  231  230  205  186
 [61]  200  215  245  224  231  246  241  238  253  270  273  248  318  321  305
 [76]  336  314  322  335  319  358  409  418  407  401  432  435  480  467  523
 [91]  526  507  508  564  634  672  668  743  802  835  855  842  910 1072 1157
[106] 1154 1139 1188 1324 1309 1305 1393 1484 1519 1609 1647 1635 1667 1773 1779
[121] 1874

[[94]]
  [1]   10   48   43   36   34   44   54   60   59   58   53   51   48   63   57
 [16]   57   69   74   71   80   88   80   83   99  120  110  105  116  122  125
 [31]  120  134  162  149  133  124  174  193  171  177  171  172  223  240  248
 [46]  228  257  279  287  292  309  383  347  336  353  384  418  437  476  438
 [61]  451  516  520  481  530  490  564  608  638  696  735  756  797  858  866
 [76]  874  903  913  991 1047 1151 1219 1239 1258 1286 1347 1460 1535 1604 1652
 [91] 1609 1672 1729 1739 1819 1939 2052 2114 2187 2375 2405 2369 2382 2516 2690
[106] 2728 2841 2979 3150 3233 3245 3384 3613 3825 4000 3902 4122 4346 4435 4566
[121] 4871

[[95]]
  [1]   10   35   32   25   22   22   26   29   34   31   32   35   35   32   22
 [16]   24   31   42   42   39   37   37   56   58   66   64   63   88   64   78
 [31]   86  102   95   79   80   85  111  124  126  126  114  108  129  131  125
 [46]  140  144  119  111  101  135  129  120  123  114  143  151  136  126  139
 [61]  157  156  172  177  210  226  207  193  195  182  203  247  232  236  258
 [76]  272  302  300  322  323  331  378  385  414  469  435  436  440  468  479
 [91]  511  521  510  547  607  609  615  649  720  707  758  802  817  892  889
[106]  921  970 1024 1097 1179 1190 1248 1353 1383 1436 1546 1503 1525 1637 1733
[121] 1790

[[96]]
  [1]  10  25  28  33  29  28  25  29  24  35  48  36  30  29  33  43  40  37
 [19]  39  29  33  29  29  25  28  27  47  45  40  31  38  30  39  49  49  39
 [37]  42  55  77  66  77  57  69  62  61  75  65  85  92  96  92  78  84  74
 [55]  76 105 102  99  99  94  85  86 124 128 114 117 135 134 130 118 160 153
 [73] 136 156 156 151 158 230 239 229 242 261 276 280 293 280 319 288 324 355
 [91] 337 346 350 356 366 434 426 398 449 453 478 466 456 513 551 534 544 598
[109] 589 598 651 638 728 736 762 686 762 804 884 917 952

[[97]]
  [1]  10  27  28  24  18  17  23  17  17  41  36  34  23  28  33  25  16  31
 [19]  17  17  16  15  19  11  11   8   7  15  18  19  12  19  17  17  29  31
 [37]  19  24  20  28  25  18  15  11  14  24  22  18  17  16  20  26  29  21
 [55]  20  21  22  22  18  17  17  33  27  20  17  27  31  23  30  21  21  31
 [73]  21  19  25  34  35  26  23  32  55  44  46  60  55  54  70  71  87  91
 [91]  85  67  80  88  93  99 102 105 117 140 149 148 162 156 150 162 175 180
[109] 177 156 185 177 186 196 201 173 187 186 198 193 191

[[98]]
  [1]  10  26  19  19  22  26  20  18  25  25  26  30  21  24  31  32  21  26
 [19]  20  14  22  22  25  21  20  20  19  18  28  25  35  39  28  31  42  55
 [37]  42  40  43  53  60  53  56  53  59  64  66  68  67  68  49  58  60  54
 [55]  61  56  59  77  74  67  67  75  73  88  84  85 114 112 112  98 126 119
 [73] 101 111 132 123 134 131 138 124 143 140 121 150 155 184 166 170 176 187
 [91] 189 225 211 214 212 222 207 225 253 289 293 257 277 275 303 356 378 318
[109] 389 403 420 412 423 457 412 477 421 472 540 520 537

[[99]]
  [1]   10   28   25   28   23   26   19   23   22   26   19   24   38   53   48
 [16]   36   56   56   53   48   42   41   54   51   58   36   31   33   44   81
 [31]   68   62   58   52   55   70   84   88   78   67   79   87   96   88   80
 [46]   82   88  116  127  129  124  132  119  128  135  163  187  196  179  208
 [61]  194  199  218  208  228  238  240  220  257  252  283  264  282  331  371
 [76]  376  342  337  322  353  370  374  423  440  436  449  452  471  480  545
 [91]  596  582  622  622  634  678  695  779  810  818  898  936 1006 1133 1179
[106] 1174 1215 1305 1321 1421 1480 1567 1614 1716 1761 1876 1897 2077 2152 2185
[121] 2286

[[100]]
  [1]   10   40   43   39   38   40   44   43   45   56   49   52   44   34   38
 [16]   53   52   43   47   58   48   59   61   68   74   61   57   62   79   66
 [31]   66   71   89   83   88   90   87   92   83   89   95   96  121  105  144
 [46]  123  102  115  119  149  156  192  192  203  215  229  232  260  272  262
 [61]  288  299  345  384  378  368  417  413  450  459  511  578  580  596  592
 [76]  622  651  625  682  701  670  699  780  763  777  810  781  829  811  815
 [91]  851  949  997 1083 1042 1109 1261 1229 1327 1395 1555 1562 1636 1646 1770
[106] 1837 1948 2008 2086 2075 2126 2311 2502 2498 2584 2717 2909 2969 3041 3100
[121] 3296

[[101]]
  [1]   10   27   19   15   14   27   21   16   15   24   29   34   40   30   24
 [16]   35   35   31   37   37   56   49   57   63   62   61   52   59   57   64
 [31]   82   89   90   87  104  107  116  108  117  128  109  127  126  143  163
 [46]  177  174  166  179  179  184  209  217  223  260  246  295  290  275  256
 [61]  261  277  295  317  280  323  327  385  407  385  401  431  407  428  484
 [76]  492  514  522  567  581  608  612  713  738  814  813  828  897 1004 1110
 [91] 1010 1014 1132 1237 1327 1317 1266 1375 1536 1633 1644 1637 1789 1843 2041
[106] 2065 2101 2098 2245 2314 2457 2565 2593 2698 2795 3018 3118 3222 3443 3560
[121] 3682

[[102]]
  [1]   10   50   36   27   22   20   26   31   47   45   37   40   34   51   54
 [16]   61   62   56   61   57   54   59   59   60   53   61   61   66   71   66
 [31]   69   71   83   88   78   85   90   85   87  100  103  139  123  129  128
 [46]  135  159  136  150  176  158  188  204  191  183  203  236  281  272  272
 [61]  322  336  335  337  341  366  405  403  376  399  352  354  414  440  448
 [76]  455  471  534  529  565  583  582  602  635  625  626  610  703  690  696
 [91]  717  770  814  817  826  829  890  962  922  952 1051 1080 1138 1138 1236
[106] 1293 1371 1467 1471 1582 1580 1632 1693 1886 1939 2041 2025 2135 2140 2226
[121] 2289

[[103]]
  [1]   10   38   37   24   22   23   33   22   16   19   14   23   23   28   33
 [16]   38   25   37   42   46   38   39   42   47   39   41   59   57   66   67
 [31]   62   84   81   71   67   89  120  129  122  116  133  155  139  153  175
 [46]  175  170  168  199  200  229  240  211  256  295  327  322  319  336  347
 [61]  378  389  429  416  427  457  484  525  520  539  489  461  499  509  560
 [76]  586  609  676  664  656  680  719  719  836  871  898  936  938 1008 1077
 [91] 1165 1113 1149 1166 1220 1356 1353 1358 1347 1387 1530 1595 1662 1752 1760
[106] 1784 1912 2037 2243 2235 2278 2446 2567 2676 2838 2884 2978 3135 3338 3475
[121] 3450

[[104]]
  [1]   10   36   40   31   30   29   25   25   23   19   20   36   38   39   29
 [16]   30   26   25   41   34   44   35   54   66   66   76  103   88  107  123
 [31]  159  148  136  139  174  184  186  203  223  258  265  260  257  265  286
 [46]  302  299  299  341  370  369  426  391  425  431  505  503  546  525  555
 [61]  529  530  625  678  716  728  691  685  701  787  848  874  880  905  882
 [76]  860  860  971  970 1032 1092 1153 1135 1134 1224 1268 1319 1377 1374 1489
 [91] 1594 1668 1782 1758 1834 1853 2001 2044 2155 2262 2400 2397 2487 2630 2762
[106] 2891 3023 3175 3279 3586 3758 3911 4098 4272 4466 4757 4862 5126 5476 5472
[121] 5711

[[105]]
  [1]   10   28   38   26   23   17   22   17   20   26   17   19   25   29   29
 [16]   24   26   42   31   21   25   48   42   33   26   46   53   66   60   63
 [31]   63   66   72   78   70   69   78   82   83  105   92  106  124  115  152
 [46]  153  174  170  162  170  146  157  152  161  161  156  155  175  183  187
 [61]  234  245  238  232  217  237  231  230  249  305  325  330  332  355  403
 [76]  401  391  386  451  485  509  527  520  569  568  561  595  585  633  626
 [91]  615  665  656  742  729  810  797  904  930 1018 1081 1115 1158 1178 1222
[106] 1283 1370 1447 1517 1585 1660 1710 1795 1819 1846 1884 2004 2036 2144 2262
[121] 2210

[[106]]
  [1]   10   41   49   46   42   39   46   52   73   64   59   65   64   64   60
 [16]   62   90   77   71   69   85   79   84   96  104  119   97  107  105  125
 [31]  138  145  180  174  201  208  232  228  264  273  265  277  276  308  303
 [46]  279  305  312  331  392  368  413  380  367  414  462  526  542  556  519
 [61]  528  561  570  671  708  675  709  761  796  895  941  920  995 1062 1126
 [76] 1161 1207 1282 1349 1410 1518 1597 1678 1764 1840 1977 1973 2147 2208 2286
 [91] 2343 2383 2524 2601 2774 2905 2978 3024 3139 3303 3509 3742 3881 3962 4165
[106] 4278 4323 4441 4658 4932 5001 5006 5225 5445 5688 5870 6105 6270 6402 6965
[121] 6997

[[107]]
  [1]   10   35   25   19   22   22   18   14   13   23   27   30   28   29   31
 [16]   29   26   41   34   41   41   59   44   42   44   56   61   60   63   66
 [31]   82   74   80   93   92   77  101   77  111   98   89  105  112  106  110
 [46]   89  110  133  154  144  171  175  221  207  207  224  192  221  211  289
 [61]  272  297  278  336  371  359  401  394  396  409  417  443  477  487  503
 [76]  554  570  617  643  652  710  725  762  717  765  786  765  841  920  951
 [91] 1050 1028 1059 1116 1196 1264 1330 1321 1375 1421 1527 1497 1519 1657 1809
[106] 1814 1795 1842 1983 2039 2131 2158 2315 2399 2443 2562 2734 2859 2950 3038
[121] 3127

[[108]]
  [1]  10  20  13   6   5   4   4   9   8   6   6   4   4   3   4  10   8  10
 [19]   8   8  12  14  10   8  12  12  17  18  11  11  17  16  20  24  24  15
 [37]  20  16  15  12  19  19  25  21  20  18  30  24  27  36  35  54  43  31
 [55]  39  42  38  31  42  43  44  47  39  41  40  71  50  44  80  88  56  61
 [73]  52  52  70  63  82  69  66  65  66  71  58  66  80  98  98 120 109 126
 [91] 102 104 127 118 126 163 156 149 143 150 181 193 206 215 237 262 270 293
[109] 294 259 272 316 314 282 349 399 420 429 430 453 465

[[109]]
  [1]   10   34   20   22   18   13   11   20   17   32   24   26   26   38   45
 [16]   42   43   44   46   53   75   73   79   65   58   71   82   84   98   88
 [31]   87   77   77   87   96   90   72   68   73   77   78   82  102  113  112
 [46]   84  100   98  111  101  108  104  127  119  101  132  114  136  119  107
 [61]  125  120  129  121  120  112  114  114  151  136  150  161  143  148  171
 [76]  161  143  174  213  204  239  229  215  220  231  293  300  291  328  310
 [91]  338  335  331  353  392  378  423  447  446  480  479  496  530  561  622
[106]  639  567  610  619  654  692  750  739  736  775  814  933  986  986 1007
[121] 1079

[[110]]
  [1]  10  15  17  19  16  13  14  13  21  21  16  19  11  11  19  17  20  12
 [19]  16  17  20  28  21  12  11  13  25  25  16  20  21  16  32  18  18  19
 [37]  16  22  15  19  28  40  29  28  27  32  29  38  32  39  33  33  25  28
 [55]  36  47  52  40  48  39  32  49  56  46  45  55  50  48  56  63  51  63
 [73]  63  58  69  69  72  67  64  66  68  72  80  84  61  71  94 123 129 150
 [91] 136 178 148 151 154 145 143 157 153 140 163 150 156 153 149 185 164 179
[109] 175 198 208 205 193 214 224 225 234 240 239 258 269

[[111]]
  [1]   10   17   18   14   12   19   24   25   24   29   37   33   25   19   27
 [16]   34   33   41   34   43   36   36   56   42   59   71   60   54   48   72
 [31]   82   72   72   74   81   78   79   76   73   65   85   65   93   89  103
 [46]  100  112   95  102  112  125  146  146  171  149  150  125  128  110  134
 [61]  148  137  140  179  163  185  203  200  186  193  220  245  260  268  248
 [76]  245  253  304  344  325  334  335  352  392  391  411  417  458  467  463
 [91]  444  474  496  512  545  554  566  617  603  650  619  675  689  770  796
[106]  805  797  869  943  918  969 1014 1051 1183 1280 1407 1351 1361 1447 1606
[121] 1617

[[112]]
  [1]  10  35  34  36  30  24  26  30  32  28  23  18  23  32  35  36  28  29
 [19]  24  33  42  43  58  56  58  48  58  59  71  57  65  64  67  73  57  57
 [37]  68  83  78  66  65  86  70  64  74  97 109 113 109  86 122 112 123 129
 [55] 116 128 118 137 134 128 131 151 165 158 158 147 163 157 142 136 171 181
 [73] 171 166 167 181 202 190 217 211 208 202 219 216 231 231 252 265 231 251
 [91] 266 304 291 281 283 315 321 324 319 328 349 367 369 428 455 402 425 444
[109] 489 486 455 547 536 552 538 551 588 616 690 669 647

[[113]]
  [1]  10  51  48  51  47  40  49  53  53  69  49  46  42  42  53  36  33  29
 [19]  31  46  48  47  41  38  41  37  30  39  51  46  40  33  34  36  43  55
 [37]  47  51  54  48  57  69  68  59  71  63  66  68  95  82  95  92  91  76
 [55]  95  74  72  79  75  86  87  85  67  94  96 105 118 100 108  99 111  97
 [73]  94  80 101 106 100 123 138 145 163 187 188 217 222 192 204 203 220 245
 [91] 251 262 268 276 300 316 315 319 333 382 404 403 410 428 430 456 494 587
[109] 678 711 658 679 707 674 777 789 788 841 830 949 957

[[114]]
  [1]  10  12   9  22  12  15  11   9   8   8   8   6   6   5   6   6   9   6
 [19]   5   4   4   4   4   4   4   7  10   9   6   9   8   6   5   4   6  10
 [37]  10   8   7   6   5  18  10   7   5   6   5   5   5   7  11  15  21  17
 [55]  18  35  27  27  31  25  28  24  26  27  24  33  24  34  34  31  27  27
 [73]  22  42  44  48  38  36  38  56  55  60  64  67  69  70  80 109  85  89
 [91] 101 128 133 133 145 142 144 144 201 197 197 208 197 188 210 222 235 237
[109] 238 208 265 312 303 291 302 330 366 410 435 409 428

[[115]]
  [1]   10   32   32   29   21   25   33   33   30   21   23   27   29   32   29
 [16]   47   53   48   56   44   59   81   67   55   63   71   96   95   85  102
 [31]  100   97   94   94   88  107  119  122   90   75  108  104   87  102  115
 [46]  128  139  106  119  133  161  161  188  176  169  197  212  196  207  188
 [61]  182  216  250  283  288  297  300  327  372  345  348  371  392  383  428
 [76]  445  482  451  486  490  517  548  548  540  533  580  532  583  571  645
 [91]  691  697  712  764  825  793  782  858  831  896  937  960 1033  965 1038
[106] 1036 1064 1155 1219 1223 1292 1357 1441 1456 1482 1542 1564 1628 1738 1849
[121] 1871

[[116]]
  [1]   10   33   29   28   23   19   20   23   22   19   19   28   34   24   32
 [16]   36   58   47   46   56   63   68   54   49   70   73   65   69   73   63
 [31]   69   71   96   83   85   67   71   89   80   74   79   88   98   79   86
 [46]   84  126  126  108  109  131  116  110  109  114  140  140  143  156  137
 [61]  123  131  154  187  182  188  170  208  223  173  203  205  222  239  273
 [76]  265  254  269  277  287  302  389  361  361  408  382  425  464  442  471
 [91]  542  577  572  549  546  608  656  646  707  725  767  854  976 1026 1057
[106] 1066 1096 1256 1296 1280 1285 1327 1364 1416 1480 1500 1563 1648 1772 1827
[121] 1868

[[117]]
  [1]   10   33   29   19   16   15   23   20   28   24   39   26   27   37   44
 [16]   37   38   49   48   52   51   45   45   39   44   43   65   59   62   72
 [31]   84   69   72   77   71   68   69   71   81   80   88  119  123  138  130
 [46]  137  147  156  151  167  191  191  207  216  223  254  246  281  287  297
 [61]  330  361  344  361  327  363  336  296  347  345  360  334  388  420  390
 [76]  380  410  475  503  556  569  607  559  593  572  622  705  702  693  725
 [91]  769  794  833  918  975  964  905  903  954 1021 1010 1092 1198 1260 1326
[106] 1400 1440 1474 1542 1534 1655 1792 1889 1922 1968 2080 2133 2344 2393 2285
[121] 2472

[[118]]
  [1]  10  32  29  27  23  20  20  15  15  24  20  17  12  11  11  11  16  21
 [19]  10   9  25  19  16  13  17  20  25  17  15  12  19  16  27  32  29  18
 [37]  33  40  30  28  27  33  54  54  43  41  47  56  68  77  68  77  58  58
 [55]  64  79  80  74  95 112 122 121  99 113 145 134 152 166 141 147 151 153
 [73] 161 177 165 165 200 199 199 192 208 208 232 239 253 283 259 270 290 292
 [91] 273 315 329 363 388 365 372 407 413 477 481 481 520 532 534 576 618 589
[109] 681 673 678 655 711 726 736 834 817 873 889 937 925

[[119]]
  [1]   10   22   32   31   26   19   19   23   37   32   38   35   32   28   38
 [16]   41   38   41   44   39   34   45   41   43   38   40   31   32   40   52
 [31]   39   41   48   59   65   59   71   72   76   67   93   99   98   92   76
 [46]   82   83   96  103  105  114  112  109  125  139  130  162  176  185  157
 [61]  158  150  177  215  191  199  196  230  231  237  240  249  240  269  280
 [76]  281  262  258  286  301  326  342  344  368  388  390  432  429  532  537
 [91]  566  570  551  612  661  656  713  714  774  797  810  869  924  969  972
[106]  968 1044 1001 1037 1113 1145 1180 1233 1330 1353 1321 1468 1550 1696 1788
[121] 1788

[[120]]
  [1]   10   30   30   26   23   21   23   37   48   37   31   33   30   46   42
 [16]   47   42   27   38   44   45   35   34   41   30   42   50   43   34   32
 [31]   38   38   31   40   46   43   49   46   39   42   50   61   53   57   53
 [46]   48   52   58   61   59   43   43   44   73   67   68   67   74   87   74
 [61]   74   60   64   78   86   81   94   98  107  114  113  116  116  131  116
 [76]  109  133  145  159  145  158  163  190  218  232  218  193  193  218  263
 [91]  262  277  269  310  336  357  353  393  397  392  397  437  449  509  480
[106]  505  547  549  589  618  626  646  625  690  765  830  854  919  963  992
[121] 1102

[[121]]
  [1]   10   35   39   29   18   14   17   18   34   28   26   22   21   37   31
 [16]   38   26   31   33   35   39   45   54   44   47   69   78   80   72   72
 [31]   79   86   88   79   97   97   96  108  111  106  121  123  143  153  154
 [46]  157  143  147  166  194  182  176  179  203  189  197  225  236  235  230
 [61]  273  305  320  300  295  306  363  359  386  436  425  404  453  466  501
 [76]  553  551  590  616  625  683  746  767  757  788  837  805  885  971 1001
 [91] 1021 1033 1086 1212 1213 1366 1338 1450 1479 1608 1661 1792 1780 1887 1952
[106] 2013 2130 2247 2306 2354 2403 2663 2692 2836 2913 2969 3122 3320 3238 3340
[121] 3425

[[122]]
  [1]   10   19   34   27   17   16   15   20   27   29   24   36   24   26   25
 [16]   27   22   23   25   29   28   29   33   25   35   41   50   43   46   42
 [31]   48   53   49   45   46   57   72   73   72   63   81   69   70   60   59
 [46]   83   99  111  110   99  113  124  127  147  160  166  163  174  176  215
 [61]  210  222  217  204  240  256  301  283  283  323  319  301  332  356  365
 [76]  419  428  465  450  488  547  596  594  589  618  645  708  743  758  760
 [91]  771  843  857  915  918  908 1042 1074 1177 1200 1198 1239 1380 1428 1428
[106] 1436 1458 1461 1481 1711 1803 1813 1809 1851 1956 2089 2155 2292 2307 2529
[121] 2486

[[123]]
  [1]  10  31  28  17  15  11  21  30  31  28  36  45  26  25  28  30  25  29
 [19]  19  29  24  27  30  27  21  22  21  34  37  45  38  33  44  39  36  35
 [37]  40  38  29  33  37  47  37  38  45  45  32  44  50  43  38  46  51  56
 [55]  82  79  63  61  74  63  88  86  73  73  62  91  96 128 124 122 108 126
 [73] 118 113 122 118 128 155 156 186 187 195 196 180 169 163 192 183 201 199
 [91] 233 236 242 232 233 236 242 231 276 295 302 329 336 343 388 376 398 436
[109] 441 485 520 481 468 469 516 548 554 565 574 611 590

[[124]]
  [1]   10   37   32   27   21   28   27   26   25   20   28   28   22   23   23
 [16]   24   30   20   34   35   42   43   58   57   51   62   59   62   68   63
 [31]   66   74   71   90   94   92  103  112  111  119  118  120  127  141  149
 [46]  146  147  140  168  160  151  149  185  199  182  178  189  215  222  209
 [61]  195  231  243  241  221  234  270  284  304  334  347  369  377  397  440
 [76]  432  453  423  484  498  457  453  529  572  575  585  629  654  650  666
 [91]  680  764  777  747  796  837  844  895  972 1036 1020 1041 1128 1066 1129
[106] 1175 1267 1348 1343 1437 1412 1500 1529 1595 1683 1760 1814 1901 2001 2138
[121] 2253

[[125]]
  [1]   10   23   29   23   19   21   17   26   22   20   25   33   32   48   47
 [16]   43   42   45   51   47   50   55   72   59   44   69   65   71   77   75
 [31]   74   92   99   96  111  113  104  108  117  126  143  139  166  196  190
 [46]  202  195  219  209  217  247  242  273  269  286  296  283  302  292  325
 [61]  316  289  300  326  350  354  402  384  410  456  470  427  468  489  513
 [76]  514  546  619  575  616  644  622  669  739  750  742  850  920  920  844
 [91]  935  981 1024 1076 1100 1106 1158 1265 1385 1431 1391 1469 1520 1619 1729
[106] 1797 1859 1882 1974 2012 2116 2165 2322 2333 2493 2472 2543 2663 2877 2947
[121] 3064

[[126]]
  [1]   10   33   35   27   24   17   26   31   41   38   39   37   40   48   53
 [16]   55   55   49   41   54   62   61   58   58   57   64   76   86   95   80
 [31]   77   77   85   88   91  108  130  138  123  138  145  151  141  123  150
 [46]  166  168  176  180  202  199  183  198  206  228  217  202  200  229  244
 [61]  260  258  282  303  313  321  339  331  338  365  391  389  430  433  468
 [76]  459  540  523  568  636  656  682  720  699  706  692  723  797  781  806
 [91]  869  959  976 1103 1080 1074 1054 1073 1178 1224 1224 1337 1374 1524 1575
[106] 1590 1604 1718 1776 1866 1804 1865 2005 2108 2218 2324 2357 2384 2541 2612
[121] 2674

[[127]]
  [1]   10   28   36   24   19   17   15   19   30   23   25   18   22   24   21
 [16]   27   37   41   28   29   29   27   37   48   39   42   42   41   42   48
 [31]   61   70   74   81   90   90   90   95   88   90   75   92   86   95   98
 [46]   90  113   99  115  111  130  131  121  108  113  144  137  139  163  155
 [61]  171  192  206  198  205  212  216  226  269  291  285  293  292  322  322
 [76]  395  357  380  430  455  418  431  457  491  519  544  601  585  640  668
 [91]  666  658  632  703  751  847  800  799  896  982 1013 1016 1105 1168 1292
[106] 1310 1440 1423 1392 1458 1606 1688 1689 1654 1725 1848 1949 1966 2075 2235
[121] 2296

[[128]]
  [1]   10   42   37   30   24   20   32   24   21   30   39   28   25   39   44
 [16]   36   35   32   34   35   33   38   36   35   34   37   42   51   38   48
 [31]   45   48   44   48   55   60   51   48   51   42   60   59   53   59   77
 [46]   79   83   83   87   86   83   93  116  108  120  119  112  119  154  162
 [61]  184  156  158  159  146  164  184  172  191  196  218  233  227  218  228
 [76]  255  287  280  301  312  346  361  358  413  440  439  474  514  522  564
 [91]  564  562  608  682  667  713  715  847  809  888  903  858  964  962  983
[106] 1000 1060 1133 1177 1239 1277 1304 1338 1378 1376 1453 1494 1517 1552 1637
[121] 1777

[[129]]
  [1]   10   26   16   15   12   15   21   25   23   22   20   17   14   17   31
 [16]   28   24   19   17   31   47   61   60   69   70   72   59   88   95   94
 [31]   98  100   92  112  142  148  173  158  156  143  150  138  140  161  139
 [46]  159  173  190  185  168  181  192  213  201  240  242  280  300  296  310
 [61]  311  332  332  350  415  430  435  406  408  455  476  492  456  517  522
 [76]  574  554  563  618  633  639  637  693  790  793  841  845  896  914  925
 [91]  991 1010 1011 1040 1083 1152 1137 1186 1332 1381 1392 1480 1472 1559 1531
[106] 1588 1707 1777 1743 1857 1951 1939 2082 2061 2190 2230 2334 2301 2329 2508
[121] 2572

[[130]]
  [1]   10   31   42   36   36   28   26   34   40   32   34   46   49   57   60
 [16]   69   48   50   66   76   69   69   83   73   66   62   56   57   71   78
 [31]   76   94   93  108  101  140  138  114  116  127  126  177  185  167  157
 [46]  164  176  215  213  189  194  199  193  219  236  218  263  258  274  295
 [61]  282  286  317  330  393  372  420  423  421  435  486  490  486  463  535
 [76]  534  559  617  600  645  707  748  738  778  803  860  852  935  893  966
 [91] 1003 1043 1138 1182 1162 1265 1237 1286 1420 1499 1590 1557 1636 1676 1759
[106] 1923 1990 2024 2226 2295 2300 2454 2560 2547 2661 2861 2819 3029 3121 3078
[121] 3258

[[131]]
  [1]   10   27   15   17   19   16   19   18   18   13   18   24   26   19   29
 [16]   20   20   14   16   20   25   18   23   21   21   19   20   26   24   20
 [31]   34   34   37   43   47   49   46   47   47   50   65   64   62   67   66
 [46]   84   75   79   60   66   91   87   83   81  110  101   98  107  109  116
 [61]  104  128  149  160  170  196  206  184  185  195  232  219  230  246  253
 [76]  239  296  276  326  358  337  330  366  371  375  404  396  420  405  416
 [91]  486  474  484  508  488  506  543  540  520  540  597  585  641  646  708
[106]  713  741  804  866  846  864  978 1006 1080 1111 1068 1106 1180 1247 1256
[121] 1350

[[132]]
  [1] 10 23 21 17 11  9  7 10 10 15 15 19 12  9  8  6 10 10  7 11  9 10  8  4  5
 [26]  3  3  3  3 10  6  3  3  3  6  8 12 14 10 15 23 20 16 11  9  8  6  6  6  4
 [51]  3  3  5  3  1  1  0  0  0  0  0  0  0  0  0  0  0  0  0  0  0  0  0  0  0
 [76]  0  0  0  0  0  0  0  0  0  0  0  0  0  0  0  0  0  0  0  0  0  0  0  0  0
[101]  0  0  0  0  0  0  0  0  0  0  0  0  0  0  0  0  0  0  0  0  0

[[133]]
  [1]   10   35   24   22   13   11   19   19   17   24   20   19   16   18   37
 [16]   31   30   27   34   33   37   43   38   50   61   50   51   55   49   46
 [31]   55   83   80   82   95   89   86  100  132  148  152  180  181  165  191
 [46]  202  233  228  205  209  223  230  252  243  262  257  269  286  278  316
 [61]  342  354  355  363  355  384  455  429  446  447  501  537  523  548  534
 [76]  549  556  613  658  632  666  680  775  832  843  850  943  939  932  980
 [91] 1040 1088 1173 1268 1327 1370 1356 1372 1431 1510 1583 1674 1770 1806 1859
[106] 1966 1983 2167 2275 2334 2388 2543 2603 2855 3021 3088 3098 3179 3389 3553
[121] 3705

[[134]]
  [1]   10   31   28   30   24   21   20   28   25   27   25   23   21   17   22
 [16]   26   21   30   21   32   32   23   17   19   20   31   37   41   38   37
 [31]   44   38   41   36   45   54   58   46   47   59   71   69   65   52   47
 [46]   54   82   93   97   81   88   69   83  100  114  106  117  113  113  137
 [61]  132  117  106  120  115  104  114  116  117  120  152  159  150  139  145
 [76]  149  186  199  191  234  245  219  268  281  310  317  316  303  325  351
 [91]  344  367  386  389  368  460  509  495  500  542  537  585  643  658  655
[106]  609  662  635  719  726  755  806  917  890  899  924  984 1054 1122 1138
[121] 1155

[[135]]
  [1]  10  44  29  30  24  19  38  28  27  29  36  30  36  30  28  21  31  34
 [19]  35  51  43  43  36  38  34  35  58  42  30  31  35  32  31  31  34  28
 [37]  32  33  33  30  33  34  34  36  30  35  38  32  32  35  44  48  50  60
 [55]  45  56  57  78  59  88 100  68  87  98  85  79  77  64  84  74  75  86
 [73] 102 113 122 124  99 125 130 125 128 111  97 107  99 150 129 120 130 116
 [91] 110 149 149 155 153 159 214 200 204 188 222 277 275 272 295 293 301 324
[109] 330 378 382 384 376 449 502 515 536 575 589 686 727

[[136]]
  [1]   10   26   36   28   25   29   40   51   64   55   45   47   41   46   43
 [16]   53   78   68   70   81   80   69   70   96  103  122  143  123  151  165
 [31]  176  163  175  186  185  211  239  252  256  226  276  282  287  292  291
 [46]  295  301  339  318  331  331  348  415  415  449  467  464  465  473  501
 [61]  521  517  524  540  491  531  585  644  588  639  678  700  739  754  743
 [76]  756  740  830  878  943  922  993  977 1092 1191 1201 1206 1216 1245 1344
 [91] 1316 1415 1499 1530 1567 1661 1697 1683 1741 1904 1854 1881 1989 2141 2276
[106] 2347 2466 2488 2570 2777 2915 3069 3120 3281 3246 3346 3642 3812 4033 4158
[121] 4252

[[137]]
  [1]   10   47   33   30   25   28   46   42   34   38   40   39   51   51   53
 [16]   68   66   65   58   78   93   70   68   65   65   81  102   95   90   85
 [31]  110  138  138  110  104  114  106  139  147  147  129  115  119  136  130
 [46]  127  122  135  140  161  156  160  156  190  179  202  208  247  242  236
 [61]  239  226  301  312  371  358  393  345  379  393  408  466  488  452  452
 [76]  470  512  563  548  587  585  660  651  645  679  700  748  725  736  779
 [91]  812  832  877  953  930  988 1048 1096 1058 1108 1195 1234 1291 1374 1372
[106] 1403 1542 1571 1617 1718 1718 1754 1960 1985 1998 2058 2148 2319 2483 2396
[121] 2561

[[138]]
  [1]   10   30   22   16   12   22   16   26   24   24   23   26   29   41   39
 [16]   36   35   33   41   37   35   29   45   49   39   48   56   43   40   36
 [31]   50   44   35   40   58   42   40   50   52   57   56   48   73   88   96
 [46]   81   84   95   87   83   88  101  106   97  120  121  116  133  131  118
 [61]  118  132  137  145  153  170  166  189  229  211  193  244  253  230  248
 [76]  220  253  253  237  242  243  298  289  285  311  352  390  408  388  420
 [91]  428  401  371  462  429  425  446  470  520  566  603  626  619  590  650
[106]  683  639  716  759  801  787  809  805  848  953 1004  951  963  975 1070
[121] 1156

[[139]]
  [1]  10  13  16  16  11  10  10  14  16  15  13  15  13  16  13  23  23  14
 [19]  11  12   9   9  11  12  14   8   7   6   6   6   7   9   8  10   7   6
 [37]   3   2   2   2   2   2   2  14  10   8   7   6  13  19  15  13  13  13
 [55]  11  15  15  17  14  11  14  15  11  15  12  11  15  22  13  13  31  37
 [73]  29  33  30  24  30  32  36  33  39  43  40  53  47  46  42  50  60  53
 [91]  50  55  72  79  74  81  96  85 104 100 130 136 130 134 139 143 144 193
[109] 187 183 195 190 195 223 202 214 229 253 243 225 254

[[140]]
  [1]   10   25   30   33   22   26   17   16   29   30   24   19   20   18   29
 [16]   33   29   32   29   25   25   25   32   38   35   44   40   33   48   58
 [31]   56   61   82   62   77   76   72   70   74   93  103  105  108  102   99
 [46]  101   96  102  111  102  110  127  150  141  157  165  163  157  147  145
 [61]  170  178  198  196  207  245  300  285  288  289  316  307  320  314  307
 [76]  313  319  353  426  427  411  421  501  491  554  578  623  631  618  675
 [91]  639  694  698  754  727  785  837  919  927  942  988 1048 1111 1170 1248
[106] 1254 1348 1308 1328 1414 1418 1516 1611 1630 1653 1692 1796 1891 1814 1905
[121] 2002

[[141]]
  [1]  10  25  15  13  11  10  16  14  10   9  13  10  18  12  16  32  30  25
 [19]  19  20  31  22  33  24  25  31  26  23  21  26  46  38  32  42  29  35
 [37]  39  47  41  36  36  35  43  45  56  56  53  56  67  57  62  65  73  83
 [55]  85  85  93  92  95  87  88  96 100 102 123  96 108 127 134 141 134 121
 [73] 147 142 139 134 116 135 150 171 162 162 190 195 191 198 214 239 260 265
 [91] 252 285 283 287 300 310 303 293 326 314 368 372 385 372 437 451 427 443
[109] 465 490 510 547 564 551 577 611 615 660 682 693 827

[[142]]
  [1]   10   23   25   20   17   14   19   16   24   25   30   27   39   30   28
 [16]   28   36   34   37   61   44   62   77   86   74   81   97  101  116   98
 [31]  106   96   95  105  126  130  130  119  125  128  175  153  147  182  201
 [46]  177  210  179  218  212  248  238  244  249  246  252  287  310  330  339
 [61]  335  353  378  424  417  372  380  454  425  441  442  463  445  474  497
 [76]  534  567  566  583  610  634  680  767  787  795  807  810  915  898  966
 [91]  942 1009 1057 1082 1163 1212 1234 1303 1362 1457 1475 1511 1565 1663 1644
[106] 1633 1729 1772 1896 2056 2086 2019 2187 2293 2302 2386 2479 2568 2841 2901
[121] 2937

[[143]]
  [1]   10   23   38   31   22   30   28   31   23   30   25   40   50   45   46
 [16]   46   63   85   71   81   82   88   72   76   82  101   78   80   88   85
 [31]  104  137  144  129  144  137  150  153  160  188  196  209  213  231  219
 [46]  254  268  253  269  252  230  276  292  311  312  358  359  344  364  385
 [61]  418  458  480  490  477  517  535  542  551  529  536  536  553  584  598
 [76]  595  618  670  656  718  768  753  772  806  839  891  968 1046 1060 1115
 [91] 1151 1135 1213 1292 1310 1337 1380 1434 1499 1583 1672 1816 1797 1842 1971
[106] 1997 2114 2154 2310 2407 2450 2635 2624 2700 2870 3068 3093 3191 3326 3421
[121] 3635

[[144]]
  [1] 10 41 39 29 20 19 14 17 21 17 13 11 20 21 15 18 18 19 24 32 23 33 27 23 16
 [26] 13 19 22 18 15 10  8 12 17 15 11 16 12  8 12 16 15 13 19 19 16 15 13 11  9
 [51] 24 12  9 11 14 10 12 17 14 14 11 14 15 17 25 32 28 22 26 28 20 23 35 26 23
 [76] 21 30 29 21 29 24 19 17 15 10 10 11  9  7  9  7  6 12 12  7  6 13 10 14 19
[101] 16 20 16 14  8  7  7 12 13 11 15 16 11 21 17 18 21 23 31 25 20

[[145]]
  [1]  10  23  19  13  12  19  13   9   8  16  14  10   9   9  12   9  13  18
 [19]  15  10  17  13  13  15  22  13  10  13  12  10  12  18  16  19  11  19
 [37]  28  17  20  31  25  20  27  23  23  22  28  20  22  20  21  44  38  41
 [55]  40  43  50  68  71  73  61  66  80  90  70  71  72  56  57  64  57  69
 [73]  70  67  71  66  66  73  88  68  65  79  65  62  68  79  92 100  86 114
 [91] 120 130 135 136 145 141 167 153 157 168 173 156 172 179 199 184 204 214
[109] 232 229 202 211 272 268 256 270 276 330 315 342 332

[[146]]
  [1] 10 12 14 14 11  9  7 12 10  7  6  5  5  2  2  2  2  9  5  6  5  6  3  3  3
 [26]  2  2  1  1  4  4  2  2  7  7  6  6  4  3  3  8  5  5  4  2  1  1  1  1  0
 [51]  0  0  0  0  0  0  0  0  0  0  0  0  0  0  0  0  0  0  0  0  0  0  0  0  0
 [76]  0  0  0  0  0  0  0  0  0  0  0  0  0  0  0  0  0  0  0  0  0  0  0  0  0
[101]  0  0  0  0  0  0  0  0  0  0  0  0  0  0  0  0  0  0  0  0  0

[[147]]
  [1]   10   30   18   20   17   13   18   19   15   22   12   10   17   19   26
 [16]   29   30   19   24   26   35   30   32   35   40   42   56   59   67   74
 [31]   83   75   75   93   72   81   88  112  111  101  107  115  136  119  120
 [46]  119  108  111  116  117  108  128  136  153  163  192  190  185  212  209
 [61]  189  197  195  224  251  261  247  242  253  256  278  302  309  348  340
 [76]  307  351  391  448  404  415  421  465  485  477  509  552  544  514  553
 [91]  573  635  587  650  703  732  711  757  765  836  859  851  901  900  965
[106] 1064 1075 1145 1166 1201 1305 1323 1320 1395 1488 1634 1633 1687 1667 1757
[121] 1787

[[148]]
  [1]   10   38   36   24   21   19   25   36   29   38   51   51   42   45   46
 [16]   72   67   74   70   75   77   73   60   78   69   60   63   53   58   78
 [31]   92   77   74   81   80   87   80   76   67   74   67   76   66   65   90
 [46]   90   97   91  101  104   97  108  117  108  112  113  114  125  129  149
 [61]  130  143  145  176  179  183  201  255  248  246  232  236  243  301  315
 [76]  314  358  343  329  372  367  428  457  504  486  523  517  584  584  649
 [91]  668  705  694  758  800  864  879  937  944  946  987  953 1037 1151 1167
[106] 1186 1187 1244 1394 1471 1519 1613 1708 1779 1892 2049 2198 2245 2236 2376
[121] 2422

[[149]]
  [1]   10   41   44   35   25   31   44   50   49   53   44   43   59   75   73
 [16]   58   71   59   67   55   66   67   69   71   77   70   60   70   68   49
 [31]   46   57   84   71   76  100   96  101   87  107  102  123  137  138  133
 [46]  136  152  121  127  130  144  145  133  139  147  143  172  160  183  190
 [61]  209  209  241  256  288  303  340  340  403  412  383  395  434  502  523
 [76]  560  614  600  621  649  694  747  759  728  746  778  871  999  962 1002
 [91] 1103 1138 1167 1206 1220 1329 1362 1409 1453 1539 1593 1681 1711 1804 1972
[106] 2039 2134 2148 2212 2275 2388 2475 2531 2586 2734 2819 2925 3145 3262 3332
[121] 3566

[[150]]
  [1]  10  28  14  17  13  12  16  24  16  18  27  33  23  20  29  22  23  19
 [19]  21  17  16  19  27  20  15  14  11  21  13  18  16  13  25  21  18  19
 [37]  23  19  37  33  33  35  45  37  36  38  35  32  39  52  48  39  33  34
 [55]  27  29  40  34  24  26  28  36  32  28  20  28  23  29  25  20  40  28
 [73]  42  62  63  74  74  87  91  97  92 102 112 109 110 133 134 150 145 134
 [91] 143 172 172 171 191 203 208 228 211 238 240 256 237 222 250 289 288 285
[109] 286 330 356 340 383 371 389 417 422 396 422 417 458

> save(reslist, file=paste("output",iter,".rda",sep=""))
> 
> 
> ###############################################################
> 
> 
> # Clear the workspace and turn off graphics.
> #  Load all the functions you need by sourcing the provided demographic.R file
> #  Read in the job number from the cluster. To do this, your code should include a new
> # variable iter and should start with the line:
> # iter <- as.numeric(Sys.getenv(PBS_ARRAY_INDEX))
> #  Control the random number seeds so that each parallel simulation takes place with a
> # different seed. Your function should therefore set the random number seed as iter so that
> # each parallel simulation has a unique random seed.
> #  In each parallel run, select the initial condition to be used. Ensure that 25 of the parallel
> # simulations are allocated to each of the initial conditions.
> #  Create a variable which is the filename to store your results. The end of the filename
> # should be the number iter to ensure that simulation files do not overwrite one another on
> # the cluster.
> #  Initialise a list which will contain the results of your 150 simulations.
> #  Call the stochastic_simulation function to do the appropriate simulation 150 times,
> # appending the output to the results list, and then save the results list.
> 
> #four initial conditions (25 cluster runs per)
> #each cluster run runs simulation 150 times
> #1) large population of 100 adults
> #2) small population of 10 adults
> #3) 100 individuals spread
> #4) small population of 10 individuals
> 
R has finished running

============================================

        Job resource usage summary 

                 Memory (GB)    NCPUs
 Requested  :         1             1
 Used       :         0 (peak)   0.80 (ave)

============================================
