R is about to run

R version 4.4.1 (2024-06-14) -- "Race for Your Life"
Copyright (C) 2024 The R Foundation for Statistical Computing
Platform: x86_64-conda-linux-gnu

R is free software and comes with ABSOLUTELY NO WARRANTY.
You are welcome to redistribute it under certain conditions.
Type 'license()' or 'licence()' for distribution details.

R is a collaborative project with many contributors.
Type 'contributors()' for more information and
'citation()' on how to cite R or R packages in publications.

Type 'demo()' for some demos, 'help()' for on-line help, or
'help.start()' for an HTML browser interface to help.
Type 'q()' to quit R.

> 
> 
> growth_matrix <- matrix(c(0.1, 0.0, 0.0, 0.0,
+ 0.5, 0.4, 0.0, 0.0,
+ 0.0, 0.4, 0.7, 0.0,
+ 0.0, 0.0, 0.25, 0.4),
+ nrow=4, ncol=4, byrow=T)
> 
> reproduction_matrix <- matrix(c(0.0, 0.0, 0.0, 2.6,
+ 0.0, 0.0, 0.0, 0.0,
+ 0.0, 0.0, 0.0, 0.0,
+ 0.0, 0.0, 0.0, 0.0),
+ nrow=4, ncol=4, byrow=T)
> 
> clutch_distribution <- c(0.06,0.08,0.13,0.15,0.16,0.18,0.15,0.06,0.03)
> 
> #=========================================================================================
> rm(list=ls())
> graphics.off()
> source("Demographic.R")
> source("kl2621_HPC_2024_main.R")
[1] 0 0 0 0 3
[1] 3 3 2 2 2
[1] 2 2
 [1] 7 4 4 3 3 3 2 2 1 1 1 1 1 1 1 1 1 1 1 1 1
> 
> 
> ###4 initial conditions
> 
> ############################################################
> 
> 
> 
> #VVVVVVVVVVVV-------------COMMENT ME OUT WHEN RUNNING THE THING
> #iter <- 5
> #VVVVVVVVVVV--------------UNCOMMENT ME OUT
> iter <- as.numeric(Sys.getenv("PBS_ARRAY_INDEX"))
> set.seed(iter)
> 
> 
> if (iter <= 25) {
+ initial_state <- state_initialise_adult(4,100) #100 adults
+ } else if (iter >25 && iter <= 50) {
+ initial_state <- state_initialise_adult(4,10) #10 adults
+ } else if (iter >50 && iter <= 75) {
+ initial_state <- state_initialise_spread(4,100) #100 spread
+ } else {
+ initial_state <- state_initialise_spread(4,10) #10 spread
+ }
> 
> reslist <- list()
> 
> ####100 cluster runs
> ###################################################
> ####150 runs of stochastic_simulation per cluster run
> for (i in 1:150) {
+     #################################
+     ###120 steps of stochastic_simulation per simulation
+     stochasticresult <- stochastic_simulation(initial_state,growth_matrix,reproduction_matrix,clutch_distribution,120)
+     reslist[[i]] <- stochasticresult
+     #################################
+ }
> ###################################################
> 
> print(reslist)
[[1]]
  [1]  10  21  15  14   9   9  16  14  15   9   7   6   4   4   4   4   4  14
 [19]  29  20  15  13  17  14  11  15  12   9  13  27  22  21  15  10  22  19
 [37]  13  15  12  24  33  38  35  29  33  28  26  23  39  47  43  49  60  63
 [55]  69  56  54  76  83  95  95 100 110 107 101  99 120 123 113 108  97 120
 [73] 152 152 181 149 149 146 132 186 187 187 208 216 206 225 253 238 241 246
 [91] 240 246 279 271 273 279 302 323 321 331 314 325 325 341 364 355 407 451
[109] 444 458 484 543 579 500 538 571 584 570 589 694 700

[[2]]
  [1]  10  11   7  10   8   8  10   9  15  11  16  15  13  13   9  20  22  21
 [19]  15  13  18  21  34  22  19  21  19  20  37  38  40  31  42  38  28  41
 [37]  47  48  32  24  28  26  24  24  30  28  25  22  45  38  41  26  46  53
 [55]  63  49  50  41  43  38  37  39  40  36  49  37  30  36  32  37  42  54
 [73]  53  58  56  69  60  79  63  62  78  79  78  82 101 125 122 123 115 107
 [91] 122 116 102  94 126 135 125 117 139 143 146 172 166 193 176 191 213 220
[109] 247 233 243 262 244 247 262 263 298 293 330 330 407

[[3]]
  [1] 10  9 14  7  5  4  7  2  2  2  7  4  4  4  3  3  2  2  2  1  1  1  1  1  1
 [26]  1  4  6  2  1  1  1  1  1  1  0  0  0  0  0  0  0  0  0  0  0  0  0  0  0
 [51]  0  0  0  0  0  0  0  0  0  0  0  0  0  0  0  0  0  0  0  0  0  0  0  0  0
 [76]  0  0  0  0  0  0  0  0  0  0  0  0  0  0  0  0  0  0  0  0  0  0  0  0  0
[101]  0  0  0  0  0  0  0  0  0  0  0  0  0  0  0  0  0  0  0  0  0

[[4]]
  [1]   10    8   11    8    7    7    6   12    8    6   12   18   24   23   34
 [16]   40   38   48   56   51   54   44   49   69   82  102   86   92   97  118
 [31]  111  117  121  125  105  119  140  141  119  148  157  185  178  192  190
 [46]  186  211  223  223  214  240  234  234  265  246  241  261  273  300  304
 [61]  277  324  346  341  362  390  376  384  405  439  434  466  500  530  529
 [76]  535  615  696  678  672  685  763  836  845  819  817  913 1040 1026 1054
 [91] 1075 1062 1150 1235 1236 1277 1381 1376 1422 1503 1649 1709 1787 1781 1829
[106] 1853 1843 2060 2115 2191 2241 2319 2450 2546 2651 2581 2744 2877 2965 3058
[121] 3114

[[5]]
  [1]  10  15   9  13  13  19  21  16  15  21  29  31  28  31  28  31  30  29
 [19]  20  20  27  29  38  32  34  33  29  27  23  29  27  22  27  24  29  29
 [37]  19  26  41  34  27  25  31  34  32  46  41  43  50  46  41  51  46  47
 [55]  45  55  57  54  72  71  62  72  75  82  72  88  82  97 102 114 100 116
 [73] 126 135 143 149 146 128 110 124 137 146 163 169 159 161 189 202 200 187
 [91] 198 201 214 210 191 214 252 267 254 263 257 293 305 296 308 340 352 371
[109] 318 346 398 444 434 482 523 504 563 554 542 572 591

[[6]]
  [1]  10  14  10   8   6   9  17  30  20  17  13  17  24  34  29  22  20  18
 [19]  26  19  18  12  22  21  20  15  13  18  20  33  36  20  22  23  44  42
 [37]  34  30  31  37  24  24  29  38  36  32  26  41  41  35  35  30  38  37
 [55]  62  51  56  59  60  56  53  54  59  50  65  63  65  57  55  59  56  78
 [73]  84  78 101  91 100  91 101 103  98 102 110 130 141 159 186 156 155 152
 [91] 162 176 163 193 190 224 215 212 237 233 271 301 307 306 303 351 413 379
[109] 411 413 445 484 484 517 552 524 526 562 539 523 553

[[7]]
  [1]   10   10    6   11    9    7    7   14   22   23   15   14   16   23   42
 [16]   27   21   17   15   29   23   32   34   43   34   30   22   31   31   36
 [31]   42   51   52   44   40   44   54   53   45   43   45   43   53   72   64
 [46]   57   58   60   66   63   86   82   95   99   92   96   93  112  101  128
 [61]  141  154  180  204  181  189  194  190  181  224  272  294  293  289  291
 [76]  279  299  306  321  353  335  366  361  375  437  439  406  456  508  485
 [91]  518  494  521  549  553  617  719  697  753  676  712  776  888  877  883
[106]  874  875  957  986 1021 1110 1135 1121 1226 1211 1277 1389 1463 1575 1629
[121] 1670

[[8]]
  [1] 10 17 17 10  7  5 12 14  7  5  4  2  9  4  3  2  2  6 12 11  8  6 13  9  7
 [26]  5  5  6  4  3  3  4  6  4  4  3  3  7  9  5  5  4  2  2  3  3  8  1  1  1
 [51]  1  0  0  0  0  0  0  0  0  0  0  0  0  0  0  0  0  0  0  0  0  0  0  0  0
 [76]  0  0  0  0  0  0  0  0  0  0  0  0  0  0  0  0  0  0  0  0  0  0  0  0  0
[101]  0  0  0  0  0  0  0  0  0  0  0  0  0  0  0  0  0  0  0  0  0

[[9]]
  [1]   10    8   13   11   11   22   23   30   35   40   36   41   41   43   40
 [16]   39   40   37   57   57   61   73   59   64   59   59   61   67   71   72
 [31]   78   70   70   62   85  104  109   87  102   84   88   91  108  104  124
 [46]  181  154  147  145  165  174  184  190  179  196  225  214  216  240  228
 [61]  250  256  292  299  275  299  350  336  349  329  323  300  321  376  450
 [76]  461  482  496  530  505  551  585  607  626  604  615  607  652  668  737
 [91]  733  780  792  842  918  967  950  933  989 1102 1094 1090 1161 1232 1224
[106] 1230 1306 1450 1535 1564 1667 1736 1775 1889 1973 2108 2133 2249 2352 2419
[121] 2510

[[10]]
  [1]   10   15   23   28   19   25   26   32   30   27   28   48   44   41   38
 [16]   29   41   29   32   28   29   25   29   21   30   24   28   31   32   30
 [31]   28   23   26   27   20   20   24   17   17   23   28   47   62   47   40
 [46]   46   52   69   78   85   96   82   87   91   91   99  105  116  104  117
 [61]  137  127  131  136  123  143  157  163  144  145  159  157  154  158  179
 [76]  198  186  187  201  181  200  231  257  260  301  355  340  314  361  389
 [91]  415  427  455  439  498  492  552  577  586  585  572  595  611  672  719
[106]  695  725  748  786  823  807  832  919  928 1039 1069 1052 1130 1112 1153
[121] 1134

[[11]]
  [1]   10   13   10   10   13   17   14   17   22   25   30   37   36   32   28
 [16]   30   34   48   44   39   39   39   36   34   46   39   39   36   29   50
 [31]   59   53   45   37   49   31   34   31   28   31   39   47   41   30   30
 [46]   44   48   62   70   77   58   80   95   96   88   91   86   89   97   97
 [61]  111  106  110  115  115  139  135  136  140  142  184  184  173  187  223
 [76]  222  260  281  316  307  331  363  358  377  346  358  358  375  391  414
 [91]  429  413  511  519  514  517  549  543  524  511  541  564  589  558  592
[106]  659  655  700  743  712  742  850  862  855  909  892  940 1010  946  988
[121] 1015

[[12]]
  [1]  10  12  16  12  11  19  15  13  13  17  26  16  21  16  17  20  21  12
 [19]   9  13  18  17  15  13   9  13  17  14  16  14  13  12  25  22  30  27
 [37]  34  28  34  27  30  42  44  38  36  38  38  31  28  47  43  51  38  49
 [55]  59  44  44  43  46  61  48  60  66  80  76  64  55  45  76  84  80  77
 [73]  76  80  76 108 111 117 119 117 123 117 117 153 153 163 152 180 187 205
 [91] 207 193 200 215 225 235 252 248 292 303 330 341 327 386 429 488 503 496
[109] 468 523 528 545 501 532 547 601 626 611 661 673 654

[[13]]
  [1]   10   20   14   13    9    7   11    9    9   10    8   18   12   19   29
 [16]   28   22   23   42   50   46   38   41   40   29   32   48   43   50   38
 [31]   32   47   42   54   54   65   58   60   61   70   81   76   67   66   82
 [46]   85   72   74   73   98  102  121  115  121  121  122  114  156  139  130
 [61]  163  152  164  150  163  163  154  176  160  159  167  188  203  211  192
 [76]  187  214  233  266  258  262  273  283  295  284  258  292  285  298  315
 [91]  379  368  369  403  477  482  515  496  571  565  618  619  687  705  658
[106]  646  677  709  773  747  829  831  978 1043 1004 1084 1102 1177 1237 1271
[121] 1262

[[14]]
  [1]  10  10   8  10  15  18  13  12  12  21  28  24  22  16  18  13  10  10
 [19]   9  12  17  10   7   7   6   6   7   6  10   8   9  10   7   6  13  10
 [37]   8   6  21  16   9   7   7   7  12  12  20  29  31  21  26  20  27  37
 [55]  41  37  30  34  40  55  55  56  54  53  51  66  66  78  69  78  82  76
 [73]  80  70  83  96 110 122 135 163 128 118 125 111 108 130 145 137 144 121
 [91] 139 173 182 185 183 191 192 223 231 255 241 244 269 269 300 286 286 276
[109] 267 278 311 284 271 283 311 347 342 318 331 343 366

[[15]]
  [1] 10  8  6 16 19 12 11 10 11 18 23 18 20 20 17 26 24 15 29 22 25 23 26 29 28
 [26] 25 35 30 32 29 31 30 30 23 30 25 28 30 33 30 25 25 16 19 20 11 13 13 14 10
 [51]  8  7  8  8  6  6  9 13 14 12 11 10 14  9  7  6  9 13  8  7  6  6  3 15 10
 [76]  9  9 11 21 12 19  9  8 12 14 10 14 11  9  6  5  5  5  8  6 11  8 20 24 16
[101] 14 23 30 25 20 22 46 32 29 35 29 20 23 37 56 67 57 56 52 48 57

[[16]]
  [1]   10   21   14   15   19   20   26   17   15   20   20   15   13   22   26
 [16]   19   19   18   23   24   17   29   28   24   22   28   29   33   35   28
 [31]   38   31   46   46   51   43   44   42   59   56   79   75   75   86   79
 [46]   97   92   95  126  124  126  120  109  105  120  146  203  198  190  174
 [61]  169  243  225  253  246  257  277  296  351  365  405  397  418  470  484
 [76]  558  570  570  691  645  623  610  646  666  751  712  713  719  759  800
 [91]  801  823  855  907  964  962 1024 1121 1193 1238 1261 1291 1470 1566 1571
[106] 1576 1641 1763 1786 1808 1872 1959 2138 2219 2261 2354 2414 2575 2637 2708
[121] 2896

[[17]]
  [1]  10  13  12  13  13  22  25  27  26  36  37  38  39  37  47  51  47  39
 [19]  64  50  56  50  57  60  69  71  67  73  67  80  77  73 107  99  97  91
 [37]  99 108 108 110 120 121 140 156 131 138 135 155 141 184 180 154 158 177
 [55] 155 151 193 185 187 185 176 188 175 179 174 209 207 180 156 143 155 154
 [73] 180 170 171 176 202 206 209 214 259 230 210 244 289 305 303 269 271 283
 [91] 287 320 314 281 295 325 304 362 397 385 384 423 455 480 474 514 500 554
[109] 570 619 626 662 711 699 706 790 825 861 848 897 932

[[18]]
  [1] 10 15 10  8  4  3  3  6  6  5  4  3  9  1  1  0  0  0  0  0  0  0  0  0  0
 [26]  0  0  0  0  0  0  0  0  0  0  0  0  0  0  0  0  0  0  0  0  0  0  0  0  0
 [51]  0  0  0  0  0  0  0  0  0  0  0  0  0  0  0  0  0  0  0  0  0  0  0  0  0
 [76]  0  0  0  0  0  0  0  0  0  0  0  0  0  0  0  0  0  0  0  0  0  0  0  0  0
[101]  0  0  0  0  0  0  0  0  0  0  0  0  0  0  0  0  0  0  0  0  0

[[19]]
  [1]  10   7   5   5  11   9  13   7  12  15  11  16  15  16  16  14  15  14
 [19]  19  22  23  24  24  22  25  21  31  23  23  20  21  29  41  33  31  23
 [37]  25  18  27  27  22  23  27  25  22  27  25  25  26  33  29  28  36  26
 [55]  26  31  26  34  32  31  29  30  25  43  59  48  49  60  65  54  34  38
 [73]  42  46  54  59  56  39  40  46  46  47  44  51  42  49  34  37  42  33
 [91]  35  48  49  44  31  37  47  58  64  75  78  85 112  99 104 104 106 104
[109] 144 132 145 137 154 206 198 194 220 230 263 258 314

[[20]]
  [1] 10  7  6  7  5  9 11  7  7  5  4  2  2  1  1  1  1  1  2  0  0  0  0  0  0
 [26]  0  0  0  0  0  0  0  0  0  0  0  0  0  0  0  0  0  0  0  0  0  0  0  0  0
 [51]  0  0  0  0  0  0  0  0  0  0  0  0  0  0  0  0  0  0  0  0  0  0  0  0  0
 [76]  0  0  0  0  0  0  0  0  0  0  0  0  0  0  0  0  0  0  0  0  0  0  0  0  0
[101]  0  0  0  0  0  0  0  0  0  0  0  0  0  0  0  0  0  0  0  0  0

[[21]]
  [1]   10   13   15   22   22   26   20   29   30   30   33   32   29   47   40
 [16]   35   25   21   44   53   45   43   67   65   78   73   61   63   63   90
 [31]   81   99   99   95  115   92  101   90   94  129  112  148  138  127  142
 [46]  156  163  204  190  202  213  168  210  204  213  204  198  188  160  165
 [61]  214  199  168  180  181  228  194  204  231  261  287  295  298  277  320
 [76]  319  339  363  377  440  432  410  472  461  480  488  507  561  565  554
 [91]  610  610  618  665  649  704  717  764  757  817  858  853  869  857  928
[106] 1006 1003 1024 1058 1136 1244 1240 1266 1371 1375 1456 1613 1623 1640 1600
[121] 1658

[[22]]
  [1]  10   6   5   5   6   7   7   6   4   4   4   3   2   9  10   8   8   8
 [19]  18  17  21  17  13  19  16  12  11  15  15  17  11  14  18  15  16  19
 [37]  20  16  14  22  27  22  24  22  20  22  28  34  26  34  43  41  33  41
 [55]  42  50  40  53  49  50  43  36  45  38  45  49  59  50  47  38  38  38
 [73]  59  60  56  60  60  59  64  63  66  80  74  58  67  61  63  66  74  78
 [91]  84  86  80 101  98 111 102 109 129 131 136 129 134 163 183 207 179 173
[109] 174 178 219 212 175 193 200 185 192 184 177 204 193

[[23]]
  [1]   10   10   20   20   14   16   11   15   19   22   17   16   17   20   26
 [16]   25   16   14   16   13   17   22   31   24   30   26   29   28   33   36
 [31]   33   34   40   47   41   54   40   40   39   42   56   53   48   63   54
 [46]   71   65   68   78   81   64   66   84   69   77   75   83   89  117  120
 [61]  124  143  131  157  177  186  196  198  207  211  203  239  231  260  294
 [76]  298  258  284  262  303  316  356  410  397  397  398  399  418  484  490
 [91]  484  501  492  493  549  539  586  577  653  668  704  701  761  805  821
[106]  906  902  909 1000 1049 1169 1120 1144 1182 1194 1217 1302 1425 1426 1475
[121] 1540

[[24]]
  [1] 10 17  8  8 10 10  8 15  9  5  5  5 10  7  4 10  9 12 14  8  5  5  4  1  6
 [26]  5  5  5  4 12  8  7  6  6 10 12 18 10  8  6  4  3  2  5  8  6  4 11  6  5
 [51]  4  4  8  9  8  8  8  8  6 11  6  4 11  8  7  4  3  3 10 16 13  8  6 19 13
 [76] 17 10  7  5 11  7  7  7 11 25 32 24 20 15 26 32 29 24 23 37 43 50 39 29 30
[101] 42 38 37 34 39 37 35 44 62 53 65 51 55 71 78 81 94 84 75 70 81

[[25]]
  [1]   10   16   22   23   16   18   17   13   12   12   19   33   29   25   21
 [16]   34   26   33   37   43   27   39   33   33   38   39   32   39   32   30
 [31]   27   27   33   32   28   30   31   30   28   35   51   50   47   44   31
 [46]   32   44   53   69   83   63   64   66   69   95  114   93   71   92   93
 [61]  106  110  117  120  100   95  112  137  135  125  113  134  140  122  131
 [76]  146  139  168  189  162  205  206  234  227  240  244  292  310  318  324
 [91]  345  341  344  365  375  421  448  437  471  499  529  527  553  594  679
[106]  710  768  832  907  876 1014 1060 1076 1100 1155 1274 1292 1324 1318 1318
[121] 1300

[[26]]
  [1]  10  16  16  14  17  13  23  19  14  16  25  26  34  27  21  13  22  23
 [19]  24  22  14  11  20  20  16  13  13  10  17  28  34  32  27  26  46  48
 [37]  55  51  58  52  55  51  42  59  75  70  61  56  60  75  70  73  93  87
 [55]  74  73  56  60  53  72  72  77  77  91  81  90  98  94  87  96  89  94
 [73] 115 100 109 113 109 135 135 144 153 165 173 183 180 177 168 188 203 244
 [91] 240 315 335 353 370 392 382 382 383 389 379 377 426 417 404 412 457 463
[109] 475 455 515 576 579 632 667 683 679 718 783 741 773

[[27]]
  [1]   10   19   20   18    9    6    6    9    6   10   11    9    6   10   15
 [16]   10    9    9   10   15   12   12   12   18   18   11   16   23   24   15
 [31]   24   17   21   22   15   12   11   11   17   29   39   39   36   40   41
 [46]   42   51   42   48   59   64   75   76   72   76   90   79  104  110  107
 [61]  110  115  108  115  163  146  136  115  157  160  176  157  146  140  162
 [76]  162  184  196  210  205  224  227  219  233  216  283  287  299  303  308
 [91]  343  361  372  394  405  467  506  556  593  588  597  603  615  654  646
[106]  655  691  708  730  738  800  841  905  866  908  931 1038 1072 1070 1163
[121] 1147

[[28]]
  [1]  10  18  12   9   4   6  10   5   3   2   2   9   5   5   4   9   6   6
 [19]   6   8   9   8  10  12   7   6   5  11   9  11  11  10  10   9  15  23
 [37]  24  24  25  17  15  23  19  22  37  30  28  30  27  26  27  49  47  36
 [55]  33  46  40  38  41  60  63  49  45  49  41  46  53  66  72  58  66  65
 [73]  90  69  92  87 109 116  94  86  84  95 107 120 124 146 128 134 141 179
 [91] 197 180 195 238 227 223 223 263 290 301 291 284 311 345 335 360 391 409
[109] 450 407 446 472 456 513 573 597 643 664 690 754 705

[[29]]
  [1]   10   14   24   16   14   12   11    9   15   19   21   22   25   29   39
 [16]   36   26   38   46   41   47   50   49   44   42   62   60   52   50   55
 [31]   58   56   51   72   63   56   74   88  108  109  101   94   90  101  114
 [46]  127  129  123  103  110  181  196  210  193  218  257  283  281  300  313
 [61]  320  330  331  338  376  338  371  318  354  396  387  374  397  416  458
 [76]  454  421  465  502  557  569  540  599  629  635  678  725  750  747  798
 [91]  872  918  973 1042 1080 1007 1035 1115 1122 1171 1257 1286 1309 1337 1452
[106] 1492 1551 1531 1603 1797 1904 1958 1949 1986 2133 2220 2232 2424 2484 2550
[121] 2722

[[30]]
  [1]   10   11    7    6   13   15   12    9   20   16   11   15   11   21   23
 [16]   17   15   12   12   14   15   10   14   11   14   16   23   27   19   19
 [31]   15   21   20   22   29   30   34   25   23   25   25   26   32   35   36
 [46]   39   34   35   44   62   85   83   89   91  105   92  108   99  109  123
 [61]  100  106  113  135  125  138  152  165  164  147  154  158  176  164  157
 [76]  149  181  179  179  192  200  229  222  216  234  249  255  234  243  304
 [91]  296  298  312  307  325  323  342  369  431  430  434  416  425  469  473
[106]  503  557  572  668  653  696  710  732  774  750  840  843  887  909  954
[121] 1019

[[31]]
  [1]  10  13   7   7   7   6   5   5   5  11  17  17  10  10  10  19  14   9
 [19]   8  10  13  15  17  18  16  13  16  20  17  13  19  17  19  16  15  15
 [37]  21  27  31  19  16  16  20  17  21  29  32  40  35  33  25  43  32  27
 [55]  32  32  35  29  33  39  44  41  34  39  38  43  51  54  47  49  44  36
 [73]  41  49  46  30  33  44  48  54  39  44  43  35  52  44  42  40  43  43
 [91]  45  50  66  72  63  60  51  62  79  78  85  82  90 100 116 112 120 119
[109] 127 158 143 154 175 150 154 201 212 192 187 198 190

[[32]]
  [1]   10   10   18   21   23   22   19   18   21   16   12   20   26   25   21
 [16]   17   29   29   29   24   28   39   29   28   49   53   48   58   53   49
 [31]   58   56   61   65   63   65   55   44   47   90  108  103  107  110  110
 [46]  123  166  157  166  159  184  190  185  189  199  195  172  188  217  216
 [61]  207  231  272  242  263  271  301  339  356  364  382  372  411  458  485
 [76]  517  526  492  531  566  567  594  643  679  701  726  733  756  722  776
 [91]  822  858  890  822  890  923  953  984 1030  997 1078 1135 1219 1283 1334
[106] 1392 1422 1541 1591 1765 1824 1837 1972 2060 2084 2089 2178 2238 2323 2497
[121] 2581

[[33]]
  [1]   10   19   18   12   22   22   24   18   24   25   16   12   11   10   15
 [16]   16   15   17    8   13   11   10   10   22   22   23   17   23   35   22
 [31]   25   39   30   42   39   43   35   39   38   40   44   42   40   50   56
 [46]   60   47   40   48   58   68   53   78   83   95  113  103  114  126  139
 [61]  143  118  127  128  140  126  145  166  147  155  161  160  171  174  204
 [76]  208  201  211  230  275  305  294  281  284  298  285  356  365  366  372
 [91]  428  455  457  452  470  503  528  494  481  536  538  565  619  701  646
[106]  685  750  791  809  810  841  897  995 1042 1082 1114 1174 1179 1231 1324
[121] 1361

[[34]]
  [1] 10 12  9  8 25 24 26 20 16 21 20 15 17 18 18 16 18 16 19 12 11  9 17  8  5
 [26]  3  4  9  5  3  2  3  2  1  1  1  1  0  0  0  0  0  0  0  0  0  0  0  0  0
 [51]  0  0  0  0  0  0  0  0  0  0  0  0  0  0  0  0  0  0  0  0  0  0  0  0  0
 [76]  0  0  0  0  0  0  0  0  0  0  0  0  0  0  0  0  0  0  0  0  0  0  0  0  0
[101]  0  0  0  0  0  0  0  0  0  0  0  0  0  0  0  0  0  0  0  0  0

[[35]]
  [1] 10 11  4  4  6  8  8  6 11  7  5  4  2  3  3  3  3  7 12  7  6  4  6 11  7
 [26]  3  2  2  2  2  5  4  4  2  1  1  1  1  1  1  1  1  7 12 11  6  5  5  5  3
 [51]  2  1  1  4  3  5  3  3  3  3  5  4  4  7  5  4  7  5  4  4  4  8  4  3  2
 [76] 11  9  9  7  5  5 11 11 14 12 10 10 12 17 12 10 10 13 36 25 17 15 25 24 16
[101] 20 15 28 35 26 34 36 45 48 45 47 60 62 57 79 78 73 69 96 90 94

[[36]]
  [1]  10  13  13  15  19  22  18  30  23  26  24  21  16  22  15  31  28  20
 [19]  21  21  19  11  16  12  12  22  20  17  21  21  46  46  47  36  37  40
 [37]  39  47  36  36  35  27  34  40  39  30  30  28  29  45  34  35  28  49
 [55]  63  73  58  65  77  93  85  87 103  95 114  97  95  93  86 103  91  83
 [73]  96 117 142 113 131 112 108 123 107 116 120 136 137 145 114 109 133 118
 [91] 128 122 125 137 142 141 159 145 167 158 177 180 170 183 179 198 209 211
[109] 212 236 223 249 223 218 273 268 254 262 254 287 329

[[37]]
  [1]   10   21   18   17   15   19   21   16   16   24   13   17   25   18   15
 [16]   26   26   21   26   39   42   37   32   40   47   42   48   50   49   59
 [31]   72   69   65   80   83   94   92   98   94  114  114  108  128  126  141
 [46]  141  159  171  153  186  176  183  160  187  202  208  193  205  208  244
 [61]  210  210  258  236  249  249  283  317  326  320  310  327  354  341  378
 [76]  357  401  378  394  427  461  495  472  493  484  533  558  527  564  592
 [91]  657  664  631  665  721  782  796  750  807  855  883  920  988  975  966
[106] 1017 1019 1076 1151 1210 1241 1323 1314 1411 1403 1504 1607 1761 1795 1896
[121] 2007

[[38]]
  [1]   10   10    7    6   10    7   12   14   18   16   12   16   11   12   18
 [16]   19    7    7    8    6    6   16   14   12   10   17   17   19   21   18
 [31]   22   16   17   25   26   19   23   25   40   32   43   32   24   34   30
 [46]   27   46   49   35   35   33   41   59   39   56   50   51   49   66   61
 [61]   62   79   76   82   81  100   96  104  132  145  119  142  113  126  144
 [76]  122  142  140  158  151  152  176  203  256  204  210  227  253  265  307
 [91]  289  309  343  352  367  390  407  428  449  503  505  514  557  549  546
[106]  582  598  604  687  703  735  768  793  778  830  874  854  880  935  987
[121] 1026

[[39]]
  [1]   10   11   12    9    8   10   24   25   35   34   33   42   46   33   39
 [16]   49   47   45   62   61   69   68   70   63   56   56   73   77   90   82
 [31]   84   75   76   89  106   98   88   91  108  139  148  132  129  149  149
 [46]  157  175  185  210  268  255  223  227  257  261  277  247  315  302  338
 [61]  316  333  354  344  374  425  442  430  477  507  521  534  528  568  620
 [76]  662  759  742  757  754  769  890  896  967  993 1013 1092 1171 1148 1148
 [91] 1285 1265 1352 1445 1545 1469 1566 1686 1825 1791 1857 1969 1986 2055 2144
[106] 2246 2366 2455 2546 2607 2715 2905 3037 3100 3203 3356 3486 3580 3735 3747
[121] 3902

[[40]]
  [1]  10   7   8   8   7   6   5   8   4   3   3   3   2   2   7   5   4   8
 [19]   7   7   7   6   6  16  13   8   7   5   4   3   8   6   5   5   5   5
 [37]   5   4   3   3   1   1   1   1   1   1   5   3   2   2   2   2   2   4
 [55]   2   7   4   9   5   2   1   1   1   5  11  12   8   8   8   8  20  30
 [73]  34  30  25  27  26  36  41  55  53  46  48  50  51  57  73  77  71  66
 [91]  80  77  93  80  63  60  90  78  85  87  91  77  86  77 116 106  85  91
[109] 107  90  97 110 122 143 139 127 120 134 159 149 169

[[41]]
  [1]  10  12   6   4   7  12  10   9   5   3   3  10   4   3   3   2   1   6
 [19]   4   2   2   2   2   2   6   4   4   4   3   3   2   5   8   6   4   3
 [37]   3   2   7   4   9   4   3   3   3  10  10   7   3   2   8   6   4   4
 [55]   3   4  10   9  12  10   9   7   6   6  13  17  26  34  27  26  23  31
 [73]  15  24  31  27  24  14   9  16  11  21  15  13  12  12  21  25  36  33
 [91]  30  27  29  27  26  27  36  28  53  54  54  55  75  69  61  63  84  93
[109]  84  80  65  89 112 118 101 101 124 121 109 129 146

[[42]]
  [1]  10  16  15  13  12  10  10   8  13  11  14  10  10   8   6   6  12   7
 [19]   7   7   7   6  11  10   3   3   3   3   2   2   6   6   3   3   3   3
 [37]   3  15  17  11  15  11   8   8   7   6   9  10   7  10   8  12  10   7
 [55]   5   5   8   7   7   4   9   8   7   6  12  10   8  13   7   7   6   6
 [73]   6  10  12  21  11   9  14  11  10   7  10   9   7   7  11  26  21  22
 [91]  24  30  47  52  52  33  33  45  48  58  71  64  54  60  72  71  82  68
[109]  96  94  92  82  90  87  84 103  96  93  93 101 103

[[43]]
  [1] 10 12 16 12  9  9  9 23 23 23 22 19 20 15 16 16 15 13  9 11  8  9  6  4  4
 [26]  5  4  3  2  2  2  2  6  2  0  0  0  0  0  0  0  0  0  0  0  0  0  0  0  0
 [51]  0  0  0  0  0  0  0  0  0  0  0  0  0  0  0  0  0  0  0  0  0  0  0  0  0
 [76]  0  0  0  0  0  0  0  0  0  0  0  0  0  0  0  0  0  0  0  0  0  0  0  0  0
[101]  0  0  0  0  0  0  0  0  0  0  0  0  0  0  0  0  0  0  0  0  0

[[44]]
  [1]  10  23  21  26  26  23  25  26  20  24  29  28  36  25  27  26  34  36
 [19]  30  30  19  25  28  25  33  26  18  17  16  17  16  13  14  20  23  24
 [37]  18  15  26  20  16  22  22  25  18  23  24  16  17  21  23  31  33  30
 [55]  29  34  59  55  70  73  61  49  56  82  74  82  69  66  77  81  63  77
 [73] 105  98 101  96 102 101 111 110 103 135 144 146 141 144 146 176 195 214
 [91] 199 185 170 186 217 243 249 257 264 273 306 293 300 323 392 414 403 453
[109] 474 470 477 520 519 584 601 676 689 712 689 725 723

[[45]]
  [1] 10 13 14 10 15  8  8  7 13 10  8  7  6 14  9  6  5  5  3  3  3  4  1  1  1
 [26]  0  0  0  0  0  0  0  0  0  0  0  0  0  0  0  0  0  0  0  0  0  0  0  0  0
 [51]  0  0  0  0  0  0  0  0  0  0  0  0  0  0  0  0  0  0  0  0  0  0  0  0  0
 [76]  0  0  0  0  0  0  0  0  0  0  0  0  0  0  0  0  0  0  0  0  0  0  0  0  0
[101]  0  0  0  0  0  0  0  0  0  0  0  0  0  0  0  0  0  0  0  0  0

[[46]]
  [1]  10  11   7   9   7   8   8   7  12  12  12  14  13  23  19  21  21  28
 [19]  37  40  33  30  30  30  32  46  61  47  38  37  30  26  37  33  42  40
 [37]  35  31  35  27  48  49  46  48  55  48  53  47  50  47  63  64  68  59
 [55]  61  68  75  86  92  92 109  96  82  99  96  95  99 109 116 120 147 124
 [73] 108 105 115 116 132 124 145 144 142 149 161 177 205 182 184 187 208 224
 [91] 241 219 233 231 240 253 275 302 311 302 329 363 405 388 415 427 468 515
[109] 528 557 559 558 616 670 701 747 751 777 822 825 836

[[47]]
  [1] 10  9  5  3  3  4  2  0  0  0  0  0  0  0  0  0  0  0  0  0  0  0  0  0  0
 [26]  0  0  0  0  0  0  0  0  0  0  0  0  0  0  0  0  0  0  0  0  0  0  0  0  0
 [51]  0  0  0  0  0  0  0  0  0  0  0  0  0  0  0  0  0  0  0  0  0  0  0  0  0
 [76]  0  0  0  0  0  0  0  0  0  0  0  0  0  0  0  0  0  0  0  0  0  0  0  0  0
[101]  0  0  0  0  0  0  0  0  0  0  0  0  0  0  0  0  0  0  0  0  0

[[48]]
  [1]   10   11   13   14   22   21   13   24   29   33   27   27   32   32   45
 [16]   52   45   40   47   55   44   49   51   46   53   64   68   73   66   76
 [31]   68   71   84   81  103  105  114  122  121  121  121  141  127  154  156
 [46]  183  181  174  183  201  198  213  212  237  235  232  261  245  263  239
 [61]  254  283  268  282  320  296  306  333  346  360  411  406  434  451  476
 [76]  452  478  573  578  559  597  616  650  624  665  719  733  792  793  811
 [91]  853  885  927  906 1050 1048 1120 1146 1184 1272 1281 1350 1414 1502 1630
[106] 1707 1749 1838 1892 1945 2083 2138 2226 2226 2332 2433 2565 2733 2773 2862
[121] 2940

[[49]]
  [1] 10 11 10 12 15 14 16 18 19 21 22 24 20 22 36 24 20 18 11 20 20 20 20 17 16
 [26] 13 20 15 13  9 10  7  5  4  3  1  4 10 13  7  6 13 11  9  7  6 10  7 13 10
 [51]  9 14 10 14 15 15 14 15 15 12 20 28 26 26 27 21 29 28 30 17 21 19 16 17 23
 [76] 23 18 27 17 24 27 24 19 21 33 29 23 24 19 27 22 17 21 22 24 18 22 23 21 36
[101] 27 26 32 49 49 34 48 51 47 43 33 43 61 52 57 45 74 63 55 58 65

[[50]]
  [1]  10  10  10  12  14  17  13  12  21  32  37  28  23  24  32  37  29  35
 [19]  31  34  26  19  27  26  30  35  29  25  28  19  19  17  26  21  23  17
 [37]  20  24  29  23  24  33  40  32  30  24  29  32  50  54  49  44  45  59
 [55]  64  52  61  68  70  85  94 101  94  94  94  95  95 103 103 111 123 114
 [73] 104 113 111 141 125 136 136 151 155 142 126 149 147 189 167 180 181 196
 [91] 180 230 221 231 217 224 198 258 295 289 271 269 310 333 360 340 344 349
[109] 442 395 439 461 466 471 464 525 590 604 604 623 594

[[51]]
  [1]  10  22  13  12  11  10   6   4  12   7   6   6   9   8   7  10   6   5
 [19]  11   6   6   6   5  15   9  14  21  13  11  17  26  17  18  15  19  18
 [37]  15  14  16  18  15  15  25  26  30  25  26  23  19  20  20  23  18  17
 [55]  17  22  32  29  33  45  30  38  50  42  48  48  59  68  68  61  61  73
 [73]  87  91  86  86 105  94 119 123 117 108 119 123 135 146 165 167 170 169
 [91] 194 195 189 201 231 245 251 247 258 272 240 272 290 289 323 359 339 354
[109] 381 397 388 392 436 512 528 553 580 594 565 603 654

[[52]]
  [1]   10    9   17   12   17   17   19   33   22   18   22   27   40   35   30
 [16]   28   38   29   33   26   43   35   32   33   39   53   56   58   68   53
 [31]   53   74   70   75   83   93   99   92   96  104  106  112  131  117  102
 [46]  121  134  151  149  150  155  183  212  234  226  235  230  253  226  268
 [61]  264  250  258  266  303  302  309  348  356  335  352  373  378  410  422
 [76]  429  434  415  407  436  411  411  459  514  525  588  556  547  556  586
 [91]  600  628  654  676  686  728  764  796  781  821  839  898  948  972 1042
[106] 1057 1067 1071 1169 1208 1285 1378 1409 1519 1560 1780 1840 1923 1964 2060
[121] 2122

[[53]]
  [1]   10   11   15   16   13   16   18   51   41   39   31   33   45   41   49
 [16]   52   62   48   49   45   35   27   36   47   53   49   48   49   46   51
 [31]   74   78   78   68   64   71   69   70   77   80   80   58   71   86   97
 [46]   83   85  102   79   94  116  112  114  130  172  146  140  154  163  181
 [61]  207  192  179  202  245  245  225  224  241  247  230  229  275  267  276
 [76]  319  345  315  314  318  363  383  422  432  432  492  498  508  518  527
 [91]  627  638  655  625  679  717  768  798  815  833  863  916  906  926 1019
[106] 1092 1185 1203 1150 1229 1413 1540 1537 1553 1617 1752 1869 1945 2019 2110
[121] 2078

[[54]]
  [1]  10   9   8  18  19  14  11  12   8   7  19  18  12  11  13  16  16  23
 [19]  19  10  13  16  20  16  19  17  14  13  22  27  22  23  20  15  13  16
 [37]  11  14  14  17  13  11  10  16  17  24  30  21  27  20  20  15  19  18
 [55]  22  19  14  19  12  17  23  37  31  22  22  45  48  47  42  34  50  49
 [73]  40  41  37  34  34  41  52  53  71  72  88  75  73  66  72  83  84  85
 [91]  78 110 125 123 118 124 148 163 145 158 164 137 159 194 196 201 199 222
[109] 230 210 209 232 247 262 296 278 263 263 314 343 371

[[55]]
  [1]  10  16  11   8   8  19  17  20  15  10   7  11  14   7   5   4   3   2
 [19]   2   2   6   9   5   5   4  10  10   8   7   7  14  20  16  13   9   9
 [37]  11  19  24  18  15  13  22  24  23  29  30  29  29  32  32  39  34  36
 [55]  43  56  64  75  60  58  59  59  75  83  70  70  72  78  81  68  85  87
 [73]  97 103  99  83  95  90 130 114 124 147 138 128 151 142 153 126 146 168
 [91] 201 167 189 210 235 259 252 264 261 284 295 307 310 312 362 418 386 421
[109] 462 434 507 505 498 519 481 479 534 555 556 577 605

[[56]]
  [1] 10 13 15 11  9 20 13 10 11 12 12  7  7 11 14 13 21 22 14 11 12 18 21 20 17
 [26] 17 19 16 19 12 10 18 17 13 10 15 17 17 14 19 15 16 14 20 22 21 19 24 23 23
 [51] 21 17 30 27 26 22 26 32 34 33 41 39 44 43 46 33 29 21 18 15 36 30 21 31 37
 [76] 41 37 30 31 35 42 43 32 33 32 33 44 27 19 15 12 21 27 20 18 11 22 23 24 16
[101] 20 21 40 54 44 33 31 24 31 27 37 24 22 22 28 30 31 43 26 20 26

[[57]]
  [1]  10  13   8  11   9  11   7   6   7   6   8  12  10  12   8   7   7   4
 [19]   4   8  12   9  11  10  10  24  23  28  22  20  19  19  30  34  29  33
 [37]  33  33  30  30  43  32  38  38  28  36  30  33  33  28  19  22  21  20
 [55]  24  25  37  40  37  41  39  32  55  68  72  65  67  60  69  80  80  79
 [73]  81 117 113 117 120 114 148 151 159 156 203 190 206 202 225 250 242 237
 [91] 237 229 248 276 296 290 291 296 299 323 334 330 344 338 387 372 347 356
[109] 355 354 380 422 424 418 446 501 450 480 538 585 593

[[58]]
  [1]   10   19   14   17   18   19   24   28   27   27   23   36   43   38   59
 [16]   57   49   42   43   36   30   35   33   31   37   34   37   53   53   58
 [31]   62   59   51   59   71   50   44   48   66   88   69   83   80   88   87
 [46]   70   85   80   86  104  100   95  103  100   96  112  112  124  129  127
 [61]  156  173  143  180  210  255  236  213  211  233  260  260  255  280  285
 [76]  322  328  334  346  354  413  440  451  411  463  480  501  521  542  547
 [91]  547  605  690  717  703  758  746  737  765  799  880  860  902  969 1003
[106] 1054 1039 1123 1112 1208 1198 1203 1209 1317 1468 1466 1549 1668 1740 1761
[121] 1721

[[59]]
  [1]   10    9   12   11   20   12   10   12    9   22   23   19   21   42   31
 [16]   30   29   29   36   36   35   28   41   47   43   47   64   43   53   55
 [31]   91   74   73   70   72   89   82   83   88   87   80  101   91  111  105
 [46]  109   94  100  116  132  148  166  163  166  145  158  166  141  137  161
 [61]  169  200  178  166  181  196  218  210  209  208  219  207  188  217  222
 [76]  250  254  268  262  277  271  313  336  301  317  308  343  333  364  355
 [91]  359  361  371  403  362  414  385  399  444  470  491  454  477  565  529
[106]  571  593  587  577  590  637  660  679  729  741  801  826  892  907 1005
[121] 1029

[[60]]
  [1]   10   10   17    9    7    6   11   12   16   14   11    9   20   21   20
 [16]   17   14   14   14    8   12   13   26   22   20   24   31   23   27   40
 [31]   37   46   41   40   37   57   75   77   59   68  117  103   97   87  110
 [46]  121  124  145  136  147  137  141  127  156  173  166  174  191  198  228
 [61]  240  222  245  251  238  261  282  287  324  333  364  388  400  457  468
 [76]  457  475  487  561  532  547  567  599  624  656  676  659  628  675  728
 [91]  749  764  754  780  856  841  831  874  875  953 1026 1049 1015 1057 1113
[106] 1166 1196 1258 1332 1382 1471 1506 1529 1664 1658 1664 1849 1975 2032 2121
[121] 2104

[[61]]
  [1] 10  9 13  8  7  6  8  5  5  3  7  4  4  3  2  2  1  1  1  0  0  0  0  0  0
 [26]  0  0  0  0  0  0  0  0  0  0  0  0  0  0  0  0  0  0  0  0  0  0  0  0  0
 [51]  0  0  0  0  0  0  0  0  0  0  0  0  0  0  0  0  0  0  0  0  0  0  0  0  0
 [76]  0  0  0  0  0  0  0  0  0  0  0  0  0  0  0  0  0  0  0  0  0  0  0  0  0
[101]  0  0  0  0  0  0  0  0  0  0  0  0  0  0  0  0  0  0  0  0  0

[[62]]
  [1]   10    7    4    4    9   11   10    9    4   11   12   14    9   21   18
 [16]   35   35   33   26   22   27   31   26   36   36   34   44   52   59   79
 [31]   72   58   59   66   58   79   58   65   97  103   77   70   69   94   97
 [46]  130  125  145  142  156  182  178  213  212  195  197  215  214  228  225
 [61]  254  260  258  276  290  270  292  287  281  297  301  326  330  305  329
 [76]  349  363  394  421  419  420  471  514  535  544  560  618  634  677  734
 [91]  738  779  791  845  941  971 1002 1049  971 1008 1063 1114 1188 1221 1216
[106] 1281 1337 1422 1485 1526 1520 1625 1654 1721 1732 1808 1913 1998 2077 2276
[121] 2278

[[63]]
  [1]   10   10   21   17   13   19   17   16   11   14   19   26   27   18   13
 [16]   12   10   12   13   12   12    7    6    4    3    7    5    5    4    6
 [31]    6   14   22   19   23   26   25   49   33   38   35   29   23   37   34
 [46]   36   36   53   54   59   54   55   71   61   61   62   74   93   97   93
 [61]   80   87   94   98  105  119  132  134  141  110  117  150  128  168  164
 [76]  169  167  197  179  201  190  210  211  219  224  219  248  265  267  282
 [91]  268  295  294  338  368  399  434  443  418  411  447  491  545  570  536
[106]  535  547  619  620  694  717  771  754  731  770  842  895  983  942 1005
[121]  968

[[64]]
  [1] 10 11 12  9  8  7  6 13  8  5  3  2  2  1  1  5  2  1  1  1  1  3  1  1  1
 [26]  0  0  0  0  0  0  0  0  0  0  0  0  0  0  0  0  0  0  0  0  0  0  0  0  0
 [51]  0  0  0  0  0  0  0  0  0  0  0  0  0  0  0  0  0  0  0  0  0  0  0  0  0
 [76]  0  0  0  0  0  0  0  0  0  0  0  0  0  0  0  0  0  0  0  0  0  0  0  0  0
[101]  0  0  0  0  0  0  0  0  0  0  0  0  0  0  0  0  0  0  0  0  0

[[65]]
  [1]   10   19   15   11    9   15   27   23   20   21   28   35   34   34   27
 [16]   26   24   44   48   41   48   80   60   58   45   45   58   55   47   61
 [31]   61   58   74   95   84   88   87   85   88   94  105  105  102  118  113
 [46]  111  100  101  143  145  140  150  144  166  172  186  186  194  179  158
 [61]  185  198  213  223  223  281  265  236  254  295  293  295  305  307  309
 [76]  316  382  391  376  363  330  338  382  350  365  414  451  422  418  436
 [91]  489  488  475  493  523  521  546  634  660  671  678  675  703  711  733
[106]  764  828  830  840  867  966  979 1052 1057 1030 1131 1150 1210 1213 1339
[121] 1337

[[66]]
  [1]   10    7   13   22   19   15   12   11   27   19   25   18   24   24   30
 [16]   24   21   31   29   40   39   36   49   52   61   57   47   50   50   51
 [31]   66   49   63   48   60   55   49   73   62   42   50   49   67   72   65
 [46]   73   76   70   84  122  121  135  126  117  148  162  174  167  155  170
 [61]  182  220  215  210  217  216  246  223  251  264  298  320  332  309  358
 [76]  439  480  479  479  471  493  495  526  561  579  592  597  573  655  662
 [91]  615  708  797  820  844  855  871  964  977 1048  996  979 1062 1140 1160
[106] 1233 1226 1268 1243 1364 1526 1541 1588 1634 1732 1756 1925 1936 2086 2028
[121] 2157

[[67]]
  [1]   10   18   14   13   11   16   16   13   16   12   21   13   10   21   24
 [16]   22   16   17   27   27   29   38   33   31   30   34   26   29   42   48
 [31]   42   40   40   41   39   50   58   66   71   78   76   78   84   78   96
 [46]   93   88   83  131  117  123  135  158  154  154  165  168  211  187  189
 [61]  198  205  219  202  197  224  249  254  245  263  278  299  292  315  293
 [76]  346  397  385  391  401  424  419  422  457  464  519  513  519  523  598
 [91]  558  572  617  634  721  758  780  787  853  860  873  874  956  968 1022
[106] 1131 1102 1116 1178 1201 1285 1358 1459 1507 1550 1683 1745 1745 1802 1909
[121] 1999

[[68]]
  [1]   10   19   22   20   15   14   16   24   36   29   25   27   34   38   44
 [16]   43   36   33   26   33   50   43   48   37   43   45   55   66   53   72
 [31]   80   64   73   81   77   91   90  104   93   88   77   89   92   93  109
 [46]  108  111  127  128  138  131  130  151  152  161  156  156  151  155  168
 [61]  185  203  164  196  185  192  225  235  215  223  245  262  305  312  308
 [76]  286  313  363  369  395  438  453  449  480  528  486  499  542  588  588
 [91]  551  533  630  673  704  683  695  773  785  774  753  782  852  880  928
[106]  979 1038 1077 1077 1160 1186 1202 1328 1372 1420 1554 1514 1545 1612 1688
[121] 1818

[[69]]
  [1] 10  5  3  9 12 10  9  7 13 11  7  9  5  4  6 10  4  3  3  3  3  9  8  6  6
 [26]  4  3  4  4  2  2  2  6  8  4  3  3  3  3  7  1  4  1  1  1  1  1  6  2  1
 [51]  1  1  1  1  1  1  0  0  0  0  0  0  0  0  0  0  0  0  0  0  0  0  0  0  0
 [76]  0  0  0  0  0  0  0  0  0  0  0  0  0  0  0  0  0  0  0  0  0  0  0  0  0
[101]  0  0  0  0  0  0  0  0  0  0  0  0  0  0  0  0  0  0  0  0  0

[[70]]
  [1]  10  12   9   8  32  44  27  26  21  23  24  28  31  25  27  22  21  19
 [19]  26  41  23  25  22  17  14  13  16  24  14  13  12  12  14  23  16  14
 [37]  20  25  36  47  41  50  51  41  43  34  36  36  33  28  35  50  48  44
 [55]  46  42  38  40  38  37  48  50  51  60  73 108  77  78  85  87 101 112
 [73] 104 119  97  92 107 107 103 119 124 111 136 114 111 101 120 129 147 162
 [91] 147 139 147 132 131 161 160 154 162 175 172 220 210 218 196 161 184 192
[109] 209 227 238 208 179 225 276 264 325 339 360 346 366

[[71]]
  [1]  10  13   9   9   8   8   7   6   6  11   8   6   3   3   9   8  13  13
 [19]  10  15  17  20  24  20  13  14  11  14  20  25  15  23  15  18  23  20
 [37]  19  16  15  15  21  14  14  18  15  30  26  22  18  23  30  26  24  25
 [55]  26  27  26  25  16  24  22  22  20  25  26  43  36  44  37  36  32  44
 [73]  44  35  35  39  36  33  32  35  54  37  35  34  40  38  38  57  52  56
 [91]  54  51  67  72  91  72  58  58  63  60  73  70  73  94  96  73  66  69
[109]  81  80  94  90  78  73  97  93 111 100 100 103 141

[[72]]
  [1]  10   5   4   6   4   9   6   5   4   3   6  10   8   7   7   6  13  11
 [19]  13  24  28  27  16  10  10  16  10  12  15  12  13  17  20  20  14  13
 [37]  17  27  31  36  34  31  28  37  48  31  35  36  42  42  40  37  31  29
 [55]  43  36  28  28  36  43  40  47  39  43  45  47  56  52  70  53  44  63
 [73]  52  52  69  82  72  59  69  63  68  87  86  88  97  88  93 100 113 107
 [91] 108 121 129 141 153 160 148 182 161 167 184 180 178 185 187 179 186 208
[109] 244 245 209 210 254 256 284 280 265 291 300 289 296

[[73]]
  [1]   10   12    9    9    8    7   12   12    8    7   10   15   13   11   16
 [16]   13   12   11    9   12   12   10    8    7   12   14   17   26   24   18
 [31]   21   17   33   26   41   41   63   49   39   45   66   62   62   54   53
 [46]   67   79   80   90   89   87   81  101   99   96  113  104  104  105  119
 [61]  130  129  137  146  175  160  169  167  178  199  193  220  234  236  283
 [76]  309  318  339  329  364  342  361  370  402  400  484  502  520  497  504
 [91]  585  554  564  633  673  629  646  753  729  779  800  812  811  819  913
[106]  968  953  936  943 1017 1069 1134 1231 1298 1307 1328 1403 1460 1450 1474
[121] 1509

[[74]]
  [1]  10  15  11   9   9   9   9  12  25  30  20  23  22  22  37  49  38  23
 [19]  28  36  33  38  31  34  25  20  18  24  22  47  34  27  27  26  25  35
 [37]  45  43  41  47  39  33  44  44  59  58  47  43  48  67  69  66  69  69
 [55]  82  87  81  82  67  89  88 103  95 103  94 151 156 160 166 157 152 155
 [73] 163 147 140 159 160 163 204 202 212 200 246 238 249 240 241 217 241 255
 [91] 248 292 281 283 292 303 318 320 304 332 385 410 495 485 479 519 506 586
[109] 604 631 667 722 684 747 747 796 819 818 833 826 927

[[75]]
  [1] 10  7  4  8  5  2  2  2  2  2  2  2  2  1  0  0  0  0  0  0  0  0  0  0  0
 [26]  0  0  0  0  0  0  0  0  0  0  0  0  0  0  0  0  0  0  0  0  0  0  0  0  0
 [51]  0  0  0  0  0  0  0  0  0  0  0  0  0  0  0  0  0  0  0  0  0  0  0  0  0
 [76]  0  0  0  0  0  0  0  0  0  0  0  0  0  0  0  0  0  0  0  0  0  0  0  0  0
[101]  0  0  0  0  0  0  0  0  0  0  0  0  0  0  0  0  0  0  0  0  0

[[76]]
  [1] 10  8 12 10  9  8 14 14  8 16 12 16 11 10 10  7  6  5  4  4  8  5  4  4  3
 [26]  8  4  6  4  4 10 11  7  4  4  4  4  8  7 11  6  6  9  7  5  4  3  2  2  2
 [51]  2  0  0  0  0  0  0  0  0  0  0  0  0  0  0  0  0  0  0  0  0  0  0  0  0
 [76]  0  0  0  0  0  0  0  0  0  0  0  0  0  0  0  0  0  0  0  0  0  0  0  0  0
[101]  0  0  0  0  0  0  0  0  0  0  0  0  0  0  0  0  0  0  0  0  0

[[77]]
  [1]  10  12   8   6   5   9  12  10   9   6   6  19  20  13  17  15  17  15
 [19]  14  12  16  16  18  26  34  24  17  22  25  34  29  31  44  47  36  36
 [37]  38  46  52  65  62  57  60  56  51  51  69  62  46  53  57  57  69  85
 [55]  91  85  79  90  90  98 113 118 110 125 120 133 142 149 148 159 167 143
 [73] 172 181 207 209 199 191 228 249 247 240 250 277 292 326 270 266 325 316
 [91] 324 345 332 337 332 363 415 439 426 380 369 383 358 419 425 428 426 431
[109] 524 527 557 551 623 623 616 693 728 746 787 816 801

[[78]]
  [1]  10  13  14  11   7  13  13  12  11  11  11  17  15  18  26  24  26  20
 [19]  28  21  26  18  17  14  21  23  20  14  28  16  14  15  19  32  26  26
 [37]  23  22  25  32  27  24  18  22  21  28  28  25  20  31  23  30  47  42
 [55]  46  42  51  38  40  43  37  41  41  51  52  47  55  47  40  45  52  53
 [73]  72  53  47  52  62  67  87  78  82  79  88  88  87 108 117 136 138 142
 [91] 136 149 127 167 178 180 210 197 175 216 204 196 194 215 208 225 262 243
[109] 236 248 251 258 267 271 293 283 261 275 275 343 351

[[79]]
  [1]  10   7   6   6   3  17  14  12  11   9   8   6   5   9   4   4   3   7
 [19]   5   5  10  14  13  10  12   9   6  20  20  19  10  10  10   7   6   8
 [37]   7  14  10  13  19  17  17  27  26  25  30  30  20  14  12  19  28  24
 [55]  27  22  20  26  31  35  24  28  20  16  23  31  22  28  21  30  24  31
 [73]  32  35  35  30  32  34  43  37  35  32  45  51  44  49  60  69  66  92
 [91]  86  97 109  99 115 117 122 102 111 134 124 114 110 103 119 137 149 127
[109] 135 131 157 142 167 148 155 146 185 170 156 153 171

[[80]]
  [1]   10   14   12   11   17   34   28   22   26   29   33   32   33   33   36
 [16]   40   44   51   43   37   44   28   40   30   34   34   42   43   51   47
 [31]   54   66   80   72   85   66   71   70   95   94   92   83   81  104  102
 [46]  111   98   80  132  133  143  154  155  160  169  186  191  223  197  203
 [61]  198  230  253  267  305  322  298  352  399  383  439  447  491  499  535
 [76]  524  550  552  570  584  623  626  679  714  689  727  720  748  884  878
 [91]  915  914  934 1004 1053 1044 1089 1133 1118 1144 1256 1323 1377 1405 1483
[106] 1603 1668 1658 1890 1879 1967 2030 2159 2218 2234 2478 2587 2707 2937 2980
[121] 3136

[[81]]
  [1]   10   11   14   10   13   10   10   15    9    8    8   14   16   21   24
 [16]   17   22   32   18   31   25   38   31   31   34   29   26   34   45   49
 [31]   45   53   41   38   71   61   58   54   75   77   80   67   72   68   79
 [46]   94   98   83   86  106  126  128  119  109  120  120  139  139  129  116
 [61]  140  147  146  180  199  194  183  223  231  233  262  269  273  285  303
 [76]  388  437  429  433  444  460  505  532  577  569  571  581  622  658  662
 [91]  701  759  763  828  847  903  871  908  875  973 1058 1055 1000 1099 1165
[106] 1339 1371 1341 1298 1454 1546 1585 1616 1599 1670 1747 1767 1892 1908 2007
[121] 2177

[[82]]
  [1] 10  5  6  9 10  8 15 19 11 11 16 14  8 11  7  4  3  2  4  2  7  4  5  3  2
 [26]  1  1  1  1  1  1  1  1  1  1  0  0  0  0  0  0  0  0  0  0  0  0  0  0  0
 [51]  0  0  0  0  0  0  0  0  0  0  0  0  0  0  0  0  0  0  0  0  0  0  0  0  0
 [76]  0  0  0  0  0  0  0  0  0  0  0  0  0  0  0  0  0  0  0  0  0  0  0  0  0
[101]  0  0  0  0  0  0  0  0  0  0  0  0  0  0  0  0  0  0  0  0  0

[[83]]
  [1]   10    7    8   12   10   17   20   24   26   31   37   39   36   36   41
 [16]   47   47   46   47   42   44   62   72   75   81   64   64   84   91   91
 [31]   74   76   72   77   76   80   90  100   90  111  120   99   85   81   87
 [46]   92  101   91   81  102  111  112  101  122  137  142  137  143  177  187
 [61]  183  180  193  170  199  180  185  185  207  234  241  249  270  248  299
 [76]  300  305  312  324  306  331  406  374  384  359  436  428  498  471  505
 [91]  509  526  541  540  540  599  574  589  626  694  730  741  779  819  829
[106]  847  819  847  959 1014 1108 1126 1161 1198 1201 1245 1234 1382 1388 1468
[121] 1508

[[84]]
  [1]  10   7  10  10  11   7   6  11   6  10  20  12  17  22  22  17  16  19
 [19]  18  12   9  13  10  12   9   7   5  18  12  15  11   7  10   4   2   2
 [37]   5   9   6   6   6  15   9  12   9  13  21  14  16  19  21  25  28  22
 [55]  21  25  46  49  47  39  49  44  56  77  64  45  46  56  66  64  52  57
 [73]  58  76  60  58  69  71  68  68  76  68  63  70  79  76  73  88 103 119
 [91] 122 115 121 161 135 144 171 146 168 189 199 196 183 206 207 226 209 252
[109] 300 295 316 326 307 343 379 407 392 349 375 379 426

[[85]]
  [1]  10  12  15  16  13  10  12  12  13  11  11  14  14  18  11  10   8  24
 [19]  14  14  16  18  17  10   8  10  15  21  20  13  16  14  27  22  15  13
 [37]  28  30  40  37  38  45  40  31  42  41  37  36  49  45  46  37  49  56
 [55]  66  62  57  47  46  70  75  84  63  62  72  80  95 100 116 117 119 126
 [73] 148 160 127 125 143 166 152 144 154 171 158 167 161 171 183 178 191 206
 [91] 233 224 204 214 228 255 271 262 302 281 269 306 324 316 282 300 308 321
[109] 375 397 391 378 405 397 430 456 472 447 461 488 521

[[86]]
  [1] 10  8 12  9  7  6  6  4  7  4  1  0  0  0  0  0  0  0  0  0  0  0  0  0  0
 [26]  0  0  0  0  0  0  0  0  0  0  0  0  0  0  0  0  0  0  0  0  0  0  0  0  0
 [51]  0  0  0  0  0  0  0  0  0  0  0  0  0  0  0  0  0  0  0  0  0  0  0  0  0
 [76]  0  0  0  0  0  0  0  0  0  0  0  0  0  0  0  0  0  0  0  0  0  0  0  0  0
[101]  0  0  0  0  0  0  0  0  0  0  0  0  0  0  0  0  0  0  0  0  0

[[87]]
  [1]  10  16  11  10  21  21  17  28  27  33  33  25  28  16  10  18  23  33
 [19]  23  24  27  26  41  38  44  35  33  35  39  43  42  42  53  48  38  44
 [37]  41  42  48  46  40  37  47  59  40  46  38  39  47  47  59  63  49  62
 [55]  47  47  62  76  71  65  63  71  67  85  71  70  65  54  52  74  67  86
 [73]  82  95 105 115  93  94 102 148 170 152 141 165 168 167 190 157 150 156
 [91] 162 179 206 202 178 186 193 220 254 248 245 254 284 320 347 312 336 333
[109] 386 371 413 428 429 419 419 456 478 517 564 570 562

[[88]]
  [1]   10   13    8   14   11    7    7    6   15    9    8    8    8    9    8
 [16]    8    7   15   10    8    8   12    7   14   20   32   26   24   24   17
 [31]   14   23   17   20   17   27   36   25   27   26   27   29   37   38   33
 [46]   46   52   42   58   70   60   51   49   43   38   49   67   58   80   75
 [61]   62   76   71   57   58   72   87   85   75  100   89   89  111  121  156
 [76]  142  161  173  160  161  155  179  179  185  222  260  242  234  262  263
 [91]  279  287  311  330  317  331  361  419  441  482  472  525  551  571  563
[106]  614  627  653  654  688  690  745  776  836  973 1020  960 1014 1091 1155
[121] 1092

[[89]]
  [1]   10    5    4    4    4   15   10   15   12   10   15   19   16   11   15
 [16]   22   21   14   16   22   27   17   15   22   21   31   31   27   39   31
 [31]   39   28   37   50   51   46   61   44   51   58   58   64   56   63   68
 [46]   63   69   93   79   87   85  109   96  103  119  103   94   99  105  104
 [61]  121  128  121  112  138  137  177  169  168  181  187  178  176  194  187
 [76]  220  222  234  242  274  264  252  262  281  291  328  359  379  350  377
 [91]  409  433  419  463  441  470  516  570  538  517  507  542  570  586  697
[106]  666  668  739  814  802  839  820  889  875  934  970 1003 1050 1157 1197
[121] 1140

[[90]]
  [1]  10  11   9   5   5  11   9   8   7   6   5   5   9   5   5   7  14  29
 [19]  21  15  12  10   7   6   6  12   6   8   4   4   3   3   3   3   3  11
 [37]   4  15   9  12  15  18  21  20  16  12  12  22  31  29  26  19  20  21
 [55]  22  18  22  26  24  33  25  31  31  31  45  47  49  41  37  44  58  55
 [73]  66  56  72  66  57  61  62  70  66  71  73  63  71  93  86 124 125 108
 [91]  96  93 115 113 110 142 127 132 152 178 175 178 202 192 192 198 197 214
[109] 198 218 234 235 221 234 251 255 292 318 336 324 308

[[91]]
  [1]   10   10    8    6    6    6    6   21   19   20   22   26   22   19   30
 [16]   34   44   41   37   33   40   40   29   41   39   50   38   37   45   38
 [31]   55   64   52   59   63   48   58   79   77   66   67   78   97   89   85
 [46]   79  115  121  129  117  114  134  173  174  183  191  181  205  186  248
 [61]  251  256  269  292  278  309  321  353  348  356  374  387  395  413  412
 [76]  462  509  502  498  499  527  539  585  546  628  679  702  720  761  821
 [91]  785  763  872  920  956 1019 1107 1108 1132 1138 1144 1205 1317 1383 1428
[106] 1463 1585 1711 1734 1759 1810 1960 1986 2034 2257 2349 2423 2382 2437 2615
[121] 2787

[[92]]
  [1]  10   8   8   6  13  12  19  17  12  12  16  14  17  18  19  15  13  18
 [19]  17  21  24  16  10   9  11  11  35  29  25  22  21  22  36  38  33  25
 [37]  35  35  34  39  27  33  26  30  37  47  38  32  36  29  33  39  39  40
 [55]  48  55  44  55  46  42  32  47  38  28  28  46  47  70  45  54  80  87
 [73]  83  79  76  92  98 106  96  82  71  67  72  64  87  81 102 111 110  98
 [91] 102 111 105 139 133 137 130  98 107 117 108 109 108 122 106 107 107 117
[109] 129 119 110 126 131 117 115 151 149 150 160 186 214

[[93]]
  [1]   10    7   10   10    8   17   12    8    6    7    8    6   20   21   29
 [16]   24   25   27   23   36   48   54   46   48   55   62   86   78   93   85
 [31]   99   87  106  111  129  123  123  114  127  119  138  165  176  149  166
 [46]  160  205  232  219  198  209  229  230  233  237  258  296  325  296  271
 [61]  282  294  317  316  354  382  418  415  404  399  444  455  436  435  440
 [76]  471  537  570  564  566  657  727  817  773  797  870  870  899  882  963
 [91]  977  998 1108 1131 1158 1160 1141 1197 1310 1332 1411 1546 1626 1631 1650
[106] 1719 1814 2026 2046 2088 2199 2439 2478 2585 2638 2760 2780 2965 3077 3108
[121] 3139

[[94]]
  [1]  10  17  18  14  19  26  22  31  39  32  39  34  30  30  26  33  23  38
 [19]  42  36  36  36  37  49  43  46  32  38  46  41  39  37  26  20  24  27
 [37]  24  27  20  21  23  22  27  19  16  12  16  15  20  15  14  11  35  28
 [55]  20  23  32  33  53  39  47  44  44  40  54  63  60  55  66  69  67  62
 [73]  60  59  86  91  70  66  72  74  74  73  87  71  77  80  70  82  79  87
 [91]  75  85  93  90 106 108 117 139 156 171 169 151 160 176 188 236 219 227
[109] 229 256 245 257 290 304 299 331 338 337 331 360 391

[[95]]
  [1]   10   16   13    9    9    9   12   19   31   28   23   20   17   19   31
 [16]   28   33   26   30   34   35   30   28   27   31   33   37   33   28   43
 [31]   50   45   44   52   48   56   54   48   63   61   53   55   67   83   61
 [46]   69   79  100   90   89  114  118  110  115  112  108  110  110  124  121
 [61]  117  138  155  164  160  166  156  188  218  228  237  232  250  261  277
 [76]  308  312  258  264  292  344  352  358  326  341  401  417  434  438  461
 [91]  450  499  557  551  528  550  611  642  636  646  678  744  786  729  813
[106]  833  878  891  975 1087 1165 1243 1246 1241 1362 1455 1491 1632 1645 1684
[121] 1815

[[96]]
  [1] 10 15 12  7  6  6  6  6  5  6  4  2  2  6  2  1  0  0  0  0  0  0  0  0  0
 [26]  0  0  0  0  0  0  0  0  0  0  0  0  0  0  0  0  0  0  0  0  0  0  0  0  0
 [51]  0  0  0  0  0  0  0  0  0  0  0  0  0  0  0  0  0  0  0  0  0  0  0  0  0
 [76]  0  0  0  0  0  0  0  0  0  0  0  0  0  0  0  0  0  0  0  0  0  0  0  0  0
[101]  0  0  0  0  0  0  0  0  0  0  0  0  0  0  0  0  0  0  0  0  0

[[97]]
  [1]   10   13   13   15   13   16   14   18   24   23   23   17   19   27   36
 [16]   27   39   31   31   33   29   20   19   45   46   38   37   40   32   45
 [31]   48   46   58   48   67   69   78   70   91   75   84   94   97   89   91
 [46]  102   82  122  139  161  129  131  161  180  192  160  194  150  157  153
 [61]  178  159  166  183  222  224  211  215  198  184  230  213  234  275  270
 [76]  306  336  341  302  313  360  377  355  360  383  392  443  418  394  435
 [91]  443  506  554  530  505  556  570  592  636  659  659  683  747  769  855
[106]  827  850  865  970 1002  986 1046 1069 1121 1169 1294 1342 1401 1376 1486
[121] 1519

[[98]]
  [1]   10   10   13   16   17   13   16   20   33   35   32   32   21   22   22
 [16]   31   24   18   24   19   24   19   24   19   24   26   20   18   30   24
 [31]   29   23   25   37   25   38   35   40   34   52   40   51   43   42   28
 [46]   46   46   31   40   42   42   47   45   60   74   81   67   99   89  105
 [61]  106  128  155  164  161  177  169  194  214  221  235  235  244  221  240
 [76]  272  263  283  284  332  330  318  344  364  391  371  398  389  444  468
 [91]  477  521  498  518  537  570  568  562  604  673  692  681  723  770  817
[106]  869  858  842  868 1019 1065 1081 1078 1159 1261 1342 1380 1429 1438 1555
[121] 1559

[[99]]
  [1]   10   12   12   13   15   10    9    7   14   14   17   10   16   15   19
 [16]   23   26   35   46   43   47   41   31   42   56   56   58   59  103   99
 [31]  119  117  111  107  115  131  140  124  131  130  142  136  142  122  126
 [46]  119  146  173  174  160  204  198  201  205  229  248  258  244  269  280
 [61]  291  297  271  345  337  336  348  378  387  363  348  377  418  520  485
 [76]  475  509  523  529  602  645  708  747  736  732  754  775  821  880  928
 [91] 1024 1003 1059 1088 1111 1179 1258 1221 1258 1384 1358 1352 1415 1584 1619
[106] 1726 1840 1777 1873 1980 2078 2175 2210 2274 2355 2467 2480 2557 2646 2772
[121] 2818

[[100]]
  [1]   10   18   19   17   31   41   45   31   28   35   34   40   48   48   46
 [16]   47   41   48   41   39   65   58   63   63   55   75   82   89   72   67
 [31]   63   76   71   89   93   78   82   89   75   76   90   81   85   93   87
 [46]   88   79  100  103   94  101   94  104   93  105  109  134  120  132  150
 [61]  153  159  150  200  190  213  214  239  219  195  246  258  266  270  251
 [76]  257  251  277  293  298  329  322  316  321  322  354  408  405  421  440
 [91]  448  449  513  501  550  542  530  548  594  618  655  641  658  680  709
[106]  751  726  758  821  833  864  862  871  897  921  911  972  971 1119 1193
[121] 1175

[[101]]
  [1]  10   9  16  11  16  18  25  25  38  30  39  34  30  31  34  26  45  30
 [19]  31  27  40  38  35  39  38  49  42  27  30  33  38  40  29  29  28  31
 [37]  29  36  30  30  41  39  33  33  44  46  46  63  60  58  52  73  68  59
 [55]  67  75  64  71  85  79  68  59  82  64  61  80  76  70  73 101 108 111
 [73] 112 126 123 135 136 156 144 156 147 164 168 161 155 153 164 199 188 188
 [91] 177 203 224 223 238 214 234 235 240 258 255 290 302 286 324 302 331 365
[109] 367 355 369 411 406 437 438 473 524 530 575 601 604

[[102]]
  [1]   10   12    4    3    3    3   11   10   14   24   28   28   23   19   15
 [16]   22   26   29   19   17   20   22   17   24   26   24   29   35   38   31
 [31]   32   32   44   51   40   43   33   37   51   63   63   54   53   53   58
 [46]   59   58   77   71   68   61   74  101   90   96   97  103  121  115  115
 [61]  118  147  174  171  151  166  168  193  206  221  214  240  259  264  269
 [76]  269  276  274  310  324  348  313  318  367  352  378  416  396  387  408
 [91]  440  470  443  452  498  494  462  495  543  589  555  512  514  591  609
[106]  614  630  642  662  683  754  763  778  808  896  871  871  861  948 1071
[121] 1081

[[103]]
  [1]   10   14   10   21   28   21   16   14   26   23   24   18   16   13   20
 [16]   39   33   29   32   42   55   45   41   53   73   82   72   58   47   48
 [31]   67   62   48   46   55   49   54   56   50   33   34   29   44   47   38
 [46]   40   49   46   52   62   80  105   77   68   79   86   73   75   81  112
 [61]  120  103  109  146  151  132  119  128  132  147  145  158  174  180  174
 [76]  168  195  209  207  237  252  263  234  247  248  234  263  265  281  309
 [91]  292  300  323  337  324  363  374  427  427  464  463  465  493  550  540
[106]  550  547  603  601  650  681  721  759  803  825  880  899  924 1008 1073
[121] 1043

[[104]]
  [1]  10  12  15  10   8   6   6  13  16  21  26  21  18  21  19  19  14  26
 [19]  32  29  31  25  29  28  40  29  33  31  27  26  28  44  64  62  50  51
 [37]  61  52  46  56  64  59  50  47  46  57  53  56  58  55  47  48  52  60
 [55]  70  58  55  47  51  49  39  31  36  47  45  60  53  51  72  67  67  65
 [73]  75  82  97 110 101  90 100  89  99 122 105 126 147 137 135 135 123 133
 [91] 146 139 133 146 151 158 167 187 212 209 206 228 234 260 248 235 231 240
[109] 288 300 277 295 316 307 312 322 357 391 427 454 449

[[105]]
  [1]  10  15  11   8   7   6   8   6   9   5   9   6   5   4   3   3   3   2
 [19]   2   6   5   4   4   8   6  16   8   8   7   6  10  20  22  15  18  26
 [37]  19  20  12  10  17  13  19  17  27  25  28  32  30  24  24  28  56  54
 [55]  51  56  58  59  83  59  70  85  96  80  78  87  86  94 130 142 140 142
 [73] 137 141 160 191 171 159 161 198 219 226 235 227 244 233 238 232 249 244
 [91] 281 290 279 281 310 361 293 353 339 391 357 431 396 411 421 406 425 500
[109] 503 507 522 531 574 596 594 560 567 652 675 748 761

[[106]]
  [1]  10  12  12  14  17   9   7   9   8   8  11  16  13  14  13  11  21  28
 [19]  30  28  24  25  33  29  34  31  39  38  48  50  47  37  46  46  60  58
 [37]  74  62  63  76  93 112 101 108  92  90  87 104 123 128 128 129 112 122
 [55] 126 123 128 138 139 135 125 129 163 175 164 149 166 187 202 214 195 170
 [73] 166 165 168 187 196 183 199 202 238 242 236 234 251 269 281 314 280 250
 [91] 288 315 356 347 332 367 330 363 385 360 384 401 398 419 434 464 504 537
[109] 568 561 556 610 621 650 679 724 707 741 777 863 848

[[107]]
  [1]  10  10  14  11  13  19  15  12   9   9   9  10  22  17  13  12  11  14
 [19]   9  11  18  19  15  20  19  18  22  19  23  24  21  25  28  27  39  28
 [37]  27  29  27  45  58  44  40  40  43  33  28  49  42  32  35  39  26  27
 [55]  40  39  43  39  42  46  35  42  51  61  55  57  52  57  61  70  58  56
 [73]  70  70  75  60  79  95  87  76  78  84 106 116 119 131 107 111 100 101
 [91] 106  90  92 107 123 151 125 112 109 113 128 138 161 160 147 171 185 188
[109] 189 188 188 198 245 226 228 234 243 290 305 287 275

[[108]]
  [1]  10  14  11  21  23  20  23  24  33  29  25  25  24  21  17  23  25  22
 [19]  21  17  22  25  26  27  25  19  27  27  25  18  24  38  45  51  60  47
 [37]  43  57  66  79  83  77  82  78  88  94  83  87  77  75  59  75  79  68
 [55]  73  85 102  83 101  81  91  89  99 100 104 113 122 123 142 146 157 164
 [73] 159 172 174 177 195 184 179 196 191 190 189 196 235 218 260 277 273 306
 [91] 315 357 364 369 385 386 411 411 408 423 448 448 458 477 487 550 552 576
[109] 560 573 640 681 688 653 743 747 787 871 841 825 890

[[109]]
  [1] 10 15  9  6 10  6  7 13  8 15 17 14 22 19 14 12 12 27 21 13 16 16 19 12 14
 [26] 19 23 19 12  9  7 12 12 16 16 14 12  8 11 11 11  9  6  9 12 16 15 14 21 17
 [51] 18 24 27 19 18 22 22 13 17 17 17 21 15 18 16 22 21 23 29 32 30 19 19 23 19
 [76] 23 18 28 29 30 22 25 22 23 23 37 32 47 41 40 33 45 54 58 48 45 52 58 50 60
[101] 51 49 50 41 47 51 57 71 73 67 60 75 80 81 75 72 71 85 65 66 72

[[110]]
  [1]  10   9   5   5  11   6  11   6   5   5   5   5   4  12   6   5   5   5
 [19]  11   8   8  10   9  15  14  26  18  20  18  15  23  21  19  22  23  34
 [37]  24  14  13  18  30  38  34  33  26  22  21  31  38  40  32  26  22  19
 [55]  30  37  32  29  38  54  51  46  49  55  64  63  70  82  79 107  93  93
 [73]  85  89  84  92  85  86  82  98  95  81  83  85  93 113 119 117 128 135
 [91] 158 169 178 179 185 195 204 229 202 214 262 262 253 250 266 268 282 308
[109] 332 389 354 379 407 417 406 407 431 460 479 456 504

[[111]]
  [1] 10 17  7  7  5  9  5  5  8  7 10  7  6  4 10  8  5  5  3  1  1  1  1  1  1
 [26]  5  5  5  4  3  9  7  6  6  8  6  6 12 11 13  5  3  3  2  1  6  4  2  2  2
 [51]  2  2  9 10  3  1  1  5  5  5  5 10  7 12 13 11 15  9  6  7  6  6  5  3  3
 [76]  2  1  1  1  1  1  0  0  0  0  0  0  0  0  0  0  0  0  0  0  0  0  0  0  0
[101]  0  0  0  0  0  0  0  0  0  0  0  0  0  0  0  0  0  0  0  0  0

[[112]]
  [1]   10   13   27   16   22   28   27   23   18   24   26   30   23   21   18
 [16]   24   34   36   28   26   29   33   43   42   29   21   42   40   31   24
 [31]   24   25   28   36   53   56   61   72   66   63   61   69   91   81   81
 [46]   91   96   96  111  117  132  128  128  172  167  161  160  175  195  215
 [61]  228  218  221  220  233  240  292  340  333  325  305  334  313  337  333
 [76]  379  414  403  427  419  418  461  494  436  463  492  581  602  577  592
 [91]  655  705  710  784  769  754  765  877  874  900  939  956 1038 1109 1161
[106] 1252 1257 1272 1362 1394 1499 1598 1628 1731 1772 1820 1814 1885 1971 2030
[121] 2132

[[113]]
  [1] 10  7  7  4  9  7  4  3  2  1  1  1  1  1  1  1  1  1  1  1  6  3  3  2  2
 [26]  2  2  0  0  0  0  0  0  0  0  0  0  0  0  0  0  0  0  0  0  0  0  0  0  0
 [51]  0  0  0  0  0  0  0  0  0  0  0  0  0  0  0  0  0  0  0  0  0  0  0  0  0
 [76]  0  0  0  0  0  0  0  0  0  0  0  0  0  0  0  0  0  0  0  0  0  0  0  0  0
[101]  0  0  0  0  0  0  0  0  0  0  0  0  0  0  0  0  0  0  0  0  0

[[114]]
  [1]  10  20  15  13  16  19  21  16  12  21  16  14  20  17  23  17  15  12
 [19]  28  44  36  33  31  30  26  25  41  38  29  33  32  40  46  37  46  51
 [37]  55  48  50  49  56  64  70  75  75  61  76  77  77  73  68  59  55  79
 [55]  83 116 103  99  97  97 126 118 106 131 136 159 164 142 123 147 130 165
 [73] 164 152 169 170 195 206 224 242 220 241 250 259 259 282 302 315 323 333
 [91] 311 320 299 373 365 364 392 372 372 368 396 440 507 515 525 529 546 581
[109] 620 619 652 668 686 684 751 774 766 749 770 784 909

[[115]]
  [1]  10  11   7   6   3   3  14  10   6   4   3   8   6   6   5   3   1   9
 [19]   5   3   3   2   5   8   5   5   5   5  14  11  11  18  13  22  29  34
 [37]  29  21  20  21  28  42  34  45  48  61  64  52  59  81  85  79  74  56
 [55]  63  76  77  85 110 101 109 121  98 114 121 144 163 136 136 143 130 158
 [73] 177 180 160 157 156 170 184 211 236 211 219 217 223 247 263 258 242 252
 [91] 251 311 305 342 355 363 338 386 376 377 375 322 392 403 415 431 466 435
[109] 440 441 489 463 516 510 527 515 545 612 622 608 619

[[116]]
  [1]   10   12   12    9   13   19   17   19   14   19   28   34   32   46   58
 [16]   38   37   33   34   57   58   51   58   56   54   58   60   71   77   92
 [31]   95   86  104  133  106   96  107  103  108  133  128  128  133  105  102
 [46]  107  117  106  105  112  125  140  137  138  159  165  158  154  155  185
 [61]  175  197  198  204  199  198  215  232  233  215  254  264  250  269  277
 [76]  287  296  307  291  326  323  343  334  324  376  384  399  368  379  389
 [91]  421  436  476  479  478  504  573  557  543  606  648  671  676  660  690
[106]  640  659  749  763  786  730  793  874  893  929  954 1011 1032 1109 1089
[121] 1248

[[117]]
  [1] 10 19 26 19 17 19 19 16 25 17 16 23 16 18 13 11 20 15 14 16 12 20 13 13 27
 [26] 21 23 21 19 27 25 19 17 18 25 21 12 16 13 15 12  7 11  9  6  5  5  4  4  3
 [51]  3  3  2  2  2  2  2  2  0  0  0  0  0  0  0  0  0  0  0  0  0  0  0  0  0
 [76]  0  0  0  0  0  0  0  0  0  0  0  0  0  0  0  0  0  0  0  0  0  0  0  0  0
[101]  0  0  0  0  0  0  0  0  0  0  0  0  0  0  0  0  0  0  0  0  0

[[118]]
  [1] 10 12  9 12 12 12  8  8  8  9  7 10  6  9  4  2  1  1  0  0  0  0  0  0  0
 [26]  0  0  0  0  0  0  0  0  0  0  0  0  0  0  0  0  0  0  0  0  0  0  0  0  0
 [51]  0  0  0  0  0  0  0  0  0  0  0  0  0  0  0  0  0  0  0  0  0  0  0  0  0
 [76]  0  0  0  0  0  0  0  0  0  0  0  0  0  0  0  0  0  0  0  0  0  0  0  0  0
[101]  0  0  0  0  0  0  0  0  0  0  0  0  0  0  0  0  0  0  0  0  0

[[119]]
  [1]  10  15  13  12  10   8   8  19  31  22  17  21  17  22  21  24  22  19
 [19]  31  31  18  17  14  22  27  25  20  16  25  19  13  14  11  15  10  10
 [37]   7   9  16  12  10  11  12  26  31  27  25  20  30  26  21  24  28  25
 [55]  41  47  59  58  56  65  59  79 102  88  94  92  98 101 120 132 130 115
 [73] 117 112 109 101 104 121 108 122 151 152 131 136 141 168 168 182 194 194
 [91] 197 205 211 268 313 328 308 328 309 372 381 389 392 400 385 444 465 474
[109] 483 467 490 500 532 611 648 639 618 632 590 658 672

[[120]]
  [1]  10   6  10   9  12  13  16  17  10   7   9  12   9  11  13  19  23  18
 [19]  16  12  11  13   8  14  11   9  13  20  15  19  14  16  14  19  27  30
 [37]  23  24  22  23  42  32  27  20  26  37  29  33  35  42  38  43  45  45
 [55]  47  65  54  60  65  77  67  62  91 104 109 101  96 102 116 126 115 102
 [73] 125 131 115 126 157 163 191 173 150 165 203 223 212 234 219 233 227 221
 [91] 268 261 302 302 303 343 349 324 349 351 357 347 376 369 371 383 425 442
[109] 436 465 457 443 482 456 526 569 621 565 609 652 643

[[121]]
  [1]  10  14  10  12   9  12   8   6   8  11   9   6   5  11  15  10  15  16
 [19]  17  13  16  14  11  15  18  10  13   9   8  18  11  11  14   9   9   7
 [37]   9   7   7   9  26  17  21  24  29  39  43  50  31  36  38  59  56  52
 [55]  48  53  55  54  49  44  38  65  68  81  62  93  83  76  76  85  92 105
 [73] 136 140 139 124 128 139 129 175 175 189 197 239 233 218 234 235 211 199
 [91] 230 251 242 256 225 250 287 255 321 355 320 353 329 379 410 423 444 489
[109] 516 563 569 581 609 629 678 737 734 767 801 840 879

[[122]]
  [1]   10   10    6    5    5   13   24   31   23   23   21   17   26   31   25
 [16]   31   26   34   38   46   43   59   62   83   65   74   80   76   87   98
 [31]   92  103  108  104  102   95  115  124  139  143  162  158  176  171  184
 [46]  169  170  209  218  200  221  230  219  248  263  263  250  276  288  316
 [61]  298  311  333  393  410  387  422  443  466  482  476  536  533  601  632
 [76]  661  711  686  686  678  728  774  799  839  793  860  927 1016 1003 1005
 [91] 1092 1142 1133 1240 1251 1291 1328 1422 1507 1537 1488 1612 1710 1771 1753
[106] 1807 1926 2000 1978 2102 2132 2258 2396 2474 2475 2669 2775 2837 2909 3009
[121] 3287

[[123]]
  [1]   10   11   13   10    7    6   12   11    9    7   12   17   15   18   16
 [16]   14   25   30   32   31   21   20   21   29   30   34   30   24   26   35
 [31]   32   51   38   39   32   26   27   25   31   33   30   33   33   32   27
 [46]   33   36   46   56   54   51   55   69   60   63   65   63   70  106   97
 [61]   83   72   92  102  112  124  151  153  147  138  155  194  222  230  216
 [76]  216  226  233  269  273  279  253  264  284  273  329  298  340  375  371
 [91]  359  378  402  402  433  454  470  498  569  575  565  559  542  582  604
[106]  615  688  731  724  760  784  826  919  964  965  961 1047 1084 1103 1074
[121] 1126

[[124]]
  [1] 10  5  8 12  9  4  4  4  4 10 13  7  7  7 12 13  9  9  9  8  6  9  4  3  8
 [26]  7  5  4  7  5  3  2  1  1  8  5  2  2  2  1  1  1  1  0  0  0  0  0  0  0
 [51]  0  0  0  0  0  0  0  0  0  0  0  0  0  0  0  0  0  0  0  0  0  0  0  0  0
 [76]  0  0  0  0  0  0  0  0  0  0  0  0  0  0  0  0  0  0  0  0  0  0  0  0  0
[101]  0  0  0  0  0  0  0  0  0  0  0  0  0  0  0  0  0  0  0  0  0

[[125]]
  [1] 10  8  5  5  3  3  3  3  9  6  5  4  3  2  2  2  2  2  2  3  1  1  1  1  1
 [26]  1  1  1  1  8  4  2  0  0  0  0  0  0  0  0  0  0  0  0  0  0  0  0  0  0
 [51]  0  0  0  0  0  0  0  0  0  0  0  0  0  0  0  0  0  0  0  0  0  0  0  0  0
 [76]  0  0  0  0  0  0  0  0  0  0  0  0  0  0  0  0  0  0  0  0  0  0  0  0  0
[101]  0  0  0  0  0  0  0  0  0  0  0  0  0  0  0  0  0  0  0  0  0

[[126]]
  [1]   10   17   18   16   15   40   23   35   28   29   25   37   21   22   27
 [16]   18   27   36   46   34   36   42   64   66   61   61   57   76   59   61
 [31]   71   70   69   64   84   79   72   71   70   75   65   47   73   94   84
 [46]   76   83   87   91   81   93   96   95  111  105  104  130  139  151  172
 [61]  171  157  155  182  172  170  202  209  212  208  217  241  243  309  305
 [76]  329  321  337  321  334  343  314  347  398  400  432  441  440  514  498
 [91]  509  544  578  526  550  567  599  649  648  716  734  752  837  888  915
[106]  925  922  970  969 1071 1150 1134 1103 1208 1216 1235 1340 1428 1454 1452
[121] 1485

[[127]]
  [1]  10  11   7   6   5  15   9   6   6   6   4  13   7  10   7   6   8  13
 [19]  14  12  11  10  23  18  15  14   9  13   9   6  15  14   9   6   5  16
 [37]   9   8  11  12   8  10   9  12  10  16  11   7  12  12  14   8   7   7
 [55]   6   7   5   5   4  11  15  13   8  20  18  14  12  11  13  12  21  21
 [73]  20  22  16  19  18  16  31  25  24  18  23  24  25  24  31  36  38  37
 [91]  35  30  33  24  28  28  31  24  35  45  46  48  58  63  59  61  63  71
[109]  66  74  81  90  77  72  96 117 108 118 103 100 100

[[128]]
  [1]  10  13  14  14  17  11  18  19  18  16  16  27  21  20  28  40  41  34
 [19]  27  25  28  31  31  29  21  21  25  22  16  22  21  18  22  33  29  23
 [37]  29  28  27  30  41  47  58  37  36  33  39  33  42  36  35  46  68  51
 [55]  45  38  45  65  67  60  79  72  58  66  71  78  77  66  83  76  80  83
 [73]  67  86  75  72  77  93  84  94  99 117 132 127 128 156 132 141 155 160
 [91] 184 202 223 223 227 241 228 277 261 261 282 281 258 276 291 267 274 306
[109] 305 319 330 357 367 391 370 442 461 436 448 464 494

[[129]]
  [1] 10 13  9 13 13  9  7 14 10 13 13 10  8  3  3  3  6  5  9  3  5  2  2  2  2
 [26]  1  1  1  0  0  0  0  0  0  0  0  0  0  0  0  0  0  0  0  0  0  0  0  0  0
 [51]  0  0  0  0  0  0  0  0  0  0  0  0  0  0  0  0  0  0  0  0  0  0  0  0  0
 [76]  0  0  0  0  0  0  0  0  0  0  0  0  0  0  0  0  0  0  0  0  0  0  0  0  0
[101]  0  0  0  0  0  0  0  0  0  0  0  0  0  0  0  0  0  0  0  0  0

[[130]]
  [1]  10   5  12   8   4   3   3   3   5   7   5   7   4   3   9  10   8   7
 [19]   9  10  10   6   9  13  12  20  15  19  19  14  11  20  22  26  22  18
 [37]  22  26  21  26  23  30  34  28  21  19  35  27  25  25  31  28  28  29
 [55]  25  29  26  37  33  33  29  27  36  40  54  44  41  41  52  55  60  74
 [73]  54  48  44  59  48  54  57  69  80  89  87 101  87 103  95 111 119 127
 [91] 135 138 130 135 160 162 163 175 196 213 224 213 210 260 269 284 297 308
[109] 306 330 344 299 294 325 369 407 437 487 492 522 581

[[131]]
  [1]   10   14   13   13   15    8    7   14   20   15   19   16   13   16   23
 [16]   19   21   23   28   27   21   29   39   50   47   42   41   49   52   53
 [31]   46   43   45   50   76   70   62   69   66   77   83  106  112   92   88
 [46]   91   87   96   86   95   91   96  104  101  100   94  102   88  107  124
 [61]   99  105  121  120  133  151  156  171  190  225  223  197  185  195  180
 [76]  209  254  249  208  221  227  249  292  306  300  314  340  365  359  373
 [91]  387  417  425  464  500  515  560  589  577  614  649  679  657  744  729
[106]  790  770  769  816  867  907  981 1025 1136 1168 1144 1195 1269 1314 1362
[121] 1416

[[132]]
  [1] 10  7  5  5  8 13 13  8  8  6 20 17 13 10  8 10  8  6 15 11  8  7 10 12 11
 [26] 15  9 11  9 16 10 19 13 10 10  8 11 11 10  8 12  8  6  5  3  3  3  1  0  0
 [51]  0  0  0  0  0  0  0  0  0  0  0  0  0  0  0  0  0  0  0  0  0  0  0  0  0
 [76]  0  0  0  0  0  0  0  0  0  0  0  0  0  0  0  0  0  0  0  0  0  0  0  0  0
[101]  0  0  0  0  0  0  0  0  0  0  0  0  0  0  0  0  0  0  0  0  0

[[133]]
  [1]  10   9   6   7   4   6   5   4   3   3   9   7   7  11   7   8   7   6
 [19]   5  11  13   9  15  14  11  21  27  22  19  16  19  29  27  26  26  38
 [37]  28  24  32  46  44  45  45  46  43  52  46  59  60  46  42  29  40  38
 [55]  38  59  51  50  55  60  77  57  73  86  76  75  76  70  71  84  88  87
 [73]  65  57  59  55  75  70  69  72  73  89  73  61  72  74  87  86  88  88
 [91]  91  98 115  99  83 102 121 133 124 122 123 153 184 160 224 192 228 250
[109] 282 290 290 332 325 328 353 372 383 400 435 461 516

[[134]]
  [1]   10   14   21   16   12   10    9   14   10    8   12   14   18   32   29
 [16]   20   22   20   13   17   25   32   34   25   37   31   35   44   30   31
 [31]   30   39   37   49   40   35   38   38   67   96   73   84   83   98   85
 [46]   90  110   96  108  113  125  132  149  133  149  166  148  171  182  177
 [61]  184  200  253  256  261  294  325  350  359  393  406  416  444  437  442
 [76]  492  547  594  649  678  693  692  771  782  826  814  849  852  922  911
 [91]  999 1035 1072 1211 1172 1222 1237 1365 1372 1471 1523 1635 1627 1692 1737
[106] 1896 2016 2100 2194 2187 2325 2349 2496 2642 2800 2929 3040 3264 3327 3428
[121] 3571

[[135]]
  [1]   10   20   31   25   38   26   26   23   26   30   25   24   29   37   26
 [16]   27   24   31   26   23   45   34   33   46   50   50   35   51   66   69
 [31]   90   76   81   83   77   70   99  104   91   84   95  110  111  102  102
 [46]  109  118  117  113  123  112  112  123  143  118  115  134  172  196  178
 [61]  182  179  228  246  258  256  282  259  280  268  330  341  362  388  359
 [76]  375  420  417  442  474  511  517  535  534  516  586  598  612  628  687
 [91]  689  672  706  730  714  792  788  871  917  958  994 1044 1076 1125 1181
[106] 1269 1269 1269 1404 1517 1578 1640 1689 1805 1945 1954 1955 2125 2234 2364
[121] 2445

[[136]]
  [1]  10   5   4   4   9  15  16  12   9   9  13  15  10   9  19  17  14  26
 [19]  33  29  31  30  30  34  24  24  36  50  47  33  27  35  38  33  37  31
 [37]  51  50  45  51  77  93  64  73  71  70  58  70  79  72  65  65  65  50
 [55]  74  88  93  93  95 112 113 108 113 112 125 115 115 128 149 150 152 144
 [73] 181 183 195 184 215 195 194 209 240 261 280 321 304 281 273 313 328 308
 [91] 335 299 351 395 443 418 435 401 447 422 457 471 481 528 546 571 575 569
[109] 584 625 644 657 628 674 709 723 759 760 790 811 867

[[137]]
  [1]  10  13  14  16  12  11  17  14  27  26  25  23  24  17  14  19  11  15
 [19]  13  16  20  20  23  22  19  15  13  29  31  26  27  33  34  32  28  24
 [37]  20  22  36  41  47  49  53  53  63  49  56  48  55  42  48  54  51  44
 [55]  45  40  44  37  31  44  38  36  33  40  48  41  45  70  81  97 115 111
 [73] 107 137 122 116 119 136 147 138 132 146 141 148 155 169 187 174 214 233
 [91] 219 260 258 253 251 233 255 234 237 233 267 265 281 263 262 310 333 381
[109] 377 377 361 388 448 487 501 533 575 587 599 595 603

[[138]]
  [1]   10   14   17   17   17   20   13   18   22   17   19   25   21   20   29
 [16]   35   26   20   16   22   34   42   38   44   46   41   48   54   65   58
 [31]   64   64   70   68   64   73  102  127  119  120  135  121  136  157  161
 [46]  145  132  133  145  148  132  159  137  166  181  171  177  206  204  205
 [61]  207  183  204  246  244  269  271  287  281  306  303  326  318  333  323
 [76]  338  338  377  389  359  421  452  422  371  424  480  510  502  552  606
 [91]  682  661  636  682  666  738  778  750  780  875  941  965  949 1046 1091
[106] 1109 1142 1209 1335 1298 1325 1427 1428 1519 1575 1541 1631 1673 1767 1747
[121] 1835

[[139]]
  [1]  10  20  24  13  18  13  11   9  11  24  22  22  20  21  17  21  26  37
 [19]  34  30  24  26  24  40  32  35  35  28  32  26  25  23  28  30  44  28
 [37]  30  30  58  53  55  49  54  61  73  71  80  78  75  58  56  73  77  73
 [55]  69  83  82  87 100 106 106  95  84 120 137 121 121 151 151 171 165 189
 [73] 181 209 222 227 203 228 248 270 261 244 272 265 274 288 306 290 299 298
 [91] 330 333 314 347 334 396 403 450 431 429 454 472 497 452 482 526 548 606
[109] 546 549 551 579 584 633 668 634 669 711 707 736 754

[[140]]
  [1]   10    5    5    7   12   14   12   11   12   16   34   23   15   15   19
 [16]   24   29   15   14   16   15   31   28   32   43   42   25   19   21   22
 [31]   23   28   35   31   35   39   50   60   59   68   76   85   62   62   76
 [46]   76   57   66   78   81   78   77   98   83   81   79   88   90   93   99
 [61]  101  105   89   83   74   68   96  103  102  102  116  131  119  105  148
 [76]  148  186  246  235  209  207  215  242  288  291  315  295  316  341  347
 [91]  324  342  408  456  446  446  405  434  424  416  446  429  528  523  529
[106]  583  582  604  621  665  700  697  746  791  758  780  801  891  959  953
[121] 1006

[[141]]
  [1]   10   13   24   15   13   23   15   20   22   22   21   15   11   17   22
 [16]   24   22   26   26   33   33   43   33   32   27   41   38   42   31   37
 [31]   54   79   77   62   53   60   57   58   48   51   54   53   61   78   79
 [46]   91   90   78   89  112  109  119  129  154  132  138  140  152  179  156
 [61]  159  140  176  177  153  163  179  211  209  191  229  250  257  232  253
 [76]  250  279  300  279  282  280  342  322  276  301  316  334  380  390  370
 [91]  398  414  438  451  414  464  457  509  545  578  626  611  696  757  745
[106]  694  732  781  844  854  894  968 1008 1052 1049 1117 1174 1190 1285 1295
[121] 1346

[[142]]
  [1]  10  15  14  26  30  26  24  18  24  22  20  16  24  32  30  36  28  27
 [19]  21  19  18  13  18  20  22  15  22  24  15  12  24  26  23  23  24  37
 [37]  31  36  32  34  29  43  42  55  67  57  53  63  82  92  86  81  92  85
 [55]  72  64  80  93  99  93  76  76  89  98 102  98  86  91  91 101  94  99
 [73] 124 124 149 145 156 150 141 126 152 172 175 175 186 165 167 192 223 218
 [91] 228 221 234 238 240 245 287 310 312 341 315 313 351 348 376 405 383 415
[109] 462 437 498 511 536 537 568 629 660 719 703 707 706

[[143]]
  [1]  10   9   9   7  10  17  13  15  11  14  16  20  16  14  16  12  24  33
 [19]  24  34  33  25  26  23  25  17  31  19  22  15  13  12  31  26  29  28
 [37]  21  32  39  35  47  35  33  49  56  67  62  66  62  74  75  67  74  77
 [55]  82  72  91 126 112 116 101  94 106 111  99 104 118 133 144 154 175 216
 [73] 219 186 204 240 239 229 257 268 267 280 267 283 311 298 314 298 315 337
 [91] 349 325 337 386 393 387 397 409 461 479 510 527 496 488 517 590 578 626
[109] 649 646 666 733 705 694 725 779 837 826 922 925 956

[[144]]
  [1]   10    4    4    4    4   16   12    9    9    8    8    7    7    6    5
 [16]   13   17   10   18   19   13   12   20   26   24   42   47   49   65   60
 [31]   65   73   82  113   95   94  100   98   95   94  120  110  110  110  103
 [46]   96  102  108  120  132  137  136  147  122  122  121  147  162  157  154
 [61]  122  132  147  146  146  184  206  220  226  223  247  253  253  275  274
 [76]  254  283  327  346  351  398  402  394  423  426  452  510  510  519  596
 [91]  641  678  697  732  780  769  795  864  897  937  951 1039 1092 1096 1164
[106] 1237 1340 1401 1463 1473 1625 1691 1854 1935 2045 2098 2095 2218 2427 2488
[121] 2552

[[145]]
  [1] 10 12 15 10  7 13  6 26 17 15 15 13 11  9 18 19 18 11  8  7 10  8  8 10  8
 [26] 14 12  8  6  6  5  3  8  6  6  5 10  7  6  4  4  3  9  5  8  6  4  3  2  8
 [51]  8 12 10  8  9 10  7  5  4  4  8  4  3  2  1  1  1  1  6  6  3  2  1  1  1
 [76]  1  1  0  0  0  0  0  0  0  0  0  0  0  0  0  0  0  0  0  0  0  0  0  0  0
[101]  0  0  0  0  0  0  0  0  0  0  0  0  0  0  0  0  0  0  0  0  0

[[146]]
  [1]  10   4   4   7   7  14   6  15  13   9  10   7   7  16  10  18  18  22
 [19]  31  21  31  24  22  22  18  14  13  23  28  20  15  20  27  26  22  30
 [37]  29  35  32  38  49  44  44  39  43  32  26  32  29  34  39  30  25  22
 [55]  21  22  31  33  37  38  34  38  27  42  39  37  35  69  71  71  68  80
 [73]  83  67  76  71  92  90  87  75  74  64  94  99  96  87 100  98 103 127
 [91]  98 103 101 125 143 131 151 169 170 163 175 176 210 228 221 199 241 247
[109] 239 247 266 295 340 314 395 377 402 419 471 500 460

[[147]]
  [1]  10   9   8  10  16  13   6   8  13  13  11  10  13  11  15  10  15  25
 [19]  17  32  19  18  22  22  26  32  31  25  36  28  24  35  39  27  29  28
 [37]  27  27  22  26  31  23  21  23  20  27  21  24  19  31  30  35  25  26
 [55]  38  30  32  37  30  42  48  43  58  59  73  57  50  51  52  83  91  98
 [73] 104  98 101 116 117 147 127 125 125 140 123 120 143 152 170 187 210 205
 [91] 226 239 218 239 269 299 329 346 359 394 397 407 392 417 445 455 499 519
[109] 557 580 683 687 741 720 696 690 706 765 867 919 917

[[148]]
  [1] 10 13  9  8  9 11 13  7  5  4 10 19 14 11  8  7  8 14 13 10 12  6  4  9  6
 [26]  6  5  4  7  5  4  6  4  8  3  1  1  1  1  1  1  2  1  1  1  1  4  4  4  4
 [51]  4  4  7 11  9  6  4  3  3  3  8  3  2  2  1  1  1  1  3  1  1  0  0  0  0
 [76]  0  0  0  0  0  0  0  0  0  0  0  0  0  0  0  0  0  0  0  0  0  0  0  0  0
[101]  0  0  0  0  0  0  0  0  0  0  0  0  0  0  0  0  0  0  0  0  0

[[149]]
  [1]   10    9   20   14   18   20   18   27   24   24   24   17   16   19   25
 [16]   34   30   21   26   35   36   37   28   31   40   32   37   44   73   72
 [31]   66   72   75   89   92   74   89  101   99   99   97   94   91   94  101
 [46]  101  109  158  142  142  156  171  162  160  166  154  150  173  188  230
 [61]  217  201  192  192  219  221  200  216  244  231  233  237  287  271  292
 [76]  257  320  317  315  340  351  358  364  420  414  399  398  462  484  502
 [91]  532  516  576  562  606  651  655  694  702  729  809  804  843  928 1034
[106] 1051 1050 1091 1137 1215 1224 1280 1306 1289 1340 1432 1487 1501 1516 1629
[121] 1726

[[150]]
  [1]  10  12   7  14  12   9   8  13  22  18  29  25  33  26  22  33  35  22
 [19]  32  32  29  31  29  32  43  39  40  35  31  47  68  66  76  59  61  52
 [37]  41  51  58  51  34  44  48  48  41  42  69  62  64  59  49  47  51  53
 [55]  61  61  66  55  60  70  75  70  82  90  84  74  65  58  57  79  82  71
 [73]  88  82 100  78  91 113 115  90 101 111 133 132 146 152 156 148 152 141
 [91] 137 120 136 172 175 188 190 182 192 201 204 197 200 194 201 236 236 222
[109] 251 239 265 291 327 286 327 313 354 441 419 391 398

> save(reslist, file=paste("output",iter,".rda",sep=""))
> 
> 
> ###############################################################
> 
> 
> # Clear the workspace and turn off graphics.
> #  Load all the functions you need by sourcing the provided demographic.R file
> #  Read in the job number from the cluster. To do this, your code should include a new
> # variable iter and should start with the line:
> # iter <- as.numeric(Sys.getenv(PBS_ARRAY_INDEX))
> #  Control the random number seeds so that each parallel simulation takes place with a
> # different seed. Your function should therefore set the random number seed as iter so that
> # each parallel simulation has a unique random seed.
> #  In each parallel run, select the initial condition to be used. Ensure that 25 of the parallel
> # simulations are allocated to each of the initial conditions.
> #  Create a variable which is the filename to store your results. The end of the filename
> # should be the number iter to ensure that simulation files do not overwrite one another on
> # the cluster.
> #  Initialise a list which will contain the results of your 150 simulations.
> #  Call the stochastic_simulation function to do the appropriate simulation 150 times,
> # appending the output to the results list, and then save the results list.
> 
> #four initial conditions (25 cluster runs per)
> #each cluster run runs simulation 150 times
> #1) large population of 100 adults
> #2) small population of 10 adults
> #3) 100 individuals spread
> #4) small population of 10 individuals
> 
R has finished running

============================================

        Job resource usage summary 

                 Memory (GB)    NCPUs
 Requested  :         1             1
 Used       :         0 (peak)   1.00 (ave)

============================================
