R is about to run

R version 4.4.1 (2024-06-14) -- "Race for Your Life"
Copyright (C) 2024 The R Foundation for Statistical Computing
Platform: x86_64-conda-linux-gnu

R is free software and comes with ABSOLUTELY NO WARRANTY.
You are welcome to redistribute it under certain conditions.
Type 'license()' or 'licence()' for distribution details.

R is a collaborative project with many contributors.
Type 'contributors()' for more information and
'citation()' on how to cite R or R packages in publications.

Type 'demo()' for some demos, 'help()' for on-line help, or
'help.start()' for an HTML browser interface to help.
Type 'q()' to quit R.

> 
> 
> growth_matrix <- matrix(c(0.1, 0.0, 0.0, 0.0,
+ 0.5, 0.4, 0.0, 0.0,
+ 0.0, 0.4, 0.7, 0.0,
+ 0.0, 0.0, 0.25, 0.4),
+ nrow=4, ncol=4, byrow=T)
> 
> reproduction_matrix <- matrix(c(0.0, 0.0, 0.0, 2.6,
+ 0.0, 0.0, 0.0, 0.0,
+ 0.0, 0.0, 0.0, 0.0,
+ 0.0, 0.0, 0.0, 0.0),
+ nrow=4, ncol=4, byrow=T)
> 
> clutch_distribution <- c(0.06,0.08,0.13,0.15,0.16,0.18,0.15,0.06,0.03)
> 
> #=========================================================================================
> rm(list=ls())
> graphics.off()
> source("Demographic.R")
> source("kl2621_HPC_2024_main.R")
[1] 0 0 0 0 3
[1] 3 3 2 2 2
[1] 2 2
 [1] 7 4 3 2 2 2 2 2 1 1 1 1 1 1 1 1 1 1 1 1 1
> 
> 
> ###4 initial conditions
> 
> ############################################################
> 
> 
> 
> #VVVVVVVVVVVV-------------COMMENT ME OUT WHEN RUNNING THE THING
> #iter <- 5
> #VVVVVVVVVVV--------------UNCOMMENT ME OUT
> iter <- as.numeric(Sys.getenv("PBS_ARRAY_INDEX"))
> set.seed(iter)
> 
> 
> if (iter <= 25) {
+ initial_state <- state_initialise_adult(4,100) #100 adults
+ } else if (iter >25 && iter <= 50) {
+ initial_state <- state_initialise_adult(4,10) #10 adults
+ } else if (iter >50 && iter <= 75) {
+ initial_state <- state_initialise_spread(4,100) #100 spread
+ } else {
+ initial_state <- state_initialise_spread(4,10) #10 spread
+ }
> 
> reslist <- list()
> 
> ####100 cluster runs
> ###################################################
> ####150 runs of stochastic_simulation per cluster run
> for (i in 1:150) {
+     #################################
+     ###120 steps of stochastic_simulation per simulation
+     stochasticresult <- stochastic_simulation(initial_state,growth_matrix,reproduction_matrix,clutch_distribution,120)
+     reslist[[i]] <- stochasticresult
+     #################################
+ }
> ###################################################
> 
> print(reslist)
[[1]]
  [1]   10   13   17   13   11   11   14   19   17   18   13   16   22   40   31
 [16]   32   29   32   37   34   36   44   50   73   61   52   37   53   54   49
 [31]   58   64   56   58   75   69   80   80   84   98   91  109  104  103  122
 [46]  137  168  167  162  165  197  177  197  235  230  190  208  218  245  263
 [61]  263  245  276  328  317  312  334  350  336  362  426  425  429  421  469
 [76]  504  529  577  646  584  631  723  707  763  786  826  807  885  936  931
 [91]  991 1034 1147 1149 1202 1192 1275 1311 1353 1414 1412 1541 1607 1686 1800
[106] 1853 1855 1901 2033 2134 2225 2366 2333 2335 2446 2574 2616 2742 2864 2962
[121] 3188

[[2]]
  [1]   10   16    8   10    8   14    9   12   10    8   17   20   29   19   21
 [16]   20   17   18   27   31   28   30   21   24   46   37   44   44   41   36
 [31]   38   48   78   60   64   61   79   76   81   92  102  119  120  121  117
 [46]  150  134  124  127  132  161  150  162  200  187  194  226  236  233  271
 [61]  257  274  299  289  296  305  344  349  309  363  373  399  403  409  448
 [76]  480  446  514  522  583  547  557  599  642  664  624  635  685  791  810
 [91]  866  888  877  952  972 1006 1100 1152 1223 1289 1341 1419 1390 1429 1531
[106] 1676 1771 1853 1885 2023 2116 2106 2164 2203 2338 2531 2586 2681 2748 2786
[121] 2914

[[3]]
  [1]  10  23  15  15  19  16  13  13  17  20  20  16  13  19  19  27  31  37
 [19]  33  27  30  31  31  40  46  37  45  47  41  44  48  46  53  60  52  49
 [37]  42  45  45  60  52  52  47  48  62  54  54  57  61  58  66  71  70  66
 [55]  68  75 110  91  96  91  87  93  94 121 126 117 129 140 127 141 145 167
 [73] 170 153 152 169 178 206 204 209 183 193 209 199 181 203 221 240 266 202
 [91] 192 213 199 234 232 241 265 254 293 330 344 370 355 385 400 417 470 481
[109] 474 465 450 480 528 519 549 607 624 617 626 712 751

[[4]]
  [1]  10  11  10   8   6   4  10   6  10  15  12  17   9   8  12  16  11   8
 [19]   9   6   4   8   6   6   8  14   9  11   8  12  11  15  11  15  14  26
 [37]  17  14  17  12  11  10  14  17  18  14  19  17  26  24  20  25  29  44
 [55]  40  46  41  52  39  35  40  39  54  63  41  45  36  62  44  41  43  48
 [73]  54  78  55  52  50  57  67  67  66  95  92  76  75  76  85 124 135 129
 [91] 129 116 117 153 177 174 184 209 230 189 182 170 187 225 202 227 230 241
[109] 249 260 261 253 321 300 302 315 350 355 391 379 363

[[5]]
  [1]   10   19   11   11   13   22   17   22   21   19   16   23   29   25   25
 [16]   32   24   33   36   33   30   30   32   29   39   37   39   50   62   53
 [31]   52   51   64   62   59   58   91   92   75   79   80   81   74   96   86
 [46]   94   91  112  124  106  103  125  123  120  117  109   92   87  113  128
 [61]  108   99  102  120  124  122  145  148  169  172  177  173  210  211  205
 [76]  202  223  221  222  257  265  265  250  247  283  309  306  321  342  342
 [91]  365  405  395  388  418  474  490  497  477  516  598  615  597  615  666
[106]  704  701  697  683  747  768  776  851  856  881  849  906  999 1068 1102
[121] 1143

[[6]]
  [1]  10  10  10  12  14  18  17  18  23  19  17  20  29  19  18  26  24  17
 [19]  25  23  16  13  16  16  18  19  18  15  15  16  13  18  22  34  27  21
 [37]  23  28  30  23  24  29  21  29  32  45  45  40  42  38  41  42  46  38
 [55]  37  42  36  45  47  63  71  64  73  81  98 120 134 123 143 162 163 151
 [73] 192 186 193 182 146 145 186 230 238 233 213 241 236 278 252 257 250 236
 [91] 241 253 260 282 304 304 334 335 371 362 451 425 460 493 507 545 574 612
[109] 622 612 632 629 657 646 674 717 779 838 836 871 941

[[7]]
  [1]   10   23   16   17   24   23   17   21   30   25   20   26   24   16   14
 [16]   18   17   19   13    7   12   13   10   16   12   13   10   20   16   19
 [31]   17   16   19   17   12   17   14   19   33   43   43   40   28   41   33
 [46]   39   39   46   55   58   67   51   62   68   72   69   59   71   75   95
 [61]   96  102   95   86   72   90  106  101  109  111  110  126  164  159  169
 [76]  183  172  189  232  220  227  242  241  254  280  316  340  342  319  341
 [91]  388  381  404  374  389  437  454  426  506  517  539  613  616  637  604
[106]  637  698  706  811  794  798  862  906  893  973 1035 1055 1079 1091 1150
[121] 1207

[[8]]
  [1]   10   17   10    9   16   13   19   15   18   14   14   27   20   24   37
 [16]   27   34   30   33   27   42   37   35   51   38   32   39   43   38   62
 [31]   67   71   64   56   76   81   91   74   86   86   77   72   77   58   64
 [46]   55   60   66   52   54   64   90   99   94   83   89  101  101  103  105
 [61]  121  137  143  121  144  126  129  120  130  149  177  162  154  183  230
 [76]  272  249  257  264  282  287  321  351  343  364  389  432  402  434  488
 [91]  507  549  537  514  562  605  640  710  716  733  774  862  857  807  820
[106]  837  866  914  940  960 1013 1030  992 1148 1223 1237 1288 1276 1354 1399
[121] 1463

[[9]]
  [1] 10  6  5  8  5  5  9  7  4  3  3  3  2  3  2  2  2  2  2  5  7  3  3  2  2
 [26]  1  1  1  1  1  1  1  1  1  1  1  3  0  0  0  0  0  0  0  0  0  0  0  0  0
 [51]  0  0  0  0  0  0  0  0  0  0  0  0  0  0  0  0  0  0  0  0  0  0  0  0  0
 [76]  0  0  0  0  0  0  0  0  0  0  0  0  0  0  0  0  0  0  0  0  0  0  0  0  0
[101]  0  0  0  0  0  0  0  0  0  0  0  0  0  0  0  0  0  0  0  0  0

[[10]]
  [1] 10 14  9 17 11  8  6  5  2  1  1  1  6  4  1  1  5  0  0  0  0  0  0  0  0
 [26]  0  0  0  0  0  0  0  0  0  0  0  0  0  0  0  0  0  0  0  0  0  0  0  0  0
 [51]  0  0  0  0  0  0  0  0  0  0  0  0  0  0  0  0  0  0  0  0  0  0  0  0  0
 [76]  0  0  0  0  0  0  0  0  0  0  0  0  0  0  0  0  0  0  0  0  0  0  0  0  0
[101]  0  0  0  0  0  0  0  0  0  0  0  0  0  0  0  0  0  0  0  0  0

[[11]]
  [1]   10    8   11   13   15   12   15   15   11   13   22   28   28   20   19
 [16]   27   25   31   27   39   35   39   61   63   69   75   86   88   82  112
 [31]  121   89   92  124  129  119  114  140  126  119  110  123  126  134  153
 [46]  156  174  169  153  183  195  222  239  219  227  227  228  219  234  253
 [61]  232  258  252  276  334  327  301  321  318  359  383  441  450  415  447
 [76]  466  469  510  522  548  543  599  613  689  732  727  770  830  891  987
 [91]  991  997 1085 1145 1224 1245 1199 1252 1340 1435 1524 1479 1511 1637 1714
[106] 1751 1886 2018 2118 2249 2327 2440 2459 2626 2727 2802 2935 3196 3279 3353
[121] 3477

[[12]]
  [1]   10   10    7   12   10    9   12    9   16   17   28   26   20   18   23
 [16]   19   15   14   13   15   28   15   13   26   28   45   38   32   27   29
 [31]   25   28   28   29   34   32   34   44   45   53   61   56   69   71   74
 [46]   79   72   82   75   90   76  100   96  109   99  111  104  102   96  109
 [61]  124  111  132  138  158  154  171  171  198  229  204  214  218  247  295
 [76]  276  305  290  309  344  373  403  413  410  429  427  397  444  484  498
 [91]  497  503  500  503  501  531  562  530  565  671  654  735  756  794  801
[106]  862  897  878  905  956  954 1022 1043 1081 1140 1144 1218 1314 1282 1392
[121] 1406

[[13]]
  [1]   10   11    7   10   14   23   28   22   18   18   21   27   39   34   49
 [16]   45   46   48   57   60   61   59   66   67   52   51   49   59   60   73
 [31]   62   61   70   83   78   76   99  122  142  123  110  120  114  112  150
 [46]  172  148  158  204  209  248  215  229  220  241  254  246  268  275  289
 [61]  294  332  356  370  391  418  381  448  511  515  539  526  529  559  607
 [76]  656  651  663  704  719  738  738  721  744  755  898 1007 1052 1003 1010
 [91] 1150 1243 1273 1251 1317 1226 1462 1495 1520 1643 1636 1652 1703 1698 1756
[106] 1842 1928 1940 2123 2148 2226 2303 2444 2480 2553 2803 2828 2926 2965 3160
[121] 3291

[[14]]
  [1]  10  16  20  13  11   9  14  21  25  26  43  29  37  34  25  36  22  27
 [19]  22  22  20  30  23  24  22  27  19  21  24  30  32  31  31  25  25  35
 [37]  39  48  33  36  43  43  44  28  30  44  37  46  46  39  59  63  50  48
 [55]  63  73  86  88  85  80  97 124 118 102 119 136 128 133 141 173 173 151
 [73] 151 143 138 151 154 164 156 174 221 177 184 170 191 185 172 191 223 246
 [91] 267 214 216 221 241 238 238 239 255 242 241 254 294 294 328 324 344 346
[109] 389 405 456 456 465 477 498 511 512 598 586 559 593

[[15]]
  [1]   10   21   14   11   14   11    8   17   22   18   14   18   14   38   29
 [16]   20   22   30   35   30   41   44   36   43   61   49   44   48   67   74
 [31]   86   79   71   75  113  118  112  116  118  121  121  113  135  143  166
 [46]  134  139  150  152  156  154  169  186  203  211  206  211  226  215  264
 [61]  260  228  237  280  302  315  339  377  410  394  412  441  478  425  438
 [76]  479  516  561  505  538  525  567  615  582  593  603  638  673  760  758
 [91]  793  781  827  806  822  843  919  947  985 1078 1103 1153 1240 1232 1280
[106] 1344 1449 1489 1514 1584 1652 1750 1750 1825 1934 1979 2028 2165 2321 2448
[121] 2585

[[16]]
  [1]   10   14   19   16   14   20   23   45   28   22   19   26   20   18   15
 [16]   13   13   13   20   25   26   20   25   20   19   23   19   15   22   21
 [31]   18   21   16   23   13   22   20   29   21   15   15   16   38   38   45
 [46]   47   61   76   88   70   70   91  113  106  121  110  115  117  117  134
 [61]  142  146  154  132  140  149  163  194  188  172  182  182  209  213  246
 [76]  254  242  277  279  293  306  356  368  380  378  436  432  448  448  492
 [91]  530  538  569  616  570  569  636  660  654  683  719  795  802  842  858
[106]  871  886  925 1016 1108 1135 1189 1271 1289 1338 1395 1462 1492 1551 1618
[121] 1689

[[17]]
  [1] 10  9  5  7  3  3  3  5  8  6  6  6 10  6  9  7  3  2  1  1  1  1  1  1  1
 [26]  1  1  1  1  1  1  1  1  0  0  0  0  0  0  0  0  0  0  0  0  0  0  0  0  0
 [51]  0  0  0  0  0  0  0  0  0  0  0  0  0  0  0  0  0  0  0  0  0  0  0  0  0
 [76]  0  0  0  0  0  0  0  0  0  0  0  0  0  0  0  0  0  0  0  0  0  0  0  0  0
[101]  0  0  0  0  0  0  0  0  0  0  0  0  0  0  0  0  0  0  0  0  0

[[18]]
  [1] 10  9  8  7  7 18 19 15 12  9 15 12 17 19 17 22 15 16 16 25 19 21 18 21 20
 [26] 25 19 24 28 35 23 26 28 30 23 23 23 23 25 14 11 20 23 24 16 14 33 35 25 25
 [51] 24 23 25 21 18 20 18 32 24 18 35 25 27 24 19 23 23 23 25 17 11  8 10 20 13
 [76] 23 22 17 20 13 16 19 22 32 38 27 27 22 36 27 51 38 32 35 63 39 43 34 45 43
[101] 43 40 37 38 32 24 31 41 31 47 41 47 52 50 40 49 60 80 64 64 65

[[19]]
  [1]   10   12   10   10   15   13   11   19   23   20   15    9    8    8   15
 [16]   15   22   25   25   22   25   32   22   19   13   19   24   24   43   32
 [31]   31   40   47   38   58   54   53   49   50   57   76   72   67   62   86
 [46]   87   83   95  100   82  108  122  123  120  119  143  145  148  155  142
 [61]  140  133  124  144  144  165  179  167  166  169  158  202  222  220  233
 [76]  228  259  302  322  320  301  344  384  421  418  382  395  380  443  398
 [91]  396  406  414  482  440  486  488  483  487  508  555  644  641  640  657
[106]  686  822  820  861  845  912  902  991 1060 1116 1135 1164 1169 1209 1282
[121] 1331

[[20]]
  [1]  10  11   8   8  13   7   7   6   6  11  12   8  12  12  14  12  22  18
 [19]  13  30  29  43  41  52  54  61  59  58  63  63  68  67  61  65  97  88
 [37]  93  96  87  98 103 104  98  78  79  87 101  78  97  98  93  83 114 145
 [55] 131 121 124 135 125 131 140 141 132 122 126 132 130 151 178 184 178 201
 [73] 211 210 224 225 225 249 232 243 278 292 275 259 290 302 295 314 346 347
 [91] 364 315 344 341 336 327 349 351 410 398 418 447 467 441 430 452 463 467
[109] 522 556 555 640 656 679 696 751 822 890 877 886 970

[[21]]
  [1]  10   4   2   4   4   3   3   3   6   6   5   4   4   4   2   1   1   1
 [19]   7   5   4   3   3   3   3   3   2   2   2   7   6   6   5   5   5   4
 [37]   4   6   9   5   5   4   3   3   3   5   5   4   4   4   4   4   7   7
 [55]   7   6   3   8   4   4   4   4   4  11   9   5   4   7  13   8   6   6
 [73]   6   9   9  14  11  16  26  19  26  28  41  39  54  62  57  67  65  63
 [91]  83  79  64  73  65  67  58  83  97  91  91 108 130 117 108 109 118  99
[109] 116 119 121 140 158 162 161 140 156 173 197 193 199

[[22]]
  [1] 10  8 11  8  9  6  6  6 13 10 13 12 10  8  7 11 10 18 25 23 15 13 18 21 24
 [26] 19 22 14 11 11  7  4  7  4  3  2  2  2  2  2  7  6  6  3  3  3  3  3  3  6
 [51]  4  3  2  1  1  0  0  0  0  0  0  0  0  0  0  0  0  0  0  0  0  0  0  0  0
 [76]  0  0  0  0  0  0  0  0  0  0  0  0  0  0  0  0  0  0  0  0  0  0  0  0  0
[101]  0  0  0  0  0  0  0  0  0  0  0  0  0  0  0  0  0  0  0  0  0

[[23]]
  [1]   10   21   17   12    9   10   19   11   14   21   14   18   14   21   12
 [16]   15   11   10    7   14   26   28   27   23   19   34   40   38   38   39
 [31]   49   66   63   72   63   58   50   57   72   73   79   75   87   96   85
 [46]   84   83   83   94  118  108  125  103   94  124  102  108  110  107  128
 [61]  145  117  137  108  141  146  146  146  173  153  170  205  209  216  245
 [76]  231  233  251  231  255  292  266  268  280  331  361  361  393  439  458
 [91]  436  482  462  522  511  559  647  690  674  712  703  761  789  755  855
[106]  858  850  912  874  915  965 1014 1103 1124 1198 1179 1230 1267 1233 1321
[121] 1312

[[24]]
  [1]   10   15   23   17   23   17   21   25   37   34   43   57   64   68   58
 [16]   54   58   67   84   83   71   71   76   68   77   86  109  111  106   99
 [31]   93   91   97  108   96  100   76  110  101   96  128  108  119  158  125
 [46]  135  136  168  170  206  177  168  171  182  212  237  259  231  250  235
 [61]  246  279  300  279  273  272  294  356  355  329  361  348  396  431  452
 [76]  407  425  486  477  477  466  470  483  531  546  587  621  643  633  695
 [91]  676  731  751  751  789  836  807  860  877  939  963  948 1012 1064 1091
[106] 1206 1161 1290 1296 1371 1362 1510 1630 1645 1671 1755 1861 1803 1910 1969
[121] 2155

[[25]]
  [1] 10  9  5  4 12  7  4  6  4  6  6  5  4  8  7  4  3 11 11  6  6  5  5  4 11
 [26] 10 14 10  8 11  8  8 10  8  6  6  5  8 12  9 13 10  5  4  3  3  2  6 12  9
 [51] 12 21 17 20 23 19 17 28 15 17 21 18 16 12 18 15 12 15 12 18 17 22 17 15 13
 [76] 17 21 21 28 35 44 40 49 35 28 37 32 35 28 22 16 32 32 42 31 24 22 31 23 25
[101] 30 33 34 30 36 29 34 41 49 54 57 55 54 64 57 60 57 65 64 75 84

[[26]]
  [1]   10    4    4    4   10   12    8    8    5    5    4   11   16   21   15
 [16]   19   18   26   30   30   23   33   27   28   25   27   27   24   32   33
 [31]   24   21   40   52   53   57   41   49   48   48   54   64   66   73   74
 [46]   78   72   95   82   74   68   92  101  113  125  133  144  146  122  119
 [61]  137  143  133  126  140  145  130  148  130  167  168  162  152  149  166
 [76]  194  184  195  210  190  200  232  242  265  277  293  279  293  364  374
 [91]  371  368  428  466  456  436  440  487  501  534  493  530  586  693  717
[106]  713  755  756  781  861  824  858  896 1003 1028 1027 1037 1083 1089 1179
[121] 1141

[[27]]
  [1] 10  7  7 20 15 18 16 11  9  7 15 12  9 10 25 22 22 17 14 17 27 24 23 22 22
 [26] 23 23 21 14 12 10  8 15 22 15  9  8  8 12 21 29 25 24 25 19 22 16 33 40 45
 [51] 50 59 51 49 46 33 46 40 38 36 45 50 40 44 38 35 38 48 53 65 54 48 50 54 49
 [76] 45 39 40 54 61 50 46 59 72 77 64 73 85 85 81 91 83 71 80 67 50 47 50 40 53
[101] 40 41 37 31 22 19 24 32 23 23 31 38 43 29 33 37 41 42 48 54 48

[[28]]
  [1]  10  13   9   9   8  12   7   7  15  12  12  10   9   8  11  16  12  19
 [19]  13  12  15  11  15  14  14  10   8  16  17  16  12  19  22  15  22  15
 [37]  12  14  14  13  14  17  27  16  18  30  21  27  23  20  16  20  22  19
 [55]  16  24  23  29  47  36  34  31  38  32  29  42  44  44  41  30  32  41
 [73]  34  31  34  32  33  44  44  59  63  60  62  56  70  66  68  95  77  84
 [91]  88  78  82  78  79  98 104 101  78  79  89  89 115 110 103 102 100 115
[109] 134 138 122 121 131 132 156 152 130 124 143 177 175

[[29]]
  [1]  10  13  10  14   9   8  12  14  19  14  13  16  24  16  12  15  18  15
 [19]  13  10  10  10  19  18  21  16  15  31  38  25  20  29  34  36  40  49
 [37]  39  37  48  54  70  56  39  34  47  50  61  51  60  43  46  49  68  73
 [55]  65  70  57  54  71  74  87  70  77  64  85 105 103  91  97 101 116 123
 [73] 128 127 130 117 143 160 158 165 163 187 196 195 198 189 233 250 263 267
 [91] 297 290 308 325 342 346 390 414 485 479 470 507 548 569 566 592 578 586
[109] 654 592 619 622 661 763 742 812 830 787 834 880 882

[[30]]
  [1]   10   15   21   13   13   11   17   18   20   26   27   19   17   40   39
 [16]   42   33   34   39   41   53   48   50   56   55   51   51   61   63   67
 [31]   55   62   58   47   41   60   56   53   57   72   75   62   75   75   62
 [46]   64   63   82   83   75   73   80   93   98  121  127  129  136  134  127
 [61]  142  141  165  130  150  183  201  208  183  188  199  259  272  295  290
 [76]  272  287  304  304  330  379  391  370  378  413  453  430  424  476  552
 [91]  541  576  640  679  678  715  762  830  853  877  937  872  886  916  954
[106] 1075 1046 1166 1193 1193 1218 1271 1345 1316 1364 1410 1591 1627 1660 1689
[121] 1748

[[31]]
  [1] 10  6 13  8 14 11 10 10 12 10  8 14  9  7  9  5  9  7  4  2  2  2  2  2  8
 [26] 14  7  5  5  4  9  6  4  4  4  3  3  3  1  0  0  0  0  0  0  0  0  0  0  0
 [51]  0  0  0  0  0  0  0  0  0  0  0  0  0  0  0  0  0  0  0  0  0  0  0  0  0
 [76]  0  0  0  0  0  0  0  0  0  0  0  0  0  0  0  0  0  0  0  0  0  0  0  0  0
[101]  0  0  0  0  0  0  0  0  0  0  0  0  0  0  0  0  0  0  0  0  0

[[32]]
  [1]   10    9   16   13   12   10   21   34   36   33   32   33   39   39   42
 [16]   45   40   40   52   55   46   51   67   81   71   66   79   89  117  116
 [31]  106  105  124  129  123  121  127  141  141  138  163  169  165  174  150
 [46]  158  179  184  179  197  182  168  214  217  259  270  292  308  340  404
 [61]  418  425  428  462  506  539  534  561  620  561  614  713  744  807  818
 [76]  840  849  945  951 1013 1088 1127 1133 1143 1226 1284 1303 1321 1397 1414
 [91] 1449 1548 1520 1633 1755 1767 1803 1835 1881 2013 2163 2227 2195 2309 2416
[106] 2559 2582 2689 2760 2738 2870 2865 3016 3162 3292 3532 3700 3917 4025 4270
[121] 4412

[[33]]
  [1] 10  6  4  3  8 23 18 12 10  9 12 19 11  8  7 11  8  8  7  7  3  2  1  1  1
 [26]  1  1  1  0  0  0  0  0  0  0  0  0  0  0  0  0  0  0  0  0  0  0  0  0  0
 [51]  0  0  0  0  0  0  0  0  0  0  0  0  0  0  0  0  0  0  0  0  0  0  0  0  0
 [76]  0  0  0  0  0  0  0  0  0  0  0  0  0  0  0  0  0  0  0  0  0  0  0  0  0
[101]  0  0  0  0  0  0  0  0  0  0  0  0  0  0  0  0  0  0  0  0  0

[[34]]
  [1]   10   11    8    7   15   14   17   26   22   32   37   34   22   32   39
 [16]   47   40   44   40   34   50   54   47   48   48   57   70   80   68   64
 [31]   74   74   80   89   90   92   92   87   94  118  119  125  132  127  122
 [46]  116  145  184  173  151  145  150  144  144  165  161  172  188  186  212
 [61]  238  202  229  217  224  210  240  246  263  311  325  338  333  358  354
 [76]  368  401  386  389  393  449  457  496  491  474  456  577  568  498  527
 [91]  580  585  637  662  678  716  718  731  765  741  834  842  886  952 1029
[106]  997 1050 1108 1193 1241 1381 1439 1590 1623 1657 1718 1805 1818 1847 1953
[121] 2043

[[35]]
  [1]  10  13  14  12   9  12  12  21  16  16  19   9  13  12  17  13  15  12
 [19]  11  23  23  19  18  11  21  31  29  26  24  27  29  36  33  24  27  21
 [37]  22  42  39  43  34  26  32  36  42  37  35  34  37  38  34  51  43  62
 [55]  61  73  68  67  84  92 100  93 103  89  93 109 127  96 119 103  97  90
 [73]  98 105 127 157 131 117 113 128 144 148 155 151 155 142 162 176 174 167
 [91] 172 191 198 210 179 224 234 270 281 289 293 306 313 356 359 369 369 388
[109] 377 392 423 427 393 402 436 453 497 515 479 506 554

[[36]]
  [1]   10    7   11   17   11    9   23   22   17   19   17   22   25   25   26
 [16]   14   24   27   44   47   42   47   49   50   57   75   84   76   73   76
 [31]   75   90  117   96  102  110   77   83   92   85   97  123  113  130  113
 [46]  115  120  128  145  146  136  127  125  166  153  196  210  210  224  212
 [61]  227  229  290  306  333  340  356  375  379  388  450  450  507  524  539
 [76]  523  522  553  532  528  650  694  767  707  778  743  833  816  875  897
 [91]  973  997 1036 1047 1096 1158 1251 1214 1333 1375 1430 1568 1584 1695 1644
[106] 1658 1721 1757 1866 1921 2056 2092 2157 2298 2429 2511 2683 2689 2913 3074
[121] 3255

[[37]]
  [1]   10   15   21   17   17   15   19   33   38   29   24   35   35   35   32
 [16]   40   31   30   37   43   70   64   59   60   64   63   70   74   74   86
 [31]   95   89   85   82  123  108  115  114  100   96   96  103  123  108  108
 [46]   85   96  105  108  130  143  135  131  143  145  162  148  163  162  212
 [61]  222  205  206  238  197  227  215  256  267  310  305  313  301  327  339
 [76]  345  370  381  397  372  401  441  456  445  478  517  527  571  586  649
 [91]  667  708  713  740  774  797  862  853  882  920  979  994  953 1023 1137
[106] 1181 1179 1177 1248 1347 1404 1479 1465 1584 1529 1572 1702 1798 1834 1921
[121] 1981

[[38]]
  [1]  10  12  22  16  12  15  19  20  16  12  15  11  12  10  14  15  15  14
 [19]  12  13  21  18  13   8   8  13   7   7   6   5  10   5   4   4   4   4
 [37]   9  11   7   3   3   3   3   3   6  10   6   5   5   6   4   3   3   3
 [55]   3  11  12  10  12  11  20  27  19  26  29  35  33  23  20  21  33  26
 [73]  30  43  49  56  51  58  63  51  79  78  66  63  62  64  71  63  54  46
 [91]  38  38  42  66  61  58  70  61  74  56  66  61  47  58  51  69  57  67
[109]  65  72  83  83  69  90  86  97 114 121 115 115 112

[[39]]
  [1]  10  14  20  18  14  18  26  25  20  18  26  17  19  20  20  12  15   9
 [19]  15  18   9   8   8   7   7  17  15  10  12  12  12   8   6  11  13  13
 [37]  10  14  11  13  10  20  13  10  25  31  19  21  19  20  29  29  34  33
 [55]  56  62  56  51  51  54  56  54  59  69  79  83  98  95  96  92  81 104
 [73]  90  97 115 106  91  99 110 116 103 115 123 114 153 133 164 158 157 162
 [91] 160 159 187 186 214 228 199 214 222 221 266 285 277 260 261 276 279 267
[109] 283 291 308 342 343 338 329 385 413 358 388 420 423

[[40]]
  [1] 10 13 15 10 15 10 15 12  6  6 14 23 15 13 13 19 26 19 17 12 13 10  7  6  5
 [26]  8  5  3  1  1  1  1  1  0  0  0  0  0  0  0  0  0  0  0  0  0  0  0  0  0
 [51]  0  0  0  0  0  0  0  0  0  0  0  0  0  0  0  0  0  0  0  0  0  0  0  0  0
 [76]  0  0  0  0  0  0  0  0  0  0  0  0  0  0  0  0  0  0  0  0  0  0  0  0  0
[101]  0  0  0  0  0  0  0  0  0  0  0  0  0  0  0  0  0  0  0  0  0

[[41]]
  [1]   10   20   16   13   16   21   20   16   25   20   22   28   29   20   27
 [16]   36   47   45   42   46   48   37   54   49   68   74   82   77   77   81
 [31]   78   92   99  113  110  120  131  126  135  123  131  124  125  139  162
 [46]  191  208  207  213  228  208  214  238  278  301  356  335  344  387  441
 [61]  498  488  496  513  499  564  593  624  641  706  788  819  836  810  917
 [76]  974 1025  999 1067 1043 1116 1214 1347 1385 1361 1386 1483 1497 1580 1693
 [91] 1811 1924 2009 2032 2108 2243 2268 2243 2422 2555 2714 2680 2741 2806 2877
[106] 2966 3179 3372 3445 3549 3639 3784 4030 4159 4242 4337 4610 4894 5081 5150
[121] 5400

[[42]]
  [1]   10    9    6    6    8    7   10   13   10    8    6   11   36   27   31
 [16]   32   29   27   26   36   45   35   29   33   35   39   38   56   38   47
 [31]   36   53   71  101   93   86   91   83   90   87  106   97   99   86   89
 [46]   73   91   91   78   80   71   95  100  114  112  111  116  115  113  113
 [61]  117  121  131  139  175  161  168  194  209  230  212  241  205  240  233
 [76]  244  223  277  284  296  278  269  275  342  381  381  396  389  390  453
 [91]  461  468  503  525  552  591  595  577  652  611  645  640  659  708  728
[106]  750  827  873  860  852  837  886  971  984  993 1076 1103 1095 1177 1204
[121] 1198

[[43]]
  [1] 10 12 12  9  8  9 13 10  8 12  9  9 11  6  6 11 15 13 10  8  8  7  5  9  8
 [26]  6  5  1  1  1  1  1  1  0  0  0  0  0  0  0  0  0  0  0  0  0  0  0  0  0
 [51]  0  0  0  0  0  0  0  0  0  0  0  0  0  0  0  0  0  0  0  0  0  0  0  0  0
 [76]  0  0  0  0  0  0  0  0  0  0  0  0  0  0  0  0  0  0  0  0  0  0  0  0  0
[101]  0  0  0  0  0  0  0  0  0  0  0  0  0  0  0  0  0  0  0  0  0

[[44]]
  [1] 10 18 10  7  5 17 12  8  7 13 21 19 23 25 27 30 24 36 39 32 26 34 35 36 29
 [26] 29 24 16 14 14 16 13 15 11  7  6  5  4 11  7  5  3  0  0  0  0  0  0  0  0
 [51]  0  0  0  0  0  0  0  0  0  0  0  0  0  0  0  0  0  0  0  0  0  0  0  0  0
 [76]  0  0  0  0  0  0  0  0  0  0  0  0  0  0  0  0  0  0  0  0  0  0  0  0  0
[101]  0  0  0  0  0  0  0  0  0  0  0  0  0  0  0  0  0  0  0  0  0

[[45]]
  [1]   10   14    9    9   11   10   10    9   14   14   19   27   28   34   25
 [16]   21   35   28   29   31   36   34   32   33   33   34   43   38   43   56
 [31]   45   52   82   82  105   90   89  100   93  123  105  113  126  127  134
 [46]  144  161  161  160  163  179  182  173  177  165  181  175  193  210  211
 [61]  217  209  206  237  239  250  230  279  317  305  361  359  356  353  386
 [76]  370  400  422  422  420  450  481  541  554  567  526  533  562  567  574
 [91]  604  696  724  784  782  787  802  841  871  944  976 1074 1059 1105 1106
[106] 1199 1202 1194 1245 1210 1299 1370 1480 1547 1600 1621 1666 1780 1954 2006
[121] 2014

[[46]]
  [1] 10  7  5  7  4  3  3  2  8  6  5  5  4  3  1  8  4  4  4  4  2  2  3 10 10
 [26] 12 11  7  9  7 24 12 14 10  9  7 10 13  8  7  5  6  9  7 14 15  8  7  9 13
 [51]  5 10  5  4  9  5  4  4  4  3  1  1  1  1  5  8  3  2  2  2  1  1  1  9  3
 [76]  2  2  2  2  6  3  2  1  1  1  1  1  1  1  0  0  0  0  0  0  0  0  0  0  0
[101]  0  0  0  0  0  0  0  0  0  0  0  0  0  0  0  0  0  0  0  0  0

[[47]]
  [1]  10  21  15  21  17  14  14  15  17   9   9  12   9   8   7  14   8  11
 [19]  10   8  13  11  19  20  19  20  13  27  28  18  19  21  20  18  17  11
 [37]  15  21  27  25  29  22  37  38  45  46  42  44  38  43  36  39  43  41
 [55]  51  67  58  57  53  40  40  60  52  46  63  57  54  57  54  66  61  92
 [73]  86  85  74  89  71  65  65  72  90 114  92  81  64  62  70  77  85  75
 [91]  72  79  74  73  61  70  74  85  81  84  85  87  90 104 137 130 137 120
[109] 131 144 117 156 137 140 168 194 215 236 225 256 273

[[48]]
  [1]   10   14   17   22   18   14   18   15   17   31   31   23   31   36   42
 [16]   33   34   36   50   56   59   46   49   46   63   61   79   70   69   73
 [31]   62   64   70   67   74   73   77   96  112  105  101   94  112  120  115
 [46]  120  145  136  120  137  170  159  129  150  167  200  190  222  213  212
 [61]  210  228  221  247  261  242  263  305  281  310  331  345  368  357  420
 [76]  415  421  434  462  502  465  485  508  504  518  533  538  530  586  604
 [91]  618  642  695  743  792  813  792  838  861  918  934  985 1033 1058  999
[106] 1021 1110 1149 1246 1277 1345 1340 1347 1388 1541 1557 1695 1680 1727 1738
[121] 1815

[[49]]
  [1]  10  15  12  10  16  15  15  16  11  22  25  19  20  15  27  22  28  23
 [19]  21  19  22  25  24  31  35  25  19  21  21  14  10   7   6   6   9  18
 [37]  11   8   7  12  10  15  19  17  13  14  12  19  30  24  22  20  22  20
 [55]  23  31  34  36  34  27  37  49  60  70  63  65  65  76  95  76  86  81
 [73]  94 108 113 115 124 110 118 146 133 171 157 150 165 148 171 211 216 168
 [91] 193 218 228 225 227 253 252 286 257 258 249 303 320 372 382 403 405 357
[109] 391 434 413 441 484 465 490 453 508 537 542 565 654

[[50]]
  [1]  10   8   6  20  19  17  13  12  19  28  37  34  28  22  25  34  39  38
 [19]  36  36  38  26  27  24  28  25  25  21  20  11  14  10  11  15  14  15
 [37]  17  12  17  12  21  21  15  23  18  27  35  32  22  23  34  32  38  40
 [55]  50  43  43  37  38  39  56  67  93  72  57  64  75  81  90  71  78 103
 [73] 106  87  82  88  93 110  93  90  85 111 116  86 101  86  89  97 107 107
 [91] 102 137 146 186 180 183 219 227 277 263 275 261 288 304 314 353 382 394
[109] 423 476 427 467 510 513 488 522 535 524 570 570 614

[[51]]
  [1]   10    9   23   15   14   12   25   23   32   31   23   18   20   22   23
 [16]   19   15   22   25   28   41   31   31   36   48   60   55   47   44   57
 [31]   65   68   76  110   96   79   94  104  135  122  123  113  132  122  139
 [46]  152  146  162  160  168  199  163  164  158  161  184  198  184  214  202
 [61]  232  234  246  237  246  303  348  333  348  340  367  339  364  409  384
 [76]  446  428  524  513  553  545  575  672  750  789  813  858  923  936  944
 [91]  942 1046 1185 1225 1237 1242 1352 1379 1430 1389 1482 1531 1585 1685 1681
[106] 1833 1919 1841 1930 1963 2050 2193 2290 2385 2458 2519 2592 2728 2795 2891
[121] 2850

[[52]]
  [1]   10    8   12   19   14   15   12   11   13   21   20   15   11   17    9
 [16]   17   12   11   16   27   21   23   23   29   22   22   22   28   37   33
 [31]   45   39   57   52   55   70   62   45   62   75   65   79   66   63   63
 [46]   71   99  108   97   79   75   72   73   71   70   75   79   84   88   88
 [61]   94  100  108  104  112  111  110  117  151  174  174  190  192  215  219
 [76]  246  227  217  221  230  247  246  252  258  233  238  258  286  345  331
 [91]  326  360  338  351  348  353  385  381  428  428  454  448  512  583  611
[106]  642  618  694  728  760  810  800  786  855  911  949  995 1024  992 1006
[121] 1074

[[53]]
  [1]  10  13  10   5   5   6  10   3   3   7   7   9   7   5   4  10  13  14
 [19]  14  12  17  18  25  28  25  34  21  18  30  23  28  21  38  33  31  27
 [37]  39  35  41  42  45  48  33  39  60  58  46  48  41  43  62  56  48  42
 [55]  54  53  35  31  54  60  51  54  42  59  57  69  57  46  49  62  57  51
 [73]  66  69  65  66  67  83 118 113 100  92  76  84 112 120 125 112 117  96
 [91] 112 128 140 143 138 127 132 145 173 204 173 158 177 171 185 218 221 236
[109] 241 240 239 249 275 277 285 323 331 348 375 361 331

[[54]]
  [1]   10   16   17   15   18   13   24   15   32   24   22   32   32   26   26
 [16]   24   19   33   30   28   24   25   22   22   42   37   27   26   26   30
 [31]   27   24   36   34   42   31   29   29   44   35   51   39   35   34   35
 [46]   27   23   20   38   44   50   39   42   51   45   48   48   60   55   75
 [61]   74   80   99   99  116  121  126  120  126  152  169  173  183  163  186
 [76]  196  210  227  236  280  264  274  275  288  308  363  374  383  376  416
 [91]  460  428  452  448  489  577  582  579  606  593  604  656  636  701  684
[106]  691  697  773  801  805  878  845  899  949  993 1027 1090 1068 1084 1170
[121] 1226

[[55]]
  [1]   10   14   17   14    9    9    8    8   10    8    6   15   17   20   22
 [16]   16   20   15   26   31   30   35   38   42   42   31   28   29   48   60
 [31]   52   71   60   71   68   86   78   69   78   73   68   83   75   69   55
 [46]   67   81   60   88   77   88  106   94  114  100   99  117  124  140  141
 [61]  158  166  157  177  204  203  209  196  187  218  277  317  326  343  363
 [76]  368  377  375  409  429  486  490  491  483  532  565  582  618  630  667
 [91]  710  731  809  839  823  810  828  873  902  924  943 1021  997 1103 1121
[106] 1170 1249 1330 1303 1377 1404 1476 1581 1603 1681 1692 1779 1892 1998 2103
[121] 2145

[[56]]
  [1]  10  12  13  18  17  21  16  17  17  21   9   7   7   7   5   9  10  12
 [19]  14   8  14  20  17  14  14  10  15  11   9  14  17  12  16  22  19  23
 [37]  16  17  13  12  14  19  15  11  20  12  11   9   8  14  11  10   9   5
 [55]  10  17  14  15  12   9  14  14  12  10  11  15  12  27  33  38  31  30
 [73]  53  40  38  33  39  43  38  43  42  45  60  63  61  64  47  46  61  74
 [91]  83  74  71  56  68  85  78 106 103 122 113 114 110 101  98 122 107 126
[109] 107 116 104 132 158 154 150 177 167 206 215 229 236

[[57]]
  [1]  10   9   7   5   5   3   3   3   2   2   5   5   4   9   7   6   5  12
 [19]  10   7   6   5  12  10   8   9  12  10  17   9  14  18  12   9  15   9
 [37]   7   7  12  17  24  21  18  14  18  27  31  39  41  36  37  27  41  65
 [55]  67  47  45  44  57  80  70  55  67  81  76  73  66  82 100  90  93  91
 [73]  93 111 128 143 127 113 112 119 139 131 148 139 147 137 166 141 133 140
 [91] 158 179 185 204 198 192 206 211 236 244 256 272 294 293 299 313 304 314
[109] 269 292 301 331 369 361 383 383 398 387 428 457 494

[[58]]
  [1]   10   18   13   10   10   15   17   25   34   23   18   17   21   22   28
 [16]   27   23   20   19   22   52   38   38   35   27   30   40   36   36   54
 [31]   44   40   45   48   43   36   40   58   69   73   67   94   80   80   77
 [46]   71   69   81   92   86   90   92   84   83   84   87  102  101  111  120
 [61]  114  136  174  183  186  171  168  187  190  216  221  247  256  241  228
 [76]  254  256  282  316  319  365  386  431  469  483  511  536  533  530  557
 [91]  586  626  637  652  666  698  657  701  726  765  767  794  848  808  919
[106]  933 1012 1126 1132 1144 1278 1356 1338 1369 1380 1425 1513 1603 1609 1636
[121] 1673

[[59]]
  [1]   10   13    8   14   17   10    7   14   10   18   27   20   18   17   21
 [16]   17   17   12    9   12   17   19   13   16   24   43   46   40   34   48
 [31]   43   36   41   45   48   48   50   66   62   70   69   49   52   60   57
 [46]   59   80   68   64   80   80   71   78   78   81  114  110  116  134  135
 [61]  138  147  129  140  144  151  152  146  148  156  188  171  159  178  171
 [76]  189  216  222  210  217  244  260  276  279  309  303  287  294  347  393
 [91]  363  388  397  445  448  439  453  465  466  499  495  539  562  577  619
[106]  688  730  672  662  663  720  752  782  818  857  881  844  949  936 1041
[121] 1079

[[60]]
  [1]   10   13   11    9   16   18   17   14   13   12   24   17   28   33   25
 [16]   32   29   28   40   50   39   32   29   27   53   45   45   38   63   56
 [31]   56   67   61   74   61   56   77   77  104  110   98   95   94  125  138
 [46]  144  131  122  132  111  139  138  130  145  141  153  150  170  170  198
 [61]  197  175  171  192  243  260  257  284  314  335  367  345  340  322  356
 [76]  369  421  445  420  440  427  433  446  501  519  533  595  644  625  661
 [91]  615  704  731  778  840  868  902  902  929 1004 1065 1174 1209 1207 1235
[106] 1280 1366 1446 1448 1615 1639 1687 1842 1772 1890 1967 2110 2109 2122 2238
[121] 2200

[[61]]
  [1]   10   21   17   18   18   27   27   36   34   26   36   45   41   38   31
 [16]   31   26   43   49   49   49   64   63   65   48   46   50   61   82   97
 [31]   85   88   91   77   85   98   90  100  101  101   90   91   68   86   94
 [46]  101  129  129  133  128  121  147  142  155  171  155  197  225  216  257
 [61]  264  257  296  363  326  328  330  339  347  350  377  403  438  465  474
 [76]  545  555  583  586  649  643  666  682  740  767  793  822  826  867  894
 [91]  884  912 1002 1057 1080 1052 1099 1157 1271 1312 1349 1407 1475 1515 1625
[106] 1736 1754 1840 1803 1934 2088 2179 2137 2279 2395 2506 2621 2710 2715 2823
[121] 3053

[[62]]
  [1]  10  16  14  17  19  14  14   9  14  21  14  16  15  15  19  17  16  22
 [19]  28  30  21  26  19  20  22  24  32  31  35  29  27  21  24  33  28  26
 [37]  29  25  25  42  36  42  42  32  40  47  49  71  57  62  65  86  83 104
 [55] 115  99  87 104  91 104 116 108 109 119 108 105 115 128 113 112 112 122
 [73] 131 114 116 110 114 149 146 144 151 166 185 184 193 190 207 209 248 240
 [91] 223 211 237 231 266 265 270 296 294 286 330 296 316 337 333 359 358 412
[109] 445 471 437 398 394 419 498 490 460 487 507 540 576

[[63]]
  [1]   10    6   10    6    5    5    4    3   15   13   10    8    7    7   19
 [16]   13   15   15   10   22   25   27   28   22   18   25   33   29   31   39
 [31]   44   55   41   35   48   53   54   47   51   45   55   65   73   77   76
 [46]   85   85   78   74   78   71   88   99  117  123   98   93  109  112  118
 [61]  132  117  115  120  117  121  156  156  161  148  220  201  221  236  206
 [76]  197  198  216  250  251  222  227  290  302  297  320  376  404  407  421
 [91]  477  503  602  632  649  634  668  663  629  624  686  723  793  823  794
[106]  814  877  925  940 1014 1075 1074 1181 1192 1200 1262 1346 1389 1397 1473
[121] 1497

[[64]]
  [1]   10    9   10   13   16   15   23   25   19   20   21   30   38   33   41
 [16]   37   36   35   48   39   47   38   32   38   44   27   32   50   53   47
 [31]   57   43   61   63   67   54   63   67   85   72   72   93   91  114  106
 [46]  116  129  160  156  153  162  145  154  150  166  177  213  203  221  195
 [61]  202  223  223  226  247  273  288  320  355  337  329  351  344  400  445
 [76]  437  436  440  534  552  547  567  558  627  714  719  747  701  769  822
 [91]  846  909  959  926  914 1060 1134 1186 1211 1248 1371 1422 1459 1512 1573
[106] 1671 1788 1847 1857 1819 1963 2095 2165 2174 2230 2411 2469 2630 2729 2921
[121] 3026

[[65]]
  [1]  10  10   8   6  13  15  14  10  12   9  15  18  10   9   8  13   8   7
 [19]  12  15  10  15  10   8  18  23  17  14  17  14  10   7   9   6   8   7
 [37]  12  10   8  19  18  19  16  14  13  17  17  25  21  28  22  23  18  23
 [55]  27  30  29  30  30  39  46  45  50  48  52  56  50  42  38  42  48  42
 [73]  42  46  51  42  46  49  51  57  58  58  51  35  43  62  49  42  43  56
 [91]  62  64  60  56  56  51  67  63  78  82  86  96  99  95  94  85  87  93
[109] 100 103 104 104 102 103 105 120 112 121 116 121 128

[[66]]
  [1]  10  21  12  12  15  16  14  13  10  14  16  13  12  24  24  19  17  14
 [19]  16  16  18  22  26  20  28  20  28  22  28  25  28  36  38  43  51  47
 [37]  62  54  63  74  57  67  64  48  61  62  59  74  77  79  85  78  72  62
 [55]  79  84  77 101 100 104  92  98 101 111  98 109 125 116  96  97  84 105
 [73] 112 109 127 108 104 127 128 134 152 157 168 160 179 209 219 243 227 254
 [91] 227 230 252 265 274 277 308 332 310 364 373 383 373 382 416 440 469 478
[109] 514 524 527 540 589 589 655 632 660 700 759 824 857

[[67]]
  [1]   10   15   17   20   12   20   30   19   21   18   31   29   25   24   21
 [16]   23   25   45   45   57   54   41   35   34   37   45   37   49   41   47
 [31]   47   44   57   79   89   85   83   94  104   93  102  116  112  145  128
 [46]  111  118  121  134  151  150  166  157  142  130  152  154  210  216  200
 [61]  176  182  218  234  208  255  265  272  251  302  311  325  304  331  338
 [76]  342  326  381  367  382  375  364  391  420  423  436  402  447  458  506
 [91]  492  516  522  516  536  541  603  598  631  628  612  656  682  712  750
[106]  808  807  868  947  954 1017 1014  988 1130 1152 1200 1229 1374 1364 1397
[121] 1434

[[68]]
  [1]  10  11  11  11  10  11  13   7  14  10   8   5  10  12  11   8   7   6
 [19]  15  11   9   5   4  11  21  27  18  13  14   8   6  12  18  13  13  11
 [37]  15  19  13  18  12  16  12  10   9  20  26  32  33  33  27  33  25  31
 [55]  22  32  27  37  31  22  22  25  34  24  19  27  27  42  45  49  62  60
 [73]  51  60  60  91  80  81  83  90  94  89  93  97 109 109 136 135 123 111
 [91] 104 132 110 117 119 125 126  92  92 107 117 127 124 132 145 156 140 147
[109] 142 154 162 164 159 156 174 194 191 192 195 199 212

[[69]]
  [1]  10  15  23  27  23  21  18  15  19  21  21  15  12  11  17  27  26  20
 [19]  17  13  11  11  15  13  10   9  15  14  17  16  19  25  17  27  18  23
 [37]  20  17  19  28  21  23  31  37  42  48  54  49  37  30  37  58  66  58
 [55]  52  55  53  82 101  81  72  81  99  98 106 108  99 108 115 120 118 128
 [73] 163 145 145 132 133 142 155 172 172 170 161 195 200 235 215 190 234 249
 [91] 220 242 252 269 265 298 298 308 356 363 372 349 370 412 444 430 438 496
[109] 508 537 589 623 603 662 703 696 766 772 781 804 816

[[70]]
  [1]   10   10   17   11   15   12    8    7    6   11   11    9   13   21   20
 [16]   20   34   43   28   31   34   40   31   28   20   21   32   41   44   42
 [31]   74   63   69   64   78   78   74   93  121  122  130  110  128  126  170
 [46]  173  170  160  152  131  152  162  207  223  216  207  243  248  253  285
 [61]  317  301  300  333  362  350  354  376  377  442  414  429  426  474  453
 [76]  482  488  456  515  529  531  593  563  641  645  727  726  795  839  830
 [91]  818  844  914  997 1054 1031 1069 1075 1084 1204 1195 1233 1346 1384 1443
[106] 1547 1609 1642 1694 1792 1827 1925 2030 2095 2092 2144 2287 2346 2512 2591
[121] 2828

[[71]]
  [1]  10  13  12  12   9  16  14  13  19  23  19  30  18  13  10   5   7  11
 [19]  14  11   8  14  11  10   8   6  11  10  15  11  14  17  18  14  12  10
 [37]  11  10  18  12  18  12  15  13   8   8   7  20  25  20  12  11  20  21
 [55]  24  23  23  18  24  18  15  20  18  11  16  24  17  15  15  19  27  40
 [73]  37  46  47  45  41  60  51  57  45  59  81  70  64  49  46  40  36  29
 [91]  35  37  55  59  42  39  45  34  41  64  72  62  57  75  87  73  68  61
[109]  65  65  83  89  73  77 105 103 102 100 102 102 103

[[72]]
  [1]  10   8   5   3   3   2   5   7   5   4   4   7   6  12  12   8   5   3
 [19]  14  18   9   9   8  12  19  15  18  14  20  15  15  18  28  23  31  24
 [37]  13  28  39  37  35  28  29  24  21  24  27  42  33  32  33  28  30  29
 [55]  29  46  39  29  25  21  17  16  38  28  31  19  18  17  22  16  21  16
 [73]  10  21  29  21  23  30  31  30  26  21  22  31  28  38  54  44  45  48
 [91]  48  50  62  50  32  35  47  53  65  67  72  71  78  73  72  96 116 105
[109] 117 133 120 106 119 135 133 144 156 169 178 198 204

[[73]]
  [1]  10  10  15  10  14   8   7  10  12   8   8   5   5   5  12  19  13  10
 [19]  10  19  22  14  16  15  20  16  23  18  17  24  33  23  18  29  39  33
 [37]  32  34  30  34  27  27  46  53  52  37  46  46  57  55  56  43  52  54
 [55]  44  45  41  37  29  28  36  43  46  46  40  30  30  29  35  50  43  37
 [73]  42  35  41  54  56  62  49  45  43  52  45  47  54  57  66  78  76  94
 [91]  97  80  93  98  96  92  97 116 126 140 143 158 146 119 146 169 194 185
[109] 200 198 187 218 230 251 232 247 282 295 307 291 305

[[74]]
  [1]   10   13   15   16   12    9    6    8    9    7    9   16   13   12   25
 [16]   22   20   23   38   38   32   22   20   37   44   52   73   69   61   70
 [31]   65   72   67   81  112   91   80   99  103  126   93  110  104  115  118
 [46]  127  135  165  153  142  166  182  183  197  195  240  195  215  242  212
 [61]  261  268  257  260  260  268  283  301  337  336  352  360  356  399  412
 [76]  457  483  455  472  511  506  531  548  595  581  604  577  623  591  606
 [91]  652  674  752  774  719  733  777  880  955  949  960  969 1042 1134 1223
[106] 1237 1235 1248 1296 1289 1375 1448 1471 1571 1601 1612 1645 1741 1789 1817
[121] 1929

[[75]]
  [1]   10   13   13   23   18   19   28   30   27   35   39   36   52   52   51
 [16]   40   34   48   39   52   45   56   63   63   70   75   69   67   78   86
 [31]   88   91   80   92  103  129  130  131  116  142  166  154  170  206  202
 [46]  199  203  195  237  260  237  264  272  260  251  258  267  300  323  331
 [61]  307  311  299  334  332  324  375  392  364  390  431  498  487  481  516
 [76]  554  546  546  591  719  757  769  771  752  775  758  754  843  834  874
 [91]  916  904  985 1063 1126 1247 1237 1237 1310 1327 1362 1428 1503 1667 1732
[106] 1829 1861 1927 1964 2085 2060 2180 2305 2413 2530 2665 2732 2815 2957 3059
[121] 3031

[[76]]
  [1] 10 10  8 11  8  5  4  3  8  8  6  6  5  9  7  5  5  3  5  4  2  2  5 11  6
 [26]  3  2  2  4  3  3  3  5  1  1  1  1  1  5  2  2  1  1  0  0  0  0  0  0  0
 [51]  0  0  0  0  0  0  0  0  0  0  0  0  0  0  0  0  0  0  0  0  0  0  0  0  0
 [76]  0  0  0  0  0  0  0  0  0  0  0  0  0  0  0  0  0  0  0  0  0  0  0  0  0
[101]  0  0  0  0  0  0  0  0  0  0  0  0  0  0  0  0  0  0  0  0  0

[[77]]
  [1]  10  17  10  24  25  16  17  22  24  20  14  21  17  22  17  11  14  10
 [19]   9  18   9   8   8  11   8   8   8   8   7  17  14  19  18  13  23  27
 [37]  16  22  23  17  19  26  24  34  25  22  23  21  16  14  22  21  21  25
 [55]  18  28  18  19  21  17  20  31  32  34  44  43  47  34  39  32  38  43
 [73]  31  24  40  49  44  40  48  49  59  57  45  54  51  64  51  63  61  56
 [91]  54  51  68  71  66  75  67  58  72  89  85  75  87 104  97 103 131 139
[109] 136 142 139 136 139 139 148 169 178 165 183 179 178

[[78]]
  [1] 10  8 13 18 11  9  9  7  5  5 10  8 12  9 12  8  9 12 14 10  5  5 10 10 10
 [26]  9  9  7  5 16 19 13 12 13 15 10 18 17 17 15 13 23 20 21 24 25 20 28 34 36
 [51] 33 36 44 44 32 28 28 25 22 16 18 21 29 31 36 33 20 22 33 41 40 38 39 28 36
 [76] 30 39 32 27 23 22 23 27 33 23 26 40 42 29 39 41 50 45 48 43 66 62 64 71 59
[101] 53 69 75 62 79 81 84 85 83 73 72 69 66 83 58 66 65 60 78 93 89

[[79]]
  [1]   10    5    2    1    1    1    1    1    1    1    1    1    4    8    7
 [16]    6    5   17   12   14   10   13   21   21   28   32   33   30   28   29
 [31]   36   34   37   34   33   40   42   44   49   63   56   50   39   45   68
 [46]   63   59   62   66   63   81   76   78   71   65   68   83   87   85  103
 [61]  137  133  136  147  165  200  183  195  210  245  258  287  282  338  340
 [76]  335  366  378  406  410  415  439  488  548  548  590  629  652  671  764
 [91]  783  741  812  825  827  870  936  938 1025 1032 1017 1042 1031 1151 1183
[106] 1218 1325 1352 1345 1449 1478 1611 1731 1795 1875 1920 1934 2016 2067 2133
[121] 2233

[[80]]
  [1]  10   9  11   7   5   5   4   4   5  12   7  10   8   4   3   3   3   8
 [19]  12  11  14  11   8   8  13  19  29  28  24  30  47  43  35  28  24  34
 [37]  33  43  37  32  22  27  30  30  24  21  30  35  36  34  30  41  51  53
 [55]  62  62  67  74  61  52  68  58  67  76  81  66  58  72  83 101 116 100
 [73] 110  88  89  93 105 114 133 137 158 155 149 148 143 160 156 198 219 216
 [91] 224 209 226 251 240 233 269 260 296 276 322 374 398 388 389 400 416 390
[109] 381 397 412 438 511 520 518 539 564 519 567 631 653

[[81]]
  [1]  10  14   9   8   6   5   7  11   7   4   2   2   9  17  12  10  11   9
 [19]   8   9  24  24  21  17  20  19  17  14  17  16  10  13  11  13  22  25
 [37]  23  25  18  13  25  25  36  25  30  34  44  42  37  40  50  68  63  51
 [55]  63  59  64  75  77  58  62  74  76 100  99 102  99  86 102  90  98 108
 [73]  97 105 127 113 116 116 108 106 133 144 172 171 174 189 199 227 233 230
 [91] 223 234 236 249 231 282 316 340 331 334 346 317 375 400 435 439 437 451
[109] 532 547 571 581 583 557 605 594 734 782 815 782 782

[[82]]
  [1]  10  13   8   7  12   8   7  12  11  14  13  21  14  13  12  21  25  24
 [19]  20  16  15  12  19  25  21  25  16  24  23  19  31  22  18  20  16  23
 [37]  21  20  33  32  32  28  39  34  37  34  28  24  33  39  30  34  38  58
 [55]  59  67  59  64  73  73  78  69  66  76  71  70  76  77  96 100 100  91
 [73] 114 136 144 132 139 158 170 153 166 145 139 161 173 216 208 193 209 203
 [91] 201 230 250 288 250 249 241 244 275 271 311 347 348 356 352 399 410 417
[109] 417 459 434 457 481 526 563 581 618 646 606 679 681

[[83]]
  [1]  10  16  15  10  12  10  14  19  19  12  11  15  27  28  24  20  24  26
 [19]  28  25  41  45  49  39  54  49  37  41  40  40  36  31  36  45  43  55
 [37]  43  44  38  50  44  49  60  67  67  77  62  72  73  74  87  76  67  81
 [55]  94  77  83  78  71  63  72  76  66  60  61  63  73  79  69  54  62  64
 [73]  63  61  54  57  69  75  76  70  77  72  83  78  91  84  83  83  97 118
 [91] 114 113 138 153 150 148 161 156 167 199 217 213 203 223 204 207 263 314
[109] 311 304 326 297 332 341 324 320 361 344 350 364 378

[[84]]
  [1]   10   15    8    8   11   22   20   20   17   16   14   18   25   29   26
 [16]   26   30   28   25   27   25   26   36   37   30   43   43   38   42   53
 [31]   43   40   45   50   52   46   49   46   48   65   71   64   66   64   71
 [46]   71   76   75   81   87   89   95  108  111  112  117  125  126  117  131
 [61]  156  156  156  191  172  171  189  172  189  163  187  237  227  219  240
 [76]  252  267  304  351  341  342  318  371  409  419  435  448  455  553  537
 [91]  511  530  592  644  635  640  623  664  710  758  816  881  898  891  891
[106]  912  952 1003 1115 1062 1032 1068 1164 1252 1278 1385 1424 1471 1565 1605
[121] 1642

[[85]]
  [1] 10 10  6  6 14  7  6  5  7  7  4  3  2  2  2  6  5 11  8  6  5  5  5  4  3
 [26]  3  3  2  1  1  1  0  0  0  0  0  0  0  0  0  0  0  0  0  0  0  0  0  0  0
 [51]  0  0  0  0  0  0  0  0  0  0  0  0  0  0  0  0  0  0  0  0  0  0  0  0  0
 [76]  0  0  0  0  0  0  0  0  0  0  0  0  0  0  0  0  0  0  0  0  0  0  0  0  0
[101]  0  0  0  0  0  0  0  0  0  0  0  0  0  0  0  0  0  0  0  0  0

[[86]]
  [1]  10   8  12   8   6   5   5   4   2   1   1   1   1   7   5   5   4   8
 [19]   8  13   8   7   7   5  13   8   7  11  13   9   8  12  12  15  18  27
 [37]  28  22  24  17  14  18  19  34  29  23  19  25  32  30  35  32  33  27
 [55]  32  21  27  42  29  27  39  39  36  38  55  57  52  39  51  55  55  67
 [73]  75  66  80  99 101  98  98 108 107 128 129 111 125 147 177 161 145 147
 [91] 162 158 194 183 178 192 213 219 236 234 268 277 304 306 305 333 343 360
[109] 367 365 406 406 441 480 524 509 523 539 583 594 655

[[87]]
  [1] 10  8  5  5  5  2  4  0  0  0  0  0  0  0  0  0  0  0  0  0  0  0  0  0  0
 [26]  0  0  0  0  0  0  0  0  0  0  0  0  0  0  0  0  0  0  0  0  0  0  0  0  0
 [51]  0  0  0  0  0  0  0  0  0  0  0  0  0  0  0  0  0  0  0  0  0  0  0  0  0
 [76]  0  0  0  0  0  0  0  0  0  0  0  0  0  0  0  0  0  0  0  0  0  0  0  0  0
[101]  0  0  0  0  0  0  0  0  0  0  0  0  0  0  0  0  0  0  0  0  0

[[88]]
  [1]  10  10   8   6   9  11  17  11   9  13  19  14  13  12  19  31  27  21
 [19]  22  17  25  20  26  22  26  23  30  33  36  30  33  28  35  36  31  34
 [37]  43  40  30  30  39  40  45  34  49  47  58  46  47  51  49  43  48  43
 [55]  41  37  45  59  53  45  38  52  59  57  68  64  57  58  72  66  80  75
 [73]  87 129 137 116 136 119 125 148 126 129 124 118 126 153 120 129 126 135
 [91] 170 157 175 157 165 172 191 177 164 175 182 181 184 189 188 183 199 193
[109] 176 198 182 164 185 202 198 213 193 224 229 208 195

[[89]]
  [1] 10  7  7  5  5  5  4  6  6  5  5  5  3  9  7 11  7  7  8  6  5  9  9 11  8
 [26]  6 13 12  8  7  4  7  5  4  4  4  4  8 10  8  9 11 15 12  9  9  9  7  6  9
 [51]  5  2  2  0  0  0  0  0  0  0  0  0  0  0  0  0  0  0  0  0  0  0  0  0  0
 [76]  0  0  0  0  0  0  0  0  0  0  0  0  0  0  0  0  0  0  0  0  0  0  0  0  0
[101]  0  0  0  0  0  0  0  0  0  0  0  0  0  0  0  0  0  0  0  0  0

[[90]]
  [1]   10   12   16   17   13   19   28   28   24   23   20   23   32   26   46
 [16]   36   42   30   41   40   40   48   51   55   50   52   61   66   94   96
 [31]   97   97   90  106  123  105  113  103  115  133  147  154  140  152  150
 [46]  180  174  175  139  175  188  177  197  190  185  203  228  259  234  265
 [61]  236  283  299  334  301  290  322  329  390  441  452  487  485  521  511
 [76]  550  583  615  623  670  668  716  719  837  841  831  887  957  996 1027
 [91] 1100 1061 1163 1322 1375 1396 1430 1498 1538 1551 1578 1604 1743 1720 1863
[106] 1960 1965 2039 2075 2166 2197 2283 2431 2623 2798 2863 2917 2931 2954 3079
[121] 3346

[[91]]
  [1]  10  13  15  16  18  11   9   8  12  14   6  13   8   7   6   8   6   5
 [19]   8  26  19  21  17  20  20  26  26  30  26  24  29  23  37  52  45  31
 [37]  33  53  55  45  47  45  43  55  57  70  53  67  79  64  70  61  91  96
 [55]  87 102 105  96  83  62 102  96 119 138 136 121 140 142 141 143 154 150
 [73] 154 136 157 148 167 180 180 180 163 206 203 219 186 164 181 220 200 234
 [91] 225 226 219 226 238 295 278 273 283 290 298 327 305 328 294 303 387 406
[109] 367 405 458 477 523 582 609 636 657 660 748 792 822

[[92]]
  [1]   10   14   17   13   16   24   28   25   35   43   47   37   39   29   36
 [16]   56   53   38   44   50   44   44   51   46   56   72   71   76   90  119
 [31]  100   99   89   91  111  108  106  130  153  134  162  131  138  162  180
 [46]  201  188  186  213  202  210  217  235  249  251  282  303  324  321  336
 [61]  357  344  397  402  429  456  454  499  498  577  588  549  514  562  566
 [76]  560  547  526  603  584  606  644  704  755  704  717  719  707  756  889
 [91]  897  864  888  948 1007  986 1092 1135 1181 1199 1311 1406 1409 1505 1545
[106] 1689 1744 1735 1806 1853 1932 2072 2113 2146 2254 2333 2417 2481 2635 2780
[121] 2814

[[93]]
  [1]  10  15  17  18  15  12   8  13   8  12   6   4  10  12   8   7  10   7
 [19]   6  14   9   8   6  13  16   9   6   6  10   7   8  12   7   6   6   6
 [37]  12   8  11   8   7   8   9   8   6   6   5  15  16   9   7  11   8   7
 [55]   6  13  10  11   7   6   9  11   8  16  20  15  12  25  28  31  31  37
 [73]  32  24  36  33  31  38  37  41  59  44  48  53  74  68  68  80  79  80
 [91]  82  87  93 109 107 100  97 118 109 115 101 113 110 117 121 142 129 150
[109] 169 168 181 183 208 221 231 241 271 267 284 263 273

[[94]]
  [1]   10   10   22   17   15   17   28   22   23   16   28   23   17   26   19
 [16]   15   37   39   24   24   25   29   44   53   37   35   49   50   52   64
 [31]   52   51   73   55   53   52   58   69   62   58   72   84   80   70   79
 [46]   75   85   93   96   88   73   79   80   72   82   77  104  112  124  111
 [61]  123  128  119  119  108  132  121  137  146  138  146  153  154  185  200
 [76]  192  175  180  204  244  236  244  260  278  308  372  351  355  337  375
 [91]  407  387  442  457  496  560  542  603  585  672  717  679  668  765  827
[106]  817  835  881  874  871  915 1037 1014 1047 1083 1031 1089 1242 1244 1290
[121] 1385

[[95]]
  [1]  10  14  11   6   3  18  18  25  19  22  42  31  30  37  26  33  24  28
 [19]  46  49  31  29  36  46  51  42  48  48  50  57  42  45  65  67  63  57
 [37]  56  54  48  52  43  47  45  34  41  52  51  53  61  51  48  59  73  91
 [55]  75  75  81  84  87  88 102  89 106 101  99 111  99 116 109 104 107  92
 [73] 138 138 128 144 139 143 120 132 122 131 127 113 139 113 113 117 122 123
 [91] 128 112 126 109 123 133 138 166 150 128 158 205 197 180 189 235 266 249
[109] 294 295 265 262 265 310 354 318 318 330 338 381 384

[[96]]
  [1]   10   15   16   12    7    6    6   11   18   22   22   23   18   18   37
 [16]   39   38   52   39   31   49   56   65   54   52   53   72   78   64   63
 [31]   54   68   72   71   74   86   82   91  101  116  118   99  121  121  137
 [46]  163  138  136  120  166  160  170  173  196  207  241  243  274  254  264
 [61]  283  276  278  321  296  331  362  392  381  346  392  427  408  440  477
 [76]  464  481  497  527  570  585  589  583  643  647  679  710  799  800  805
 [91]  849  857  905  890  929  980 1055 1088 1104 1131 1210 1227 1345 1474 1427
[106] 1498 1447 1593 1675 1712 1913 1885 1939 1927 1996 2054 2237 2236 2321 2256
[121] 2595

[[97]]
  [1]   10   13   16   14   14   13   17   23   22   30   29   24   20   12    8
 [16]    6   10   11   12    9   16   21   21   15   14   16   18   18   30   43
 [31]   35   37   45   44   39   32   42   52   56   52   38   38   68   64   58
 [46]   52   66   73   90   63   61   58   72   78   80   78   97   80   77   66
 [61]   63   79   81  117  124  110  102  110  140  144  131  157  190  199  204
 [76]  198  230  269  262  290  294  272  294  320  337  359  354  359  372  395
 [91]  427  445  450  502  563  555  586  587  566  576  600  628  688  816  834
[106]  783  849  885  919  974  993 1006 1033 1160 1193 1245 1322 1384 1393 1481
[121] 1570

[[98]]
  [1]   10   11    8    6   12   15   14   12   15   12   17   11   21   24   32
 [16]   32   32   36   33   40   45   35   42   42   51   72   69   67   90   79
 [31]   87  100   89   73   80   98  101  103  128  142  129  113  142  147  157
 [46]  169  187  181  190  203  202  203  189  199  233  232  244  258  271  316
 [61]  294  315  326  360  345  363  369  378  433  399  385  410  479  510  492
 [76]  502  496  527  592  599  636  658  693  674  740  756  814  796  842  848
 [91]  873  953  905  990  966  985  965 1051 1113 1104 1160 1151 1224 1189 1320
[106] 1315 1384 1440 1548 1533 1646 1619 1728 1823 1830 2022 2061 2165 2218 2224
[121] 2275

[[99]]
  [1]  10  20  18  15  13  17  13  14  17  23  17  20  37  28  32  30  26  47
 [19]  37  43  34  34  41  45  53  52  39  38  49  51  37  36  45  37  55  50
 [37]  57  48  57  58  79  85  66  61  62  90  88 105 101 120 108 119 126 128
 [55] 138 129 137 123 143 140 160 142 161 150 178 194 185 185 194 193 201 222
 [73] 204 221 235 246 245 241 256 236 236 269 285 274 279 293 311 296 292 300
 [91] 310 330 349 342 346 351 358 404 399 365 386 413 392 392 393 486 492 515
[109] 531 523 531 521 560 578 605 620 621 643 696 748 747

[[100]]
  [1]  10   5  11  13  10  14  15  11   7  12   9  13  24  26  16  12  14  16
 [19]  18  13  18   9  11  10   7   4   4   9   6   3  11   8   8   9   6   4
 [37]   3   3   2   2  11   8   6   5   4  11   6   5   5   9   7  14  15  21
 [55]  18  14   9  18  13  17  17  17  26  22  18  18  22  23  25  23  21  30
 [73]  28  27  28  29  26  33  38  49  46  48  41  40  44  57  56  52  51  42
 [91]  53  39  43  44  41  68  70  75  63  66  73  66  96  89  91  88  97 104
[109] 121 125 121 123 124 139 141 135 145 137 140 138 157

[[101]]
  [1]  10  18  14  17  11  12   9   6   5   9  19  17  18  13  17  19  14  12
 [19]   9   8   8   7   6   5   4  11   5  12  12  14   8   7   7  12  10  19
 [37]  10   7   2   2   2   2   2   2   2   5  10  11   7   6   5   5   3   2
 [55]   7   8   3   8   7   5   3   5  10   6   6   6  22  16  20  16  20  29
 [73]  29  21  22  26  28  35  45  51  54  51  54  44  45  48  58  39  42  33
 [91]  38  47  48  44  48  66  64  66  67  77  78  68  80  71  77  75  77  82
[109]  77  73  88  91 124 122 102 105 109 153 188 194 192

[[102]]
  [1] 10 12 11 11  9  7 11 10  6 12  7  7  2  1  1  1  1  1  0  0  0  0  0  0  0
 [26]  0  0  0  0  0  0  0  0  0  0  0  0  0  0  0  0  0  0  0  0  0  0  0  0  0
 [51]  0  0  0  0  0  0  0  0  0  0  0  0  0  0  0  0  0  0  0  0  0  0  0  0  0
 [76]  0  0  0  0  0  0  0  0  0  0  0  0  0  0  0  0  0  0  0  0  0  0  0  0  0
[101]  0  0  0  0  0  0  0  0  0  0  0  0  0  0  0  0  0  0  0  0  0

[[103]]
  [1]  10  10  13  15  10   7   6   6  17  18  19  13  10   8   8   9  12   7
 [19]   6   6  12   8   6   4   7   5   4   4   8  13  11  10   9   9  15  20
 [37]  19  21  26  31  32  28  29  34  38  47  37  30  33  38  53  56  64  55
 [55]  56  62  74  59  59  65  60  70  88  99 115  97 105 107  91  98 108 103
 [73] 116 100 102  97 116 113 122 135 130 146 153 161 142 147 173 173 180 202
 [91] 208 196 191 219 258 260 270 248 265 291 308 324 307 349 362 366 371 401
[109] 400 432 448 417 451 501 483 553 554 583 563 649 654

[[104]]
  [1] 10 19 16 13 12  7 20  7  6  6  5  8  8  6  4  4  3  2  7  5  4  3  2  2  2
 [26]  8  6  6  6  6  7  8  6  5  3  3  9 11  8  7 11 20 15 13 12 10 13 13 15 13
 [51] 14 13 14 10 11 12 15  8  8  8  6  6  6 10  8  5  7  5  3  2  9  9  5  5  5
 [76]  5  5  4  4  4  4  4  2  2  9 11  8  7  4  4  3  3  6  9  8  7  7  9 13 16
[101] 13 10  7  8  6  5 20 19 19 16 13 18 18 21 29 28 22 43 58 34 38

[[105]]
  [1]   10   14   11   12   13   10   12   10   21   21   23   29   25   22   16
 [16]   22   27   27   19   25   26   23   16   26   25   29   37   46   43   49
 [31]   41   45   45   43   68   67   59   75   73   67   91   98   89   94  105
 [46]   98  115  124  127  108  117  122  122  131  140  160  149  137  139  167
 [61]  164  155  153  169  171  201  218  217  208  246  273  284  268  283  307
 [76]  311  284  313  303  339  359  359  353  360  380  408  380  395  435  459
 [91]  500  510  540  530  558  641  651  660  720  745  744  773  809  855  933
[106]  999 1135 1161 1202 1262 1324 1353 1367 1446 1493 1605 1615 1757 1819 2001
[121] 2072

[[106]]
  [1]   10   16   14   15   13   13   16   14   13   12   23   21   15   17   18
 [16]   21   30   21   22   17   14   30   28   30   24   20   38   36   53   52
 [31]   47   52   77   67   55   69   74   84   83   77   67   92   90   87   83
 [46]   90   91   88   81  101  103  130  132  127  115  114  141  115  131  166
 [61]  162  184  189  195  228  223  240  240  259  257  263  286  286  272  260
 [76]  307  297  328  338  313  360  428  442  484  496  525  511  546  603  601
 [91]  618  603  625  636  707  704  770  822  830  875  829  869  905  998  990
[106] 1044 1067 1132 1146 1218 1233 1262 1345 1416 1519 1504 1562 1610 1666 1787
[121] 1831

[[107]]
  [1]   10   21   20   18   15   21   16   20   27   34   36   36   34   38   34
 [16]   31   54   58   60   48   58   76   83   87   76   89  127  133  108  106
 [31]  104  122  118  116  108  132  128  124  120  127  137  152  152  138  121
 [46]  129  154  155  208  218  205  219  234  231  245  270  268  278  274  275
 [61]  294  338  325  305  336  350  389  396  373  376  398  388  425  424  482
 [76]  510  520  569  560  610  560  616  609  670  705  767  873  901  890  882
 [91]  973  999 1012 1139 1172 1246 1254 1276 1342 1375 1426 1456 1504 1574 1668
[106] 1734 1823 1820 1839 1929 2058 2207 2253 2361 2342 2492 2581 2768 2855 2832
[121] 2905

[[108]]
  [1]  10  16  16  13  10  24  38  27  22  16  32  38  38  37  28  41  32  39
 [19]  39  25  24  17  13  12  11  25  27  28  21  28  26  33  40  34  33  24
 [37]  21  19  14  29  24  32  31  38  33  43  39  38  51  43  31  33  34  40
 [55]  43  39  45  38  38  51  49  56  61  57  58  55  45  49  62  59  70  76
 [73]  89  83  84  75  95 117 120  98 108 114 124 124 134 126 122 150 169 171
 [91] 164 190 182 215 215 225 227 224 255 326 323 345 333 313 361 359 384 419
[109] 415 404 369 369 447 455 482 515 524 557 581 606 620

[[109]]
  [1]   10   15   15   11    7   12    6   13   24   21   25   16   19   35   40
 [16]   42   35   35   51   52   57   49   55   52   53   65   67   74   78   81
 [31]   88   95   98   76   85  117  129  158  153  166  161  181  185  206  217
 [46]  217  231  220  234  222  236  267  291  282  266  345  397  403  484  491
 [61]  491  518  523  553  591  597  598  671  701  740  734  785  781  779  760
 [76]  880  937  914 1007 1004 1049 1151 1238 1260 1247 1266 1300 1478 1467 1491
 [91] 1582 1623 1625 1831 1897 1956 1959 2081 2035 2205 2216 2270 2369 2436 2590
[106] 2867 2871 2919 3065 3129 3249 3390 3529 3704 3709 3905 4012 4213 4414 4666
[121] 4758

[[110]]
  [1] 10 13 19 11 12 11 10  9  7  9  6  5  4  7  3  3  3  7 13  8  8  8  8 10  6
 [26]  3 11  7  3  2  1  1  1  3  3  1  1  1  1  1  1  1  1  1  0  0  0  0  0  0
 [51]  0  0  0  0  0  0  0  0  0  0  0  0  0  0  0  0  0  0  0  0  0  0  0  0  0
 [76]  0  0  0  0  0  0  0  0  0  0  0  0  0  0  0  0  0  0  0  0  0  0  0  0  0
[101]  0  0  0  0  0  0  0  0  0  0  0  0  0  0  0  0  0  0  0  0  0

[[111]]
  [1]  10   9   9   7   6   6   9  11  12   9   7   7   9  10  13  29  20  17
 [19]  15  17  21  30  32  30  33  34  46  53  56  49  56  48  39  39  43  42
 [37]  50  67  53  56  52  58  66  57  54  49  50  63  51  62  64  63  57  69
 [55]  60  85  79  75  91  76  71  78  78  88  84  95 100 101 120 116 144 131
 [73] 120 132 122 145 145 141 155 150 179 188 208 206 217 203 250 231 245 222
 [91] 231 251 256 263 247 257 278 269 307 310 331 389 361 321 340 373 417 416
[109] 412 405 428 429 480 553 531 501 512 537 609 629 631

[[112]]
  [1] 10 15 10 11 12 14  8 14 15 10  9 14 13 13 19 11 15 15  9  6  6  6 13 10 11
 [26] 10 10  8  8  8  5  3  2  2  2  2  2  2  1  0  0  0  0  0  0  0  0  0  0  0
 [51]  0  0  0  0  0  0  0  0  0  0  0  0  0  0  0  0  0  0  0  0  0  0  0  0  0
 [76]  0  0  0  0  0  0  0  0  0  0  0  0  0  0  0  0  0  0  0  0  0  0  0  0  0
[101]  0  0  0  0  0  0  0  0  0  0  0  0  0  0  0  0  0  0  0  0  0

[[113]]
  [1]   10    7    7    9   13   12   15   17   15   32   31   22   23   22   27
 [16]   23   27   21   26   26   40   35   31   35   25   28   33   47   56   67
 [31]   56   58   63   62   68   68   64   63   47   69   74   91   81   93   97
 [46]   81  110  135  146  126  130  137  145  155  148  142  139  158  198  174
 [61]  190  201  179  208  226  235  243  224  246  262  246  256  274  315  344
 [76]  328  368  386  381  434  479  431  426  410  429  481  477  510  519  510
 [91]  562  578  598  640  685  712  648  671  718  712  779  794  809  797  835
[106]  828  894  893  951  944  999 1049 1079 1080 1142 1257 1370 1380 1376 1405
[121] 1445

[[114]]
  [1] 10  6  5 10 15 13  7  6  5  4  2  7  3  7  5  3  3  3  2  2  2  0  0  0  0
 [26]  0  0  0  0  0  0  0  0  0  0  0  0  0  0  0  0  0  0  0  0  0  0  0  0  0
 [51]  0  0  0  0  0  0  0  0  0  0  0  0  0  0  0  0  0  0  0  0  0  0  0  0  0
 [76]  0  0  0  0  0  0  0  0  0  0  0  0  0  0  0  0  0  0  0  0  0  0  0  0  0
[101]  0  0  0  0  0  0  0  0  0  0  0  0  0  0  0  0  0  0  0  0  0

[[115]]
  [1]   10    8    7   10   16   31   26   24   20   19   18   18   28   27   23
 [16]   18   19   32   26   21   24   26   23   17   20   23   23   32   25   31
 [31]   45   42   30   39   42   41   30   34   38   26   35   26   39   51   49
 [46]   55   76   56   69   79   81  100   93   96  111  132  140  118  112  128
 [61]  146  154  157  174  175  157  188  218  269  272  284  283  283  299  307
 [76]  343  370  356  379  349  365  401  388  420  496  471  447  431  458  475
 [91]  507  488  533  563  588  652  630  628  662  721  722  806  764  802  847
[106]  865  874  916  981  979 1009 1063 1085 1156 1223 1230 1297 1357 1393 1376
[121] 1444

[[116]]
  [1]   10    8   21   16   28   17   17   19   13   16   19   26   16   24   18
 [16]   22   33   34   32   37   33   36   33   35   41   33   47   37   39   43
 [31]   47   51   58   60   70   64   61   68   84   82   82   77   76   86   73
 [46]   88   65   63   76   79   89   78   72   82   93   96   96   93   97  127
 [61]  135  136  166  145  153  171  177  170  189  209  213  202  235  236  264
 [76]  261  271  285  327  327  348  362  363  399  412  493  494  481  497  539
 [91]  535  585  583  611  734  754  740  757  768  795  830  832  826  897  931
[106]  928 1010 1068 1128 1135 1195 1258 1297 1357 1375 1393 1591 1713 1671 1708
[121] 1793

[[117]]
  [1]   10   13   10   14   14   10   13   12    9    7   10   22   18   23   23
 [16]   19   30   38   29   28   28   30   32   36   31   30   40   32   46   48
 [31]   39   44   59   68   65   46   41   38   52   60   62   66   86   91   84
 [46]   78   76   90   84  108  121  113  102  112  103  117  109  103  103  103
 [61]  114  126  127  149  144  144  145  166  192  202  209  192  178  182  196
 [76]  201  220  221  267  270  273  271  278  325  314  311  291  281  275  299
 [91]  350  356  388  443  439  425  428  431  465  510  528  551  572  589  641
[106]  653  640  733  777  857  879  864  881  980 1041 1046 1090 1144 1158 1293
[121] 1228

[[118]]
  [1]  10   9  12  16  14  17  24  13  11  19  12  11  16  14  13  13  18  19
 [19]  19  15  10  13  18  18  19  20  18  18  14  14  20  34  28  25  23  23
 [37]  24  27  55  47  45  49  49  51  52  61  57  55  74  68  57  65  63  77
 [55]  79  66  61  62  78  83  80  65  68  85 118 114 108 138 136 158 146 139
 [73] 146 139 153 189 206 202 196 211 186 198 216 214 205 194 191 212 252 248
 [91] 261 285 333 300 297 358 349 388 396 346 353 358 389 448 427 455 438 432
[109] 456 467 531 587 612 597 619 663 709 722 723 733 868

[[119]]
  [1]   10    6    3   14   16   12    7    5    5    5    4    8    7    6    8
 [16]    6   16    9    8    7    5    4   17   13   15   18   23   15   13   20
 [31]   24   27   21   20   21   29   44   25   23   23   29   33   36   41   38
 [46]   39   43   43   47   61   56   56   52   56   72   69   79   67   67   78
 [61]   80   75   96  102  107  115  111  124  121  130  130  137  119  120  126
 [76]  159  137  154  174  202  222  239  234  229  263  264  297  302  306  290
 [91]  337  324  398  381  420  410  421  462  479  520  555  571  625  602  613
[106]  668  612  613  666  740  765  765  793  787  760  776  839  860  920 1002
[121]  946

[[120]]
  [1]   10   12   21   17   15   13   12   23   41   50   46   40   42   38   48
 [16]   45   57   61   54   47   58   47   66   44   67   61   59   61   74   74
 [31]   93   96  121  112  101  108  114  135  158  150  126  132  150  183  187
 [46]  195  190  175  184  196  231  260  268  253  256  250  300  293  295  311
 [61]  335  323  336  340  330  361  387  459  472  484  488  525  529  550  563
 [76]  597  606  688  688  754  722  715  745  798  797  864  885 1008  949  965
 [91] 1021 1094 1127 1154 1172 1323 1412 1492 1541 1528 1649 1799 1893 1909 1978
[106] 2096 2146 2255 2299 2493 2544 2735 2812 2850 2940 3023 3181 3526 3588 3591
[121] 3714

[[121]]
  [1]   10   21   22   22   18   29   29   37   27   25   32   37   35   34   34
 [16]   41   33   52   53   52   65   69   81   94   82   87  106  127  123  114
 [31]  121  121  125  116  120  103  125  118  110  126  161  166  167  201  195
 [46]  191  173  210  228  219  241  228  246  271  272  280  294  297  273  347
 [61]  361  376  369  365  378  427  453  468  460  465  491  542  562  596  580
 [76]  605  623  704  745  752  789  772  780  841  873  872  952 1005  996 1047
 [91] 1063 1040 1107 1195 1239 1250 1230 1431 1510 1536 1647 1615 1732 1811 1844
[106] 1851 1954 1903 2012 2171 2301 2258 2423 2396 2595 2797 2838 2924 2983 3125
[121] 3290

[[122]]
  [1] 10 15 13 11  8  7 11 10  7  6 10 11  6  7  2  2  9 11  9 13  9  7 12  8 18
 [26] 12  9  8 15  9  6  7  5  4  6  4  3  7  6 11 12 12 13 17 10 12 10  9 12  9
 [51] 17  9 23 21 26 21 17 13 22 18 21 17 13 11 14 18 19 17 15 20 10  7 12  9  6
 [76]  4  3  3  3  3  3  2  2  1  0  0  0  0  0  0  0  0  0  0  0  0  0  0  0  0
[101]  0  0  0  0  0  0  0  0  0  0  0  0  0  0  0  0  0  0  0  0  0

[[123]]
  [1]   10   20   12   15   18   19   23   20   40   36   34   33   31   33   37
 [16]   38   46   47   49   72   81   74   71   71   56   63   55   71   81   73
 [31]   75   89  104  112  116  110  143  156  128  149  160  178  171  180  193
 [46]  187  179  209  209  222  216  229  249  259  274  268  264  259  234  286
 [61]  326  341  361  391  397  410  417  476  484  553  554  597  605  660  687
 [76]  720  764  759  761  819  847  884  939  926 1003 1039 1037 1141 1162 1204
 [91] 1284 1311 1351 1351 1337 1410 1461 1488 1577 1641 1726 1718 1854 1899 2008
[106] 2161 2267 2354 2429 2641 2805 2913 3114 3174 3258 3352 3578 3666 3776 3860
[121] 4107

[[124]]
  [1]  10   7   5  20  12  14   9  14  22  21  15  14  10   9   7  12  11   9
 [19]  13  16  11  13   8   6   6  14   9  11   9   7   7  11  20  25  32  20
 [37]  14  14  22  23  25  22  34  38  32  32  35  51  45  40  48  63  48  71
 [55]  64  71  80  79  92  97 108 112 107 126 135 135 115 154 153 126 141 178
 [73] 193 224 219 248 209 226 215 235 246 284 288 276 265 283 269 298 302 329
 [91] 320 343 324 321 398 391 351 394 379 460 431 429 461 498 515 536 540 557
[109] 524 529 538 551 532 518 589 590 688 718 723 770 772

[[125]]
  [1]  10  16   9  11  12   8   8   8   7  10  14  11  10  17  16  15  12  12
 [19]  15  22  13  10   8   8  12  12  19  17  14  26  17  20  20  16  14  17
 [37]  13  12  11  19  20  23  26  26  26  36  31  38  28  39  24  25  26  28
 [55]  28  27  31  33  40  30  37  33  37  33  45  31  32  32  32  37  42  51
 [73]  48  38  39  58  58  47  62  62  57  67  51  54  56  73  79  79  66  89
 [91]  88  83  86  84  90  91 125 119 119 113 119 143 142 159 144 140 178 176
[109] 182 192 220 203 199 207 253 247 220 249 232 262 249

[[126]]
  [1]  10  15  10  10  12  24  25  21  24  24  32  30  21  20  25  26  24  18
 [19]  24  20  19  17  14  13  15  18  22  30  30  20  24  39  31  37  27  44
 [37]  41  47  50  47  48  37  34  49  66  59  59  55  63  59  61  66  55  67
 [55]  66  77  73  78  69  72  85  84 105  93 107 102  94  83  99  95 104 110
 [73] 126 136 128 142 151 167 170 177 172 184 172 186 206 242 224 232 281 295
 [91] 308 305 322 361 354 370 364 362 384 391 418 415 443 442 441 465 520 559
[109] 531 541 635 659 628 680 713 719 741 750 829 874 844

[[127]]
  [1] 10 12  8  7 14 12  9  7  5 11 17  9  7  6  4  3  2  6  6  4  3  3  3  3  2
 [26]  4  6  3  3  2  2  2  2  2  1  1  1  1  1  1  1  3  7 11  9  5 10  7  9  4
 [51] 10 12  8  5  4  4  4  4  7 12 11  8  7  9 13 13 10 10 18 18 11  9 13  9 14
 [76] 12  9  9 12 18 10  9 13  7 10 17 16 14 12  9 11 11 12  8 13 11  6  6  4  3
[101]  6  4  4  2  1  1  5  2  2  2  2  2  4  3  1  1  1  1  1  1  1

[[128]]
  [1]  10  14  11   7  10  14  19  16  20  20  17  20  19  26  28  23  21  18
 [19]  12  16  18  18  15  19  18  18  26  32  34  36  39  29  37  56  44  37
 [37]  40  44  39  48  45  49  56  55  50  58  53  55  74  68  67  80  65  71
 [55]  70  74  93  77  91  84  84  87  76  77  79  87  79  77 101 117  99  94
 [73] 106 135 124 115 111 144 164 149 124 108 125 120 133 148 173 184 150 152
 [91] 175 201 203 223 233 214 263 240 269 267 263 267 266 251 314 348 335 335
[109] 332 379 389 398 401 390 424 447 423 456 461 499 515

[[129]]
  [1] 10 15 14 15  9 12 17 14 10  8 11 21 18 11  9 16 21 16 12 11 10  9 15 16 25
 [26] 16 12 11 17 20 23 19 17 18 12 11  9 16 10 14 19 13 13 13 18 18 35 26 22 21
 [51] 23 25 25 23 28 29 24 20 17 29 31 26 29 32 35 37 44 47 55 62 52 42 30 25 21
 [76] 26 28 36 40 38 39 28 25 21 28 24 17 22 30 31 47 40 30 39 37 36 36 32 24 32
[101] 23 18 28 27 25 21 19 19 19 22 39 38 41 37 46 54 57 45 44 44 47

[[130]]
  [1]  10   7  12  10   8   7   6   6  12  15  10   9  19  14  15  14  30  16
 [19]  25  12  12  10  11  12   9  21  20  23  24  31  33  26  30  41  43  41
 [37]  51  42  34  41  28  39  54  44  40  47  50  53  49  50  44  58  52  45
 [55]  62  66  76  68  69  63  68  59  63  76  75  71  67  68  59  64  70  71
 [73]  79  65  76  66  73  79  71  85 105 145 138 127 119 127 156 150 128 123
 [91] 147 177 180 204 206 211 219 209 226 245 260 253 269 278 279 314 343 336
[109] 335 364 404 418 386 364 406 455 456 458 496 517 538

[[131]]
  [1]  10  19  13   7   6  11   8  12  13  19  24  15  12  10  14  14   9  11
 [19]  16  11   7   6   8  11  15  15  13  17  16  15  17  21  23  23  22  19
 [37]  21  26  27  27  30  44  42  42  44  45  50  45  64  71  70  64  53  45
 [55]  59  59  66  67  66  67  57  58  78  84  84  77  69  77  70  61  94 108
 [73] 106  86  94 100 117 110 117 135 132 131 133 139 141 146 159 143 170 183
 [91] 162 162 175 186 193 197 212 215 227 225 231 226 214 223 185 189 230 234
[109] 213 227 227 217 258 279 310 303 317 362 382 376 385

[[132]]
  [1]  10  14  16  13  19  18  14  11  11  11   9  16  25  16  17   9  19  18
 [19]  19  16  18  22  14  13  11  10  12  17  11  12  11   9  10  18  16  12
 [37]  10  17  12  24  28  18  15  17  24  31  22  26  27  27  29  30  32  27
 [55]  20  28  32  28  42  44  46  53  46  49  51  47  65  56  46  39  39  50
 [73]  56  67  66  80  55  67  77  84  84  90  99 110 109 104  97 103 114 107
 [91] 105  95  98 116 129 131 112 116 109 110 111 120 108 118 119 135 113 125
[109] 143 142 177 195 178 201 235 247 237 219 233 273 259

[[133]]
  [1]   10   17   13   18   16   33   30   23   37   30   39   35   31   39   68
 [16]   57   56   47   42   40   44   48   54   65   74   61   74   77   82  110
 [31]   99  108  131  138  151  136  131  148  138  155  146  163  166  165  186
 [46]  176  205  220  206  204  206  257  300  314  312  368  375  425  432  408
 [61]  384  485  496  448  434  475  503  528  573  570  646  583  651  668  688
 [76]  688  709  756  788  850  798  880  970  941 1005 1075 1138 1171 1153 1216
 [91] 1238 1341 1357 1405 1480 1484 1554 1612 1564 1585 1640 1716 1820 1745 1907
[106] 1844 1969 1965 2135 2322 2332 2339 2485 2533 2878 3017 3123 3229 3419 3459
[121] 3521

[[134]]
  [1] 10 16 10 13 15 23 14 11 11 11 13 12 12 17 17 16 14 19 20 18 20 23 27 25 17
 [26] 18 16 12  9 13 15 12 19 13 10  8  7  6 14 11  8  7  8 12  7  6  4  8  7  6
 [51]  5  7 11  7  3  3  3  7  3  1  0  0  0  0  0  0  0  0  0  0  0  0  0  0  0
 [76]  0  0  0  0  0  0  0  0  0  0  0  0  0  0  0  0  0  0  0  0  0  0  0  0  0
[101]  0  0  0  0  0  0  0  0  0  0  0  0  0  0  0  0  0  0  0  0  0

[[135]]
  [1]  10  13  10  10   8   9   8   5  10  13   8   7   6   5  11  16  17  14
 [19]  15  11  19  15  25  25  29  19  25  29  34  33  36  44  43  42  48  47
 [37]  54  64  58  45  48  64  83  88  79  56  59  83  82  87  79 100  95  97
 [55] 101 100 119  96 103  92  98 105 107 113 107  92  83 101 112 114 130 141
 [73] 133 138 125 137 103 110 122 125 114 126 141 137 138 180 187 170 170 205
 [91] 200 220 201 201 211 219 248 274 248 267 272 238 272 284 320 322 322 310
[109] 329 316 344 319 347 380 375 397 380 389 426 486 468

[[136]]
  [1]   10   13    8   24   20   20   18   18   14   13   19   20   17   40   44
 [16]   31   27   36   42   34   37   38   41   72   65   69   71   61   77   55
 [31]   77   77   67   81   90   92   87  114  114  113  100  108  123  121  125
 [46]  144  143  141  145  157  190  201  200  229  226  206  258  290  316  312
 [61]  326  332  334  391  386  383  373  344  377  357  391  413  447  477  475
 [76]  494  545  581  583  557  530  606  681  684  695  758  749  773  796  831
 [91]  908  910  981  964  997 1041 1072 1139 1133 1141 1220 1286 1342 1425 1559
[106] 1578 1644 1691 1775 1882 1979 2002 2036 2200 2270 2312 2396 2450 2561 2701
[121] 2768

[[137]]
  [1] 10  8  8  7  6 15 11  7  7  7  6  5  4  2  8  5  3  3  2  2  2  2  2  9  4
 [26]  2  0  0  0  0  0  0  0  0  0  0  0  0  0  0  0  0  0  0  0  0  0  0  0  0
 [51]  0  0  0  0  0  0  0  0  0  0  0  0  0  0  0  0  0  0  0  0  0  0  0  0  0
 [76]  0  0  0  0  0  0  0  0  0  0  0  0  0  0  0  0  0  0  0  0  0  0  0  0  0
[101]  0  0  0  0  0  0  0  0  0  0  0  0  0  0  0  0  0  0  0  0  0

[[138]]
  [1] 10 16 12 10  8 19 14 14 11 13 12 13 11  9 14 13 12 16 34 30 26 29 25 19 22
 [26] 16 23 24 14 14  9 19 23 15 17 14 12 11 24 16 13 16 19 21 13 12 10 20 23 25
 [51] 30 22 18 18 24 38 32 21 16 22 24 28 26 22 19 28 21 28 22 25 18 13 10 25 29
 [76] 29 22 19 19 23 20 30 29 23 22 22 30 36 24 19 18 20 23 26 31 31 25 23 15 14
[101] 23 23 16 14 16 15 13  8  6 11 15 22 12 10 16 26 27 25 25 23 19

[[139]]
  [1]   10    5    5   12    8    9    5    8   11   18   13   11   17   21   19
 [16]   20   21   25   21   18   16   18   17   14    8    8   20   25   19   20
 [31]   19   19   34   35   34   29   43   55   56   43   63   71   65   75   61
 [46]   69   56   60   68   78   91  117   92   77   84   70   89   96   99   77
 [61]   88   84  102  131  113  116  160  163  178  160  152  160  170  197  182
 [76]  216  239  234  237  230  258  254  255  288  326  337  344  328  340  418
 [91]  417  426  398  434  448  481  483  466  470  473  498  584  564  605  606
[106]  663  690  684  703  712  719  788  760  828  862  916  985  995 1048 1083
[121] 1109

[[140]]
  [1]   10   16   15   12   11   17   33   27   20   15   19   22   28   22   24
 [16]   24   26   29   31   48   48   41   44   46   49   49   53   61   67   72
 [31]   70   63   54   81   98   80   72   64   69   81   73   68   63   67   77
 [46]  105  108   82   83   83   95   94  121  103   92   86   97   91  130  127
 [61]  149  145  144  153  125  139  174  194  176  189  173  190  191  225  247
 [76]  239  266  263  289  304  295  267  266  318  354  375  367  378  381  379
 [91]  440  454  484  514  546  531  479  516  574  595  580  661  707  752  794
[106]  815  836  811  837  846  902  979 1031 1059 1107 1117 1175 1234 1346 1401
[121] 1453

[[141]]
  [1]   10    9   16   11    7    7   16   15    9   13   11   17   13   11   21
 [16]   18   19   23   28   24   30   28   27   21   31   42   38   37   37   39
 [31]   44   35   30   41   39   47   42   49   43   56   53   44   62   43   67
 [46]   79   79   78   70   71   57   62   70   66   65   78   67   85  104  104
 [61]  106  109  107  110  121  132  158  144  134  124  146  164  184  166  165
 [76]  159  170  197  189  190  193  180  176  234  260  264  282  303  354  335
 [91]  342  363  379  393  414  420  467  483  484  513  560  570  606  665  655
[106]  718  711  699  727  788  830  834  855  934  976 1002 1060 1090 1090 1157
[121] 1166

[[142]]
  [1]  10  16  10   7   7   5   4   8  11   9   8   8   5   5   5   7   4   3
 [19]   3   8   5   6   3   3   3   3   3  13   9   7   4   4   3   3   3  10
 [37]  11   7   6  10  14  16  17  12  17  15  10  15  31  33  28  32  33  29
 [55]  49  61  54  56  53  69  82  82  79  72  78  82  98  86  81  83  71  79
 [73]  82 110 137 126 110 120 123 137 116 118 120 111 111 122 115 130 126 112
 [91] 148 130 149 166 159 162 166 172 171 149 177 175 199 181 175 189 211 200
[109] 190 211 210 206 239 265 251 290 297 313 333 395 421

[[143]]
  [1]  10   7   5   4   3  10   8  13   8   7   6   6  10  12  10   9   8   8
 [19]   8  16  13  17  18  12  27  25  30  26  21  25  23  36  41  32  24  27
 [37]  29  32  35  27  26  22  33  37  37  35  51  61  57  48  70  54  45  58
 [55]  42  52  48  59  52  54  49  53  44  43  38  40  49  61  55  50  54  62
 [73]  59  59  61  68  71  76  83 106 104  93 101 108 111 133 127 129 132 126
 [91] 148 151 154 166 162 151 192 227 232 270 260 242 260 288 258 299 318 336
[109] 355 314 326 332 375 362 380 355 450 454 442 434 479

[[144]]
  [1] 10 18 14 11 13 11 13 11 10 14 16  9  6  9  8  6 14 12  8 14 11  7  4  3  3
 [26]  3  2  1  1  1  1  1  0  0  0  0  0  0  0  0  0  0  0  0  0  0  0  0  0  0
 [51]  0  0  0  0  0  0  0  0  0  0  0  0  0  0  0  0  0  0  0  0  0  0  0  0  0
 [76]  0  0  0  0  0  0  0  0  0  0  0  0  0  0  0  0  0  0  0  0  0  0  0  0  0
[101]  0  0  0  0  0  0  0  0  0  0  0  0  0  0  0  0  0  0  0  0  0

[[145]]
  [1] 10  9  7  9 11 16 10 10 10  8 16 21 15 16 17  9  8 13 10  8  8  6  4  3  3
 [26]  3  2  3  7  5  4  2  1  5  4  3  3  3  3  8 11  9  9  8 10 13 15  9 12  9
 [51]  6  8  6  3  3  3  3  3  2  2  2 11  8  8  8  8 18 14 12 13 11 10 16 17 18
 [76] 12 11 18 16 15 14 14 18 27 29 37 30 22 29 27 23 19 22 32 32 40 32 46 42 35
[101] 54 69 51 41 45 50 53 48 53 49 46 50 70 63 57 67 74 66 59 53 56

[[146]]
  [1] 10  7 17 24 14 17 11  7  7  6  7 12 10  9 19 15 11  7  5  5 15 10  8  7 10
 [26] 25 27 19 15 13 11 12 10 13  7 12  8  7  9  7 13 10 14 18 12 15 15 11 10 10
 [51] 10 24 22 23 17 19 18 14  9  7 16  8  8 10  9  8 16 18 15 14 23 22 23 22 18
 [76] 12 13 16 12 15 12 11  9 19 13 25 16 17 23 28 26 29 23 23 44 46 37 32 33 44
[101] 46 43 48 43 45 59 60 71 68 63 57 80 83 70 64 62 61 70 69 93 90

[[147]]
  [1] 10 14 18 13  9 13 10  8  7  7 16 14 13 17 11  9 11 10 10  4  6  4  3  6  4
 [26]  3  3  3  7  5  4  4  4  5  3  3  2  2  2  1  1  1  6  1  1  1  0  0  0  0
 [51]  0  0  0  0  0  0  0  0  0  0  0  0  0  0  0  0  0  0  0  0  0  0  0  0  0
 [76]  0  0  0  0  0  0  0  0  0  0  0  0  0  0  0  0  0  0  0  0  0  0  0  0  0
[101]  0  0  0  0  0  0  0  0  0  0  0  0  0  0  0  0  0  0  0  0  0

[[148]]
  [1] 10 12 19 12  9  8  6 10  9  8 11  8 12 21 25 24 22 23 19 28 37 30 28 32 32
 [26] 31 32 25 25 26 36 39 30 37 23 11  8 13  7  6  6  5  4  4 11  5  3  3  2  2
 [51]  1  1  1  1  1  1  7  5  5  4  4  6  4  4 10  8 12 15 11 12 10  9  7 11  7
 [76] 13 12 17 19 12  8 13  7  5  4  7 11  7  6  5 13 14 16 12  9  8  6 10 14 17
[101]  8  8  7  7 10  6  5 11 14 14 13 16  9 14 15 24 22 20 20 16 23

[[149]]
  [1] 10 13 13  8  7  6  6 10 13  7  5  5  9 12  8  6  5  4  3  3  2  1  5  3  3
 [26]  3  3  2  1  1  1  1  1  1  0  0  0  0  0  0  0  0  0  0  0  0  0  0  0  0
 [51]  0  0  0  0  0  0  0  0  0  0  0  0  0  0  0  0  0  0  0  0  0  0  0  0  0
 [76]  0  0  0  0  0  0  0  0  0  0  0  0  0  0  0  0  0  0  0  0  0  0  0  0  0
[101]  0  0  0  0  0  0  0  0  0  0  0  0  0  0  0  0  0  0  0  0  0

[[150]]
  [1]   10    8    7    6    6    7   12    8    7    6   12   18   18   13   11
 [16]   21   32   36   27   25   34   27   34   38   41   36   49   75   68   67
 [31]   63   71   54   67   54   54   58   73   69   67   59   88  112  106  105
 [46]  108  108  113  129  132  142  165  165  163  155  154  149  161  218  204
 [61]  240  251  248  292  276  312  284  318  316  350  371  396  407  441  370
 [76]  401  434  421  459  460  457  486  505  534  539  577  618  667  670  663
 [91]  667  671  766  761  846  839  905  965  939  989 1081 1139 1183 1186 1189
[106] 1303 1299 1357 1458 1511 1537 1520 1723 1780 1795 1861 2023 2207 2237 2235
[121] 2430

> save(reslist, file=paste("output",iter,".rda",sep=""))
> 
> 
> ###############################################################
> 
> 
> # Clear the workspace and turn off graphics.
> #  Load all the functions you need by sourcing the provided demographic.R file
> #  Read in the job number from the cluster. To do this, your code should include a new
> # variable iter and should start with the line:
> # iter <- as.numeric(Sys.getenv(PBS_ARRAY_INDEX))
> #  Control the random number seeds so that each parallel simulation takes place with a
> # different seed. Your function should therefore set the random number seed as iter so that
> # each parallel simulation has a unique random seed.
> #  In each parallel run, select the initial condition to be used. Ensure that 25 of the parallel
> # simulations are allocated to each of the initial conditions.
> #  Create a variable which is the filename to store your results. The end of the filename
> # should be the number iter to ensure that simulation files do not overwrite one another on
> # the cluster.
> #  Initialise a list which will contain the results of your 150 simulations.
> #  Call the stochastic_simulation function to do the appropriate simulation 150 times,
> # appending the output to the results list, and then save the results list.
> 
> #four initial conditions (25 cluster runs per)
> #each cluster run runs simulation 150 times
> #1) large population of 100 adults
> #2) small population of 10 adults
> #3) 100 individuals spread
> #4) small population of 10 individuals
> 
R has finished running

============================================

        Job resource usage summary 

                 Memory (GB)    NCPUs
 Requested  :         1             1
 Used       :         0 (peak)   0.71 (ave)

============================================
