R is about to run

R version 4.4.1 (2024-06-14) -- "Race for Your Life"
Copyright (C) 2024 The R Foundation for Statistical Computing
Platform: x86_64-conda-linux-gnu

R is free software and comes with ABSOLUTELY NO WARRANTY.
You are welcome to redistribute it under certain conditions.
Type 'license()' or 'licence()' for distribution details.

R is a collaborative project with many contributors.
Type 'contributors()' for more information and
'citation()' on how to cite R or R packages in publications.

Type 'demo()' for some demos, 'help()' for on-line help, or
'help.start()' for an HTML browser interface to help.
Type 'q()' to quit R.

> 
> 
> growth_matrix <- matrix(c(0.1, 0.0, 0.0, 0.0,
+ 0.5, 0.4, 0.0, 0.0,
+ 0.0, 0.4, 0.7, 0.0,
+ 0.0, 0.0, 0.25, 0.4),
+ nrow=4, ncol=4, byrow=T)
> 
> reproduction_matrix <- matrix(c(0.0, 0.0, 0.0, 2.6,
+ 0.0, 0.0, 0.0, 0.0,
+ 0.0, 0.0, 0.0, 0.0,
+ 0.0, 0.0, 0.0, 0.0),
+ nrow=4, ncol=4, byrow=T)
> 
> clutch_distribution <- c(0.06,0.08,0.13,0.15,0.16,0.18,0.15,0.06,0.03)
> 
> #=========================================================================================
> rm(list=ls())
> graphics.off()
> source("Demographic.R")
> source("kl2621_HPC_2024_main.R")
[1] 0 0 0 0 3
[1] 3 3 2 2 2
[1] 2 2
 [1] 7 3 3 3 3 3 3 2 2 1 1 1 1 1 1 1 1 1 1 1 1
> 
> 
> ###4 initial conditions
> 
> ############################################################
> 
> 
> 
> #VVVVVVVVVVVV-------------COMMENT ME OUT WHEN RUNNING THE THING
> #iter <- 5
> #VVVVVVVVVVV--------------UNCOMMENT ME OUT
> iter <- as.numeric(Sys.getenv("PBS_ARRAY_INDEX"))
> set.seed(iter)
> 
> 
> if (iter <= 25) {
+ initial_state <- state_initialise_adult(4,100) #100 adults
+ } else if (iter >25 && iter <= 50) {
+ initial_state <- state_initialise_adult(4,10) #10 adults
+ } else if (iter >50 && iter <= 75) {
+ initial_state <- state_initialise_spread(4,100) #100 spread
+ } else {
+ initial_state <- state_initialise_spread(4,10) #10 spread
+ }
> 
> reslist <- list()
> 
> ####100 cluster runs
> ###################################################
> ####150 runs of stochastic_simulation per cluster run
> for (i in 1:150) {
+     #################################
+     ###120 steps of stochastic_simulation per simulation
+     stochasticresult <- stochastic_simulation(initial_state,growth_matrix,reproduction_matrix,clutch_distribution,120)
+     reslist[[i]] <- stochasticresult
+     #################################
+ }
> ###################################################
> 
> print(reslist)
[[1]]
  [1]  10   7  12  16  19  16   9  18  22  20  27  25  22  20  16  13   9  21
 [19]  19  13  11  11  12   8  15  24  14  10   9  10  12  14  11  10   9  23
 [37]  21  23  22  18  25  24  18  25  24  17  14  23  23  27  28  27  24  31
 [55]  42  24  25  14  23  16  15  26  26  35  40  39  35  44  46  37  31  60
 [73]  77  75  82  78  87  95  98 103 152 164 175 149 184 211 224 225 254 254
 [91] 236 258 247 284 302 287 269 317 340 362 384 381 415 410 416 448 467 436
[109] 472 537 494 524 582 580 623 626 593 633 703 752 706

[[2]]
  [1]   10    9   16   12   12   12   15   24   24   21   18   23   27   22   24
 [16]   21   12   16   11   11    7    6    6    6   13   11   21   12   13   10
 [31]   15    8   15   17   23   32   30   37   39   39   49   38   50   46   54
 [46]   53   69   60   76   90   73   69   81   88   83   89   82   94   90   95
 [61]   96  117  131  126  135  139  132  133  141  212  211  202  214  232  255
 [76]  245  264  296  326  337  351  346  350  355  344  381  383  355  420  460
 [91]  540  559  537  551  608  647  640  701  716  731  733  738  788  795  917
[106]  932  937  956  981  982 1055 1097 1179 1221 1195 1228 1245 1415 1452 1437
[121] 1455

[[3]]
  [1]  10  11   9  12   9   5   4   4   4   7   5  15   9   9  14  11   8  11
 [19]   9   7   4   9   3   3   1   1   1   1   1   1   1   1   8   4   4   4
 [37]   3  10   3   3   3   3   3   3  10  12   9  11  10   8   8  22  16  14
 [55]  19  14  17  19  30  32  28  25  20  26  25  13  11  15  18  21  34  23
 [73]  20  22  32  38  45  50  58  47  61  53  79  68  64  79  76 120 105  89
 [91] 108 129 118 123 144 152 140 144 132 143 131 144 143 177 160 159 192 180
[109] 167 163 171 215 191 172 170 191 210 222 246 255 237

[[4]]
  [1]  10   8   7  11   9  13  25  19  24  16  27  25  17  21  22  19  24  19
 [19]  22  17  14  14  21  24  16  16  16   8   8  14  23  20  15  19  17  15
 [37]  17  25  40  30  30  26  21  21  44  37  37  32  35  33  32  44  42  47
 [55]  43  39  38  41  38  52  55  76  72  56  53  64  65  70  77  83  98  87
 [73] 100 112  78  73  91 118 100  96 111  96 114 112 134 151 137 129 138 165
 [91] 167 172 171 168 200 177 191 184 206 185 216 227 234 262 271 273 257 241
[109] 306 338 337 323 318 350 366 361 426 430 463 478 479

[[5]]
  [1]   10   15   10    6    9   12   13   16   15   17   20   29   25   23   31
 [16]   30   31   23   23   35   46   43   51   49   71   68   63   64   75  104
 [31]  108  114   97  100  122  121  135  140  130  124  142  126  114  152  167
 [46]  167  180  165  171  188  165  203  235  217  216  228  257  287  288  264
 [61]  275  304  325  328  343  362  357  375  437  426  456  505  485  511  506
 [76]  544  520  556  600  612  673  646  675  694  733  734  785  777  853  824
 [91]  837  828  939  986 1023 1077 1072 1192 1191 1353 1407 1401 1516 1612 1624
[106] 1670 1616 1783 1889 1962 1989 2128 2134 2285 2289 2334 2417 2569 2690 2986
[121] 2965

[[6]]
  [1] 10 16 17 10  6  5  3  2  2  1  1  0  0  0  0  0  0  0  0  0  0  0  0  0  0
 [26]  0  0  0  0  0  0  0  0  0  0  0  0  0  0  0  0  0  0  0  0  0  0  0  0  0
 [51]  0  0  0  0  0  0  0  0  0  0  0  0  0  0  0  0  0  0  0  0  0  0  0  0  0
 [76]  0  0  0  0  0  0  0  0  0  0  0  0  0  0  0  0  0  0  0  0  0  0  0  0  0
[101]  0  0  0  0  0  0  0  0  0  0  0  0  0  0  0  0  0  0  0  0  0

[[7]]
  [1]   10   17   19   20   16   19   11   27   22   16   21   23   27   34   26
 [16]   24   30   45   63   45   33   28   42   38   40   41   45   40   43   60
 [31]   80   75   62   66   61   58   52   52   68   62   84   84   83   96   90
 [46]   88  101  118  120  135  127  123  142  149  140  139  143  171  141  159
 [61]  168  178  186  202  211  181  212  240  245  302  298  327  311  329  307
 [76]  326  344  341  381  417  409  392  442  464  451  466  454  503  537  541
 [91]  564  613  631  664  651  641  676  719  728  774  769  872  804  825  857
[106]  911  911  979 1026 1081 1118 1139 1168 1213 1218 1302 1320 1434 1548 1564
[121] 1589

[[8]]
  [1]   10    9   14    8   12   12   21   29   27   25   22   31   26   40   26
 [16]   23   22   28   20   21   23   21   23   17   26   26   21   20   24   28
 [31]   29   38   36   48   46   58   59   60   57   63   75   91   71   84   88
 [46]   99  106   94   92   89   80   79   93   81   99  108  113  133  134  136
 [61]  137  148  165  176  205  199  182  227  236  245  258  281  281  325  336
 [76]  310  320  320  347  335  382  411  401  406  442  459  459  485  526  546
 [91]  540  568  577  578  598  643  702  743  750  746  786  859  934  896  955
[106] 1097 1110 1121 1148 1257 1306 1312 1321 1399 1470 1477 1534 1590 1651 1657
[121] 1756

[[9]]
  [1]  10  10  18  14  10  15  13  17  10  13  12   8  17  14  13  17  13  10
 [19]  10  15  16  13  14  14  13  15   9   7   7   6  12   9   9  26  24  20
 [37]  19  19  27  30  21  14  16  17  37  32  29  27  40  38  32  33  58  71
 [55]  79  77  83  70  81  84  87  91  89 101  95  84  85  95 105  99 100  90
 [73]  97 101 114  96 106 106 110 100 106 143 129 125 139 138 146 159 145 145
 [91] 159 186 195 201 206 247 247 246 254 240 285 267 275 281 301 294 302 318
[109] 310 314 346 349 435 454 442 456 458 520 565 599 625

[[10]]
  [1]   10   16   18   16   26   27   25   30   34   36   32   40   51   44   63
 [16]   52   67   53   71   75   64   75   79   76   77   90   99   99  105  119
 [31]   95  107  108  106  119  101  108  108   99  104  100  105  101  125  115
 [46]  145  143  119  116  128  148  130  159  165  165  160  162  189  197  227
 [61]  221  239  211  231  227  225  241  258  272  247  274  340  384  365  360
 [76]  375  388  386  369  411  434  437  397  414  440  518  530  568  582  621
 [91]  650  678  690  732  783  783  804  849  911  922  959  989 1004  971 1051
[106] 1068 1119 1175 1211 1284 1349 1433 1519 1555 1639 1732 1778 1830 1948 1951
[121] 2042

[[11]]
  [1] 10 10  7  4  3  2  1  1  1  1  1  1  0  0  0  0  0  0  0  0  0  0  0  0  0
 [26]  0  0  0  0  0  0  0  0  0  0  0  0  0  0  0  0  0  0  0  0  0  0  0  0  0
 [51]  0  0  0  0  0  0  0  0  0  0  0  0  0  0  0  0  0  0  0  0  0  0  0  0  0
 [76]  0  0  0  0  0  0  0  0  0  0  0  0  0  0  0  0  0  0  0  0  0  0  0  0  0
[101]  0  0  0  0  0  0  0  0  0  0  0  0  0  0  0  0  0  0  0  0  0

[[12]]
  [1]   10    6    6   12   24   24   19   17   15   19   19   23   15   12   26
 [16]   26   30   27   19   30   24   20   27   40   35   39   38   37   40   44
 [31]   40   47   37   42   52   67   58   47   55   59   50   60   50   49   58
 [46]   54   59   59   50   42   52   61   75   68   56   54   60   65   84   77
 [61]   84   94  111   98   89   78  101  142  170  168  150  182  183  181  226
 [76]  230  255  273  252  259  274  301  306  311  322  281  273  282  292  305
 [91]  345  383  415  420  407  412  485  522  524  491  491  562  602  583  552
[106]  576  611  635  628  620  651  650  729  773  784  802  833  917  946 1013
[121] 1107

[[13]]
  [1] 10 17 16 12  9 12  7  7  8  5  5  4  8 11 11  9  7  5  4  9 14  6  4  4  7
 [26] 12  9 14  9  9  8 13  8  5  5 12  7 12  5  4  3  4  2  2  6  2  1  1  0  0
 [51]  0  0  0  0  0  0  0  0  0  0  0  0  0  0  0  0  0  0  0  0  0  0  0  0  0
 [76]  0  0  0  0  0  0  0  0  0  0  0  0  0  0  0  0  0  0  0  0  0  0  0  0  0
[101]  0  0  0  0  0  0  0  0  0  0  0  0  0  0  0  0  0  0  0  0  0

[[14]]
  [1]   10   14   13   10   12   17   17   25   19   24   19   21   24   37   47
 [16]   31   23   29   24   32   21   21   20   23   27   29   41   36   30   35
 [31]   28   47   47   51   66   61   57   53   57   53   78   75   81  103  110
 [46]  112  104  108  124  138  155  161  131  129  128  136  140  152  166  173
 [61]  184  189  178  175  229  244  212  210  197  196  217  228  222  242  261
 [76]  297  321  317  302  330  345  322  339  373  355  383  389  397  426  406
 [91]  425  401  420  431  488  444  476  493  515  576  585  571  592  609  671
[106]  666  695  713  742  785  894  882  910 1013 1028 1075 1102 1173 1232 1246
[121] 1355

[[15]]
  [1] 10  9  7  6  4  3  3  2  1  0  0  0  0  0  0  0  0  0  0  0  0  0  0  0  0
 [26]  0  0  0  0  0  0  0  0  0  0  0  0  0  0  0  0  0  0  0  0  0  0  0  0  0
 [51]  0  0  0  0  0  0  0  0  0  0  0  0  0  0  0  0  0  0  0  0  0  0  0  0  0
 [76]  0  0  0  0  0  0  0  0  0  0  0  0  0  0  0  0  0  0  0  0  0  0  0  0  0
[101]  0  0  0  0  0  0  0  0  0  0  0  0  0  0  0  0  0  0  0  0  0

[[16]]
  [1] 10 20 18 12 10  9  6  6 10  5  5  4  3  2  1  1  0  0  0  0  0  0  0  0  0
 [26]  0  0  0  0  0  0  0  0  0  0  0  0  0  0  0  0  0  0  0  0  0  0  0  0  0
 [51]  0  0  0  0  0  0  0  0  0  0  0  0  0  0  0  0  0  0  0  0  0  0  0  0  0
 [76]  0  0  0  0  0  0  0  0  0  0  0  0  0  0  0  0  0  0  0  0  0  0  0  0  0
[101]  0  0  0  0  0  0  0  0  0  0  0  0  0  0  0  0  0  0  0  0  0

[[17]]
  [1]  10  11  15  20  15  12  11  11  12  11   7  21  22  16  13  11  12  10
 [19]  13  11  10   9   7   6   8   5  10  12  11  13  12  10  14  24  13  12
 [37]  11  17  11  12  13  13  17  14   9   8  19  12  14   9  12  16  18  12
 [55]   9  13  18  13  18  25  28  25  21  26  27  27  26  18  15  28  25  19
 [73]  14  18  14  17  30  13  11  11  15  12  20  26  19  27  21  17  16  37
 [91]  47  34  38  45  60  51  48  47  56  58  68  58  60  63  85  79  85  77
[109]  71  77  91 105 102  84  94 111 116 122 128 133 135

[[18]]
  [1] 10 15 12 10 16 10 12 10 13  9 14 15 11 15 13 10 14 15  9  8  8 12  5  5  5
 [26] 10 10 12 18 15 11  7  6  4  9 19 13 11  9 12 12  9  6 10  6  3  3  3  1  0
 [51]  0  0  0  0  0  0  0  0  0  0  0  0  0  0  0  0  0  0  0  0  0  0  0  0  0
 [76]  0  0  0  0  0  0  0  0  0  0  0  0  0  0  0  0  0  0  0  0  0  0  0  0  0
[101]  0  0  0  0  0  0  0  0  0  0  0  0  0  0  0  0  0  0  0  0  0

[[19]]
  [1]   10   11   14   10   14   14   31   42   33   26   27   35   30   26   36
 [16]   35   33   45   63   78   67   57   62   58   65   54   63   68   75   69
 [31]   69   89   84   72   82   73   74   88  101   99  109  107  114  125  135
 [46]  138  137  156  153  149  175  174  193  206  187  232  218  242  235  242
 [61]  238  275  266  256  248  275  307  296  299  352  336  316  365  360  351
 [76]  380  398  387  406  443  462  526  500  548  574  604  618  645  649  709
 [91]  700  725  789  763  785  873  876  851  892  939 1025 1055 1041 1049 1126
[106] 1271 1271 1339 1360 1531 1617 1647 1617 1692 1762 1777 1910 2061 2081 2206
[121] 2200

[[20]]
  [1]  10  16  10  15   7   4  10  16   9   8   8  16  18  12  19  26  29  21
 [19]  16  18  13  10   8   7  11   9   5   7   5   3   6  12  15  11  16  13
 [37]  17  15  20  16  15  12  20  13  20  22  23  18  24  15  15  13  20  24
 [55]  28  30  19  16  15  14  17  17  40  49  57  54  51  53  70  53  55  61
 [73]  74  63  61  61  51  53  51  46  48  44  71  72  65  65  66  72  86  73
 [91]  65  64  65  71  76  79  84  83  96 105 100 130 123 116  96 144 137 118
[109] 134 139 147 150 136 166 158 152 164 180 211 225 241

[[21]]
  [1]   10   21   11    8   13   16   34   29   28   19   28   31   47   44   58
 [16]   55   44   51   42   43   52   69   73   73   73   74   75   81   80  131
 [31]  131  131  130  114  114  115  131  171  148  150  169  161  176  163  193
 [46]  199  189  204  178  176  164  188  209  248  253  256  263  238  233  251
 [61]  262  264  271  284  310  299  306  310  327  380  396  380  411  404  384
 [76]  431  457  531  553  562  540  583  568  656  695  746  735  731  755  783
 [91]  855  850  821  873  854  946  947 1078 1150 1152 1237 1366 1345 1431 1520
[106] 1615 1692 1697 1729 1834 1942 2028 2103 2158 2227 2469 2402 2434 2568 2788
[121] 2967

[[22]]
  [1]   10   19   12   11   12    9   12    9    8    8   18   18   16   19   27
 [16]   29   19   26   40   56   57   62   62   68   75   72   82   74   80   99
 [31]   97   93   99  108   99   99  104  101  112  107   96  106  107  113  113
 [46]  101  138  127  140  145  140  145  151  171  179  181  194  193  223  257
 [61]  235  220  234  259  256  286  316  317  337  332  362  327  347  380  397
 [76]  394  404  452  454  450  469  463  514  497  567  597  646  690  665  702
 [91]  755  841  884  834  929  973 1046 1122 1123 1096 1152 1187 1198 1269 1299
[106] 1455 1544 1576 1538 1594 1686 1843 1870 1985 2079 2181 2274 2398 2459 2659
[121] 2644

[[23]]
  [1]   10    9   21   18   22   21   18   20   21   12   11    9   21   21   17
 [16]   15   12   10   19   17   15   22   17   19   18   22   31   55   38   31
 [31]   28   61   58   54   50   57   75   84   66   85   74   83   80   96   78
 [46]   75   67   70   68   67   66   54   72  114   81   84   71   94   90   92
 [61]   91  129  130  132  128  112  128  156  145  138  143  151  163  151  163
 [76]  194  194  212  229  228  247  259  307  304  290  294  307  308  301  289
 [91]  317  357  369  396  391  401  421  419  450  424  447  534  546  551  595
[106]  660  673  706  720  668  743  726  820  837  852  834  855  924 1019 1050
[121] 1083

[[24]]
  [1]  10  14  12  15  12  10   6  11  17  16  17  14  12  14  19  12  18  19
 [19]  25  28  27  28  24  27  30  40  36  26  40  53  53  50  55  63  70  62
 [37]  71  55  67  52  55  56  54  51  56  56  72  51  56  65  77  80  99  86
 [55] 100  91  96  77  89 106  90  93 108 113 117 102 123 124 123 116 129 121
 [73] 142 132 131 151 163 147 175 179 176 190 195 196 196 220 206 196 192 221
 [91] 223 220 247 261 255 283 313 311 367 341 381 397 403 388 421 438 484 494
[109] 509 520 567 591 648 629 646 711 732 780 830 878 848

[[25]]
  [1]   10   17   14   21   24   29   22   26   31   41   47   52   56   56   71
 [16]   72   71   66   65   76   66   85   95  106  106   90   92  111  108  117
 [31]  112  123  151  114  126  139  162  160  164  151  143  148  150  154  184
 [46]  143  152  139  133  150  139  147  138  139  139  177  164  154  154  188
 [61]  182  190  202  206  208  208  217  236  250  250  261  266  253  239  260
 [76]  269  277  313  353  351  380  367  388  396  461  428  410  450  451  512
 [91]  517  526  528  560  577  559  620  655  641  682  697  733  751  811  875
[106]  870  911  928  986 1051 1143 1257 1253 1302 1302 1435 1423 1484 1573 1678
[121] 1647

[[26]]
  [1]   10    5   11    8   15   10    8   11   11   16   10   11    9   11   13
 [16]   11   23   19   18   16   20   19   20   31   32   28   29   37   32   40
 [31]   60   73   71   58   56   51   82   90  105   99  125  125  129  136  130
 [46]  130  140  169  167  183  191  212  192  200  228  253  261  241  274  258
 [61]  314  276  291  313  322  338  339  384  388  426  428  401  441  429  469
 [76]  536  500  512  549  611  654  622  706  773  765  810  828  892  895  947
 [91]  972 1000 1043 1075 1095 1256 1297 1307 1449 1506 1540 1535 1559 1607 1667
[106] 1699 1841 1909 2010 1989 2125 2198 2244 2331 2475 2595 2682 2677 2756 2959
[121] 3176

[[27]]
  [1]   10   10    8    7   12    9    8   12   18   33   30   26   22   25   31
 [16]   29   21   29   25   24   26   29   32   31   62   54   45   45   51   59
 [31]   51   67   57   59   55   58   61   69   64   59   55   55   62   93  103
 [46]  103  108  102   94  104  100  107  147  140  132  107  131  151  152  158
 [61]  172  173  178  188  181  192  213  222  191  195  234  247  246  246  261
 [76]  273  310  294  321  340  355  363  371  385  403  395  398  396  419  447
 [91]  486  505  472  468  497  527  530  577  588  664  657  614  586  616  626
[106]  670  678  691  709  766  817  846  947  945  982 1015 1072 1060  994 1065
[121] 1166

[[28]]
  [1]  10  13  14  15  11  11  16  19  11  10  20  13  18  11  14  24  23  20
 [19]  16  18  14  15  14  18  17  17  22  20  30  18  27  27  37  23  28  45
 [37]  29  38  36  25  28  31  33  32  34  48  33  34  30  26  29  28  23  24
 [55]  24  15  19  12  21  19  22  27  18  19  16  19  18  31  31  28  19  22
 [73]  21  25  24  33  27  21  21  42  46  46  43  65  75  62  59  60  52  61
 [91]  65  70  65  67  83  86  97 107 108 112 111  98  89  96 119 120 109 112
[109] 116 162 146 172 193 189 188 183 180 185 214 215 240

[[29]]
  [1]  10   7   9  15  12  12  10  15  11  16  21  17  13  14  10  13  16  13
 [19]  15  18  17  12  12   6  12  24  23  21  17  22  27  32  41  31  37  44
 [37]  45  40  44  45  51  56  60  57  58  53  51  43  51  61  62  47  38  48
 [55]  46  49  54  67  62  57  65  82  76  86  70  77  80  93  99  96 122 111
 [73] 134 124 119 125 134 139 141 177 185 191 182 182 207 243 273 278 267 281
 [91] 284 318 307 303 315 329 334 361 374 362 389 420 433 446 472 493 537 517
[109] 544 550 541 561 621 685 685 709 704 853 870 849 849

[[30]]
  [1] 10 10  7  9 11 13  8  6  5  8 10  5  4  3  3  3  2 10  2  2  1  1  1  1  1
 [26]  1  1  3  2  2  1  1  1  1  1  3  1  1  1  1  1  1  1  0  0  0  0  0  0  0
 [51]  0  0  0  0  0  0  0  0  0  0  0  0  0  0  0  0  0  0  0  0  0  0  0  0  0
 [76]  0  0  0  0  0  0  0  0  0  0  0  0  0  0  0  0  0  0  0  0  0  0  0  0  0
[101]  0  0  0  0  0  0  0  0  0  0  0  0  0  0  0  0  0  0  0  0  0

[[31]]
  [1] 10  7  5  4  4  4  9  6  5  3  6  9  4  1  1  1  4  2  2  1  1  1  1  1  1
 [26]  4  2  2  2  6  3  2  0  0  0  0  0  0  0  0  0  0  0  0  0  0  0  0  0  0
 [51]  0  0  0  0  0  0  0  0  0  0  0  0  0  0  0  0  0  0  0  0  0  0  0  0  0
 [76]  0  0  0  0  0  0  0  0  0  0  0  0  0  0  0  0  0  0  0  0  0  0  0  0  0
[101]  0  0  0  0  0  0  0  0  0  0  0  0  0  0  0  0  0  0  0  0  0

[[32]]
  [1]   10   17   16   13   11    8    7    6    3    6    7   10   13   13   14
 [16]   16   18   25   25   23   30   31   40   29   34   33   47   42   30   25
 [31]   25   43   39   32   32   31   29   39   39   36   38   52   45   36   53
 [46]   70   75   67   73   75   78   82   79   81   95   98  119  128  122  155
 [61]  171  179  165  147  160  191  183  197  218  235  215  216  275  278  279
 [76]  236  257  290  371  324  297  276  292  344  393  379  431  406  445  465
 [91]  485  500  463  546  547  588  611  626  633  666  752  752  771  815  863
[106]  877  939  960 1002 1087 1166 1247 1246 1326 1372 1392 1403 1520 1605 1655
[121] 1639

[[33]]
  [1]   10   10   10    9   16   15   22   15   12    9   14   10    9   12   10
 [16]    9   16   10   14   13   17   20   16   28   31   37   37   33   33   34
 [31]   24   36   42   40   36   31   33   24   31   45   41   42   47   39   51
 [46]   55   57   74   73   64   63   69   88   81   66   64   71   99  123  132
 [61]  138  135  125  133  132  153  147  174  206  241  219  243  224  235  276
 [76]  292  273  298  300  297  361  334  324  348  347  367  369  362  413  429
 [91]  475  423  427  407  435  479  496  527  503  536  635  627  706  740  685
[106]  684  739  788  822  866  964  955  971 1029 1079 1091 1077 1095 1145 1201
[121] 1204

[[34]]
  [1] 10  5  5  3  7  6  6  4  3  9 10 11 12 12  9  9 25 26 19 13 13 11 16 24 16
 [26] 10 21 22 22 20 16 16 18 12  6  6  8  7  5  4  4  3  5  9  5  4  2  2  6  3
 [51]  2  2  8  6  4  3  3  7  5  6  5  8 10  6  6  5  3  3  8  5  8  8 10  7  6
 [76]  5  7  6  5  4  4 10 14 13 10  8  7 15 11  9  6  6 12 10 12  9  9 10 16 25
[101] 25 30 25 17 25 30 34 36 45 53 47 52 49 59 53 64 59 55 47 57 74

[[35]]
  [1]   10   15   14   11   16   17   46   36   28   23   35   37   52   56   44
 [16]   45   60   51   42   56   63   43   35   45   58   57   54   46   50   46
 [31]   50   68   72   65   73   75   83   83   92   83   94   82   94   95  133
 [46]  127  124  124  111  108  131  151  122  114  103  129  158  151  165  162
 [61]  180  199  223  200  206  238  225  282  265  265  284  310  339  346  372
 [76]  399  398  428  381  412  452  462  489  527  539  534  529  608  667  668
 [91]  727  755  773  793  818  871  917  934  966  928 1020 1046 1079 1131 1146
[106] 1227 1318 1392 1418 1507 1561 1671 1692 1709 1786 1862 1979 2063 2214 2227
[121] 2280

[[36]]
  [1] 10 11  7  6  6  9  7  6  4  9  8  4  3  3  3  2  1  1  1  1  0  0  0  0  0
 [26]  0  0  0  0  0  0  0  0  0  0  0  0  0  0  0  0  0  0  0  0  0  0  0  0  0
 [51]  0  0  0  0  0  0  0  0  0  0  0  0  0  0  0  0  0  0  0  0  0  0  0  0  0
 [76]  0  0  0  0  0  0  0  0  0  0  0  0  0  0  0  0  0  0  0  0  0  0  0  0  0
[101]  0  0  0  0  0  0  0  0  0  0  0  0  0  0  0  0  0  0  0  0  0

[[37]]
  [1]   10   17   13   11   10   10   21   32   20   24   24   49   39   35   39
 [16]   41   34   26   34   32   52   82   59   61   52   63   68   70   68   86
 [31]   79   78   89  100  106  116   97  101  117  127  147  129  146  140  144
 [46]  151  166  156  168  191  187  181  231  243  269  298  303  324  324  342
 [61]  355  345  356  372  348  380  378  385  445  494  530  523  487  521  568
 [76]  566  618  622  613  677  704  776  723  675  848  878  876  902  984  980
 [91] 1026  984 1084 1160 1129 1191 1194 1318 1373 1365 1449 1562 1633 1759 1828
[106] 1900 1901 2053 2099 2191 2293 2247 2378 2372 2479 2615 2690 2874 3145 3129
[121] 3244

[[38]]
  [1]   10   15   11   10    9   14   15   14   11   10    9    7   11   22   29
 [16]   24   26   18   20   28   23   23   37   47   42   36   30   36   46   57
 [31]   76   85   62   50   56   48   77   92   96   89   90   95   72   62   65
 [46]   63   72   69   65   85   90  106  110  101  119  100  121  138  151  162
 [61]  148  139  137  138  159  155  163  168  141  171  205  214  203  209  227
 [76]  254  248  255  274  271  282  277  279  300  335  336  313  339  382  375
 [91]  362  379  433  452  437  430  462  486  531  462  462  501  487  531  544
[106]  541  567  642  638  655  709  752  762  836  855  827  855  868  962 1002
[121] 1089

[[39]]
  [1]   10    8   16   15   11   15   12   11   13   30   29   18   15   17   28
 [16]   25   23   21   19   17   20   17   13   20   30   31   29   22   25   37
 [31]   40   48   43   38   33   43   46   73   64   56   48   54   50   56   63
 [46]   67   91   77   62   59   49   49   34   41   45   57   43   42   56   60
 [61]   80   81   67   58   56   58   82   90  107  109  106  136  142  122  129
 [76]  147  175  200  195  160  187  196  245  214  228  246  291  278  274  299
 [91]  339  359  342  340  333  393  442  479  467  538  514  550  530  565  606
[106]  668  702  712  740  773  902  852  839  844  897  925  913 1008 1074 1236
[121] 1272

[[40]]
  [1]  10  17  11  10  10  14  14  14  16  15  11  15  10  10  11  10  12  19
 [19]  18  16  18  19  20  26  29  23  24  39  29  28  38  28  33  40  29  41
 [37]  37  39  42  45  38  56  47  61  60  59  74  76  76  65  80  74  99 102
 [55]  81  92  85 108  98  93  85  96  81  89  88  99 117 111 134 115 156 149
 [73] 162 148 136 164 172 176 188 226 223 222 230 278 258 247 270 292 304 326
 [91] 336 320 338 369 384 367 379 421 428 445 413 439 420 481 485 531 547 589
[109] 586 645 615 637 679 723 702 719 776 747 835 775 825

[[41]]
  [1]  10   7  15   5   5   4   4   4   4   4   9  12  10   8   9   6   6   4
 [19]   3   5  11  11   9   7   7  16  20  21  25  25  21  18  14  21  25  22
 [37]  16  21  42  30  22  21  29  57  50  49  54  61  55  54  59  76  57  68
 [55]  64  65  70  71  82  95  98  94 107 111  97  97 116 125 127 109 129 135
 [73] 130 137 135 182 188 183 182 210 211 217 237 238 244 227 269 265 264 279
 [91] 296 304 325 309 324 344 366 399 380 377 405 382 393 432 471 463 496 512
[109] 546 544 539 572 614 601 649 681 683 714 726 811 835

[[42]]
  [1]   10   19   12    9    9   10    8   10   13   11   11    7   15   12   10
 [16]    9   16   30   29   22   21   43   32   41   28   25   35   40   29   38
 [31]   34   32   34   49   46   39   43   44   57   59   54   60   68   72   63
 [46]   73   84   75   77   84   93   94  101  123  114  103   99  107  119  133
 [61]  125  125  114  112  118  131  130  147  165  145  146  156  153  155  183
 [76]  188  195  211  195  215  235  261  280  270  282  295  321  364  303  349
 [91]  363  367  386  406  439  430  377  468  485  463  436  509  529  578  539
[106]  560  569  569  577  622  657  735  681  730  753  775  799  958 1011 1015
[121] 1009

[[43]]
  [1]   10    9   15   16   19   23   16   25   28   38   30   26   43   37   52
 [16]   45   50   46   51   56   47   66   82   67   55   69   86   91  102   88
 [31]   75   78   87   87  120  114  110  114  119  120  182  180  194  208  189
 [46]  207  196  204  227  218  232  244  274  308  295  307  344  359  376  368
 [61]  391  434  431  414  414  452  451  468  492  547  551  524  556  578  637
 [76]  648  621  688  661  689  787  809  789  805  807  897  941 1010 1036 1074
 [91] 1114 1202 1214 1353 1408 1395 1434 1485 1510 1548 1692 1771 1915 1912 1986
[106] 2024 2193 2209 2216 2434 2550 2577 2568 2696 2884 2996 3063 3150 3132 3230
[121] 3453

[[44]]
  [1]   10   14    8   13   14   11   10    9    8    8    6   12    9   14   15
 [16]   23   15   17   34   28   34   35   34   35   42   48   46   46   50   60
 [31]   74  106  108  103  113  121  128  132  124  109  142  159  159  154  143
 [46]  156  172  182  219  210  224  218  241  221  207  229  260  261  279  282
 [61]  298  291  323  332  364  382  439  450  451  455  438  454  504  540  579
 [76]  562  589  562  589  638  725  636  625  710  739  752  802  875  884  903
 [91]  979 1085 1047 1069 1118 1243 1313 1382 1376 1431 1447 1551 1537 1623 1604
[106] 1678 1787 1862 1800 1958 1971 2116 2312 2326 2460 2459 2470 2645 2803 2951
[121] 2978

[[45]]
  [1]  10  11  19  19  16  22  26  19  13  11  19  20  11  20  32  35  22  14
 [19]  20  10   9   7   6  16  21  16  18  15  18  13  14  11  11  16  21  13
 [37]  12  24  21  16  14  22  24  29  23  27  26  20  17  21  25  14  25  27
 [55]  36  45  29  34  48  56  45  43  69  65  59  65  58  78  91 113 103 102
 [73] 103  99 126 109 122 128 114 107 122 100 106 119 133 131 129 149 135 133
 [91] 128 148 180 176 178 173 185 175 225 254 262 270 276 276 278 308 286 298
[109] 314 350 351 362 367 361 406 402 445 462 474 503 516

[[46]]
  [1]  10  11  18  16  11  10  14  11   7   7  21  16  24  16  15  24  25  23
 [19]  28  31  46  44  43  42  37  36  33  21  20  28  27  21  17  14  16  13
 [37]   8   7   7   6  17  13  17  21  12  12  11  11   9  13  21  21  21  17
 [55]  13   8   6  14  26  25  21  15  15  16  27  28  19  20  16  32  21  18
 [73]  15  21  30  30  31  32  51  33  33  46  56  62  62  85  84  73  85  98
 [91]  95 106  86 105  94 110 142 179 157 145 147 196 195 189 205 205 193 205
[109] 204 209 229 235 244 235 277 296 306 287 309 329 385

[[47]]
  [1] 10 11  8  5  4  3  1  1  1  9  6  6  5  5  4  8  5  3  2  6  4  2  2  2  6
 [26] 10 11  6  3  4  3  3  2  2  2  2  2  7  8  2  2  2  8  4  4  3  1  1  1  1
 [51]  1  0  0  0  0  0  0  0  0  0  0  0  0  0  0  0  0  0  0  0  0  0  0  0  0
 [76]  0  0  0  0  0  0  0  0  0  0  0  0  0  0  0  0  0  0  0  0  0  0  0  0  0
[101]  0  0  0  0  0  0  0  0  0  0  0  0  0  0  0  0  0  0  0  0  0

[[48]]
  [1] 10  9  5  5  4  4 10 17 10  8 11  7  9  6  8  7  8  8  8 11  4  7  2  1  1
 [26]  1  1  1  1  1  1  7  2  1  1  1  1  1  1  5  1  1  1  1  1  1  0  0  0  0
 [51]  0  0  0  0  0  0  0  0  0  0  0  0  0  0  0  0  0  0  0  0  0  0  0  0  0
 [76]  0  0  0  0  0  0  0  0  0  0  0  0  0  0  0  0  0  0  0  0  0  0  0  0  0
[101]  0  0  0  0  0  0  0  0  0  0  0  0  0  0  0  0  0  0  0  0  0

[[49]]
  [1] 10 14  8  6  6 10  8 10  7  5 11  7  6  5  5  8  6  9 11  7  6  9  7  5  5
 [26]  6  4  8  7 12 13  7  6  5  5  4  1  1  1  1  1  1  1  1  1  1  1  1  1  5
 [51]  1  1  1  1  1  1  1  3  2  1  1  1  1  1  1  9  3  0  0  0  0  0  0  0  0
 [76]  0  0  0  0  0  0  0  0  0  0  0  0  0  0  0  0  0  0  0  0  0  0  0  0  0
[101]  0  0  0  0  0  0  0  0  0  0  0  0  0  0  0  0  0  0  0  0  0

[[50]]
  [1]  10  14   7   7   9  13  22  20  19  20  20  15  14  15  22  17  12  10
 [19]  12  17  22  16  16  19  19  16  22  18  17  23  19  18  20  19  20  22
 [37]  21  20  17  20  14  11  10  11  23  17  14  13  18  18  22  19  13  17
 [55]  15  18  18  33  25  38  29  31  25  35  35  38  40  46  34  52  40  39
 [73]  46  34  47  45  42  47  37  37  50  53  47  44  38  55  57  57  59  55
 [91]  52  46  41  56  81  67  77  84 113 131 125 118 113 123 127 142 138 133
[109] 134 144 174 220 197 191 189 191 212 203 227 235 236

[[51]]
  [1]   10   13   20   13   20   22   25   28   32   34   27   28   20   26   43
 [16]   31   29   32   33   53   55   55   51   50   51   77   61   57   50   68
 [31]   66   95   90   88  100   99  107   97  108  103  113  101  119   98  103
 [46]  109  103  118  134  136  124  148  158  158  140  131  145  149  149  167
 [61]  160  144  161  150  141  155  176  194  197  196  199  182  195  193  196
 [76]  179  217  215  240  264  278  280  293  280  307  312  320  359  390  396
 [91]  431  454  460  466  469  512  482  500  536  524  598  579  658  709  712
[106]  739  741  828  956  907  910  905 1068 1063 1148 1263 1319 1310 1337 1403
[121] 1460

[[52]]
  [1]  10   8   7   7  12   9  12  15  19  14  13  18  13  19  22  19  22  26
 [19]  23  20  23  32  19  26  20  17  14  21  20  18  18  26  35  25  29  20
 [37]  25  23  31  30  23  20  26  17  11  11  19  23  24  20  21  18  18  11
 [55]  13  13   9   8  11  13  25  21  18  16  26  20  15  24  21  21  19  20
 [73]  29  34  32  21  16  15  12  20  33  31  32  26  25  48  61  58  53  51
 [91]  59  49  65  68  63  70  94 109  95  97 105 111 120 118 108 124 151 163
[109] 150 179 179 180 178 208 223 218 207 223 230 249 273

[[53]]
  [1]  10  12   8   7  15  14  12  17  16  14  10  17  25  20  23  18  31  27
 [19]  25  31  21  24  19  21  29  30  33  40  41  27  23  24  40  38  51  44
 [37]  36  40  45  52  60  47  50  43  39  42  34  44  55  58  50  55  56  81
 [55]  67  82  78  74  66  74  85  68  81  79  84  82  97 102  88 108 113 147
 [73] 151 132 120 146 153 166 148 163 179 200 182 198 206 224 285 271 242 260
 [91] 251 255 259 285 316 312 308 292 333 356 357 349 346 372 363 374 389 402
[109] 456 461 501 514 486 524 543 576 657 643 666 734 790

[[54]]
  [1] 10 11  8 18 11  9  9  8  6  6 13 11  9  8 23 15 15 12 17 11  7  7  5  5 18
 [26] 14 10  6  9  9  5  8  5  4  8  9 20 13 11 10  9  7  7  7  6 17  7  6  4 10
 [51]  6  5  5  5  7 16 10  6  3  2  2  1  1  7  6  6  6  5 11  8  5  5  3  3  2
 [76]  1  1  1  5  0  0  0  0  0  0  0  0  0  0  0  0  0  0  0  0  0  0  0  0  0
[101]  0  0  0  0  0  0  0  0  0  0  0  0  0  0  0  0  0  0  0  0  0

[[55]]
  [1]  10   6   5   4   6  14   6   4   3   3   2   1   1   6   5   4   4   4
 [19]   4  10  15  19  14  14  12  11  10  11  13   8  16  21  17  15  13  15
 [37]  10  14  17  20  20  29  18  20  26  25  22  30  34  25  27  23  24  22
 [55]  20  25  34  28  24  25  25  30  38  28  46  56  52  40  46  54  64  67
 [73]  72  74  70  69  79  79  87 100 114 112 107  97 107 106 126 147 188 195
 [91] 168 169 178 188 215 215 217 211 229 184 185 186 197 223 251 222 227 215
[109] 246 232 256 266 222 250 282 280 290 299 306 331 343

[[56]]
  [1]  10  15  10   6  12   8  13  11  12   9  19  14  10   9  14  21  15  11
 [19]   9  14  11   7  19  15  13  11  17  12   9   8  11  20  16  10   8   7
 [37]  13  20  27  28  23  19  15  19  21  20  25  30  37  33  39  52  66  55
 [55]  54  60  82  79  88  90  92  82  59  73  99  76  98  77  66  69  84 107
 [73] 103 104  93 138 119 113  96 118 116 126 114 110 151 142 154 143 155 168
 [91] 159 155 184 206 206 200 200 218 267 288 250 253 289 302 324 342 338 313
[109] 335 318 374 415 349 339 334 353 361 411 411 439 421

[[57]]
  [1]  10  11  10   7   6   5  14  21  14  18  20  14  19  24  14  12  15  18
 [19]  14  16  22  15  19  15  20  20  12  10  14  11  11   9   9  16  10  11
 [37]  10  10   9  25  12  18   9  14  12  10   8  10  17  13  13  16  21  15
 [55]  31  28  22  22  20  25  21  28  23  25  23  31  33  36  37  35  36  46
 [73]  47  49  39  33  35  44  56  55  53  53  60  52  68  66  56  69  50  45
 [91]  54  71  67  62  62  62  64  66  70  78  77  89  89  87 105  88  77  91
[109]  93  93  98  92 101  93  94  93 100 101  96  99 131

[[58]]
  [1]  10  18  19  14  27  22  17  20  28  22  19  19  20  16  19  19  15  14
 [19]  22  20  19  22  17  21  28  22  12  25  20  15  25  31  29  17  15  16
 [37]  21  15  14  11   8  12  12   8   9   8   7   6  26  32  30  22  27  21
 [55]  32  24  24  19  27  25  31  23  27  36  48  40  33  32  34  35  34  34
 [73]  38  39  36  46  62  74  66  74  81  82  72  60  70  87  82  92  78  91
 [91] 108 112 111 109 138 132 124 129 145 120 108 124 162 152 176 150 174 192
[109] 193 176 197 214 235 228 231 219 259 241 237 232 229

[[59]]
  [1]   10   12   13   25   25   31   24   31   30   32   33   41   36   33   47
 [16]   41   37   22   32   31   43   33   35   27   27   23   31   32   24   28
 [31]   26   28   25   37   36   32   26   41   58   62   77   86   83   84   87
 [46]   71   84   97  114  118  114  128  122  125  125  118  142  166  152  157
 [61]  165  162  197  211  206  234  273  261  255  292  270  284  364  365  350
 [76]  376  364  353  393  423  404  398  423  453  490  462  446  493  530  531
 [91]  532  569  587  645  677  652  711  716  768  773  815  828  890  894  946
[106]  957  942 1017 1079 1133 1258 1232 1263 1274 1417 1502 1520 1538 1560 1701
[121] 1811

[[60]]
  [1]  10  15  12  19  15  11  24  17  16  18  12  10  20  17  19  22  23  25
 [19]  20  21  16  14  21  16  13  10  18  19  11   9  10  18  11   9   8  19
 [37]  19  21  16  19  17  17  21  21  28  21  29  35  26  25  23  38  54  59
 [55]  41  48  63  75  69  53  50  65  70  71  63  73  68  72  78  92  86  81
 [73]  96  94  91 102 102 107 139 120 143 141 161 172 169 173 183 209 210 221
 [91] 224 232 239 257 239 256 242 281 316 325 331 336 368 339 361 362 373 399
[109] 421 374 449 463 457 422 463 517 551 540 554 586 615

[[61]]
  [1]   10   11   11   11   11   15   19   21   19   27   45   34   35   34   35
 [16]   33   33   40   42   51   50   62   42   65   73   94   81   94   90  130
 [31]  117  105  106   94  103   92   97  114   92  115  112  126  137  128  124
 [46]  135  143  130  134  140  183  180  188  177  176  192  211  224  249  257
 [61]  268  231  237  279  307  300  320  371  375  412  419  434  420  394  443
 [76]  509  561  541  531  617  591  655  639  666  684  767  760  799  802  896
 [91]  945  965 1014 1109 1112 1197 1333 1422 1472 1484 1468 1498 1674 1688 1816
[106] 1825 1814 1962 2018 2170 2191 2220 2377 2507 2530 2734 2894 3138 3132 3138
[121] 3260

[[62]]
  [1] 10  7  5  3  6  5  2  2  1  1  1  1  1  0  0  0  0  0  0  0  0  0  0  0  0
 [26]  0  0  0  0  0  0  0  0  0  0  0  0  0  0  0  0  0  0  0  0  0  0  0  0  0
 [51]  0  0  0  0  0  0  0  0  0  0  0  0  0  0  0  0  0  0  0  0  0  0  0  0  0
 [76]  0  0  0  0  0  0  0  0  0  0  0  0  0  0  0  0  0  0  0  0  0  0  0  0  0
[101]  0  0  0  0  0  0  0  0  0  0  0  0  0  0  0  0  0  0  0  0  0

[[63]]
  [1]   10   13   10   18   24   22   18   30   32   39   32   31   31   34   41
 [16]   42   32   43   30   26   26   39   36   38   40   32   26   27   41   60
 [31]   76   67   54   68   69   73   92   91   90   99   80   82   72   73   84
 [46]  100  102  118  117  126  139  140  132  131  172  190  184  209  211  231
 [61]  222  213  234  274  304  284  310  325  410  392  393  372  401  415  459
 [76]  549  565  578  590  563  653  660  698  763  788  810  818  819  933  995
 [91] 1036 1022 1072 1081 1131 1155 1221 1301 1324 1364 1389 1447 1509 1571 1626
[106] 1728 1751 1807 1862 1947 1997 2037 2138 2177 2217 2268 2445 2592 2668 2647
[121] 2767

[[64]]
  [1]   10   13   11   10   13   10   10    8   17   32   26   20   18   16   21
 [16]   34   29   24   21   31   33   33   41   44   35   37   44   65   68   56
 [31]   65   73   88   70   65   69   83   91   83   75   75   81   67   91   88
 [46]   86   99   78   80   94  108  152  137  130  131  145  152  146  162  165
 [61]  149  154  167  168  151  169  183  160  189  159  159  160  189  209  194
 [76]  218  205  236  240  225  258  287  316  341  319  346  353  358  357  386
 [91]  402  402  391  445  461  493  476  508  585  585  578  589  585  647  652
[106]  710  733  755  772  756  744  817  904  888  884  903  949  968 1033 1033
[121] 1069

[[65]]
  [1]   10   14   17   23   19   17   15   24   16   30   23   16   15   22   19
 [16]   29   28   29   24   24   29   29   30   26   22   34   43   41   31   37
 [31]   60   59   45   39   43   52   60   60   73   60   58   51   69   71   98
 [46]   70   53   52   54   85   68   67   64   61   84   93   94   79   92  104
 [61]   97  119  144  129  150  145  164  173  188  153  195  189  224  237  263
 [76]  248  266  282  312  333  336  361  388  403  449  467  482  472  520  542
 [91]  549  582  575  615  628  678  674  679  686  739  817  842  847  852  906
[106]  980 1004 1011 1062 1153 1140 1207 1272 1315 1416 1366 1453 1489 1519 1565
[121] 1663

[[66]]
  [1]  10  10  13  18  21  19  21  17  18  19  13  28  26  28  25  27  26  24
 [19]  24  24  15  17  18  16  13  11   8  16  12  11   8  14  22  18  16  29
 [37]  34  27  30  41  36  38  37  31  25  26  26  32  30  51  48  49  41  32
 [55]  40  44  40  47  58  56  58  67  51  52  55  56  74  66  90  74  73  87
 [73]  92 118 125 124 114 117 107 111 117 122 142 163 167 180 179 205 210 215
 [91] 224 242 262 254 253 263 304 320 331 362 379 396 367 392 443 450 480 464
[109] 492 524 552 547 544 578 567 639 651 701 681 686 768

[[67]]
  [1]  10  11   5   5   5   4   4   9  11   6  12  18  12  15  19  12  21  12
 [19]   9   7   6   5  11   6   5   4   3   5   4  16   9   8  13  11  13  14
 [37]   9   7   5  13  10  11  13  18  14  12  13  10  12  17  26  16  11   7
 [55]  15  16  11  12  18  18  14  13   9  13   9   9   7  11  16  17  17  17
 [73]  16  13  23  19  24  30  32  37  25  29  27  22  24  36  44  39  32  42
 [91]  45  48  53  46  66  72  63  74  77  73  75  68  69  71  67  86  73  73
[109]  75  76  82  92  97 119 122 132 135 134 133 157 165

[[68]]
  [1]  10  12   9   8  16  15  18  15  17  22  17  20  16  20  18  13  19  12
 [19]  13  15  10  10  13  13   8   8   9   7  13  13  17  29  30  26  33  33
 [37]  25  30  45  47  56  44  54  56  56  50  59  48  76  73  59  85  71  85
 [55]  72  77  84  98 113 107 117  97 105 113 102 109 104 100 123 138 122 113
 [73] 122 117 107 140 115 162 153 187 185 190 172 172 175 186 211 232 214 220
 [91] 233 278 296 290 308 346 379 343 329 348 426 404 449 445 432 456 435 467
[109] 498 531 522 546 578 616 614 624 647 700 746 794 763

[[69]]
  [1] 10 15 17 13 11 21 15  8  8  7  4  4  4  4  3  2  9 16 10  9  6  6  3  5  2
 [26]  2  4  2  2  2  1  1  1  1  1  0  0  0  0  0  0  0  0  0  0  0  0  0  0  0
 [51]  0  0  0  0  0  0  0  0  0  0  0  0  0  0  0  0  0  0  0  0  0  0  0  0  0
 [76]  0  0  0  0  0  0  0  0  0  0  0  0  0  0  0  0  0  0  0  0  0  0  0  0  0
[101]  0  0  0  0  0  0  0  0  0  0  0  0  0  0  0  0  0  0  0  0  0

[[70]]
  [1]   10   15   10   14   24   22   16   22   33   36   31   34   18   18   18
 [16]   12    9   20   35   25   27   20   18   26   28   32   40   30   29   25
 [31]   40   60   49   45   53   50   58   79   63   88   84   77   58   66   69
 [46]   82   73   59   49   50   57   69   72   84   84  105  112  119  117  128
 [61]  122  152  138  167  183  209  206  215  202  183  200  204  215  194  229
 [76]  223  238  237  245  250  250  251  294  294  312  355  372  343  382  358
 [91]  382  398  420  426  429  462  475  454  488  502  538  556  585  608  641
[106]  656  657  709  718  822  839  919  962  998  963 1000 1081 1079 1116 1195
[121] 1153

[[71]]
  [1]   10   12   12   16    8    7   13   11   16   17   15   11   11   13   15
 [16]    8   13   11   18   14   22   37   24   22   19   18   29   27   36   30
 [31]   30   42   53   39   46   61   74   70   62   59   57   56   62   71   67
 [46]   67   64   75   82   82   69   70   53   57   67   68   69   67   75   77
 [61]   82   81   88   91   87  107  105  106  110  101   91   93   98  138  168
 [76]  206  186  167  163  175  224  253  230  257  298  324  332  321  299  321
 [91]  334  336  413  379  427  474  511  496  528  521  557  596  638  644  675
[106]  690  699  728  767  807  839  786  823  945  879  910  982 1008 1072 1102
[121] 1043

[[72]]
  [1]   10   14   10    9    8    8   15   13   18   14   17   15   12   18   34
 [16]   41   34   31   26   33   46   42   41   42   41   41   63   66   75   67
 [31]   57   66   70   67   98   85   95   71   73   62   66   60   74   89   78
 [46]   78   73   78   75   71   72   72   84   87   74   82  107  110   96  105
 [61]  112  118  135  141  154  157  136  167  166  182  169  166  167  161  164
 [76]  175  191  171  194  188  219  240  256  284  303  336  318  336  349  365
 [91]  371  447  431  474  463  482  490  534  568  591  639  651  710  727  749
[106]  791  836  855  856  841  927  983 1009 1033 1105 1112 1174 1247 1294 1297
[121] 1342

[[73]]
  [1] 10 14 10 10  6  5 10 11  9  5  4  4  8 12  9  6  4  4  3  3  3  3  3  2  1
 [26]  1  1  9  9  8  6  6 13 11 12  8  6  6 14 13 20 24 30 18 20 17 16 16 16 10
 [51]  7  8  8  7 17 11 11 14 13  9 16 19 16 12 11 16 24 15 15  7  8 10 11 15 12
 [76] 10  8 12  9 16 12  6  4  3  2  1  1  1  1  1  1  1  1  7  1  1  1  6  2  1
[101]  1  1  0  0  0  0  0  0  0  0  0  0  0  0  0  0  0  0  0  0  0

[[74]]
  [1]   10    9   11   13   23   19   20   25   27   25   25   27   28   31   38
 [16]   33   55   41   29   25   22   29   35   29   31   34   37   23   23   19
 [31]   33   57   57   54   63   62   51   62   60   75   99   90   81   81   91
 [46]   78   85  122   91   92  109  113  128  123  129  103  115  130  154  154
 [61]  149  155  156  152  199  191  190  201  187  208  192  242  241  215  256
 [76]  265  246  270  293  313  355  360  356  389  416  434  464  485  478  510
 [91]  513  546  589  629  661  685  719  717  761  857  832  820  834  900  984
[106] 1022 1021 1091 1123 1182 1262 1346 1333 1437 1516 1528 1564 1705 1743 1834
[121] 1945

[[75]]
  [1]   10   10   10   12   13   10   10   15   18   14   18   14   11    8   20
 [16]   28   31   20   16   17   35   36   32   33   26   32   47   38   35   50
 [31]   51   57   47   55   56   60   94  104  100   79   80   87   79   77   80
 [46]   90  113  101   81   81   93   83   91   96  121  115  145  141  145  153
 [61]  157  146  151  162  187  168  196  218  218  252  246  238  247  245  271
 [76]  264  310  293  318  335  301  291  329  340  371  404  440  433  400  436
 [91]  453  518  529  559  571  550  613  639  635  625  695  725  742  740  800
[106]  876  881  934 1062 1102 1155 1146 1188 1192 1269 1202 1320 1332 1417 1438
[121] 1483

[[76]]
  [1]   10    8   10    7   14   15   11    9    9    9   16   13   19   24   19
 [16]   18   21   20   22   24   31   37   39   34   28   23   36   32   36   35
 [31]   33   39   56   44   48   43   41   60   59   44   38   42   45   58   62
 [46]   52   50   51   61   59   81   87   74   75   65   79  102  105  120  113
 [61]  109  126  144  134  126  129  149  156  157  168  182  212  230  203  210
 [76]  195  250  291  315  268  253  269  298  312  290  348  406  371  351  400
 [91]  418  428  436  456  486  532  555  488  474  559  620  640  654  671  736
[106]  782  797  761  773  893  888  958  972  970 1015 1042 1093 1080 1110 1174
[121] 1284

[[77]]
  [1]  10   9  10  10   6   7  12  14  10   9  12   9  11   8  12  12  18  12
 [19]  16  15  19  13  11  16  13  15  15  12   8  13  10  13   9  12  17  18
 [37]  17  15  13  16  17  22  16  22  18  23  20  22  23  31  21  16  19  29
 [55]  34  47  33  48  58  52  52  50  64  53  46  67  83 117 114 102 112 134
 [73] 174 163 171 203 183 166 161 179 165 193 185 158 185 192 205 208 250 285
 [91] 285 298 280 285 291 300 306 352 356 331 335 330 328 365 408 397 394 411
[109] 439 441 417 424 489 511 523 532 504 550 597 640 643

[[78]]
  [1] 10 10 11 10  8  6  5  5  9 12  7  9  6  8  5  5  1  1  1  1  1  1  0  0  0
 [26]  0  0  0  0  0  0  0  0  0  0  0  0  0  0  0  0  0  0  0  0  0  0  0  0  0
 [51]  0  0  0  0  0  0  0  0  0  0  0  0  0  0  0  0  0  0  0  0  0  0  0  0  0
 [76]  0  0  0  0  0  0  0  0  0  0  0  0  0  0  0  0  0  0  0  0  0  0  0  0  0
[101]  0  0  0  0  0  0  0  0  0  0  0  0  0  0  0  0  0  0  0  0  0

[[79]]
  [1]   10   19   12   11   12   14   20   22   31   32   34   25   26   28   35
 [16]   40   27   30   32   29   22   27   47   38   45   36   46   42   36   44
 [31]   47   45   47   43   60   72   86   78  102  107  142  116  100  115  118
 [46]  119  115  132  132  126  136  137  148  164  160  163  154  142  143  165
 [61]  181  177  159  173  207  202  218  230  268  264  248  220  254  261  288
 [76]  332  329  358  379  385  391  396  444  442  439  480  506  490  482  521
 [91]  611  592  576  560  588  602  631  725  728  736  843  849  931  932  940
[106]  914  986 1121 1086 1095 1173 1169 1191 1215 1330 1439 1437 1446 1561 1619
[121] 1704

[[80]]
  [1]  10  20  14  21  16  10  10  17  13  19  14  12   9   9  11  11   7   6
 [19]   5   5  15  20  13  16  16  27  21  36  27  29  28  53  49  37  32  31
 [37]  45  43  57  61  50  44  35  42  39  63  54  57  45  40  42  47  68  55
 [55]  44  59  64  74  74  69  62  62  72  73  73 107  93 104  93  78  86  81
 [73]  81  75  84 101 124 113 111 113 108 116 147 137 136 149 144 148 167 158
 [91] 147 153 165 161 192 214 200 196 214 223 243 245 295 289 329 323 336 338
[109] 369 397 421 423 437 470 477 496 493 502 525 560 522

[[81]]
  [1]  10   9  10   9   9   7   6   6   6   5   4   8   9  15  11  12  10  13
 [19]  15  15  11   9  16  14  14  15  24  18  12   9  14  13  10  12   7   4
 [37]  13   7   5   3   3   2  13  10  17  14  15  20  18  20  17  20  18  16
 [55]  12  19  22  21  33  32  20  16  20  20  18  13  14  11  10  13  13  22
 [73]  17  22  26  18  16  17  13  19  28  26  20  26  33  35  30  28  21  33
 [91]  34  37  37  29  34  25  36  55  67  54  47  51  46  64  46  59  60  68
[109]  64  53  54  48  49  58  61  64  88  79  90 100  96

[[82]]
  [1]   10   16   17   17   15   15   25   24   19   25   23   24   20   41   34
 [16]   43   42   40   56   67   55   46   54   48   38   52   51   54   63   50
 [31]   50   45   59   55   51   59   71   69   69   69   84  113  113  139  141
 [46]  113   95  126  131  165  148  152  166  174  164  164  164  170  170  180
 [61]  161  165  192  231  257  242  299  308  307  303  290  295  308  332  319
 [76]  329  346  347  402  422  419  444  427  440  419  451  467  461  465  555
 [91]  501  518  545  533  579  606  606  629  670  704  637  676  796  868  806
[106]  895  873  919  939  944 1042  972  966 1099 1167 1241 1280 1283 1392 1448
[121] 1460

[[83]]
  [1]   10    8   12   19   15   26   26   25   22   23   30   26   26   46   44
 [16]   44   31   38   44   34   36   43   34   47   44   32   31   36   34   25
 [31]   39   35   37   30   33   41   38   49   39   40   40   41   53   70   79
 [46]   68   58   54   59   68   98   96   92   90  134  151  138  128  129  182
 [61]  162  185  167  151  155  184  210  191  184  200  236  237  241  288  286
 [76]  315  309  308  324  387  358  360  387  396  400  407  438  441  455  475
 [91]  521  486  507  544  526  583  577  584  603  628  667  732  717  717  779
[106]  749  782  823  859  903  943  940 1032 1090 1158 1281 1243 1300 1320 1386
[121] 1503

[[84]]
  [1]  10  11  10  12   9  12  11   9   8   6  14  12   7   7   5   3   3   8
 [19]   5   4   4   3   3   2   2   2   7   4   2   2   2   1   1   1   7   4
 [37]   3   1   1   1   1   1   1   6   3   3   3   3   2   9  13  11   9  13
 [55]  14  16  18  21  22  27  26  22  17  39  47  49  34  33  33  27  23  26
 [73]  31  32  34  30  35  20  16  17  32  30  30  41  35  37  56  61  55  42
 [91]  41  44  48  62  71  65  79  80  62  66  63  71  76  83  71  88  95  85
[109]  77  89  89  97 113 122  96 130 156 166 176 192 235

[[85]]
  [1]   10   13    7   20    8   12   11   10    9   22   21   28   30   31   26
 [16]   33   33   26   23   40   38   40   43   55   48   43   39   52   71   91
 [31]   90   89   84   89  109  103  104  107  114  127  127  136  127  146  149
 [46]  173  157  178  188  200  218  232  227  226  269  284  281  336  328  380
 [61]  422  457  438  450  470  534  543  560  575  587  605  665  690  691  771
 [76]  802  798  863  927  981 1011 1042 1102 1080 1148 1310 1212 1248 1247 1383
 [91] 1435 1508 1481 1490 1624 1777 1816 1827 1948 1959 2059 2095 2161 2219 2256
[106] 2312 2449 2604 2716 2826 2888 3025 3190 3369 3447 3480 3690 3879 4059 4256
[121] 4539

[[86]]
  [1]  10  12  24  22  19  18  24  20  16  21  23  33  33  26  26  19  23  29
 [19]  38  34  26  22  21  21  26  33  36  32  28  25  37  34  37  49  39  35
 [37]  47  42  45  52  60  63  65  66  78  69  80  93  85  80  76  73  64  76
 [55]  77 108  94  98 102  88 136 132 129 129 129 145 160 166 179 181 170 165
 [73] 180 197 219 208 233 202 227 262 274 261 279 281 318 298 321 260 283 299
 [91] 320 328 298 313 326 334 301 336 352 378 392 410 423 460 473 550 574 540
[109] 542 555 614 568 583 635 674 603 633 651 710 765 813

[[87]]
  [1]  10  16  18  13  14  12  15  14  24  22  17  17  22  21  21  21  15  15
 [19]  13  12  15  36  28  17  18  13  25  19  32  20  20  17  31  30  32  32
 [37]  25  33  42  38  38  33  42  43  45  37  58  54  52  44  42  47  52  45
 [55]  57  74  77  74  67  63  59  72  86 103 109  94  81  84  83 102 109 113
 [73] 105 108 117 126 145 130 115 124 113 119 131 137 135 175 169 159 131 142
 [91] 157 170 175 196 202 223 225 208 256 307 272 266 281 307 307 336 358 349
[109] 361 382 436 457 467 507 555 515 538 567 551 580 583

[[88]]
  [1]   10   16   20   14   20   14   12   20   23   17   14   27   34   33   39
 [16]   33   36   30   40   47   47   42   37   33   42   44   46   41   42   41
 [31]   39   45   54   67   64   69   75   73   75   73   81   95  122  106  124
 [46]  155  136  142  140  147  155  182  193  225  235  206  214  226  238  242
 [61]  267  282  272  304  309  300  311  327  374  381  387  440  459  454  489
 [76]  475  530  506  530  519  596  611  585  572  674  687  767  769  766  787
 [91]  851  859  905  983 1040 1121 1077 1121 1188 1237 1256 1367 1324 1390 1427
[106] 1439 1483 1628 1724 1631 1654 1782 1871 2046 2050 2059 2164 2283 2408 2466
[121] 2657

[[89]]
  [1]   10   20   25   24   29   42   29   25   34   40   40   29   30   35   36
 [16]   42   46   53   55   51   52   66   60   52   44   38   47   49   64   71
 [31]   73   61   66   62   86   89   96  100  104   87   98   97  104   99  119
 [46]  115  106   97   82   96   93   97  109   96  114  155  125  142  114  138
 [61]  137  161  171  172  182  195  181  191  189  204  199  211  230  241  235
 [76]  254  272  299  317  327  325  336  401  411  402  379  398  411  411  404
 [91]  422  411  414  456  500  548  539  538  555  612  624  614  648  678  660
[106]  727  816  858  838  845  915  966 1025 1035 1005 1039 1070 1140 1220 1204
[121] 1249

[[90]]
  [1] 10 14 11 10 12 11 14 10  6  4  5  7  5  3  3  3  3 11  9 13  6  3  3  2  2
 [26]  2  1  0  0  0  0  0  0  0  0  0  0  0  0  0  0  0  0  0  0  0  0  0  0  0
 [51]  0  0  0  0  0  0  0  0  0  0  0  0  0  0  0  0  0  0  0  0  0  0  0  0  0
 [76]  0  0  0  0  0  0  0  0  0  0  0  0  0  0  0  0  0  0  0  0  0  0  0  0  0
[101]  0  0  0  0  0  0  0  0  0  0  0  0  0  0  0  0  0  0  0  0  0

[[91]]
  [1]  10   5  10  11  19  16  15  13  11  19  16  15  25  18  12  13  17  27
 [19]  17  21  18  11  21  32  26  19  19  17  31  27  23  24  26  16  13  18
 [37]  18  17  19  16  16  28  27  24  28  27  23  43  42  39  39  34  38  32
 [55]  37  38  38  49  40  42  37  32  27  38  32  33  40  36  54  52  44  49
 [73]  49  40  64  62  65  67  65  69  90  93  81  88  82  87  82  91  88  94
 [91]  92  87  79  85  95  98  95  86  94 112 124 128 152 142 153 175 176 208
[109] 201 196 246 240 245 281 317 297 309 316 334 379 380

[[92]]
  [1]  10  10   7  10  10  14   9  16  10   8   5   5   4  11  11  10   8   7
 [19]  10  13  25  27  29  30  22  18  17  17  27  33  27  23  25  22  22  28
 [37]  28  21  15  22  19  16  18  21  15  15  19  15  27  28  20  19  15  24
 [55]  23  19  13  14  16  14  14  12  11  18  20  38  26  27  23  35  35  21
 [73]  22  20  21  22  23  26  22  30  35  46  46  50  52  45  58  75  64  63
 [91]  87  74  69  98 116 123 121 121 124 124 120 176 158 152 144 148 168 168
[109] 204 218 216 191 234 283 269 251 239 240 232 271 288

[[93]]
  [1]   10   17   12   15   20   18   27   20   20   21   15   19   30   29   29
 [16]   25   37   28   34   35   19   16   23   25   31   30   26   28   35   33
 [31]   37   41   39   43   50   53   48   47   52   46   56   72   82   89   88
 [46]  106  100   94  105  122  101  100  106  107   99  112  108  105  113   96
 [61]  112  147  163  156  151  156  161  151  175  165  192  229  253  267  266
 [76]  242  275  272  264  244  267  280  284  305  304  302  325  344  349  361
 [91]  343  350  354  388  384  387  427  435  452  483  498  535  550  583  624
[106]  704  730  727  787  855  856  773  829  855  987 1000 1048 1075 1124 1176
[121] 1182

[[94]]
  [1]   10   21   19   11   15   11   13   15   14   17   14   25   26   41   35
 [16]   29   26   30   28   25   20   29   27   35   30   53   43   41   53   60
 [31]   45   41   33   38   60   46   40   32   40   49   34   45   54   37   71
 [46]   77   84   76   79   91   83  102  102   86   89   79   84   98  106  102
 [61]  109  111  125  123  176  180  169  154  197  179  166  170  185  188  189
 [76]  193  205  199  231  254  224  226  247  277  308  335  362  403  394  411
 [91]  424  455  488  530  546  594  558  632  616  623  592  590  613  641  788
[106]  791  772  779  822  915  959  920  960 1024 1047 1104 1148 1120 1181 1224
[121] 1230

[[95]]
  [1]   10   11    9   11   10   22   26   26   31   27   52   39   40   41   45
 [16]   37   28   43   51   40   28   28   41   45   38   32   40   43   47   60
 [31]   63   56   61   51   62   70   91   74   74  105  110  107  103   86  102
 [46]  100  133  142  143  169  184  203  185  211  221  244  230  259  266  292
 [61]  293  319  292  362  352  372  409  469  496  516  518  567  593  607  644
 [76]  659  656  683  692  760  821  798  813  831  948  965 1066 1062 1114 1205
 [91] 1333 1307 1385 1451 1466 1473 1520 1573 1566 1740 1774 1851 1905 1958 2025
[106] 2094 2214 2322 2445 2415 2516 2633 2785 2808 2932 3177 3214 3257 3374 3584
[121] 3735

[[96]]
  [1] 10  7 13 13 14  9  9 12  9 13  5  5  4  8 12  6  5  5  8  3  3  2  2  2  6
 [26]  1  1  0  0  0  0  0  0  0  0  0  0  0  0  0  0  0  0  0  0  0  0  0  0  0
 [51]  0  0  0  0  0  0  0  0  0  0  0  0  0  0  0  0  0  0  0  0  0  0  0  0  0
 [76]  0  0  0  0  0  0  0  0  0  0  0  0  0  0  0  0  0  0  0  0  0  0  0  0  0
[101]  0  0  0  0  0  0  0  0  0  0  0  0  0  0  0  0  0  0  0  0  0

[[97]]
  [1]  10  14  16  12  10  10   6   5   4   4   3   9   9  13  16  10   7   6
 [19]   5   4   7  15   6   6   5   4   9   7   6  11  10  11   9  13   9   9
 [37]  15  12   8  13  25  37  28  35  32  42  49  52  46  57  63  63  62  56
 [55]  62  57  65  80  81  78  77  78  72  69  85  93 105 111  95  92 119 129
 [73] 113 109 125 129 135 151 143 148 158 167 197 196 188 171 201 227 222 225
 [91] 270 269 280 289 297 293 298 326 377 408 400 407 405 459 445 453 438 459
[109] 542 548 534 563 613 614 661 694 702 713 747 840 828

[[98]]
  [1]   10   13   16   12   26   27   22   17   15   14   25   30   31   31   33
 [16]   35   56   58   39   37   47   63   63   51   56   48   65   74   81   91
 [31]   86   93   86   74   69   61   74   74   80   69   86   80  105   99   91
 [46]   78   95  109  126   97  103  114  130  104  100  108  135  123  112  135
 [61]  131  164  169  153  149  141  167  175  206  191  208  204  200  211  231
 [76]  235  260  300  291  287  265  261  285  285  339  372  398  377  375  335
 [91]  337  412  395  395  413  408  426  460  506  542  536  561  566  591  587
[106]  608  655  675  691  729  727  838  875  893  920  967  957 1045 1020 1100
[121] 1198

[[99]]
  [1]   10   14   15   15   13   10    8   12   19   15   11   20   23   26   27
 [16]   29   28   41   41   36   36   45   53   40   42   44   50   57   47   42
 [31]   58   52   43   48   45   57   45   41   49   61   60   66   73  105   98
 [46]   87   92  102   97  116  116  134  121  136  120  130  153  157  164  161
 [61]  195  195  205  189  217  244  220  226  258  222  226  245  266  276  305
 [76]  290  306  338  346  330  353  383  413  413  452  467  481  474  512  508
 [91]  506  524  558  592  622  663  694  693  727  782  818  817  868  928  958
[106]  948 1031 1103 1211 1181 1228 1384 1473 1476 1458 1408 1505 1621 1596 1604
[121] 1664

[[100]]
  [1]  10   7   6   6   6  19  20  25  29  27  24  18  30  52  49  38  32  38
 [19]  36  46  48  38  44  51  34  33  35  47  60  53  40  32  25  30  51  57
 [37]  53  64  70  75  48  41  44  47  43  43  52  47  47  47  39  51  48  49
 [55]  62  48  43  49  70  74  84  99 110  92  99 101 107  96 113 163 168 169
 [73] 155 171 160 182 216 227 243 258 231 244 265 289 249 278 274 287 311 321
 [91] 317 348 335 302 355 446 422 423 420 426 421 449 469 529 552 601 566 622
[109] 639 663 649 657 711 732 820 812 856 874 963 939 960

[[101]]
  [1]  10  19  17  18  20  18  34  34  38  32  32  41  27  31  52  51  42  43
 [19]  40  47  62  53  66  52  45  48  53  66  80  76  60  45  90 100  85  75
 [37]  64  88 101  91  88  85 106  77  71  82  87  72  64  86  92  75  94  99
 [55] 120 126 137 139 153 130 135 127 151 141 132 120 107 107 129 143 136 126
 [73] 136 135 129 166 184 204 180 175 174 199 198 222 201 202 227 225 240 242
 [91] 274 268 290 322 317 314 313 309 303 339 379 379 384 423 392 377 388 470
[109] 440 484 500 552 574 549 584 618 616 659 661 626 650

[[102]]
  [1]   10   16   24   23   20   18   25   17   26   25   23   29   30   35   44
 [16]   46   34   40   60   66   72   68   62   71   57   59   61   68   62   74
 [31]   90   82   79   86   91   81   86   89   91   82  103   99  100  106  108
 [46]  129  104   96  107  112  115  129  117  125  179  202  232  199  196  193
 [61]  243  301  322  307  298  354  384  401  385  389  412  458  512  568  553
 [76]  558  514  569  616  634  673  650  649  741  813  780  824  855  860  895
 [91]  883 1013 1007 1053 1011 1085 1109 1211 1237 1227 1218 1298 1333 1424 1521
[106] 1464 1595 1641 1730 1835 1954 1998 1944 2035 2193 2336 2417 2508 2530 2540
[121] 2696

[[103]]
  [1] 10 10  6 10  8  5  4  4  4  5  4 11  4  8  7  7  6  8 11 10 11  9  8  6  8
 [26] 13  8  6  5 11 10  7  7  7 10 10  6  5  5 10 13  8  7  6  6 11 10 10  8 14
 [51] 17 10 17 15 13 18 15 14 22 26 29 18 16 14 11 10 16 10 15 10  8 13  9 18 17
 [76] 15 13 18 21 21 22 16  8  7  6  5 20 11 13 21 12  9  9 21 20 18 28 24 27 23
[101] 29 30 25 38 23 26 29 26 27 36 38 37 33 38 44 50 59 47 43 50 48

[[104]]
  [1] 10  6 10 11 14 10  6  4 10  3  3  4  9  8  6  5  5  3  3  3  2  2  2  2  2
 [26]  6  8 12  7  6  4  7  5  4  4  7  5 10  9 14 14 15 12 10  9 14 18 21 18 26
 [51] 19 16 14 10 16 16 21 22 21 20 20 19 24 20 17 13 17 17 26 23 28 23 23 24 24
 [76] 20 25 24 28 29 29 23 18 25 20 38 32 25 18 23 25 22 28 24 20 17 19 27 21 33
[101] 27 17 22 16 27 17 14 22 34 28 35 34 35 43 47 41 55 47 49 39 47

[[105]]
  [1] 10 12 10  9  8  7 12  7 11  8 14 11  9  9  7  7  5  6  3  5  3  2  5  3  3
 [26]  2  4  2  2  2  1  4  3  5  4  3  3  4  4  8  4  3  3  8  7  5  2  1  1  5
 [51]  4  1  0  0  0  0  0  0  0  0  0  0  0  0  0  0  0  0  0  0  0  0  0  0  0
 [76]  0  0  0  0  0  0  0  0  0  0  0  0  0  0  0  0  0  0  0  0  0  0  0  0  0
[101]  0  0  0  0  0  0  0  0  0  0  0  0  0  0  0  0  0  0  0  0  0

[[106]]
  [1]   10   18   13   15   12    7   10    8   14   12   11   18   25   33   41
 [16]   31   23   23   27   36   34   32   26   28   28   31   31   36   39   28
 [31]   44   38   35   25   25   33   47   49   54   50   47   46   56   56   58
 [46]   53   48   57   62   82   87   74   66   74   98   82   69   90  109  103
 [61]  130  114   97   90   85   91  127  146  145  160  141  148  150  154  174
 [76]  201  227  219  245  288  302  279  290  292  341  370  376  371  412  412
 [91]  477  489  485  488  541  573  622  672  653  664  696  810  874  832  807
[106]  839  852  843  891  960  988  957  988 1059 1130 1154 1145 1254 1315 1328
[121] 1529

[[107]]
  [1]  10  18  18  17  20  14  17  13  11  19  23  24  17  16  24  22  35  29
 [19]  23  24  25  26  35  36  30  27  41  47  47  41  31  32  40  39  49  44
 [37]  56  53  69  65  67  78  59  58  54  52  76  72  60  75  82  86  84  71
 [55]  72  90  84 101  89  82  96  89 106  99 109  92 122 128 129 125  98 117
 [73] 124 126 136 141 152 133 154 152 176 202 207 221 234 259 294 260 234 261
 [91] 281 265 279 327 340 353 366 405 438 451 486 521 602 595 594 551 525 605
[109] 636 653 622 640 703 665 725 706 790 803 831 967 947

[[108]]
  [1]   10   15   10   10    7    8    7    6    9    6   12   10    8   12   15
 [16]   18   21   16   18   18   16   25   19   18   28   27   32   21   31   41
 [31]   39   33   27   36   35   40   55   40   34   33   55   46   42   38   47
 [46]   41   41   58   63   45   54   50   61   82   76   74   74   89  113   99
 [61]   86   93  102   88   86   94   83   87  111  122  143  126  122  135  153
 [76]  143  171  155  197  204  203  170  200  229  267  262  263  262  254  286
 [91]  305  343  392  370  369  385  382  429  503  536  563  567  584  591  584
[106]  626  685  772  750  665  685  728  743  813  834  834  834  885  966  998
[121] 1005

[[109]]
  [1]   10   13    7    5    5    5    5    4    9   13    9   14    9   12   15
 [16]   13    9    9   12   16   17   14   17   13   14   10   13   11   15   21
 [31]   15   17   11   10   22   22   31   20   31   37   43   50   46   40   46
 [46]   44   55   58   65   63   64   72   64   88  106  107   99   94  105   97
 [61]  111  113  131  143  161  180  172  200  228  240  235  262  280  245  270
 [76]  261  298  312  359  355  386  419  423  462  432  408  454  477  511  502
 [91]  522  529  540  538  570  617  619  665  693  678  740  733  775  769  796
[106]  796  877  945  972 1101 1106 1105 1171 1225 1215 1323 1339 1430 1433 1567
[121] 1594

[[110]]
  [1]   10   13   10    9   18   23   16   21   28   23   22   23   22   28   28
 [16]   40   58   51   52   50   56   67   62   71   71   74   77   96  102   89
 [31]   96   84   95  116  137  144  144  152  154  152  175  183  231  226  248
 [46]  252  246  249  243  264  328  343  319  290  299  307  342  371  395  398
 [61]  357  370  405  439  472  486  524  526  514  529  583  646  636  681  714
 [76]  762  816  844  842  902  974 1021 1075 1126 1157 1278 1346 1407 1480 1531
 [91] 1655 1705 1737 1756 1822 1940 2030 2101 2128 2198 2278 2429 2584 2516 2489
[106] 2775 2876 3013 3260 3349 3562 3606 3689 3919 3961 4110 4093 4397 4656 4863
[121] 5083

[[111]]
  [1]  10   9  16  16  12  12  21  13  12  12  13  11  15  15  19  22  21  16
 [19]  17  12  22  13  20  20  18  17  21  24  24  20  31  31  27  28  29  23
 [37]  29  35  31  28  27  30  35  32  34  41  52  49  67  72  54  57  40  44
 [55]  66  77  62  58  58  83  62  73  75  92  81  94 102  98  77  99 107  90
 [73]  98 123  99 107 116 132 111 117 121 121 143 140 129 138 151 141 147 145
 [91] 144 147 151 175 165 175 178 194 197 202 181 184 182 215 186 173 192 207
[109] 231 241 226 215 261 260 308 337 351 338 358 395 388

[[112]]
  [1]  10  10  11  15  10   8   6   5   3   3   2   5   3   4   2   2   4   8
 [19]   6  10   8   7   6   6   5   4   4   9  11  14  16  10  15  18  19  39
 [37]  39  28  22  28  37  44  50  39  37  42  34  45  54  40  48  52  71  69
 [55]  64  74 103  97  83 100  86  84 103 105  90 106 123 129 132 120 114 121
 [73] 150 174 182 166 175 147 186 205 206 193 204 184 210 212 241 231 215 234
 [91] 241 265 260 290 286 291 291 320 304 329 394 386 385 404 403 420 446 445
[109] 461 488 424 451 509 507 540 543 559 638 601 593 600

[[113]]
  [1]   10   16   17   15   26   32   28   30   22   31   35   45   53   52   54
 [16]   46   60   59   65   64   83   89   97   97   88   78  100  109  106  105
 [31]  106   97  121  136  152  132  160  172  181  187  190  185  176  194  198
 [46]  186  182  197  225  239  261  270  255  270  241  302  305  297  340  380
 [61]  340  369  385  422  431  431  489  479  496  472  475  504  507  578  586
 [76]  652  646  646  628  668  667  710  727  736  821  834  846  861  923  964
 [91] 1023  914 1004 1095 1144 1166 1201 1229 1352 1441 1443 1426 1495 1559 1670
[106] 1720 1702 1823 1902 2002 2009 2115 2291 2335 2362 2530 2632 2756 2817 2992
[121] 2925

[[114]]
  [1]  10  25  17  14  11  14  24  15  11  16  14  12  16  10  12   7   6   4
 [19]   4  11  22  14  15  14  12  23  22  22  18  19  23  25  32  27  22  26
 [37]  27  25  30  41  29  37  35  35  35  41  41  57  52  50  49  53  60  72
 [55]  90  82  84 100  75  76  73  84  90  82  87 102  94 106 102 127 104 108
 [73] 147 134  94 110 113 106 128 141 148 153 172 178 196 214 245 228 241 230
 [91] 213 255 245 249 240 247 265 291 290 317 327 354 329 311 339 441 465 509
[109] 514 451 528 523 588 605 609 594 636 628 606 619 678

[[115]]
  [1]  10  18  12  13  15  10  12  26  24  18  14  15  13  13  18  16  10   7
 [19]   7   8   9   7   8   4   4  10   8   8   8   8  14  10   7  12  14  20
 [37]  16  20  14  22  32  39  27  25  29  44  57  42  43  51  54  76  63  70
 [55]  67  77 113  95 107 109 126 146 138 158 144 137 135 176 185 183 175 168
 [73] 169 171 180 197 194 181 192 211 218 206 238 247 268 242 245 280 288 261
 [91] 282 312 335 332 324 335 343 320 342 330 373 369 426 381 465 467 456 470
[109] 469 514 532 540 521 559 569 585 556 550 631 738 787

[[116]]
  [1]  10  13  12  21  16  13  11  11  20  15  17  19  23  18  18  23  24  22
 [19]  18  19  27  15  20  21  23  29  18  20  12  19  29  46  30  33  35  38
 [37]  37  34  32  35  41  28  31  38  32  28  33  27  20  22  16  22  29  42
 [55]  29  26  22  17  25  32  50  51  46  39  60  66  55  48  66  83  84  70
 [73]  80  69  68  72  85 108 133 148 144 147 143 141 183 182 185 194 207 183
 [91] 173 189 239 265 259 253 293 338 345 342 333 309 318 382 376 374 369 438
[109] 436 467 458 467 521 515 501 543 573 578 603 613 624

[[117]]
  [1]   10   16   19   15   18   21   21   20   18   38   28   36   30   29   22
 [16]   30   38   41   33   33   33   42   64   59   61   55   62   74   66   87
 [31]   76   68   91   94   83  100   98   98   96  100  125  135  140  126  143
 [46]  149  170  168  165  173  170  199  167  186  204  252  240  230  243  275
 [61]  265  307  297  266  302  291  290  279  335  353  395  360  361  394  391
 [76]  408  407  416  454  431  481  521  488  461  470  496  571  597  646  614
 [91]  665  648  686  756  771  789  821  860  906  918  916  963  986 1031 1127
[106] 1189 1157 1178 1248 1293 1249 1399 1434 1519 1561 1600 1674 1700 1852 1982
[121] 2078

[[118]]
  [1]  10   9  11   7  11  11  13   8  12   7   6   5  16  12  10  10   8   8
 [19]   7   6  11  10   8   8   7   7  12   6   4   3   3   3   3  14  12  11
 [37]  10   7   7   7  16  12   9  19  19  15  12  10  10  10  19  23  22  18
 [55]  25  22  25  19  18  22  31  31  46  56  46  37  45  56  56  52  41  59
 [73]  68  57  52  49  61  65  67  61  54  72  66  74  55  57  54  56  62  77
 [91]  82  61  81  60  67  96  94  98  87  76  87 120 110  97 103 110 109 138
[109] 120 128 128 123 118 119 167 170 146 162 180 196 179

[[119]]
  [1]   10   18   25   15   18   22   18   17   26   28   23   19   20   28   33
 [16]   34   23   23   18   25   35   31   22   33   44   45   52   73   54   53
 [31]   65   78  113   93  105  108  106  136  119  111  108   92  112  107  117
 [46]  109  128  123  143  150  150  126  127  127  160  142  140  133  146  162
 [61]  175  165  153  179  203  183  178  210  231  225  236  237  242  284  311
 [76]  314  293  283  310  320  343  381  348  428  493  522  507  516  506  574
 [91]  602  642  719  712  748  803  866  838  832  913  903  861  901  981 1047
[106]  991 1043 1110 1132 1141 1179 1237 1230 1295 1385 1437 1421 1452 1537 1567
[121] 1658

[[120]]
  [1]  10  11   7   7   9  14  19  21  12  10  22  21  15  13  16  15  11  31
 [19]  23  18  27  24  35  28  40  49  63  47  40  42  42  41  50  42  40  43
 [37]  56  62  58  67  73  61  54  64  62  63  57  51  87  77  81  81  86 125
 [55] 129 126  99 115 128 144 139 125 132 139 128 124 119 142 148 132 130 146
 [73] 178 173 163 200 204 202 218 223 217 236 226 220 232 250 291 275 272 286
 [91] 281 310 306 305 299 309 307 352 362 405 372 355 390 393 410 403 420 432
[109] 450 461 461 486 527 553 558 582 592 618 631 645 687

[[121]]
  [1] 10 24 16 10 13  7 12 12  9  7  5  5  3  3  8 10 22 15 13 15  9  8  4  3  4
 [26]  2  7  4  3  4  3  7 12  5  5  5  4  3  2  6  2  2  2  2  1  0  0  0  0  0
 [51]  0  0  0  0  0  0  0  0  0  0  0  0  0  0  0  0  0  0  0  0  0  0  0  0  0
 [76]  0  0  0  0  0  0  0  0  0  0  0  0  0  0  0  0  0  0  0  0  0  0  0  0  0
[101]  0  0  0  0  0  0  0  0  0  0  0  0  0  0  0  0  0  0  0  0  0

[[122]]
  [1]  10   8   7   9   6   5  11   8   6   5   5   3  10  18  13  11  11  17
 [19]   9   8  17  13  10  14  13  19  14  16  18  15  23  35  26  25  19  20
 [37]  16  19  12  17  14  20  20  21  18  16  14  14  19  41  23  16  22  21
 [55]  25  31  31  43  40  35  41  37  29  35  48  38  32  38  37  45  50  48
 [73]  45  38  34  54  45  48  50  46  47  41  38  40  41  33  38  36  42  51
 [91]  49  53  44  39  57  69  68  52  61  72  76  85  69  70  74  88 108 108
[109]  97  93  71  78  74  69  78  71  79 100 105 105 108

[[123]]
  [1]   10   17   22   21   27   24   31   36   32   34   29   40   40   40   38
 [16]   41   44   41   38   36   49   48   40   46   46   55   52   48   74   59
 [31]   56   50   59   76   84   84   79   94  104   86   91  108   99  106  113
 [46]  141  119  122  125  174  164  126  129  164  173  161  165  185  182  201
 [61]  192  193  229  267  251  242  220  218  250  260  296  316  307  318  329
 [76]  332  358  386  392  361  389  441  455  479  541  555  608  585  634  640
 [91]  699  695  780  797  826  854  881  898  863  888  977 1092 1133 1190 1197
[106] 1278 1316 1411 1487 1580 1662 1779 1818 1850 1862 1984 1988 2154 2166 2254
[121] 2429

[[124]]
  [1] 10 14 10  4  3  3  2  2  2  5  3  3  3  2  2  2  6  1  0  0  0  0  0  0  0
 [26]  0  0  0  0  0  0  0  0  0  0  0  0  0  0  0  0  0  0  0  0  0  0  0  0  0
 [51]  0  0  0  0  0  0  0  0  0  0  0  0  0  0  0  0  0  0  0  0  0  0  0  0  0
 [76]  0  0  0  0  0  0  0  0  0  0  0  0  0  0  0  0  0  0  0  0  0  0  0  0  0
[101]  0  0  0  0  0  0  0  0  0  0  0  0  0  0  0  0  0  0  0  0  0

[[125]]
  [1] 10  7  4  4 10  8 16 11  7  7 10  5  5  4  4 10  8  5  5  5  5  5  4  4  4
 [26] 16 14  7  6  5  3  3 10  8  8 12 13 15 10 15 18 12 10 10 14 11  8  8  6  8
 [51] 11  7  5  3  2  2  2  7  2  1  1  1  2  2  2  2  2  2  9  6  3  2  1  1  1
 [76]  1  1  1  1  0  0  0  0  0  0  0  0  0  0  0  0  0  0  0  0  0  0  0  0  0
[101]  0  0  0  0  0  0  0  0  0  0  0  0  0  0  0  0  0  0  0  0  0

[[126]]
  [1]   10   14   24   23   20   22   18   18   20   27   28   27   38   39   38
 [16]   40   34   46   59   66   77   72   80   77   97  121  117  116  109  123
 [31]  129  132  138  157  165  176  160  144  176  203  221  216  229  217  204
 [46]  227  263  273  256  274  281  306  288  344  355  330  347  375  392  404
 [61]  405  439  466  442  481  472  492  512  524  548  596  632  673  755  819
 [76]  796  850  869  881  933  984  995 1046 1040 1092 1195 1202 1237 1369 1442
 [91] 1450 1548 1608 1677 1640 1771 1842 1991 2145 2101 2200 2350 2502 2674 2684
[106] 2777 2927 3090 3225 3417 3348 3462 3679 3827 4057 4100 4292 4261 4519 4782
[121] 5012

[[127]]
  [1] 10 19 16 15  9  8  6 10  7  6  5  3  3  3  2  1  1  1  7  6  5  5  4  7  7
 [26]  7  5  4  2  9  8 14 10  7  7  5 12  6  4  3  5  2  2  1  1  1  1  1  1  0
 [51]  0  0  0  0  0  0  0  0  0  0  0  0  0  0  0  0  0  0  0  0  0  0  0  0  0
 [76]  0  0  0  0  0  0  0  0  0  0  0  0  0  0  0  0  0  0  0  0  0  0  0  0  0
[101]  0  0  0  0  0  0  0  0  0  0  0  0  0  0  0  0  0  0  0  0  0

[[128]]
  [1] 10 20 14  8 12  7 10  6  5  5  8  8  6  7 10  6  6  6 12  8  8  6  6 12  9
 [26]  8  8  5 11  7  6  8  6  6  6  4  7  7 13  9 11 16 11 10  8 18 10  7  7  4
 [51]  4  9  6  8  6 13  9 21 20 17 12 10 10 16 16 18 16 17 13 10  7  7  7  6 16
 [76] 18 11 15 28 33 41 33 34 43 39 29 33 34 37 47 42 30 32 56 56 51 51 39 41 41
[101] 49 67 60 42 44 46 51 41 33 46 51 49 52 45 47 40 48 44 48 43 35

[[129]]
  [1]  10   5   4   3   6  11   4  10   6   5   3   3   3   6   4   2   2   7
 [19]  11  12   8   7   5   4   9  12  14  14  12  20  24  19  22  21  22  16
 [37]  12  19  25  20  24  19  22  17  17  20  25  39  36  38  48  48  45  56
 [55]  49  48  54  76  78  75  70  69  69  71  76  99  85  91  92 101  83  79
 [73] 100 116 114 121 152 165 135 134 150 157 166 196 231 218 211 185 204 219
 [91] 234 230 221 265 289 292 301 324 365 411 428 456 476 475 514 596 570 537
[109] 546 602 607 636 643 677 666 681 706 736 743 783 816

[[130]]
  [1]  10   9  13   7  12   7   6  13  20  11   6   4   4   6   5   5  11   8
 [19]   5   5   8   6   5   9   4   4   4   7  11   7   6  12   5   5   5   9
 [37]  19  20  21  22  18  29  39  44  40  45  54  59  66  63  58  71  66  69
 [55]  72  65  79  85  78  85  90  98  99  80  84  70  69  80  91  96 112 108
 [73]  97 114 108 125 116 129 145 148 174 171 173 187 195 203 207 201 233 227
 [91] 271 290 264 256 269 257 289 317 347 344 344 356 373 411 399 420 412 435
[109] 490 532 565 548 537 605 648 611 654 688 745 756 805

[[131]]
  [1]  10  19  19  16  16  14  14  10  10  13  17  24  18  17  18  20  18  29
 [19]  25  22  31  20  26  17  11   9   7   7  16  11  17  14  23  27  28  27
 [37]  34  32  33  30  31  41  43  35  36  40  45  53  57  52  77  74  66  69
 [55]  64  69  78  76  74  70  53  58  60  64  89  87  63  74  92 103  97 133
 [73] 107 109 111 126 141 136 134 150 182 205 237 230 227 194 250 277 293 272
 [91] 278 314 316 308 340 330 391 391 423 410 427 443 437 429 430 465 450 448
[109] 522 556 574 620 616 603 604 574 599 611 682 701 723

[[132]]
  [1] 10 18 16 14 10  8 10  6  7  6  5  9  6  5  5  9  6  5  4  2  1  3  3  3  3
 [26]  3 10  6  5  5 10  7  5  5  5  4  4  4 11 11  6  6  5  5  4  4  3  2  8 13
 [51]  8  7  6  6  6 11 13 17 17 13 12 16  9 22 19 23 19 16 13 10 14 15 22 14 16
 [76] 10 14 17 19 22 17 15 11  9  8 17 12 10  8  7  5  5 10 11 10  8  8  8 20 31
[101] 23 25 33 32 30 39 29 34 30 33 33 24 24 34 30 22 16 16 21 19 12

[[133]]
  [1]   10    9   15   26   19   20   24   33   22   26   29   18   21   24   22
 [16]   19   21   22   24   26   19   30   30   26   27   39   37   44   30   49
 [31]   47   53   54   67   75  100   79   63   66   74  103   83   80   73   82
 [46]  110   98   86   93  115  132  130  128  146  152  130  112  118  133  132
 [61]  132  137  153  159  175  183  178  192  228  232  200  173  205  226  224
 [76]  224  240  247  245  213  212  256  235  240  261  294  292  289  325  351
 [91]  372  411  423  436  419  428  473  470  524  488  532  505  532  564  604
[106]  668  681  674  723  804  775  845  842  883  968 1003  991  998 1113 1157
[121] 1101

[[134]]
  [1] 10  6 10 10  8 12 14  9  5  4  1  0  0  0  0  0  0  0  0  0  0  0  0  0  0
 [26]  0  0  0  0  0  0  0  0  0  0  0  0  0  0  0  0  0  0  0  0  0  0  0  0  0
 [51]  0  0  0  0  0  0  0  0  0  0  0  0  0  0  0  0  0  0  0  0  0  0  0  0  0
 [76]  0  0  0  0  0  0  0  0  0  0  0  0  0  0  0  0  0  0  0  0  0  0  0  0  0
[101]  0  0  0  0  0  0  0  0  0  0  0  0  0  0  0  0  0  0  0  0  0

[[135]]
  [1]   10   14   14   10    8   11   16   13   12   17   18   16   21   34   44
 [16]   30   35   33   36   33   41   32   33   43   40   52   45   45   50   65
 [31]   87   95   90   93   97   88   89   87  100  112  109   86  105  104  152
 [46]  138  113  128  142  157  159  138  135  143  140  149  164  205  193  214
 [61]  217  239  235  253  283  308  293  286  282  292  341  348  309  347  355
 [76]  344  381  385  394  409  415  455  476  490  523  481  517  561  582  637
 [91]  672  711  702  766  794  903  866  876  910 1072 1130 1138 1201 1220 1242
[106] 1346 1372 1460 1460 1473 1621 1707 1696 1738 1876 1969 2091 2101 1988 2117
[121] 2252

[[136]]
  [1]  10  13  16  17  11   8  13  20  17  10   7  10   7   5   4   4  15  17
 [19]   8   8  12  10  20  25  24  27  23  20  36  42  33  36  40  38  40  66
 [37]  61  53  46  55  58  61  50  48  47  43  49  62  60  57  55  50  43  55
 [55]  61  87  75  54  56  67  68  67  69  72  68  56  55  52  70  80  71  78
 [73]  81  81  87  91 101 104 123 110 127 130 136 152 196 177 191 199 202 203
 [91] 216 267 299 298 288 332 393 373 382 394 372 382 380 402 473 455 424 439
[109] 430 471 524 568 567 572 627 635 675 684 714 791 824

[[137]]
  [1]   10   11   11   14   15   11   15   18   16   13   20   18   32   32   24
 [16]   41   52   33   31   33   35   44   60   60   54   38   35   45   43   36
 [31]   36   33   50   43   58   53   46   46   73   71   75   77   61   55   58
 [46]   57   70   78   83   63   52   76   80   75   78   82   89   92  100  113
 [61]  113  107  140  141  136  132  123  130  166  180  169  175  183  209  245
 [76]  246  239  269  282  300  342  334  342  342  354  429  475  441  451  480
 [91]  529  526  590  533  514  537  585  613  617  693  720  743  767  859  857
[106]  984  975 1020 1048 1115 1181 1193 1200 1206 1306 1402 1404 1440 1526 1510
[121] 1609

[[138]]
  [1]   10    8    7   13   12   19   16   16   11   10   24   24   23   25   20
 [16]   29   29   28   30   22   20   22   23   37   33   40   42   38   45   54
 [31]   68   66   69   59   66   74   70   76   93   96   97   94   98  100  117
 [46]  117  115  129  148  153  170  166  177  174  203  209  247  236  244  261
 [61]  304  274  300  290  331  371  322  354  380  389  411  435  451  453  413
 [76]  451  482  508  517  542  530  543  608  589  617  684  736  723  777  837
 [91]  878  889  957  997 1086 1113 1106 1173 1289 1304 1362 1428 1371 1478 1567
[106] 1676 1697 1789 1899 1983 2105 2157 2283 2446 2457 2534 2634 2768 2963 3147
[121] 3189

[[139]]
  [1]  10  13   7  15   9   7  14  10  14   8  12  14  24  18  13  10  16  14
 [19]  21  16  12  18  16  18  23  22  14  12  16  12  10  15  16  12  12  15
 [37]  16  15  15  14  17  12  15  12   8  13  14  16  13  10  15  21  27  25
 [55]  19  20  16  12  14  21  27  29  30  30  20  17  13  12  25  28  25  26
 [73]  21  26  22  28  22  13  10   8  15  27  21  17  19  15  13  18  23  22
 [91]  23  27  21  20  26  38  36  38  37  51  48  45  46  55  67  70 105  99
[109]  96  94  98  97 109 101  99 114 145 146 165 135 137

[[140]]
  [1]   10   13   11    9   10   21   27   25   19   21   17   31   56   41   39
 [16]   29   24   23   25   33   22   19   33   43   44   43   44   38   40   31
 [31]   47   55   39   32   52   79   70   69   69   67   82   69   65   81   75
 [46]   74   95   85   88  116  109  105   89   90  108   96  114  108  126  118
 [61]  124  141  143  135  123  134  144  157  160  159  189  171  151  174  237
 [76]  252  224  273  263  259  274  264  288  310  323  333  363  430  418  442
 [91]  452  476  487  537  570  555  560  569  591  641  685  744  712  708  776
[106]  790  816  841  899  956  939 1004 1045 1074 1100 1141 1079 1180 1169 1294
[121] 1336

[[141]]
  [1] 10 12 13 11 11  5  5  4  4  5  2  2  2 10  8  6  6  4  4  5  8 12  9  4  3
 [26]  3  2  2  2  2  2  2  1  1  1  1  1  1  1  1  1  8  5  5  4  4  9  5  4  4
 [51]  4  3  3  3  3  2  5  4  1  1  0  0  0  0  0  0  0  0  0  0  0  0  0  0  0
 [76]  0  0  0  0  0  0  0  0  0  0  0  0  0  0  0  0  0  0  0  0  0  0  0  0  0
[101]  0  0  0  0  0  0  0  0  0  0  0  0  0  0  0  0  0  0  0  0  0

[[142]]
  [1] 10  6  6 12  9  9 12  8  5  5  5  5 13 14  9  8  8  6  3  3  2  1  0  0  0
 [26]  0  0  0  0  0  0  0  0  0  0  0  0  0  0  0  0  0  0  0  0  0  0  0  0  0
 [51]  0  0  0  0  0  0  0  0  0  0  0  0  0  0  0  0  0  0  0  0  0  0  0  0  0
 [76]  0  0  0  0  0  0  0  0  0  0  0  0  0  0  0  0  0  0  0  0  0  0  0  0  0
[101]  0  0  0  0  0  0  0  0  0  0  0  0  0  0  0  0  0  0  0  0  0

[[143]]
  [1]  10   8   6   5  11  12   8   7  11  11  11   9   9  14  13  30  22  34
 [19]  21  16  18  22  18  13  19  11  11  14  21  14  13  10  12  16  15  18
 [37]  10  10  14  14  13  15  27  30  21  24  23  17  19  17  17  16  23  25
 [55]  20  26  35  28  29  47  32  27  27  34  24  34  23  36  24  25  27  15
 [73]  13  20  29  24  24  29  32  31  30  39  28  28  18  17  21  17  26  26
 [91]  20  30  30  31  30  28  27  27  31  40  40  53  52  61  63  55  47  61
[109]  81  89  84  80  93  91 103 103 122 136 141 150 168

[[144]]
  [1] 10 13 14 13 12  7  8 12 11  8 12  9  5  3  3  3  3  9 11  8  7 12 13 10  8
 [26]  6 10  6 10  8  7  4  3  3  1  0  0  0  0  0  0  0  0  0  0  0  0  0  0  0
 [51]  0  0  0  0  0  0  0  0  0  0  0  0  0  0  0  0  0  0  0  0  0  0  0  0  0
 [76]  0  0  0  0  0  0  0  0  0  0  0  0  0  0  0  0  0  0  0  0  0  0  0  0  0
[101]  0  0  0  0  0  0  0  0  0  0  0  0  0  0  0  0  0  0  0  0  0

[[145]]
  [1]  10  10   9   5   5   9   6   5   3   2   2   2   2   1   3   8   5   3
 [19]   2   2   1   8   5  10   7   6  19  17  15  12  16  16  19  21  23  23
 [37]  16  27  36  36  25  18  22  38  28  22  25  29  22  32  27  52  60  55
 [55]  47  40  58  60  65  65  53  53  67  84  84  84  89  79  82  95 106 105
 [73] 106 115 112 104 116 124 138 150 189 197 207 222 205 222 204 196 225 254
 [91] 249 239 233 270 292 309 288 293 309 331 352 376 375 458 432 460 469 469
[109] 512 543 591 586 593 611 617 596 611 686 761 793 786

[[146]]
  [1]  10  18  10  10  11  14   8  18  24  19  22  14  10  21  22  18  18  13
 [19]  12  14   8  11  14  27  27  23  19  17  13  21  34  27  26  34  37  34
 [37]  33  18  37  42  46  53  52  67  57  65  66  63  57  58  54  62  86  79
 [55]  75  95 112 110 101 105 115 125 130 138 145 133 140 165 174 163 169 169
 [73] 185 194 211 223 200 209 216 235 256 253 248 259 278 291 322 305 300 276
 [91] 310 326 364 358 367 390 433 466 456 464 509 517 555 563 546 590 620 673
[109] 670 696 684 699 715 804 793 879 889 884 902 958 941

[[147]]
  [1]  10   6  10   6   4  11  15  11   8   6   6   5   7  11  15  23  11  10
 [19]   8  19  18  23  26  42  37  31  29  33  33  27  26  21  17  17  32  42
 [37]  36  40  38  46  49  56  45  36  45  45  49  43  50  36  39  38  52  59
 [55]  45  48  43  53  54  66  75  79  75  79  73  81  90  87 100  92  89  89
 [73] 120 123 112 120 122 126 124 137 122 158 150 147 137 150 169 177 144 136
 [91] 132 154 169 144 163 144 168 184 200 207 224 246 245 271 270 292 328 311
[109] 315 357 407 401 407 449 432 433 403 397 444 447 474

[[148]]
  [1] 10 13  7  5  4  4  4  5  3  2  2  2  1  0  0  0  0  0  0  0  0  0  0  0  0
 [26]  0  0  0  0  0  0  0  0  0  0  0  0  0  0  0  0  0  0  0  0  0  0  0  0  0
 [51]  0  0  0  0  0  0  0  0  0  0  0  0  0  0  0  0  0  0  0  0  0  0  0  0  0
 [76]  0  0  0  0  0  0  0  0  0  0  0  0  0  0  0  0  0  0  0  0  0  0  0  0  0
[101]  0  0  0  0  0  0  0  0  0  0  0  0  0  0  0  0  0  0  0  0  0

[[149]]
  [1] 10 11  7  6  7  8  6  4  4  7  6  8  5  7 10  5  4  3  3  2  2  1  1  0  0
 [26]  0  0  0  0  0  0  0  0  0  0  0  0  0  0  0  0  0  0  0  0  0  0  0  0  0
 [51]  0  0  0  0  0  0  0  0  0  0  0  0  0  0  0  0  0  0  0  0  0  0  0  0  0
 [76]  0  0  0  0  0  0  0  0  0  0  0  0  0  0  0  0  0  0  0  0  0  0  0  0  0
[101]  0  0  0  0  0  0  0  0  0  0  0  0  0  0  0  0  0  0  0  0  0

[[150]]
  [1]   10    8   13   10   14    9    9   20   27   28   20   27   21   19   22
 [16]   17   22   31   32   38   26   27   27   47   47   41   44   56   57   49
 [31]   46   48   63   56   68   64   78   72   79   81   84   82   76   63   53
 [46]   67   73   82   82   73   72   73   79   73   97   93  108   96  118  127
 [61]  126  144  133  154  173  212  237  218  203  201  222  252  306  319  325
 [76]  346  314  331  322  397  414  393  428  433  456  463  474  464  487  510
 [91]  539  589  634  652  698  705  691  744  738  771  819  838  902  929  994
[106] 1025 1065 1138 1114 1134 1232 1272 1358 1420 1500 1481 1529 1624 1699 1799
[121] 1893

> save(reslist, file=paste("output",iter,".rda",sep=""))
> 
> 
> ###############################################################
> 
> 
> # Clear the workspace and turn off graphics.
> #  Load all the functions you need by sourcing the provided demographic.R file
> #  Read in the job number from the cluster. To do this, your code should include a new
> # variable iter and should start with the line:
> # iter <- as.numeric(Sys.getenv(PBS_ARRAY_INDEX))
> #  Control the random number seeds so that each parallel simulation takes place with a
> # different seed. Your function should therefore set the random number seed as iter so that
> # each parallel simulation has a unique random seed.
> #  In each parallel run, select the initial condition to be used. Ensure that 25 of the parallel
> # simulations are allocated to each of the initial conditions.
> #  Create a variable which is the filename to store your results. The end of the filename
> # should be the number iter to ensure that simulation files do not overwrite one another on
> # the cluster.
> #  Initialise a list which will contain the results of your 150 simulations.
> #  Call the stochastic_simulation function to do the appropriate simulation 150 times,
> # appending the output to the results list, and then save the results list.
> 
> #four initial conditions (25 cluster runs per)
> #each cluster run runs simulation 150 times
> #1) large population of 100 adults
> #2) small population of 10 adults
> #3) 100 individuals spread
> #4) small population of 10 individuals
> 
R has finished running

============================================

        Job resource usage summary 

                 Memory (GB)    NCPUs
 Requested  :         1             1
 Used       :         0 (peak)   0.83 (ave)

============================================
