R is about to run

R version 4.4.1 (2024-06-14) -- "Race for Your Life"
Copyright (C) 2024 The R Foundation for Statistical Computing
Platform: x86_64-conda-linux-gnu

R is free software and comes with ABSOLUTELY NO WARRANTY.
You are welcome to redistribute it under certain conditions.
Type 'license()' or 'licence()' for distribution details.

R is a collaborative project with many contributors.
Type 'contributors()' for more information and
'citation()' on how to cite R or R packages in publications.

Type 'demo()' for some demos, 'help()' for on-line help, or
'help.start()' for an HTML browser interface to help.
Type 'q()' to quit R.

> 
> 
> growth_matrix <- matrix(c(0.1, 0.0, 0.0, 0.0,
+ 0.5, 0.4, 0.0, 0.0,
+ 0.0, 0.4, 0.7, 0.0,
+ 0.0, 0.0, 0.25, 0.4),
+ nrow=4, ncol=4, byrow=T)
> 
> reproduction_matrix <- matrix(c(0.0, 0.0, 0.0, 2.6,
+ 0.0, 0.0, 0.0, 0.0,
+ 0.0, 0.0, 0.0, 0.0,
+ 0.0, 0.0, 0.0, 0.0),
+ nrow=4, ncol=4, byrow=T)
> 
> clutch_distribution <- c(0.06,0.08,0.13,0.15,0.16,0.18,0.15,0.06,0.03)
> 
> #=========================================================================================
> rm(list=ls())
> graphics.off()
> source("Demographic.R")
> source("kl2621_HPC_2024_main.R")
[1] 0 0 0 0 3
[1] 3 3 2 2 2
[1] 1 1
 [1] 7 5 4 2 2 1 1 1 1 1 1 1 1 1 1 1 1 1 1 1 1
> 
> 
> ###4 initial conditions
> 
> ############################################################
> 
> 
> 
> #VVVVVVVVVVVV-------------COMMENT ME OUT WHEN RUNNING THE THING
> #iter <- 5
> #VVVVVVVVVVV--------------UNCOMMENT ME OUT
> iter <- as.numeric(Sys.getenv("PBS_ARRAY_INDEX"))
> set.seed(iter)
> 
> 
> if (iter <= 25) {
+ initial_state <- state_initialise_adult(4,100) #100 adults
+ } else if (iter >25 && iter <= 50) {
+ initial_state <- state_initialise_adult(4,10) #10 adults
+ } else if (iter >50 && iter <= 75) {
+ initial_state <- state_initialise_spread(4,100) #100 spread
+ } else {
+ initial_state <- state_initialise_spread(4,10) #10 spread
+ }
> 
> reslist <- list()
> 
> ####100 cluster runs
> ###################################################
> ####150 runs of stochastic_simulation per cluster run
> for (i in 1:150) {
+     #################################
+     ###120 steps of stochastic_simulation per simulation
+     stochasticresult <- stochastic_simulation(initial_state,growth_matrix,reproduction_matrix,clutch_distribution,120)
+     reslist[[i]] <- stochasticresult
+     #################################
+ }
> ###################################################
> 
> print(reslist)
[[1]]
  [1] 10 11 21 16 17 11 12  8  7 14 20 14  9  9 14 22  9  5  3  3  1  1  1  1  1
 [26]  1  5  3  3  3  3  3  1  1  1  1  1  0  0  0  0  0  0  0  0  0  0  0  0  0
 [51]  0  0  0  0  0  0  0  0  0  0  0  0  0  0  0  0  0  0  0  0  0  0  0  0  0
 [76]  0  0  0  0  0  0  0  0  0  0  0  0  0  0  0  0  0  0  0  0  0  0  0  0  0
[101]  0  0  0  0  0  0  0  0  0  0  0  0  0  0  0  0  0  0  0  0  0

[[2]]
  [1]   10   18    9   15    9   14   11    7    8   10    8   21   20    9    9
 [16]   13   12    8   10    8    6    6    6    5    4    4    4    2    2    7
 [31]    4    3    3    5    5    5    5    5    9   26   21   15   19   16   40
 [46]   40   41   31   32   39   39   29   54   50   40   39   48   51   56   44
 [61]   55   63   56   59   75   92   96  100   97  122  120  115  122  125  142
 [76]  164  168  170  177  190  212  180  174  203  196  184  211  198  221  245
 [91]  250  240  260  303  290  296  289  296  373  361  387  423  424  441  479
[106]  493  515  555  568  585  584  580  589  639  716  799  792  902  952 1004
[121]  993

[[3]]
  [1]  10  17  11   8   6  10   8  13  10  18  15   9  12  14  18  16  17  21
 [19]  20  18  14  14  19  25  25  22  27  26  22  16  22  17  19  20  23  27
 [37]  20  16  16  30  31  24  27  44  35  28  28  32  41  36  37  36  35  30
 [55]  23  29  26  23  30  28  33  33  41  36  41  44  53  54  56  46  48  62
 [73]  85  82  93  99 116 106 109 109 116 127 136 154 142 134 144 139 142 166
 [91] 173 182 190 189 164 199 207 181 192 195 213 229 260 250 236 220 270 275
[109] 271 305 334 348 352 334 372 395 400 395 358 360 365

[[4]]
  [1]   10    8    7    7   15   15   12   11   11   25   30   39   31   23   19
 [16]   25   37   39   45   48   48   47   36   37   56   45   37   46   33   60
 [31]   52   41   39   36   49   49   66   79   67   61   83   78   79   99  107
 [46]   93   78  108  129  148  143  141  154  166  158  159  177  191  194  201
 [61]  189  192  230  242  249  266  265  261  301  335  318  318  318  358  397
 [76]  418  394  380  456  500  483  461  480  481  502  492  547  580  649  712
 [91]  756  746  831  857  884  902  965  954 1021 1131 1094 1199 1275 1402 1465
[106] 1434 1467 1552 1676 1599 1673 1772 1796 1924 2044 2069 2277 2349 2423 2445
[121] 2594

[[5]]
  [1] 10  6  6  6  5  3  2  2  2  2  5  6  5  4  2  2  2  1  0  0  0  0  0  0  0
 [26]  0  0  0  0  0  0  0  0  0  0  0  0  0  0  0  0  0  0  0  0  0  0  0  0  0
 [51]  0  0  0  0  0  0  0  0  0  0  0  0  0  0  0  0  0  0  0  0  0  0  0  0  0
 [76]  0  0  0  0  0  0  0  0  0  0  0  0  0  0  0  0  0  0  0  0  0  0  0  0  0
[101]  0  0  0  0  0  0  0  0  0  0  0  0  0  0  0  0  0  0  0  0  0

[[6]]
  [1]   10   11   14   11   12   15   18   32   27   32   29   22   19   16   26
 [16]   31   28   23   21   36   26   29   37   36   38   29   25   36   37   35
 [31]   39   42   47   52   64   55   62   60   54   67   67   86   92  112  116
 [46]  106  138  146  156  162  160  150  166  182  166  170  191  187  185  166
 [61]  224  225  227  257  252  274  260  278  303  312  276  290  323  333  360
 [76]  324  344  338  315  377  384  371  399  400  428  505  520  535  570  572
 [91]  617  625  693  693  747  712  718  740  816  894  936  904  882  941 1011
[106] 1077 1120 1120 1095 1248 1381 1473 1472 1535 1608 1612 1622 1695 1837 1856
[121] 1956

[[7]]
  [1] 10  6  5  4  4  4  4  8  7  6  3  3  1  0  0  0  0  0  0  0  0  0  0  0  0
 [26]  0  0  0  0  0  0  0  0  0  0  0  0  0  0  0  0  0  0  0  0  0  0  0  0  0
 [51]  0  0  0  0  0  0  0  0  0  0  0  0  0  0  0  0  0  0  0  0  0  0  0  0  0
 [76]  0  0  0  0  0  0  0  0  0  0  0  0  0  0  0  0  0  0  0  0  0  0  0  0  0
[101]  0  0  0  0  0  0  0  0  0  0  0  0  0  0  0  0  0  0  0  0  0

[[8]]
  [1]  10  22  18  33  19  15  13  16  18  15  15  15  14  18  24  16  19  17
 [19]  19  21  32  22  35  25  28  39  45  37  28  29  34  29  49  54  34  29
 [37]  44  38  56  66  67  62  47  57  47  72  67  68  81  87  85  72 109  99
 [55]  90  81  86  77 101  82  89 105 103 102 124 135 116 123 110 120 133 137
 [73] 124 129 140 170 181 146 150 146 160 192 208 200 199 204 184 186 209 241
 [91] 257 246 240 299 315 323 363 400 391 372 370 378 390 420 446 465 471 470
[109] 492 547 553 521 564 622 701 732 704 736 736 763 759

[[9]]
  [1] 10  8  6  2  2  2  1  1  1  4  4  3  2  2  2  2  4  2  2  2  1  0  0  0  0
 [26]  0  0  0  0  0  0  0  0  0  0  0  0  0  0  0  0  0  0  0  0  0  0  0  0  0
 [51]  0  0  0  0  0  0  0  0  0  0  0  0  0  0  0  0  0  0  0  0  0  0  0  0  0
 [76]  0  0  0  0  0  0  0  0  0  0  0  0  0  0  0  0  0  0  0  0  0  0  0  0  0
[101]  0  0  0  0  0  0  0  0  0  0  0  0  0  0  0  0  0  0  0  0  0

[[10]]
  [1]  10  10  10  15  14  11  11  17  30  26  32  26  31  30  25  24  22  20
 [19]  14  10  15  22  17  20  21  23  29  23  17  24  27  29  41  35  25  27
 [37]  51  49  52  52  62  63  70  63  82  78  78  70  84 112  94  76  84  92
 [55] 119 138 140 119 143 133 151 171 182 171 144 160 171 179 174 161 150 147
 [73] 153 156 181 151 144 179 244 234 224 219 217 227 239 244 219 230 267 305
 [91] 288 278 264 282 303 339 361 385 362 399 458 502 511 510 503 545 520 537
[109] 585 578 649 615 614 626 650 618 676 663 659 732 759

[[11]]
  [1]  10   9   9   5   5   5   8   9  12  11  11  14   8   7  14  11  21  25
 [19]  22  23  18  13  20  20  18  14  16  17  16  12  13  12   9  13  14  14
 [37]  12  24  19  19  13  15  20  20  16  27  25  22  18  16  20  33  21  18
 [55]  16  16  19  16  17  14  17  16  14  13  15  32  24  23  25  25  30  25
 [73]  20  16  30  28  26  24  31  26  30  40  50  42  40  34  49  61  56  46
 [91]  56  55  54  58  54  72  79  76  79  72  86  90  85  80  80 108  98  90
[109]  98 100 135 123 123 117 148 153 165 192 216 191 197

[[12]]
  [1] 10 14 18 17 14 18 14 12 10  8  8  7  3  1  1  1  1  1  1  0  0  0  0  0  0
 [26]  0  0  0  0  0  0  0  0  0  0  0  0  0  0  0  0  0  0  0  0  0  0  0  0  0
 [51]  0  0  0  0  0  0  0  0  0  0  0  0  0  0  0  0  0  0  0  0  0  0  0  0  0
 [76]  0  0  0  0  0  0  0  0  0  0  0  0  0  0  0  0  0  0  0  0  0  0  0  0  0
[101]  0  0  0  0  0  0  0  0  0  0  0  0  0  0  0  0  0  0  0  0  0

[[13]]
  [1] 10 13 14  8 12  6  5  2  2  2  1  1  6  2  2  2  1  1  1  0  0  0  0  0  0
 [26]  0  0  0  0  0  0  0  0  0  0  0  0  0  0  0  0  0  0  0  0  0  0  0  0  0
 [51]  0  0  0  0  0  0  0  0  0  0  0  0  0  0  0  0  0  0  0  0  0  0  0  0  0
 [76]  0  0  0  0  0  0  0  0  0  0  0  0  0  0  0  0  0  0  0  0  0  0  0  0  0
[101]  0  0  0  0  0  0  0  0  0  0  0  0  0  0  0  0  0  0  0  0  0

[[14]]
  [1]  10  16  24  17  14  12  14   9   7  14  10  14  14  12  18  25  12  10
 [19]  12   8  11  13   9   7   6   6  11   8  12  14  10   6   5   8  12  17
 [37]   7   6   6   4   4   4  12  18  12  10   9   9  17  17  29  19  17  23
 [55]  28  28  23  24  40  28  22  27  26  18  27  24  38  35  24  19  22  39
 [73]  30  29  36  33  42  42  40  51  36  58  39  51  50  49  82  79  74  74
 [91]  76  80  80  96 105 118 103 124 130 138 124 119 151 148 141 147 167 181
[109] 172 183 218 183 203 204 184 185 171 239 225 254 267

[[15]]
  [1]   10   20   23   18   14   18   22   29   25   26   20   21   23   25   24
 [16]   24   43   42   41   33   31   33   38   33   27   37   35   39   55   46
 [31]   50   38   43   49   38   53   43   33   59   64   55   51   68   58   65
 [46]   78   83   58   81   95  108  105  103  106  113  118  110  110  115  137
 [61]  121  165  161  156  144  145  136  143  179  155  173  187  209  167  175
 [76]  205  197  214  211  203  213  243  265  231  232  250  297  308  321  327
 [91]  317  338  376  407  385  444  449  487  505  510  557  574  603  688  760
[106]  808  814  802  856  929  938  941 1003 1111 1141 1153 1194 1215 1182 1241
[121] 1321

[[16]]
  [1]  10  15  14  11  23  24  29  30  28  36  34  33  23  23  30  27  33  39
 [19]  37  46  49  36  36  37  30  29  30  23  29  34  41  31  49  41  38  33
 [37]  33  37  50  44  43  28  27  20  23  21  19  19  18  19  28  20  17  19
 [55]  26  23  32  34  33  38  47  33  35  38  35  38  27  23  24  24  26  19
 [73]  23  18  25  28  18  24  22  17  17  40  44  34  26  34  47  45  38  45
 [91]  38  48  63  63  52  52  50  58  54  60  57  60  66  65  67  68  73  68
[109]  82 104 100  92 101 110 121 116 140 134 128 114 166

[[17]]
  [1]   10    8    9   12   10    5    5    5    4    4    4   11   10   12    8
 [16]    8    9   13   14   26   18   15   29   32   31   28   23   29   30   21
 [31]   26   32   41   31   34   34   61   68   50   44   45   59   56   54   61
 [46]   76  102   85   82   91   98  123  145  131  122  150  166  143  151  146
 [61]  156  211  220  240  262  237  266  299  331  351  349  358  358  397  439
 [76]  464  506  480  502  508  537  540  564  593  650  689  714  695  769  804
 [91]  843  934  968  999 1030 1028 1058 1094 1149 1257 1282 1342 1458 1547 1593
[106] 1624 1755 1775 1801 1999 2101 2138 2183 2356 2496 2564 2660 2737 2887 3118
[121] 3289

[[18]]
  [1] 10 11 15 12 11 10 14 17 14 17 12 16  9 12  7  7  5  4  9  5  3  2  9 15 17
 [26]  9  9 11  7  6  6  9 14  8  4  3  3  7 11 11  6  7  6  6  5  4  6  4  3  3
 [51]  2  2  0  0  0  0  0  0  0  0  0  0  0  0  0  0  0  0  0  0  0  0  0  0  0
 [76]  0  0  0  0  0  0  0  0  0  0  0  0  0  0  0  0  0  0  0  0  0  0  0  0  0
[101]  0  0  0  0  0  0  0  0  0  0  0  0  0  0  0  0  0  0  0  0  0

[[19]]
  [1] 10  9  6  6  6  6  6  4  7  3  3  3  2 11  7  7  4  3  3  3  2  2  2  2  7
 [26]  7  4  2  2 17 15 10  6  6 10 11 13  9  9  9  7 17 10  8  8 14  9  6  5  9
 [51]  7  5  5  4 10 11 10  6  3  3  3  2  5  3 10  7  5  3  3  2  1  1  3  2  2
 [76]  2  8 10  5 15  8  7  3  3  3  4  4  3  1  1  1  1  7  6  6  5  8 22 17 11
[101] 10  6 13 10 15 12 10  7  9 25 30 31 26 33 42 43 43 51 44 54 64

[[20]]
  [1] 10 17 15 14 10 12 14  3  4  2  2  2  4  4  3  2  2  2  8  9  6  3  2  2  2
 [26]  1  1  1  2  1  1  1  1  0  0  0  0  0  0  0  0  0  0  0  0  0  0  0  0  0
 [51]  0  0  0  0  0  0  0  0  0  0  0  0  0  0  0  0  0  0  0  0  0  0  0  0  0
 [76]  0  0  0  0  0  0  0  0  0  0  0  0  0  0  0  0  0  0  0  0  0  0  0  0  0
[101]  0  0  0  0  0  0  0  0  0  0  0  0  0  0  0  0  0  0  0  0  0

[[21]]
  [1]  10   9   8  11   8  14  14  16  18  25  28  25  28  19  20  17  23  16
 [19]  21  22  18  18  14  20  19  21  24  26  31  34  36  29  35  30  30  22
 [37]  19  28  26  26  21  28  34  23  32  43  47  41  38  37  40  42  43  44
 [55]  61  66  64  66  63  57  50  49  55  49  64  54  60  59  72  83  85  74
 [73]  76 108 123 102 102 120 125 181 186 168 162 160 178 159 194 172 163 167
 [91] 177 167 185 194 194 178 174 198 210 233 226 230 271 292 302 281 260 280
[109] 308 274 306 329 311 339 392 369 391 391 424 447 499

[[22]]
  [1] 10  4  1  1  1  1  1  1  1  1  0  0  0  0  0  0  0  0  0  0  0  0  0  0  0
 [26]  0  0  0  0  0  0  0  0  0  0  0  0  0  0  0  0  0  0  0  0  0  0  0  0  0
 [51]  0  0  0  0  0  0  0  0  0  0  0  0  0  0  0  0  0  0  0  0  0  0  0  0  0
 [76]  0  0  0  0  0  0  0  0  0  0  0  0  0  0  0  0  0  0  0  0  0  0  0  0  0
[101]  0  0  0  0  0  0  0  0  0  0  0  0  0  0  0  0  0  0  0  0  0

[[23]]
  [1] 10 10  7  3  2  1  0  0  0  0  0  0  0  0  0  0  0  0  0  0  0  0  0  0  0
 [26]  0  0  0  0  0  0  0  0  0  0  0  0  0  0  0  0  0  0  0  0  0  0  0  0  0
 [51]  0  0  0  0  0  0  0  0  0  0  0  0  0  0  0  0  0  0  0  0  0  0  0  0  0
 [76]  0  0  0  0  0  0  0  0  0  0  0  0  0  0  0  0  0  0  0  0  0  0  0  0  0
[101]  0  0  0  0  0  0  0  0  0  0  0  0  0  0  0  0  0  0  0  0  0

[[24]]
  [1] 10 15 16 24 22 20 27 27 20 31 20 13 11 24 16 18 20 14 15 12 16 20 23 19 25
 [26] 27 21 20 14 19 10  8  8  6  5  5  4  2  2  8  6 11  9  9  9  8 12 12 23 16
 [51] 33 34 32 31 42 42 50 47 50 47 44 41 45 54 59 50 62 56 50 46 47 44 40 43 30
 [76] 45 59 53 41 37 53 49 51 52 45 39 39 40 45 50 53 40 40 46 54 49 55 46 53 47
[101] 57 57 52 55 59 47 63 66 58 67 73 81 73 57 64 58 57 60 58 66 75

[[25]]
  [1]   10   14   10   18   28   23   26   25   23   35   36   39   42   50   56
 [16]   54   77   72   71   74   82   82  114  110   96  118  111  120  120  117
 [31]  126  110  117  150  161  147  174  186  190  180  202  201  208  188  206
 [46]  226  222  215  190  192  249  252  242  242  263  286  328  323  307  320
 [61]  337  354  358  352  405  379  454  428  416  460  465  489  526  524  545
 [76]  577  632  709  665  698  686  707  724  887  976  901  923  957 1001 1031
 [91] 1050 1177 1154 1162 1226 1352 1352 1414 1525 1570 1532 1614 1747 1783 1910
[106] 1977 2032 2156 2186 2376 2607 2539 2720 2830 2914 3035 3121 3116 3228 3446
[121] 3612

[[26]]
  [1]  10  14   8  14  14  14  11   9  14  16  10  16  14  13  11  11   9   9
 [19]   8   8   4   4   3  12  10   8   7   6   4   4   9  12  15  13  16  11
 [37]  10  17  22  18  22  24  29  32  38  28  29  34  32  29  42  30  27  27
 [55]  40  45  47  52  51  55  53  49  56  58  71  60  59  49  64  74  75  89
 [73] 101 106 114 117 109 137 109 152 179 193 185 187 179 216 217 227 258 277
 [91] 289 280 322 292 318 314 365 348 343 390 420 427 456 412 425 445 458 464
[109] 488 514 503 588 593 592 646 622 706 785 787 777 754

[[27]]
  [1] 10 11  8 14 13  7  7 10  7  7  4  3  3  8  3  2  2  2  2 10  6  5  4 11  6
 [26]  6 11 14 15 17 17 10  8  9  5  3  2  5  2  2  2  2  8  3  3  2  2  2  2  2
 [51]  1  5  8  4  4  4  3  7  7  7  6  5  4  4  4  4  8 13 18 19 10 11 14 18 13
 [76] 13 20 21 21 15 19 19 26 25 27 24 34 28 28 21 24 18 33 21 24 17 12 13 16 19
[101] 24 26 21 19 25 33 30 23 35 38 40 41 37 55 61 59 43 57 49 40 39

[[28]]
  [1]  10   5  16  16  15  13  11  16  12  12  23  30  25  25  19  15  25  45
 [19]  35  36  36  31  39  43  57  55  56  48  65  75  74  61  65  71  74  71
 [37]  75  72  94  80  72  68  75  87  95  91  82  78  75  81  86  74  74  81
 [55]  91  70  81  71  72  84  89  92 116  93 104  98  88  96  84  91  92 101
 [73]  95 114 121 107 116 120  99 105  95 127 122 113  99 112 124 140 153 149
 [91] 123 136 159 166 142 147 177 203 189 210 204 213 246 275 316 319 332 363
[109] 315 343 368 397 395 410 468 446 462 489 497 487 520

[[29]]
  [1]   10   14   16   12    9    9    7   14   15   19   12   10   15   24   24
 [16]   21   23   25   29   42   43   41   38   44   40   45   47   36   36   30
 [31]   38   31   33   34   32   42   46   42   57   55   48   47   57   70   46
 [46]   62   56   54   49   57   55   76   70   63   66   59   72   72   72  115
 [61]   99   99   92  105  136  126  156  169  147  146  176  175  175  232  228
 [76]  233  215  229  224  243  267  264  323  297  293  298  296  330  365  356
 [91]  355  349  390  381  361  385  398  438  464  460  471  491  581  641  631
[106]  642  647  614  689  767  869  880  837  935  993 1052 1083 1075 1112 1214
[121] 1240

[[30]]
  [1]   10   16   12   10    9   17   20   18   24   16   18   21   16   26   25
 [16]   25   20   16   18   21   39   33   41   30   30   35   25   36   33   31
 [31]   30   30   23   34   31   42   54   42   57   59   68   53   59   51   52
 [46]   59   66   71   84   90   72   92  103  109  110  103  105  106  106  145
 [61]  170  150  149  154  165  148  150  174  158  173  164  191  182  190  198
 [76]  209  228  209  206  250  261  282  276  284  347  325  328  377  408  381
 [91]  418  386  445  470  484  487  586  556  580  606  634  651  674  622  657
[106]  691  699  734  744  718  751  784  787  860  817  837  920  915  994 1001
[121] 1038

[[31]]
  [1] 10  7  5  4  4  3  5  5  3  9  4  7  5  5  9 10  8  7 12 12 12  8  7  6  3
 [26]  2  7  4  2  2  2  2  3  0  0  0  0  0  0  0  0  0  0  0  0  0  0  0  0  0
 [51]  0  0  0  0  0  0  0  0  0  0  0  0  0  0  0  0  0  0  0  0  0  0  0  0  0
 [76]  0  0  0  0  0  0  0  0  0  0  0  0  0  0  0  0  0  0  0  0  0  0  0  0  0
[101]  0  0  0  0  0  0  0  0  0  0  0  0  0  0  0  0  0  0  0  0  0

[[32]]
  [1]   10   12    5    9   10    5    4    3   16   11   18   20   21   16   17
 [16]   11   15   10    8   11    7    8    6    9   17   15   21   18   21   21
 [31]   37   37   33   26   34   46   31   25   28   35   40   39   40   48   48
 [46]   48   44   33   49   38   54   45   57   62   67   74   68   72   76   75
 [61]   86   89   95  100   95  104  120  124  138  132  139  148  161  134  150
 [76]  145  163  174  195  199  205  234  236  252  269  303  292  295  365  354
 [91]  329  358  372  451  450  412  424  413  443  450  540  498  516  525  527
[106]  583  572  550  570  620  694  659  641  732  819  818  877  886  927  976
[121] 1012

[[33]]
  [1]  10   7   5   3   4  14  14  10  10  10  12  16  19  22  25  24  21  13
 [19]  18  14  13  15  11   8  19  13  28  19  17  18  12  16  18  13  14  17
 [37]  17  14  21  18  15  11  11  17  21  26  28  32  26  32  26  39  56  47
 [55]  38  43  38  49  39  40  38  42  35  40  51  42  64  66  70  86  73  87
 [73]  87  76 107 114 137 119 110 107 139 142 145 133 144 175 175 151 160 164
 [91] 168 149 156 169 175 195 198 195 203 199 229 239 212 215 232 234 220 216
[109] 236 219 241 279 269 263 275 272 272 283 298 329 377

[[34]]
  [1] 10  7 13 12 10 10 12 16 13 18 22 20 14 11  9  9  6  5  8  6  6  6  5  5  4
 [26]  9  6  6 13  8  6  4  8  5  1  1  1  1  1  1  1  1  1  1  5  3  3  3  3  1
 [51]  1  0  0  0  0  0  0  0  0  0  0  0  0  0  0  0  0  0  0  0  0  0  0  0  0
 [76]  0  0  0  0  0  0  0  0  0  0  0  0  0  0  0  0  0  0  0  0  0  0  0  0  0
[101]  0  0  0  0  0  0  0  0  0  0  0  0  0  0  0  0  0  0  0  0  0

[[35]]
  [1] 10 16 21 16 15 13 11 11  7 10  7  7  7  5  3  3  3  5  8  4  7 10  5  4  4
 [26]  6  4 11  8  8 10  8  6 11 12  9  7  6  4  3  2  2  2  4  2  1  0  0  0  0
 [51]  0  0  0  0  0  0  0  0  0  0  0  0  0  0  0  0  0  0  0  0  0  0  0  0  0
 [76]  0  0  0  0  0  0  0  0  0  0  0  0  0  0  0  0  0  0  0  0  0  0  0  0  0
[101]  0  0  0  0  0  0  0  0  0  0  0  0  0  0  0  0  0  0  0  0  0

[[36]]
  [1]  10  12  14  14  11   9  23  24  18  22  24  20  29  23  34  23  29  29
 [19]  33  32  27  28  24  28  46  32  29  31  35  37  33  42  41  36  34  43
 [37]  37  54  56  62  56  46  50  70  63  79  68  64  54  53  56  57  61  56
 [55]  74  88  78  87  89 107  82  88  91  90 122 125 120 126 116 103 115 110
 [73] 126 136 151 142 159 164 162 179 194 162 149 188 189 193 196 189 236 254
 [91] 245 244 276 291 323 314 315 353 393 369 400 429 482 466 464 437 468 500
[109] 532 499 498 504 569 689 686 663 684 775 731 755 751

[[37]]
  [1] 10  4  3  4  3  3  3 14  8  6  4 10  9 10 22 16 11  8  8  7  7  5 16 13 16
 [26] 12 19 15 14 20 18 13 11  8  9 12 21 17 19 14  9 15 12 10  8  7 12  6 10 17
 [51]  8  6  4 10 15  9  6  6  6 13 11 10 16 15  9  7 10 11  7  7  4 10 14  7  9
 [76]  7  7  4  3  3  6 10  4  4  4  4  3  2  2  2  2  2  2  2  2  9  7  6  5 12
[101] 15 13 10 15  9  8 16 13 18 19 15 13 12 24 17 19 15 12 16 29 27

[[38]]
  [1]   10   17   12   23   21   19   25   28   21   40   48   32   36   53   62
 [16]   70   74   72   65   55   61   52   57   51   44   58   73   80   83   83
 [31]   76   69  106  105  101   98   94   84   88  109  102  118  108  116  121
 [46]  106  117  134  137  133  175  183  168  171  201  211  234  211  214  217
 [61]  213  226  220  216  206  213  240  238  229  276  244  264  301  304  326
 [76]  326  320  344  382  383  374  376  384  397  392  439  431  476  477  477
 [91]  495  520  524  542  568  585  536  574  593  611  728  786  775  811  868
[106]  972  991 1021 1096 1174 1206 1322 1336 1413 1419 1523 1540 1536 1519 1629
[121] 1676

[[39]]
  [1]  10  17  18  19  22  16  16  19  18  34  30  23  22  21  27  29  31  33
 [19]  31  25  23  17  23  26  24  20  30  32  31  23  22  27  32  38  48  48
 [37]  54  45  48  54  48  46  52  59  70  78  76  75  74  71  65  77  82  77
 [55]  94 100 118 106  97 132 122 146 135 145 157 160 163 188 199 189 191 214
 [73] 217 189 192 194 209 211 235 237 251 236 239 277 291 327 312 302 304 290
 [91] 305 319 366 359 411 399 421 428 440 491 520 524 530 605 592 600 631 668
[109] 669 640 653 665 701 761 763 755 862 869 882 931 987

[[40]]
  [1]   10    6    8    5    5   12   19   12    8    7    7    5    4    4   10
 [16]    7   14   15   12   22   18   17   15   21   18   15   17   19   25   25
 [31]   34   28   37   41   45   45   57   51   47   47   47   65   70   65   73
 [46]   72   86  106  105  103  101  131  122  133  143  124  156  183  182  188
 [61]  198  205  232  220  254  274  263  249  264  332  365  380  358  336  394
 [76]  374  437  427  452  462  549  541  546  559  572  579  684  710  735  773
 [91]  772  827  874  938 1007  963  960  980 1017 1095 1236 1330 1326 1309 1352
[106] 1448 1500 1522 1583 1610 1817 1892 1989 1998 2101 2175 2275 2397 2409 2538
[121] 2676

[[41]]
  [1] 10 16 12 13  8 12 15 10  7  6 10  6  5  9 11 14 12  9  9  7  7  8 12  7  5
 [26]  5  5 10  4  1  1  1  7  9  6  5  5  3  3  5  4  6  4  4  3  2  2  5  5  2
 [51]  1  1  0  0  0  0  0  0  0  0  0  0  0  0  0  0  0  0  0  0  0  0  0  0  0
 [76]  0  0  0  0  0  0  0  0  0  0  0  0  0  0  0  0  0  0  0  0  0  0  0  0  0
[101]  0  0  0  0  0  0  0  0  0  0  0  0  0  0  0  0  0  0  0  0  0

[[42]]
  [1] 10 10 21 15 17 12 12 17 16 10  9  8  5 12 18 13 11 17 20 14  8  7  5  5 11
 [26] 13 10  9 15 17 19 16 13 15 14 17 16 18 21 36 28 18 17 15 15 11 15 18 13 23
 [51] 20 19 24 24 16 16 15 19 14 17 22 25 21 15 22 17 23 18 21 28 18 18 20 26 25
 [76] 17 12  9 16 12 15 15 19 16 15 24 21 19 22 19 14 20 26 34 39 39 27 23 21 19
[101] 21 26 24 22 15 16 22 19 16 14 18 23 21 19 20 16 21 16 22 36 28

[[43]]
  [1] 10 11  8  7 17  9 11  9  3  3  3  1  1  1  1  1  5  4  4  4  4  4  4  2  1
 [26]  1  3  9  5  4  4  4  6  3  3  2  2  1  1  1  0  0  0  0  0  0  0  0  0  0
 [51]  0  0  0  0  0  0  0  0  0  0  0  0  0  0  0  0  0  0  0  0  0  0  0  0  0
 [76]  0  0  0  0  0  0  0  0  0  0  0  0  0  0  0  0  0  0  0  0  0  0  0  0  0
[101]  0  0  0  0  0  0  0  0  0  0  0  0  0  0  0  0  0  0  0  0  0

[[44]]
  [1]  10  10   7   7  11   9   6  18  24  22  17  14  25  21  24  26  21  13
 [19]  24  26  23  19  20  40  24  19  28  30  26  20  31  27  22  24  28  26
 [37]  28  20  18  21  20  28  33  33  45  40  44  51  40  44  41  33  48  42
 [55]  55  38  30  50  52  34  38  43  44  44  41  55  62  58  55  57  62  55
 [73]  68  83 109  96  86  89  85  92  75  98 109  94 120 132 145 160 153 161
 [91] 195 168 218 247 230 202 193 208 223 226 232 246 273 286 276 280 313 343
[109] 317 336 340 385 406 408 401 417 457 522 524 494 516

[[45]]
  [1]   10   11   15   17   11   11   11   17   13    9    8    8   18   12   17
 [16]   25   30   17   15   15   23   20   20   24   40   31   31   36   46   44
 [31]   48   52   62   56   58   53   58   70   73   85   90   85   87   78   92
 [46]   86   85   86   80   82   84  105   89   86   75   77   83   92  118  115
 [61]  105  107  136  145  160  164  149  161  178  184  213  236  240  227  252
 [76]  248  263  276  281  274  274  246  235  281  315  347  363  416  425  460
 [91]  491  453  492  534  548  570  595  564  612  711  782  694  671  755  801
[106]  806  911  908  928 1018  995 1112 1103 1106 1112 1153 1169 1307 1429 1466
[121] 1518

[[46]]
  [1]   10   10   24   30   28   20   25   27   24   40   42   36   29   38   35
 [16]   48   39   27   36   33   36   34   24   33   46   30   32   34   44   39
 [31]   44   48   42   40   35   48   55   54   49   51   60   63   52   50   60
 [46]   48   59   72   75   73   77   96  101  112  118  114  116  107  128  152
 [61]  133  145  161  145  178  167  181  189  204  202  214  220  232  235  231
 [76]  280  302  307  303  320  330  320  348  345  369  400  412  440  457  460
 [91]  455  460  482  492  494  495  500  524  627  647  699  681  714  766  772
[106]  838  820  928  927  935  949  968 1006  994 1051 1126 1217 1327 1322 1335
[121] 1382

[[47]]
  [1]  10  12   8  14  23  21  22  19  26  28  20  17  15  28  23  18  19  28
 [19]  17  18  15  18  21  15  17  12  10  14  18  23  19  17  11  12   8  14
 [37]   8   7  10   6   8   4   6  13   8   8   6   7   5   5   5  14  12  14
 [55]  10  10  15  23  20  23  19  24  31  31  29  36  50  41  42  50  56  67
 [73]  71  54  66  71  65  71  71  77  68  70  91 106  90  92  79  93 121 124
 [91] 124 122 112 100 123 139 147 137 132 128 144 163 143 146 140 165 202 172
[109] 159 176 209 257 255 260 263 277 293 327 321 349 402

[[48]]
  [1]   10   15   10    9   11   10   13   18   10   15   11   10   11    7    7
 [16]    7    6    9    7   21   31   37   32   25   26   46   35   24   22   25
 [31]   42   47   45   39   41   43   54   65   68   44   63   74   85   71   89
 [46]   74   73   71   89  108  102   83   79   84  128  118  108   94  130  140
 [61]  136  130  140  127  144  173  152  152  154  177  177  188  196  201  199
 [76]  222  233  223  278  250  305  342  320  320  345  344  371  367  362  368
 [91]  380  438  387  374  444  457  484  509  496  481  555  591  611  643  661
[106]  635  692  761  818  848  908  942 1019 1076 1142 1174 1161 1184 1275 1399
[121] 1461

[[49]]
  [1] 10  4  3  3  3  3  3  2  8  6  4  1  1  1  0  0  0  0  0  0  0  0  0  0  0
 [26]  0  0  0  0  0  0  0  0  0  0  0  0  0  0  0  0  0  0  0  0  0  0  0  0  0
 [51]  0  0  0  0  0  0  0  0  0  0  0  0  0  0  0  0  0  0  0  0  0  0  0  0  0
 [76]  0  0  0  0  0  0  0  0  0  0  0  0  0  0  0  0  0  0  0  0  0  0  0  0  0
[101]  0  0  0  0  0  0  0  0  0  0  0  0  0  0  0  0  0  0  0  0  0

[[50]]
  [1]  10  11   7  14   9   7  10  10   9  16  18  17  14  16  12  12   9  14
 [19]  15  24  15  14  12  18  29  26  29  26  26  34  47  44  52  65  66  51
 [37]  39  45  47  42  50  52  48  46  48  56  70  71  68  75  78  78  87  85
 [55]  81  66  75  94  79 115 116 109  95 101 101  97 108 117 140 134 139 128
 [73] 134 153 151 158 176 197 197 208 245 253 231 249 298 327 338 321 307 320
 [91] 299 286 297 363 385 358 374 377 411 419 425 414 436 446 503 481 541 572
[109] 605 616 660 701 672 695 783 782 781 779 824 890 889

[[51]]
  [1] 10 17 14 15 12 11 18 14 16 20 14  9 10 21 15 17 13 11  8  6 14  9  8  6  6
 [26]  8  9 12  9  9  4  6 10  7  5  5  4  4  4  8 14  9  9 15 11  9  9 13 12 15
 [51]  9  7  6  5  6  4  3  3  1  1  1  1  1  4  3  2  2  1  1  0  0  0  0  0  0
 [76]  0  0  0  0  0  0  0  0  0  0  0  0  0  0  0  0  0  0  0  0  0  0  0  0  0
[101]  0  0  0  0  0  0  0  0  0  0  0  0  0  0  0  0  0  0  0  0  0

[[52]]
  [1]   10   14   15   18   28   21   17   20   22   23   38   32   27   29   39
 [16]   33   42   51   45   51   39   45   37   42   50   47   54   48   61   63
 [31]   60   66   56   61   55   56   62   70   60   73   82   78   82   86   98
 [46]   91   87   93  124  129  123  137  166  140  154  161  181  195  201  222
 [61]  187  225  241  220  240  239  243  268  302  325  311  334  313  325  359
 [76]  388  422  509  537  543  509  511  556  585  585  537  601  636  689  685
 [91]  707  735  710  780  805  871  937  935  917  914  933  983  990 1028 1079
[106] 1146 1175 1159 1221 1206 1336 1370 1422 1533 1612 1657 1671 1777 1934 2114
[121] 2140

[[53]]
  [1]  10   8   8   6   5   3   2   8   7   6   6   4   3   3   7   4   3   2
 [19]   7  16  11   8   7  10   8  11  13  14  10   9  11   8  24  15  13  15
 [37]  14  17  38  35  33  24  42  42  35  38  36  52  52  53  44  46  58  80
 [55]  86  80  72  81  92  98  85  87 104 102 100 118 120 121 127 160 152 138
 [73] 154 141 158 160 194 153 150 183 190 201 206 203 195 218 197 206 209 220
 [91] 243 251 239 268 297 284 315 331 337 366 359 424 403 452 443 502 496 528
[109] 541 537 609 610 614 617 690 671 697 754 791 818 837

[[54]]
  [1]   10   11   16    6    6    6   14   10    8   15   16   24   27   42   42
 [16]   43   43   70   66   74   91   81   94  111  117  108  107  130  186  151
 [31]  151  159  163  195  205  171  164  188  192  244  223  191  224  224  237
 [46]  255  242  287  260  255  270  265  311  331  362  348  346  330  362  431
 [61]  460  489  463  474  499  466  465  514  476  503  484  455  518  571  582
 [76]  564  622  636  674  752  760  762  848  848  876  999 1008  999  964 1013
 [91] 1091 1050 1108 1248 1235 1364 1397 1382 1354 1427 1531 1647 1635 1692 1775
[106] 1848 1954 2098 2153 2266 2369 2415 2522 2538 2552 2717 2825 2868 2889 2971
[121] 3130

[[55]]
  [1]   10    8   12    7    5   18   16   17   12   14   27   29   23   19   18
 [16]   20   30   31   33   33   33   26   37   34   34   42   38   44   55   69
 [31]   78   86   94   79   78   86  105  128  136  105   90  123  142  141  127
 [46]  171  168  170  190  196  184  228  196  219  230  293  252  282  281  310
 [61]  289  259  298  339  368  373  365  347  442  426  438  483  494  502  593
 [76]  604  568  586  649  673  748  782  798  790  818  855  941  995 1000 1046
 [91] 1074 1094 1137 1122 1223 1285 1386 1451 1534 1608 1595 1646 1759 1847 1971
[106] 2103 2136 2010 2134 2257 2308 2361 2331 2441 2500 2633 2724 2827 3035 3240
[121] 3376

[[56]]
  [1]   10   12   20   15   11    9   19   16   15   15   14   13   11   10   13
 [16]   18   17   14   12   17   12   14   24   22   18   17   28   22   17   13
 [31]   17   22   16   13   17   17   18   13   12   34   41   33   25   23   24
 [46]   32   45   35   33   55   59   54   47   62   52   79   95   98   91   96
 [61]   88  112  128  125  114  105  125  155  167  148  146  140  167  190  202
 [76]  201  202  214  231  270  270  246  244  274  288  327  346  351  339  350
 [91]  360  424  410  413  382  449  457  445  485  503  564  567  565  571  625
[106]  724  737  796  772  800  850  858  865  889  964  992  998 1058 1064 1010
[121] 1123

[[57]]
  [1]   10   14   11   11   10   11   12    9    9    7   12   12   11   12   12
 [16]   24   35   21   25   25   22   38   51   47   49   47   47   45   62   71
 [31]   67   61   49   67   92   70   79   88   93   82   97  107  123  108  108
 [46]  117  103  116  117  133  157  142  127  144  187  183  198  190  216  211
 [61]  213  260  298  310  354  349  349  368  411  434  471  487  539  572  556
 [76]  611  639  668  702  780  798  837  855  970 1019  959 1011 1057 1040 1139
 [91] 1211 1252 1307 1435 1515 1614 1574 1668 1715 1705 1776 1839 1978 2008 2014
[106] 2076 2195 2397 2471 2488 2584 2680 2776 2951 3170 3230 3415 3478 3627 3805
[121] 3945

[[58]]
  [1]   10   15   17   14   12   11   14   10   14   19   15   18   21   28   40
 [16]   41   46   38   47   54   48   58   61   59   63   54   62   65   71   66
 [31]   52   58   56   58   78   67   82   72   66   64   57   82   97   92   93
 [46]   81   90  105  118  105  120  119  140  123  110  112  124  111  134  126
 [61]  139  143  134  140  175  194  198  184  204  186  222  222  236  211  207
 [76]  204  210  237  256  250  286  280  290  328  370  377  399  411  430  464
 [91]  484  545  534  539  540  543  554  590  663  669  672  719  811  813  821
[106]  894  893  904  959  977  972 1057 1060 1174 1153 1221 1203 1276 1231 1288
[121] 1327

[[59]]
  [1] 10 18 17 12 12 14 15  8  7 14 12 15  9  9  6  5  2  2  2  1  1  0  0  0  0
 [26]  0  0  0  0  0  0  0  0  0  0  0  0  0  0  0  0  0  0  0  0  0  0  0  0  0
 [51]  0  0  0  0  0  0  0  0  0  0  0  0  0  0  0  0  0  0  0  0  0  0  0  0  0
 [76]  0  0  0  0  0  0  0  0  0  0  0  0  0  0  0  0  0  0  0  0  0  0  0  0  0
[101]  0  0  0  0  0  0  0  0  0  0  0  0  0  0  0  0  0  0  0  0  0

[[60]]
  [1]  10   6   5  10  13  10  10   8  13  13   9   9   6  14   9   9   8   6
 [19]   5   4   2   2   2   2   2   1   1   1   1   1   1   9   9  13   7   6
 [37]   5   4   4   4   7   7  13  12  15  11   9   8  18  12  16  14   9  11
 [55]   8   7   9   8  12  14  19  13  12  24  14  30  23  27  21  25  30  34
 [73]  37  38  30  28  31  42  34  46  47  47  61  55  56  65  69  95  86  86
 [91]  82  91 105  95  95 113 118 107  91 106 139 147 139 140 153 158 165 228
[109] 214 187 209 211 224 249 265 271 254 299 355 356 321

[[61]]
  [1]  10   7   5   7   9   8   6   6  13   8   7  10  10   7   5   4   4   4
 [19]  11  13  13  14   8  14  11  20  11   9   6  14  16  13   8   6   6   2
 [37]   2   8   5  12   9   7   7   7  15  16  18  17  13  10  12  17  15  14
 [55]  13  21  21  23  34  28  25  29  25  24  28  31  51  54  53  54  48  52
 [73]  79  74  81  86  88  82  88 105  85  78  77  94  83  97 105 121 141 124
 [91] 134 139 159 176 204 188 181 205 214 233 254 248 277 285 271 262 287 304
[109] 322 334 339 384 408 432 445 465 486 511 542 557 559

[[62]]
  [1] 10  9  6  9 13 11 13  9 13 10 12 12 10  6  2  7  5  4  2  2  6  2  1  1  1
 [26]  1  1  1  1  1  1  1  1  1  1  1  1  1  1  1  7  3  1  1  1  1  1  1  0  0
 [51]  0  0  0  0  0  0  0  0  0  0  0  0  0  0  0  0  0  0  0  0  0  0  0  0  0
 [76]  0  0  0  0  0  0  0  0  0  0  0  0  0  0  0  0  0  0  0  0  0  0  0  0  0
[101]  0  0  0  0  0  0  0  0  0  0  0  0  0  0  0  0  0  0  0  0  0

[[63]]
  [1]  10  23  15  15  12  10  15  16  10   9  12  11  12  12  22  21  15  19
 [19]  16  13  10  14  16  23  36  30  26  20  14  25  32  26  17  18  12  20
 [37]  22  23  17  13  13  10  22  20  21  24  22  25  22  19  17  17  40  30
 [55]  33  31  26  36  32  37  31  41  32  28  20  28  27  29  23  23  24  21
 [73]  23  17  17  26  20  15  12   8  13  17  12  11  13  17  24  21  18  16
 [91]  16  25  30  35  30  34  26  20  37  37  39  32  33  40  34  46  41  43
[109]  49  57  54  60  65  70  65  78  86  87  81  99 132

[[64]]
  [1]  10  14   7   8   6   5   9  12  10   6   6   6   5   5   9   8   7   7
 [19]   4   7  10   7   7  13  15  15   8   7   6   6   6  13  15  12  25  16
 [37]  20  20  17  16  13  22  29  42  35  26  19  20  22  19  21  19  19  21
 [55]  18  18  15  13  23  16  18  22  17  21  23  28  20  24  25  27  22  42
 [73]  45  36  34  48  49  52  49  54  61  88  68  65  72  85 105 121 121 135
 [91] 128 131 144 159 166 165 173 198 227 260 253 278 270 303 341 314 345 349
[109] 354 339 368 436 470 470 448 432 465 521 519 575 566

[[65]]
  [1]  10   9   5   5   4  11  12  14   8   6  11   8   7  11   6  10  11   8
 [19]  16  13  21  31  21  23  26  25  29  29  17  14  17  19  14  17  25  30
 [37]  26  19  25  31  34  39  40  49  56  48  46  45  41  42  49  29  40  33
 [55]  37  48  57  58  61  63  71  68  74  65  69  83  68  67  69  83  63  68
 [73]  78  71  69  79  98 106  87  89  97 118 106 112 100 100 107 130 133 138
 [91] 128 120 145 138 147 177 177 173 186 170 206 216 212 209 219 231 275 268
[109] 296 257 236 272 296 302 336 304 314 346 328 332 339

[[66]]
  [1] 10 12  8  8  7  6  2  9  8  5  4  4  4 10  9 19 13 17 19 23 27 15 14 11 14
 [26] 14 10 10  8 10 12 11  7  6 12  8  6  4  5  2  2  2  2  2  1  1  1  1  1  1
 [51]  1  0  0  0  0  0  0  0  0  0  0  0  0  0  0  0  0  0  0  0  0  0  0  0  0
 [76]  0  0  0  0  0  0  0  0  0  0  0  0  0  0  0  0  0  0  0  0  0  0  0  0  0
[101]  0  0  0  0  0  0  0  0  0  0  0  0  0  0  0  0  0  0  0  0  0

[[67]]
  [1]   10   15   14   14    8    7    6   17   15   14   16   16   29   36   33
 [16]   30   27   36   42   48   38   42   39   37   38   36   36   35   24   42
 [31]   50   64   61   49   60   53   55   48   56   68   85   75   66   76   92
 [46]   94   86   94   88  120  150  129  136  151  184  181  188  198  206  236
 [61]  237  205  191  191  226  263  260  307  335  292  292  308  339  327  322
 [76]  338  368  384  427  413  429  432  486  482  495  504  499  535  553  548
 [91]  586  631  698  746  736  745  809  803  960  972 1023 1033 1080 1125 1195
[106] 1267 1285 1316 1349 1500 1554 1562 1614 1717 1751 1767 1877 1897 2069 2209
[121] 2243

[[68]]
  [1] 10 16 10 11 19 23 21 13 11  9  5  7  6  5  5 10  7 10  6  5  5  5  6  4 12
 [26] 15 16 17 19 16 18 21 16 14 20 30 27 22 21 20 14 22 18 13 14 15 17 18 15 21
 [51] 16 16 14 19 27 15 11  7  7  6 11  8  5  5  4  4  7  5  4  6  3  3  2  2  2
 [76]  1  1  1  1  1  1  1  0  0  0  0  0  0  0  0  0  0  0  0  0  0  0  0  0  0
[101]  0  0  0  0  0  0  0  0  0  0  0  0  0  0  0  0  0  0  0  0  0

[[69]]
  [1]  10  22  17  13  25  26  17  24  23  17  11  15  15   9  14  17  12  17
 [19]  18  21  21  30  22  24  25  33  32  36  42  31  22  19  39  27  28  22
 [37]  23  15  12  12  10  23  26  32  22  29  34  39  38  36  38  51  50  57
 [55]  50  45  62  54  51  52  54  42  57  68  68  84  87  86  85  75  89 101
 [73] 117 112 120 125 138 123 150 169 194 198 196 209 234 247 284 295 276 281
 [91] 291 318 333 369 354 374 333 316 325 357 382 423 407 431 470 492 486 521
[109] 535 596 607 607 667 740 800 851 845 812 902 977 982

[[70]]
  [1]  10   8   8   7   6   8  13   9   5   4   4   4   3   9   7  10   8  18
 [19]  15  13  18  18  22  21  19  12  17  13  10  25  17  21  15  20  26  25
 [37]  34  19  35  30  44  32  32  28  24  25  28  23  25  23  28  16  14  22
 [55]  22  18  20  18  33  33  37  44  42  39  45  43  40  30  38  39  52  60
 [73]  58  52  64  73  75  62  71  71  69  67  69  81  76 100  98  98 106 118
 [91] 125 128 137 107 116 119 123 131 132 155 144 145 176 191 177 226 197 186
[109] 174 189 211 221 240 231 216 205 230 235 237 228 277

[[71]]
  [1]  10  10  17  14  14  26  18  19  21  19  15  11  16  20  17  24  23  16
 [19]  20  20  23  24  35  41  40  30  25  39  23  22  26  23  30  49  55  43
 [37]  53  54  62  64  74  71  85  76  73  80  84  87  67  88  87  90  80  83
 [55]  93  85  79  83  75  69  66  87  87  74  84 101 111 110 116 127 138 127
 [73] 145 129 175 184 194 186 203 211 231 219 240 231 237 208 224 238 263 287
 [91] 276 270 321 384 396 411 401 455 458 438 465 497 531 577 597 639 621 629
[109] 632 676 726 723 741 710 735 783 838 884 918 913 941

[[72]]
  [1]   10   12   21   13   10   13   19   21   13   17   14   13   13   17   20
 [16]   22   30   22   24   27   39   29   39   37   41   35   46   52   54   62
 [31]   59   67   63   69   68   84  100   89   82  110  107  103  129  149  135
 [46]  115  147  177  195  208  228  214  235  252  267  266  275  274  279  290
 [61]  308  337  327  299  318  363  342  319  323  376  372  387  409  405  441
 [76]  476  554  536  566  584  598  638  663  760  767  735  782  780  842  951
 [91] 1018 1007 1104 1127 1184 1227 1342 1388 1332 1406 1476 1485 1611 1631 1725
[106] 1844 1899 1933 1882 2057 2170 2304 2489 2428 2472 2636 2808 2915 3107 3301
[121] 3338

[[73]]
  [1]  10   8   5   9   6   5   4   9  12   8   8   7  12  10   9  13  10  10
 [19]   9  25  22  23  17  15  16  13  11  14  29  23  25  21  22  20  17  13
 [37]  18  21  22  29  28  26  27  31  26  27  27  33  34  45  45  34  42  40
 [55]  34  39  43  42  48  57  50  52  52  63  66  76  68  61  77  82 113  84
 [73]  71  71  95  88 109 112 117 123 116 102 132 144 175 177 149 156 173 239
 [91] 216 211 200 186 241 223 208 208 187 215 261 234 239 248 262 271 313 333
[109] 394 409 431 426 460 456 453 445 497 543 549 586 593

[[74]]
  [1]  10  19  13  11   8  10  14  14   9  16   9   8   7   6   5  17   8  22
 [19]  29  31  25  29  42  33  25  34  53  45  33  26  27  35  60  69  54  47
 [37]  54  59  64  54  49  56  71  63  71  66  75  74  68  63  80  92  80  74
 [55]  71  74 100  83  95  91 100 122 130 144 136 124 141 172 187 165 175 177
 [73] 198 227 196 201 204 204 212 211 225 238 274 281 279 261 270 310 317 307
 [91] 291 252 331 336 344 339 364 391 389 360 411 425 413 447 435 428 498 480
[109] 506 522 516 489 546 586 637 667 682 729 713 745 834

[[75]]
  [1]   10   18    9    6    5    7    6   14   22   16   15   20   25   22   24
 [16]   22   30   35   34   27   34   40   33   33   35   46   41   55   59   59
 [31]   58   56   55   65   49   70   44   51   40   52   61   61   52   74   66
 [46]   75   72   79   95   80   79   79   71   77   73   74   78   74   88   76
 [61]   77   90  109   98   96   99  126  145  143  165  165  165  176  188  212
 [76]  228  207  214  217  262  275  290  283  283  296  311  325  310  347  343
 [91]  347  374  391  397  432  464  475  510  519  547  563  560  597  641  664
[106]  720  820  790  810  870  870  999 1015 1003  998 1065 1145 1141 1191 1222
[121] 1344

[[76]]
  [1]  10  12   9   7  14   8   7   7   6   7  11   7   6   3   3   9  15  11
 [19]   8   4   4   3   8  18  13  10   7  22  17  19  16  13  20  26  25  19
 [37]  19  32  34  31  32  34  35  39  37  29  35  26  25  32  32  34  31  36
 [55]  27  36  34  20  17  19  23  40  44  35  28  23  19  26  31  35  38  50
 [73]  68  54  46  48  69  94  85  78  85  89  74  80 109 106 108 104 109 125
 [91] 139 140 158 171 172 192 185 209 199 211 219 216 223 262 276 258 269 323
[109] 345 318 319 341 396 402 404 400 415 446 464 480 468

[[77]]
  [1]  10   8  11   7  12  16  16  18  13  16  11  10   8  17  17  17  13  18
 [19]  14  18  31  19  14  12  11   9  15  12  10  18  15  18  21  25  20  23
 [37]  17  40  36  25  23  20  14  32  34  35  30  30  27  21  18  14  11   9
 [55]  28  33  32  32  34  41  34  42  32  37  32  30  45  57  57  53  39  38
 [73]  49  62  50  44  42  55  41  60  58  43  40  38  39  31  48  59  71  56
 [91]  61  65  94  97  88  99 108 119 138 134 124 134 161 161 182 164 155 169
[109] 196 229 240 216 248 272 278 263 271 266 271 291 297

[[78]]
  [1]   10    7    5    5    5    7   11   18   13   17   18   13   28   19   23
 [16]   19   23   20   12   11   23   20   14   14   12   16   14   17   20   21
 [31]   24   28   16   13   19   20   22   24   32   30   40   61   58   79   71
 [46]   69   79   93   87   89   85   88   82   90  126  121  110  132  150  181
 [61]  165  158  144  161  222  205  191  186  209  199  188  212  237  268  288
 [76]  275  303  336  322  358  393  372  377  380  466  484  456  431  441  512
 [91]  544  588  581  652  673  700  720  747  763  735  787  767  828  872  905
[106] 1021 1034 1005 1088 1201 1234 1300 1301 1481 1449 1561 1671 1696 1789 1871
[121] 1926

[[79]]
  [1]  10  11  10   8   5   7   9   6  11  12  10   6   6   4   5   9   7   4
 [19]   4   4   8   6   6   8  19  10  10  13   6   5   9   8   8  10   7   7
 [37]   6   6   4   9   6   5  12  11  10   9  17  11  18  17  19  14  23  17
 [55]  20  27  35  37  34  27  22  34  46  36  31  29  44  44  59  64  63  73
 [73]  76  70  65  76  58  76  82  89  89  88  78  89  87  95 105 101 127 114
 [91] 119 141 138 144 169 168 130 151 158 165 172 182 198 229 226 232 235 248
[109] 290 301 289 272 267 348 386 360 352 397 430 485 460

[[80]]
  [1]   10   18   18   14   13   19   24   23   25   36   37   29   27   31   55
 [16]   52   51   49   63   64   56   47   52   54   50   58   69   89   78   64
 [31]   81  104  133  110  101  119  130  168  132  138  125  118  189  167  165
 [46]  150  137  180  211  238  231  231  263  290  292  319  306  383  373  398
 [61]  417  461  457  470  493  476  483  540  601  617  573  632  669  668  675
 [76]  698  707  712  762  834  848  948 1026 1020  971 1050 1112 1152 1239 1299
 [91] 1255 1364 1572 1660 1622 1619 1779 1817 1811 1987 2082 2142 2142 2278 2274
[106] 2349 2427 2674 2705 2925 2959 3029 3026 3195 3303 3463 3708 3917 3967 4128
[121] 4225

[[81]]
  [1]   10    6   12    6   15   30   21   16   18   25   21   16   21   22   17
 [16]   15   17   15   21   27   32   38   30   35   39   46   37   50   60   66
 [31]   70   73   87  107  100   98  126  122  120  145  156  162  128  147  176
 [46]  155  174  163  169  174  236  213  228  249  248  245  281  276  316  291
 [61]  269  297  326  292  263  267  316  368  370  378  348  366  397  390  409
 [76]  448  459  526  517  584  560  600  651  654  660  672  702  806  843  910
 [91]  913  959  949 1003 1037 1125 1120 1188 1225 1318 1283 1323 1428 1562 1653
[106] 1677 1716 1731 1753 1841 2080 2009 2164 2161 2303 2381 2506 2594 2806 2876
[121] 2985

[[82]]
  [1]  10  12  12  10   9   9   7  18  12  15  10   8   8  11   7  11   7  12
 [19]  15  13  11   8   6  12   7   5  18   9   9   7  12   9   9   7  15  13
 [37]  13  17  15  22  27  32  22  23  29  26  27  24  25  21  23  30  31  32
 [55]  27  34  35  37  41  41  31  38  43  44  43  49  58  63  67  46  43  36
 [73]  35  28  28  39  44  28  33  27  28  38  44  36  39  36  40  50  54  46
 [91]  38  43  48  71  63  77  68  79  86  83  85  75  81  71  70  71  76  58
[109]  75  74  66  78  99  88  88  94  88  92 117 132 131

[[83]]
  [1] 10 13 12  9  7 13  9  7  6 12  8 11  4  3  3  8  3  1  1  0  0  0  0  0  0
 [26]  0  0  0  0  0  0  0  0  0  0  0  0  0  0  0  0  0  0  0  0  0  0  0  0  0
 [51]  0  0  0  0  0  0  0  0  0  0  0  0  0  0  0  0  0  0  0  0  0  0  0  0  0
 [76]  0  0  0  0  0  0  0  0  0  0  0  0  0  0  0  0  0  0  0  0  0  0  0  0  0
[101]  0  0  0  0  0  0  0  0  0  0  0  0  0  0  0  0  0  0  0  0  0

[[84]]
  [1]   10   18   14   10    8   14   17   21   14   19   15   43   29   33   29
 [16]   28   33   38   34   33   37   37   39   39   27   30   41   53   42   41
 [31]   50   59   52   55   54   55   48   58   62   50   79   74   66   69   94
 [46]   98   90   91  105   92   93  101  100  114  116  123  127  131  139  145
 [61]  161  154  196  202  206  236  214  205  208  236  294  282  275  277  301
 [76]  313  318  381  362  378  400  434  452  439  439  476  499  569  548  561
 [91]  566  597  597  683  671  679  703  714  750  726  729  771  893  901  919
[106]  929  910  989 1086 1113 1069 1084 1180 1231 1259 1296 1371 1385 1406 1446
[121] 1502

[[85]]
  [1]   10   19   20   11    8    8   16   18   14   10    8   12    6   10   11
 [16]    6   10    8   15   12    9    8    6    9   10    7    9    6    4    4
 [31]    3    3    8   12   12   10   16   19   17   16   14   17   30   28   25
 [46]   41   38   40   43   38   31   48   41   40   49   68   68   81   87   83
 [61]   76   93   81  110  104  104  142  152  151  159  180  163  184  189  198
 [76]  203  223  245  277  250  248  271  280  307  338  346  331  310  348  395
 [91]  426  419  432  443  495  524  561  605  547  609  614  617  671  700  744
[106]  791  796  902  980  956  949  980 1101 1127 1151 1197 1267 1308 1315 1366
[121] 1353

[[86]]
  [1]  10  10   8   8  12  14  10   9   7  11  12  22  26  30  34  41  31  36
 [19]  34  27  20  28  20  26  27  24  31  27  22  23  21  18  27  29  33  26
 [37]  28  22  28  24  37  35  44  43  51  42  33  35  36  51  41  71  67  58
 [55]  63  64  53  62  51  64  72  62  58  52  53  78  69  83  90  88  76  79
 [73]  90  89  76  92  94  95  95  86  89 101 115 121 101 120 117 137 136 126
 [91] 141 176 164 170 180 160 184 184 183 188 214 206 220 287 323 351 347 334
[109] 373 409 429 414 393 425 442 475 501 466 450 434 487

[[87]]
  [1] 10 16  9  7  5  9  5  5  4  3  3  8  5  4  3 16 15 12 11 10 19 15 11  8  7
 [26]  5  6  8 12 10  6 11  9  7  4 12  7  4  2  1  1  0  0  0  0  0  0  0  0  0
 [51]  0  0  0  0  0  0  0  0  0  0  0  0  0  0  0  0  0  0  0  0  0  0  0  0  0
 [76]  0  0  0  0  0  0  0  0  0  0  0  0  0  0  0  0  0  0  0  0  0  0  0  0  0
[101]  0  0  0  0  0  0  0  0  0  0  0  0  0  0  0  0  0  0  0  0  0

[[88]]
  [1]  10  21  12  15  20  17  16  12  16  14  15  12  15  16  14  16  17  15
 [19]  12  11  14  19  17  24  23  22  36  31  32  28  25  37  53  50  70  64
 [37]  56  56  54  57  42  43  59  59  65  63  57  75  65  63  49  61  50  37
 [55]  34  34  59  84  80  79  76  75  75  86  90 100 100  99 118 109 102  94
 [73]  97  90 111 117 116 119 110 144 168 162 155 169 171 173 161 179 192 191
 [91] 167 183 183 187 220 208 201 246 230 236 278 292 312 350 344 370 393 442
[109] 456 481 469 496 458 528 521 545 584 600 624 621 601

[[89]]
  [1]   10   15   18   20   26   27   29   22   20   15   16   25   21   19   16
 [16]   20   25   17   22   17   15   16   23   23   24   25   25   22   19   25
 [31]   20   25   24   24   23   20   23   18   29   25   26   25   36   36   36
 [46]   41   35   34   49   49   38   38   49   50   55   59   67   80   73   82
 [61]   68   61   66   80  116  107  109  129  114  132  134  125  139  141  168
 [76]  184  166  191  197  224  215  237  223  249  244  289  264  296  354  354
 [91]  378  373  385  380  416  434  436  439  436  475  550  493  542  571  611
[106]  632  654  634  662  690  704  742  760  797  856  898  949  924 1000 1041
[121] 1100

[[90]]
  [1]   10    7   18   18   17   20   21   25   27   38   45   45   44   55   58
 [16]   56   52   71   70   59   61   72   72   76   96  111   90   86  107   90
 [31]  101  110  101  127  138  126  119  130  152  192  197  190  183  152  206
 [46]  210  201  201  203  199  202  218  283  279  274  288  293  300  313  326
 [61]  320  321  327  343  371  362  403  389  446  459  461  454  514  533  537
 [76]  574  573  551  640  640  598  608  699  691  678  696  753  772  784  840
 [91]  910  874  830  862 1062 1077 1132 1137 1163 1266 1334 1321 1384 1415 1380
[106] 1448 1554 1580 1667 1839 1808 1927 1994 2042 2165 2195 2265 2263 2329 2444
[121] 2558

[[91]]
  [1]  10   7  13   9  17  14  16  12  12  20  15  13  12   9   7   7   9   9
 [19]  15  21  13  14  13   9   7   7   5  10  12  14  16  15  13  18  19  16
 [37]  12  16  16  14  13  22  27  21  19  14  23  20  16  18  23  21  23  31
 [55]  32  27  21  18  28  23  27  27  26  24  26  26  30  35  39  43  28  29
 [73]  35  37  46  41  52  54  59  72  74  77  76  87  89 125 112 103 111 110
 [91] 132 118 169 135 151 156 170 170 184 189 211 192 193 229 234 239 246 284
[109] 269 256 256 262 279 277 320 308 319 328 344 377 363

[[92]]
  [1]   10   18   13    9    8   12   12   11   10   11   11    9    6   11   13
 [16]    9   17    9   15   15   17   14   16   27   30   35   40   38   34   42
 [31]   42   50   53   50   61   54   54   67   62   70  101   83   99   83   90
 [46]   98  114  103   96  123  120  143  126  149  158  182  185  184  191  171
 [61]  198  211  229  230  233  249  261  270  256  253  256  271  293  322  312
 [76]  338  343  332  376  391  388  379  385  386  396  423  449  462  500  528
 [91]  522  545  521  559  631  576  594  675  673  730  734  804  884  921  896
[106]  953  944  936  944 1047 1058 1101 1193 1210 1324 1310 1353 1423 1460 1652
[121] 1681

[[93]]
  [1]   10    7   16   11    9    6    9   11   15    9   19   22   16   22   32
 [16]   22   36   34   43   41   47   46   36   31   23   44   36   30   31   36
 [31]   42   51   45   36   39   58   58   56   65   56   77   93   96   99   80
 [46]   80   82   93  106  147  134  141  133  133  128  124  122  135  147  138
 [61]  156  148  162  190  198  211  251  246  265  271  288  282  318  354  352
 [76]  344  354  411  453  424  452  416  490  482  498  522  547  559  585  604
 [91]  631  767  807  824  770  783  850  942  981 1009 1080 1075 1177 1188 1236
[106] 1345 1380 1392 1445 1484 1597 1719 1709 1800 1839 1917 2020 2061 2108 2223
[121] 2330

[[94]]
  [1]   10   13   12   10   17   18   19   21   18   19   29   29   23   26   23
 [16]   20   22   32   40   45   23   27   33   48   29   24   19   21   27   26
 [31]   18   14   30   39   38   54   38   59   54   56   59   61   57   59   49
 [46]   77   77   78   68   56   65   71   80   87   79   74   95   88   98  113
 [61]   96   91  119  120  123  105  105  127  155  158  195  202  193  199  215
 [76]  276  266  263  287  285  326  383  435  470  467  470  518  596  564  631
 [91]  663  634  663  765  754  801  827  829  907  942  961  973 1057 1164 1178
[106] 1257 1293 1228 1305 1473 1517 1544 1684 1743 1788 1867 1988 2050 2033 2298
[121] 2331

[[95]]
  [1] 10 11 18 12 17 17 23 29 18 15 18 15 21 15 18 11 17 17 15 15 17 19 24 16 11
 [26] 11 14 12  7  5  5  5  2  2  2  2  2  6  4  4  2  2  2  1  1  1  1  1  1  5
 [51]  3  3  3  3  3  3  8  7  6  6  8 12  7  7  6  4  3  6 10  6  4  4 11  7  6
 [76]  5 17 15 12 11 14  9 13 16 20 22 24 26 23 15 16 18 17 19 19 22 27 24 23 17
[101] 15 13 21 30 29 22 18 15 17 26 32 35 24 29 30 38 40 39 40 40 47

[[96]]
  [1]  10  10  15  22  17  11   8   8   8  13  11  15  12   8   8  20  29  29
 [19]  24  20  23  22  28  33  25  22  15  16  27  35  31  31  32  34  25  19
 [37]  18  26  38  43  28  23  32  33  31  40  24  31  37  36  34  26  37  44
 [55]  35  46  45  40  34  32  33  42  39  51  39  51  47  47  53  49  63  67
 [73]  56  68  78  71  81  85 102  88  90 100 100 106 100 141 147 142 125 128
 [91] 128 141 168 189 179 197 180 199 208 207 205 243 258 259 282 266 265 255
[109] 261 265 292 290 306 377 399 409 400 432 467 527 537

[[97]]
  [1]  10   8   6  12  16   9  14  14  20  17  16  21  17  29  29  26  25  26
 [19]  34  26  22  17  22  21  23  13  10  20  19  14  11   9  13   7  10   9
 [37]   5   5   4   6   4   4   4   3   3   3  11  14  14  10   7   6   6   4
 [55]   6   5   5   3   7   6  13  10   8   9  20  18  14   9   9  14  19  21
 [73]  17  12  16  24  38  34  37  30  37  42  31  27  31  51  55  41  41  43
 [91]  36  34  26  41  51  46  57  49  74  68  74  96  97  88 100 108 104 116
[109] 149 138 149 135 148 163 153 159 164 154 191 168 189

[[98]]
  [1] 10  9  9  9  6  5  2  2  0  0  0  0  0  0  0  0  0  0  0  0  0  0  0  0  0
 [26]  0  0  0  0  0  0  0  0  0  0  0  0  0  0  0  0  0  0  0  0  0  0  0  0  0
 [51]  0  0  0  0  0  0  0  0  0  0  0  0  0  0  0  0  0  0  0  0  0  0  0  0  0
 [76]  0  0  0  0  0  0  0  0  0  0  0  0  0  0  0  0  0  0  0  0  0  0  0  0  0
[101]  0  0  0  0  0  0  0  0  0  0  0  0  0  0  0  0  0  0  0  0  0

[[99]]
  [1]  10   5  15   7   6   5   4   4   9  13  14  17  16  16  12  11   9   6
 [19]  30  18  29  28  26  22  20  28  22  19  23  25  19  22  19  32  41  43
 [37]  46  48  52  41  39  48  39  35  48  39  42  35  38  42  51  47  30  31
 [55]  43  31  24  23  31  24  39  47  36  34  26  35  31  22  17  16  30  38
 [73]  31  26  31  25  31  31  29  25  33  34  40  36  35  48  42  40  34  53
 [91]  60  54  58  56  60  64  48  44  56  79  75  57  53  52  59  61  57  82
[109]  75  79 103 104 101 127 129 130 128 182 189 198 194

[[100]]
  [1] 10 11  7 13  9 15 16  9  6  4  2  2  2  9 12  7  5  4  3  7 11 14  9  5  4
 [26]  3  5  3  3  1  1  1  0  0  0  0  0  0  0  0  0  0  0  0  0  0  0  0  0  0
 [51]  0  0  0  0  0  0  0  0  0  0  0  0  0  0  0  0  0  0  0  0  0  0  0  0  0
 [76]  0  0  0  0  0  0  0  0  0  0  0  0  0  0  0  0  0  0  0  0  0  0  0  0  0
[101]  0  0  0  0  0  0  0  0  0  0  0  0  0  0  0  0  0  0  0  0  0

[[101]]
  [1]   10   11   23   25   31   33   29   28   29   24   27   29   26   24   25
 [16]   27   29   29   25   24   25   22   23   34   35   38   55   40   38   51
 [31]   63   54   64   62   73   98  102   98  104   97  107   92  106   95  105
 [46]  100  100  115  115  125  117  124  115  140  146  148  167  159  173  146
 [61]  141  119  156  161  170  160  159  145  136  139  182  210  190  239  211
 [76]  238  276  275  264  293  301  297  327  348  345  366  362  397  445  446
 [91]  491  476  534  509  556  553  577  614  599  607  659  664  687  713  708
[106]  747  816  829  869  873  934  940  916  916  949 1066 1072 1086 1168 1178
[121] 1275

[[102]]
  [1]   10   11    8   14   10   21   16   11    9    9   24   27   29   24   26
 [16]   22   30   46   36   30   45   58   55   58   59   70   63   62   67   82
 [31]   79   66   73   73   87   75   98  105  101  132  149  169  163  165  192
 [46]  191  213  205  221  243  225  275  264  271  312  322  313  322  333  304
 [61]  353  331  362  373  397  398  391  433  481  460  463  506  513  534  544
 [76]  583  605  570  607  622  652  680  677  736  809  803  863  862  949  974
 [91] 1028 1071 1063 1166 1180 1270 1294 1431 1482 1500 1625 1667 1773 1746 1793
[106] 1856 1918 1970 2125 2307 2423 2439 2493 2666 2703 2822 2953 3103 3218 3298
[121] 3398

[[103]]
  [1]   10   10   14   10    8   11    9    7    6   17   18   12   11   16   10
 [16]   13   14   22   22   21   25   24   22   31   34   35   40   49   45   47
 [31]   58   49   36   39   52   55   59   65   55   56   62   69   67   86   90
 [46]   96  100   98   95   97  127  114  113  109   92   91  102  105  151  137
 [61]  137  123  131  154  158  198  195  217  194  189  209  217  225  249  246
 [76]  253  316  299  306  356  377  398  372  402  446  497  484  494  511  559
 [91]  601  593  579  616  633  752  798  809  858  911  930 1019  981 1016 1038
[106] 1106 1112 1074 1157 1213 1283 1343 1463 1467 1515 1576 1673 1770 1888 1847
[121] 1979

[[104]]
  [1]  10  23  21  15  21  17  13  17  11  22  18  12  16  13  11  10  22  26
 [19]  35  23  23  22  17  29  21  29  24  20  18  16  20  17  19  23  17  23
 [37]  15  10  10  10  21  21  13  10  13  16  11   7  22  22  30  21  17  21
 [55]  28  42  24  27  20  25  31  39  45  60  59  53  46  45  42  59  44  47
 [73]  41  46  41  48  50  40  62  56  42  38  49  66  61  59  53  56  47  66
 [91]  64  83  67  83  81  91  89  95  88  95 109 128 105 124 143 148 165 169
[109] 170 182 189 172 198 210 236 257 311 317 331 352 386

[[105]]
  [1]   10   10   18   13   18   18   11   10    9   16   31   39   31   34   40
 [16]   46   47   32   33   38   45   58   55   55   64   66   78   69   86   85
 [31]   81   88   74   67   89   78   93   74   75   88   80   89   98  102  118
 [46]  105  110  108  135  129  124   98  107  114  124  149  135  139  160  171
 [61]  181  204  228  198  210  229  220  243  253  244  253  300  317  372  360
 [76]  366  407  393  402  458  479  555  526  515  556  591  653  608  674  712
 [91]  700  727  791  807  829  861  904  972 1039 1141 1161 1139 1109 1219 1181
[106] 1238 1317 1296 1349 1325 1391 1483 1669 1735 1766 1851 1891 2045 2031 2127
[121] 2206

[[106]]
  [1]  10  17  14  16  11   9  13   7  10  11  10   6  11   8  16  15  13  19
 [19]  24  16  18  10   7  13  13  11  16  15  14  19  17  19  25  41  34  32
 [37]  33  39  34  26  32  30  38  30  36  34  37  52  46  45  40  43  68  59
 [55]  71  76  79  71  66  84  79  78 101  89  90 110 111 120 116 120 154 127
 [73] 140 138 155 154 144 138 147 169 171 163 160 161 168 195 216 202 217 236
 [91] 254 250 237 243 275 296 297 307 311 344 401 415 413 444 477 488 500 500
[109] 495 556 572 582 609 671 682 716 719 758 730 743 829

[[107]]
  [1]   10   16   20   23   20   17   20   26   18   26   30   31   34   38   40
 [16]   47   32   38   36   39   31   55   49   41   47   42   48   70   63   64
 [31]   67   58   61   93   91   83   96   96  101  141  136  151  144  136  171
 [46]  170  193  166  167  187  213  221  255  261  257  242  261  255  277  259
 [61]  257  252  272  288  291  302  324  312  342  391  392  409  407  435  482
 [76]  501  562  598  578  543  587  643  661  664  670  762  759  795  826  858
 [91]  862  922  887  998 1021 1062 1002 1038 1035 1104 1168 1225 1194 1258 1388
[106] 1271 1297 1323 1381 1458 1639 1561 1656 1742 1803 1976 1943 1957 1993 2148
[121] 2261

[[108]]
  [1]  10  12   7  10  10   8   8  24  19  20  22  23  18  14  14  23  24  19
 [19]  19  33  23  22  21  26  31  25  23  22  19  23  20  21  19  26  20  31
 [37]  42  39  33  35  31  28  35  32  27  27  26  22  24  19  26  24  32  39
 [55]  42  38  36  39  31  44  38  44  39  41  35  45  33  48  52  56  57  45
 [73]  64  65  53  61  56  65  62  56  55  53  57  55  61  91  82  77  86  99
 [91] 104  97 103 114 100 127  97 114 114  96 110 113 125 123 106 113 118 126
[109] 115 112 113 133 136 136 130 147 144 146 164 175 185

[[109]]
  [1]   10    7   11   16   15   19   15   12   16   31   26   22   19   16   13
 [16]   22   31   35   31   27   32   30   32   30   31   30   48   40   45   46
 [31]   59   63   63   64   57   66   60   53   67   74   77   71   67   84  111
 [46]   96   85  115  124  109  143  140  150  154  161  181  196  196  205  211
 [61]  213  189  210  205  243  270  278  271  294  320  337  343  331  353  369
 [76]  438  400  441  461  464  488  549  536  606  601  609  627  635  599  665
 [91]  740  723  715  719  832  852  868  863  928 1013 1084 1064 1043 1157 1235
[106] 1206 1267 1278 1370 1413 1475 1482 1509 1625 1712 1719 1823 1835 1954 1971
[121] 1903

[[110]]
  [1]  10  16  13  12  16   9  14  15  12   9  14  11   6   3   7   3   7   4
 [19]   4  11   6   4   3   3   5  10   8  14   9  16  13  20  27  21  18  17
 [37]  16  24  30  23  29  26  33  28  32  30  30  30  42  61  58  65  50  55
 [55]  63  59  36  38  34  44  28  27  24  17  17  20  16  23  24  20  24  27
 [73]  34  24  38  43  37  36  38  39  39  36  45  66  65  59  65  69  63  66
 [91]  65  75  93  82  75  67  75  78  84  64  60  57  72  85  75  72  82  87
[109]  82  99 107  93  84  73  96 110 127 109 110 103 100

[[111]]
  [1]  10  14  15  11   6   6  11   9   7  12   9  11  13  11  10   7   7  11
 [19]  10   8   6  13   8   7   6   5   4  13  15  13   8   7   5   5   4   4
 [37]   3   3   4   3   3   3   9  13  17  12  19  17  21  15  21  27  24  42
 [55]  37  39  49  43  37  42  44  35  41  30  28  41  47  56  51  53  61  68
 [73]  71  86  80  75  81 100 140 135 127 133 135 125 130 122 143 121 157 152
 [91] 165 171 179 184 208 233 230 237 248 286 300 293 336 346 332 350 394 376
[109] 400 416 426 413 418 445 438 478 466 460 514 533 599

[[112]]
  [1] 10  5  4  6 13 14 15 11 15 17  8  5  4  4  4  4  6  3  3  2  2  2  7  2  3
 [26]  4  3  0  0  0  0  0  0  0  0  0  0  0  0  0  0  0  0  0  0  0  0  0  0  0
 [51]  0  0  0  0  0  0  0  0  0  0  0  0  0  0  0  0  0  0  0  0  0  0  0  0  0
 [76]  0  0  0  0  0  0  0  0  0  0  0  0  0  0  0  0  0  0  0  0  0  0  0  0  0
[101]  0  0  0  0  0  0  0  0  0  0  0  0  0  0  0  0  0  0  0  0  0

[[113]]
  [1] 10  8 14 13 10  8  9  6  4  3  7  2  2  2  6  4  2  2  2  2 12 12  9  6  3
 [26]  2  2  1  1  1  1  1  1  1  1  1  1  1  1  1  1  1  1  1  0  0  0  0  0  0
 [51]  0  0  0  0  0  0  0  0  0  0  0  0  0  0  0  0  0  0  0  0  0  0  0  0  0
 [76]  0  0  0  0  0  0  0  0  0  0  0  0  0  0  0  0  0  0  0  0  0  0  0  0  0
[101]  0  0  0  0  0  0  0  0  0  0  0  0  0  0  0  0  0  0  0  0  0

[[114]]
  [1]  10   6   5   4  12   6   6   9  15   9   8   8  11   8   7   7   5   4
 [19]  14  11   7   5   7   6   5   4   5   9   8   7   6  10   8   6  11   6
 [37]   6   6   5  11  12   8   6   5  10   4   8   4   4   3  10  12   9   8
 [55]  11   7   7  16  26  25  25  30  36  28  44  37  30  31  45  51  35  36
 [73]  36  47  55  59  48  68  64  59  59  69  73  68  79  92  82  80  95 106
 [91] 114 119 129 138 153 155 199 202 220 222 208 213 263 245 251 262 248 270
[109] 279 300 289 274 282 298 288 307 323 309 316 337 368

[[115]]
  [1] 10 13 19 17 14 13 25 11 19 16 14 15 12 10  8  7  4  8  5  4  4  7  6  5  5
 [26]  7  4 12 11  7  4  4  3  2  2  1  1  1  1  1  1  1  1  1  2  1  1  1  1  1
 [51]  1  1  1  1  7  6  3  2  2  2  6  4  3  3  3  3  8 11  6  4  4  4  4  3  2
 [76]  2  2  2  6  3  3  3  3  1  0  0  0  0  0  0  0  0  0  0  0  0  0  0  0  0
[101]  0  0  0  0  0  0  0  0  0  0  0  0  0  0  0  0  0  0  0  0  0

[[116]]
  [1]   10    7    7    7    5   10    9    9    9   23   22   23   20   16   15
 [16]   21   27   38   29   38   44   68   54   47   42   46   64   60   78   73
 [31]   66   64   87  110   98  100   96   92  121  108   95  106  112  112  126
 [46]  144  126  112  120  145  158  181  160  150  154  143  156  197  208  197
 [61]  198  216  202  200  240  266  266  271  269  306  359  365  371  379  387
 [76]  351  359  376  377  396  432  457  520  529  557  565  590  595  656  683
 [91]  746  702  755  837  840  853  899  985  934  969 1019 1123 1086 1147 1224
[106] 1299 1246 1250 1378 1362 1515 1533 1547 1637 1676 1736 1739 1918 2043 2087
[121] 2264

[[117]]
  [1]  10  18  14  11   7   6   4   4   9  17  12  19  30  23  17  19  22  15
 [19]  19  20  28  31  37  26  28  33  31  24  20  14  21  16  20  28  24  18
 [37]  25  26  23  19  16  17  17  20  22  20  33  35  24  19  16  17  22  28
 [55]  30  30  19  17  20  16  21  27  29  27  35  37  35  42  58  46  36  40
 [73]  48  39  32  37  28  23  25  25  41  23  26  27  31  39  36  35  28  19
 [91]  18  26  37  50  46  50  58  59  56  44  51  39  42  58  53  57  83  71
[109]  74  92  99  99 105  99 129 126 107 111 129 141 169

[[118]]
  [1]  10   7  10   7   9   7   6   4   4   3   2   2   2   1   1   1   1   7
 [19]   4   4   3   3   1   1   1   1   1   9   7   5   5   5   4  14  17  16
 [37]  13   9  14  10  11  16  17  25  40  40  45  50  43  58  51  49  38  38
 [55]  39  35  50  49  69  70  66  63  84  75  82 103 110 102 106 109  85  98
 [73] 108 114 116 132 118 132 102 113 130 131 125 146 157 160 160 191 178 163
 [91] 158 165 153 167 164 172 194 235 211 210 196 199 245 246 239 246 239 251
[109] 262 263 365 381 397 408 446 453 509 547 567 555 628

[[119]]
  [1] 10 15 10 13 16 12  9  8  6  7  3  3  6  3  2  2  2  2  2  2  0  0  0  0  0
 [26]  0  0  0  0  0  0  0  0  0  0  0  0  0  0  0  0  0  0  0  0  0  0  0  0  0
 [51]  0  0  0  0  0  0  0  0  0  0  0  0  0  0  0  0  0  0  0  0  0  0  0  0  0
 [76]  0  0  0  0  0  0  0  0  0  0  0  0  0  0  0  0  0  0  0  0  0  0  0  0  0
[101]  0  0  0  0  0  0  0  0  0  0  0  0  0  0  0  0  0  0  0  0  0

[[120]]
  [1] 10  8  5  5  7  6  5  4 10  6  5  5  4  4 15  8  7  6 14 16 13 12  8 15 11
 [26]  6  5  5  4  6  3  2  2  1  1  1  1  1  1  9  5  3  3  3  3  3 12  8  6  5
 [51]  5 11 19 14 16 13 10  8  7  5  3 12 13  9  8  6 19 13 11 17 14 10 10 15 20
 [76] 17 17 15 13 17 15 20 21 17 22 20 30 28 23 16 26 23 20 17 19 23 18 31 29 33
[101] 30 28 33 41 37 28 23 30 22 22 38 33 25 23 20 28 41 26 31 37 30

[[121]]
  [1] 10 13  9  6 11 10  8  5  4  8 12  8 11 10 13 16 12 11  9  8  7 11 10  7  7
 [26]  8 12  7  5  4  7  5  5  4  8  4  4  3  9  7  4  3  3  9 11 10 10  9  8 11
 [51]  9 19  9 13 10 10  8  5  6  4 10 11  9  7  6  8 14  9 10  9 11  9 11 13 12
 [76]  8  6 18 13  9 15 13 20 16 14 11  8  9  7 11 11 10  4  3  6  3  2  2  2  0
[101]  0  0  0  0  0  0  0  0  0  0  0  0  0  0  0  0  0  0  0  0  0

[[122]]
  [1]  10   5   5   4   6   4   8   7   8   4   2   1   1   8  11  14  11   9
 [19]  17  26  26  26  19  23  35  40  44  48  39  37  48  48  37  45  39  40
 [37]  45  47  48  49  50  48  36  35  34  41  38  42  59  46  40  37  46  67
 [55]  61  72  59  57  51  58  55  54  75  72  80  97 101 106 113 108 117 126
 [73] 137 144 162 146 140 146 146 140 159 166 163 170 156 159 167 172 197 202
 [91] 194 182 209 220 218 215 214 222 263 262 272 277 261 291 330 310 307 331
[109] 379 373 428 437 398 469 475 495 507 541 570 554 591

[[123]]
  [1]  10  11  13  18  16  24  25  20  19  16  16  29  24  27  30  30  29  33
 [19]  26  34  29  40  45  44  39  34  33  38  40  27  24  31  26  42  34  34
 [37]  33  35  46  51  48  40  42  49  38  41  43  42  54  49  45  45  49  60
 [55]  65  63  57  77  70  77  84  77  64  78  75  75  66  62  69  71  93  90
 [73]  94  73  81 110 104 117 109 124 139 132 142 144 135 152 159 188 180 189
 [91] 198 198 208 208 247 245 232 279 252 279 276 317 319 323 350 319 344 352
[109] 342 341 349 402 387 415 456 441 421 456 487 519 526

[[124]]
  [1]  10   7   6   5   4   4   2   6   4   3   3   2   3   3   3   3   5   5
 [19]   4   3   3   3   2   1   1   7   4   4   3  11  13   9  12  15  10   8
 [37]   8   7  14  17  19  23  16  15  10  16  20  18  15  14  14  15  16  14
 [55]  11  10  19  12   8  13  13  23  25  14  19  16  12  12  12  16  20  20
 [73]  22  14  23  15  25  27  23  23  30  26  29  37  35  43  41  38  46  57
 [91]  55  51  45  51  50  47  68  77  72  77  71  89  83  78  69  84  74  90
[109]  79  97 108 116 103 122 104 113 120 120 114 102  89

[[125]]
  [1]   10    6   15   17   20   19   13   12   14   15   18   16   22   23   33
 [16]   22   35   33   37   29   52   58   50   47   40   33   39   41   46   49
 [31]   44   49   42   43   42   40   42   53   63   66   61   60   60   68   77
 [46]   73   76   65   91   90   95  112  100  107  121  117  113  124  113  137
 [61]  150  182  182  202  214  229  234  256  283  269  296  333  327  360  350
 [76]  379  425  431  431  446  461  461  504  544  564  556  575  592  704  707
 [91]  717  781  800  827  821  834  938  984  986  942  952 1102 1166 1124 1110
[106] 1219 1354 1373 1415 1420 1448 1487 1531 1547 1652 1701 1782 1835 1898 2005
[121] 2038

[[126]]
  [1]   10   18   17   17   15   19   25   45   30   39   32   29   39   29   37
 [16]   35   36   38   36   33   45   40   48   68   54   46   39   42   49   56
 [31]   49   59   47   45   60   65   55   59   51   57   55   62   61   72   63
 [46]   96   70   75   68   80   94   79   88  112  102   99   88   88  103   90
 [61]   87   72   73   84   93   87   87   99  128  143  140  146  167  154  197
 [76]  189  216  220  203  244  241  204  241  258  240  252  248  293  264  314
 [91]  342  317  328  348  365  437  472  483  493  489  526  618  581  622  668
[106]  638  653  710  733  788  833  818  831  878 1007 1050 1084 1133 1220 1305
[121] 1331

[[127]]
  [1] 10 15  9  9  8  6  9  6  5  4  3  3  2  2  1  1  1  1  1  1  0  0  0  0  0
 [26]  0  0  0  0  0  0  0  0  0  0  0  0  0  0  0  0  0  0  0  0  0  0  0  0  0
 [51]  0  0  0  0  0  0  0  0  0  0  0  0  0  0  0  0  0  0  0  0  0  0  0  0  0
 [76]  0  0  0  0  0  0  0  0  0  0  0  0  0  0  0  0  0  0  0  0  0  0  0  0  0
[101]  0  0  0  0  0  0  0  0  0  0  0  0  0  0  0  0  0  0  0  0  0

[[128]]
  [1]  10  15  14  16  12   9  20  17  18  13  17  22  16  34  24  20  17  23
 [19]  29  32  29  23  18  21  18  34  35  42  39  33  45  43  41  46  50  48
 [37]  68  63  46  54  42  54  64  44  33  34  37  46  34  25  47  37  27  31
 [55]  36  57  66  69  68  52  57  66  78  83  78  91  95 101 104 120 125 150
 [73] 141 152 154 179 173 178 204 169 184 193 195 205 224 213 197 206 239 253
 [91] 286 306 284 295 296 337 337 374 393 434 400 426 455 471 567 523 537 602
[109] 627 640 636 636 696 745 722 816 829 870 892 935 976

[[129]]
  [1] 10  8 14  9  4  4  4  4  3  1  1  0  0  0  0  0  0  0  0  0  0  0  0  0  0
 [26]  0  0  0  0  0  0  0  0  0  0  0  0  0  0  0  0  0  0  0  0  0  0  0  0  0
 [51]  0  0  0  0  0  0  0  0  0  0  0  0  0  0  0  0  0  0  0  0  0  0  0  0  0
 [76]  0  0  0  0  0  0  0  0  0  0  0  0  0  0  0  0  0  0  0  0  0  0  0  0  0
[101]  0  0  0  0  0  0  0  0  0  0  0  0  0  0  0  0  0  0  0  0  0

[[130]]
  [1]   10   10   15   15   17   17   14   13   21   20   17   14   26   40   36
 [16]   41   46   44   43   61   55   58   55   59   42   77   80   71   67   67
 [31]   83   91  103   94  103  125  119  129  128  137  158  195  171  197  206
 [46]  231  231  249  240  293  281  306  334  357  349  391  421  474  438  433
 [61]  459  554  576  637  620  707  707  759  811  851  852  881  928  949 1014
 [76] 1022 1057 1120 1218 1251 1343 1359 1412 1517 1508 1606 1692 1868 1925 1989
 [91] 2055 2232 2255 2413 2470 2432 2528 2737 2908 3000 3240 3220 3385 3433 3613
[106] 3681 3860 4034 4070 4216 4485 4662 4829 5090 5288 5509 5735 5914 6104 6211
[121] 6617

[[131]]
  [1]   10   13   11   14   14   11   10   13   16   18   30   31   35   34   41
 [16]   47   52   59   66   72   70   97   93  101  109  114  106  126  114  130
 [31]  136  169  134  141  135  152  179  188  168  164  180  187  206  205  234
 [46]  248  239  281  315  294  293  311  333  333  385  372  367  351  404  393
 [61]  427  445  419  449  450  513  510  491  520  554  620  707  658  659  693
 [76]  764  744  775  812  870  917  939 1009 1062 1098 1226 1234 1304 1371 1392
 [91] 1413 1407 1533 1541 1568 1605 1649 1764 1721 1760 1803 1924 1957 2034 2190
[106] 2229 2358 2470 2491 2519 2684 2792 2926 3146 3184 3428 3602 3662 3807 3982
[121] 4079

[[132]]
  [1]   10   12    7    5    9   15   18   15   19   15   23   26   22   32   22
 [16]   23   47   47   42   45   45   43   53   57   69   84   83   81   88   71
 [31]   60   80  112   95   97   87   86   92   85  108  116  130  161  159  168
 [46]  156  157  146  160  204  185  204  199  202  229  239  245  297  304  350
 [61]  364  355  359  365  362  393  399  378  417  424  422  458  428  439  518
 [76]  567  548  549  568  615  681  651  676  684  684  751  778  851  839  779
 [91]  826  867  852  855  896  955  911 1013 1020 1064 1121 1110 1113 1154 1191
[106] 1301 1407 1434 1480 1558 1707 1751 1859 1877 2014 2002 2200 2117 2239 2293
[121] 2369

[[133]]
  [1] 10  6  9  6  6 16 18 20 19 14 20 22 23 25 14 13 10 25 15 16 16 10 18 13 11
 [26] 10 11 16 15 11 11 10 11  7  6  5  4  3  5  2  2  2  2  2  2  2 11  8  8 15
 [51] 14 10 10 10 10 13 27 20 19 15 19 12 19 19 26 15 14 12 14 21 21 17 14 13 10
 [76]  9  7 19 10 15 10 10  8 12  9  9  9 19 29 31 22 23 30 32 27 26 27 27 29 37
[101] 25 24 21 27 27 30 25 25 27 28 20 20 34 44 38 29 43 46 50 53 45

[[134]]
  [1]  10   9   5  10   9   6   3   9  10  13   9  11   9  17  17  17  17  20
 [19]  15  17  16  23  19  17  13  25  22  27  28  32  31  31  29  22  21  30
 [37]  34  28  25  17  23  33  27  29  35  26  34  45  42  37  41  44  42  53
 [55]  42  42  46  50  40  36  31  61  48  44  39  33  39  71  58  51  41  51
 [73]  67  78  92  76  64  69  79  95  95  76  85  72  86  88  85  88  79  91
 [91] 104 116 136 133 138 156 163 159 178 185 194 189 182 210 235 240 225 240
[109] 227 259 257 271 277 294 320 363 325 338 372 410 419

[[135]]
  [1]   10   15   19   17   19   23   23   22   35   37   35   25   29   44   48
 [16]   58   90   79   68   66   66   73   80   76   70   79   81   62   66   82
 [31]   78   91   78  103   79   85  106   97  115  114  127  125  135  129  139
 [46]  139  170  187  191  215  237  231  273  308  312  316  315  330  351  380
 [61]  433  464  448  437  447  463  486  515  527  519  521  549  574  554  592
 [76]  621  676  630  625  666  742  823  796  783  822  856  898  910  949 1017
 [91] 1058 1011 1066 1117 1230 1260 1348 1408 1392 1415 1447 1545 1689 1672 1727
[106] 1783 1948 2110 2134 2069 2142 2230 2268 2437 2667 2672 2753 2800 2979 3023
[121] 3179

[[136]]
  [1]  10  14  18  15  14  17  17  18  29  22  23  26  26  31  28  19  19  13
 [19]  25  18  14  22  20  24  28  29  30  27  28  43  50  52  57  64  56  56
 [37]  70  78  55  58  71  55  65  63  61  70  73  75  77  59  82  90  94  92
 [55] 103 100 106 105 111 109 116 135 111 128 144 147 132 132 114 128 138 151
 [73] 151 133 134 148 151 156 169 164 199 219 227 200 234 217 203 244 279 264
 [91] 235 263 311 316 313 323 353 325 364 348 372 352 358 385 442 519 507 513
[109] 534 577 579 550 600 618 660 658 622 668 744 702 723

[[137]]
  [1]   10    6    6    6    4   12   10   12   15   15   12   19   16   21   33
 [16]   28   21   24   21   17   33   34   41   30   38   46   61   43   43   51
 [31]   59   56   52   64   60   45   61   71   58   72   66   65   60   84   86
 [46]  103   91   94  114  135  112  116  125  120  137  115  111  114  133  144
 [61]  133  121  135  154  178  171  128  133  144  142  180  170  190  201  217
 [76]  268  261  247  244  206  222  252  237  278  305  286  323  371  414  393
 [91]  384  417  463  459  449  480  495  489  541  595  621  647  700  733  747
[106]  834  863  888  958  989  998 1050 1101 1193 1211 1288 1330 1423 1443 1466
[121] 1514

[[138]]
  [1] 10  7  9 12 12  6  3  3  3  3  7  5  7  3  3  7  5  8  5  4 16  9  5  4  4
 [26]  6 13  8  6  9 13 19 11 11  9 13 12  9  9  7  6 10 14 12  7 11  8 10 19 13
 [51] 10  8  6 10  5  4 11 16 13 12 10 11 13 12 10 13 22 12  8 23 13 18 13 16 12
 [76] 17 16 18 18 19 22 25 26 19 22 21 23 21 23 38 34 37 40 32 29 48 44 45 45 43
[101] 66 77 64 67 83 64 62 55 76 73 66 68 56 50 53 49 58 53 46 48 61

[[139]]
  [1]  10  14  23  13  12  11  23  26  29  18  23  15  17  19  18  11  23  31
 [19]  24  29  22  16  19  16  13  11  14  15  12   8   7  13  14  24  18  14
 [37]  13  12  17  28  28  17  16  16  22  22  19  16  11  10   7   5   5  13
 [55]  12   8   8   8  10  11  13  16  17  13  21  14  12  16  20  26  32  28
 [73]  43  55  39  37  42  54  51  46  50  59  66  76  71  85  82  74  67  70
 [91] 106 108  98  87  99 117 121 117 106 118 124 140 157 156 143 149 134 128
[109] 158 211 241 237 259 267 326 336 340 358 359 352 416

[[140]]
  [1]   10   13   10    9    9   15   13   14   14   19   23   23   24   21   20
 [16]   17   23   18   15   22   33   30   23   28   44   50   46   48   58   52
 [31]   56   57   57   56   63   53   47   48   48   59   59   67   77   73   72
 [46]   83   93   94   98  102  109  103  111  123  170  192  185  202  186  188
 [61]  185  238  230  194  226  270  275  290  285  277  306  317  285  322  339
 [76]  361  379  356  383  371  378  424  472  465  453  508  538  539  480  496
 [91]  579  630  594  614  635  619  652  709  766  737  721  781  828  859  867
[106]  931  981  960 1011 1045 1088 1077 1109 1174 1297 1302 1369 1393 1459 1619
[121] 1593

[[141]]
  [1]   10   12   27   24   18   17   29   20   27   30   23   22   20   29   26
 [16]   32   29   52   32   30   31   32   35   36   44   46   62   65   75   62
 [31]   52   70   46   45   56   71   62   68   62   60   80   70   74   80   83
 [46]   73   87  102   98   92  116  102  104  146  123  107   91   97  112  118
 [61]  106  101  113  138  139  132  143  160  140  149  147  179  191  184  201
 [76]  201  194  201  237  231  273  283  326  318  314  283  308  333  331  381
 [91]  417  393  420  421  471  484  508  501  550  536  544  562  558  661  682
[106]  648  638  674  671  736  731  712  768  841  852  864  880  943 1001 1049
[121] 1064

[[142]]
  [1]  10   7   4   4   9  13   9   8  15  10   7  15  11   8   6   5   5   3
 [19]  13  18  15  12  18  31  28  23  18  23  22  43  52  46  40  44  41  40
 [37]  35  47  49  61  78  68  54  57  62  70  77  79  78  80  81  82 101 117
 [55] 134 123 108 144 159 156 153 164 176 168 205 182 212 205 240 214 207 185
 [73] 175 171 172 180 189 198 234 222 226 234 231 250 253 239 239 248 260 278
 [91] 311 350 350 337 361 366 403 407 421 424 495 511 488 535 551 602 615 644
[109] 632 617 635 691 654 691 690 695 720 764 802 890 912

[[143]]
  [1]  10  19  18  14  15  20  12  15  12  14  22  15  18  18  15  17  19  39
 [19]  22  23  15  12  27  27  27  20  14  11  16  21  26  24  19  21  28  27
 [37]  27  18  29  31  25  31  20  22  25  41  50  50  51  56  55  51  70  76
 [55]  72  77  74 101 101  96  92 101 111 112 102  93 105 105 117 133 110 124
 [73] 126 126 137 128 147 137 174 193 183 154 152 175 196 220 227 233 228 241
 [91] 262 287 330 310 300 290 331 366 368 387 407 396 392 429 481 490 522 552
[109] 561 514 532 546 617 668 687 712 693 703 772 859 898

[[144]]
  [1]   10    7   10   12   15   11    8    8   10    7    8   13   12    9    9
 [16]   13   17   20   34   28   38   33   31   32   42   36   34   51   56   65
 [31]   68   63   87  101   83   93  104  125  112  122  151  167  154  160  162
 [46]  155  168  157  165  196  220  228  246  278  283  288  318  319  388  406
 [61]  412  429  421  436  459  505  501  527  545  537  567  584  655  678  677
 [76]  772  790  780  833  890  969  991 1012 1032 1025 1045 1154 1155 1227 1230
 [91] 1208 1290 1412 1494 1469 1499 1621 1720 1785 1904 1993 2007 2018 2047 2159
[106] 2330 2491 2589 2575 2652 2724 2883 3053 3007 3136 3233 3392 3653 3611 3715
[121] 3844

[[145]]
  [1]  10   9   8   5   5   5  14  16  14  13  12  14  24  19  21  16  19  23
 [19]  21  27  32  39  32  27  33  34  29  26  31  33  26  33  27  28  30  34
 [37]  36  39  46  39  44  37  44  46  37  44  39  38  26  32  36  32  35  37
 [55]  34  30  27  30  43  34  40  51  51  32  38  49  51  51  49  55  61  78
 [73]  78 111  89  98  87 108  98 100  83 110 101 110 101 116 140 143 147 160
 [91] 183 214 218 229 230 237 227 215 253 280 270 288 261 240 244 261 256 281
[109] 310 315 296 270 337 353 342 332 355 375 409 389 426

[[146]]
  [1]  10  16   8   7   4   9   4   3   2  10   5   4   4  10   7   5   5   5
 [19]   4   8   3   3   3   3   2   3   8   4   2   1   1   4  10   6   5   5
 [37]   5  15  13  17  12  18  25  35  40  54  43  45  37  40  64  80  66  57
 [55]  55  70  54  60  77  94  98  88  96  79  79  68  61  49  65  90  74  64
 [73]  64  79  79  73  75  73  78  82  67  85 101  88 100 110 113 108 107 107
 [91]  96  94 103 107 122 143 168 151 128 138 146 155 182 231 228 228 227 224
[109] 217 249 248 283 259 300 288 319 333 348 376 376 393

[[147]]
  [1]   10   22   21   25   19   19   25   22   27   23   40   37   42   53   42
 [16]   49   70   83   85   85  100   97  106  111  120  131  143  182  174  160
 [31]  153  167  161  157  175  172  167  155  142  156  156  157  199  219  232
 [46]  245  250  244  251  274  278  262  288  299  316  311  318  347  321  334
 [61]  332  355  410  417  421  498  499  520  543  530  556  583  596  648  700
 [76]  702  694  724  789  837  843  837  860  857  926  926  953 1064 1091 1142
 [91] 1123 1208 1301 1367 1341 1425 1514 1595 1668 1723 1754 1822 1941 1969 2122
[106] 2158 2224 2294 2437 2515 2605 2623 2717 2830 3031 3102 3294 3490 3542 3540
[121] 3722

[[148]]
  [1]  10  14  13  10   9  15  21  13  14  19  23  26  31  32  22  21  18  19
 [19]  14  15  16  21  23  31  20  21  31  44  25  34  28  33  43  40  35  38
 [37]  37  37  27  34  35  53  49  33  25  32  26  37  32  44  56  41  41  52
 [55]  60  57  55  55  59  70  81  74  66  62 103 113 106 100 111 142 139 137
 [73] 139 159 154 156 164 176 193 198 210 249 237 222 211 229 278 260 280 301
 [91] 271 311 321 333 333 374 358 425 392 395 423 426 482 476 491 512 504 563
[109] 568 567 613 595 594 629 678 722 646 687 768 753 768

[[149]]
  [1]   10    8   13   23   27   24   27   27   31   30   44   36   32   37   27
 [16]   37   49   38   37   42   44   41   34   46   39   47   36   38   49   56
 [31]   56   55   76   95   89   83   93   94   99  105  108  109  119  134  140
 [46]  140  143  137  145  173  173  147  167  142  160  185  198  227  219  210
 [61]  203  241  237  270  252  276  250  296  312  333  351  345  374  390  381
 [76]  399  429  499  485  486  465  497  524  576  596  587  598  590  621  638
 [91]  666  753  751  803  790  745  806  767  843  933  949  905  946  969 1054
[106] 1087 1179 1189 1253 1259 1296 1295 1334 1419 1484 1528 1566 1621 1580 1594
[121] 1669

[[150]]
  [1]  10   7   7   6   6   4   7  17   7   7   7  13  16  21  12  15  10   7
 [19]   7  13  23  20  28  24  14  11  19  20  21  27  21  23  21  24  24  22
 [37]  30  30  37  29  26  22  29  31  33  49  47  46  49  75  71  71  56  53
 [55]  52  53  38  40  35  41  37  30  34  47  61  59  56  64  48  59  71  61
 [73]  73  69  68  62  57  72  68  81  94  76  75  83  98 108  99 103 121 112
 [91] 130 144 148 162 164 156 168 184 173 181 198 205 215 203 206 238 241 245
[109] 243 215 225 248 229 231 244 254 267 253 295 290 325

> save(reslist, file=paste("output",iter,".rda",sep=""))
> 
> 
> ###############################################################
> 
> 
> # Clear the workspace and turn off graphics.
> #  Load all the functions you need by sourcing the provided demographic.R file
> #  Read in the job number from the cluster. To do this, your code should include a new
> # variable iter and should start with the line:
> # iter <- as.numeric(Sys.getenv(PBS_ARRAY_INDEX))
> #  Control the random number seeds so that each parallel simulation takes place with a
> # different seed. Your function should therefore set the random number seed as iter so that
> # each parallel simulation has a unique random seed.
> #  In each parallel run, select the initial condition to be used. Ensure that 25 of the parallel
> # simulations are allocated to each of the initial conditions.
> #  Create a variable which is the filename to store your results. The end of the filename
> # should be the number iter to ensure that simulation files do not overwrite one another on
> # the cluster.
> #  Initialise a list which will contain the results of your 150 simulations.
> #  Call the stochastic_simulation function to do the appropriate simulation 150 times,
> # appending the output to the results list, and then save the results list.
> 
> #four initial conditions (25 cluster runs per)
> #each cluster run runs simulation 150 times
> #1) large population of 100 adults
> #2) small population of 10 adults
> #3) 100 individuals spread
> #4) small population of 10 individuals
> 
R has finished running

============================================

        Job resource usage summary 

                 Memory (GB)    NCPUs
 Requested  :         1             1
 Used       :         0 (peak)   0.66 (ave)

============================================
